本数据供邢不行数字货币量化课程、策略分享会专用，由邢不行整理，微信：xbx6660		
candle_begin_time,open,high,low,close,volume,quote_volume,trade_num,taker_buy_base_asset_volume,taker_buy_quote_asset_volume,Spread,symbol,avg_price_1m,avg_price_5m,fundingRate
2021-10-19 03:00:00,0.14761,0.14875,0.1428,0.14558,5022573,730305.34881,4515,2548567,370706.88488,0.0018580964833803,ARPA-USDT,0.1467995716608245,0.1467995716608245,
2021-10-19 04:00:00,0.14572,0.15512,0.144,0.1526799999999999,12979949,1948410.22265,9927,6846594,1025493.87993,0.0017715373007014,ARPA-USDT,0.1455837744563474,0.1448810169843383,
2021-10-19 05:00:00,0.15256,0.16118,0.14983,0.15664,37170188,5766702.35066,18752,18159854,2817620.96687,0.0017907393195191,ARPA-USDT,0.1513889337525592,0.1508615448499224,
2021-10-19 06:00:00,0.15684,0.19588,0.15658,0.1809,540472963,97357890.46186,242639,274781527,49463563.69527,0.0010514083337944,ARPA-USDT,0.1583310657394845,0.1605912442495805,
2021-10-19 07:00:00,0.1809,0.1933,0.17565,0.17656,415256891,76347101.88704,174053,207847571,38258337.65799,0.0024413785272241,ARPA-USDT,0.1826210517171087,0.1846823003339304,
2021-10-19 08:00:00,0.17656,0.17793,0.16876,0.17212,293009512,50573837.14037,107236,153217217,26459847.79842,0.0012215694258623,ARPA-USDT,0.1770069528491354,0.175955117691985,0.00012424
2021-10-19 09:00:00,0.17221,0.17757,0.1696,0.17369,155024571,26901575.7938,65030,79024399,13718720.61904,-0.000345323741007,ARPA-USDT,0.171595111126408,0.1717816813443787,
2021-10-19 10:00:00,0.17373,0.1849,0.17159,0.1816,250786776,44970150.50426,100468,133467928,23937448.64908,-0.0022526234822262,ARPA-USDT,0.1736642646713483,0.1731458757022428,
2021-10-19 11:00:00,0.18156,0.1827,0.17529,0.17885,170129337,30430496.82161,68812,85805522,15354471.52268,-0.0051729892090331,ARPA-USDT,0.1807326385351948,0.1802520936661614,
2021-10-19 12:00:00,0.17884,0.1825,0.17601,0.17928,157641403,28241567.4461,64800,77084949,13816630.10707,-0.0013925249261961,ARPA-USDT,0.1787054661755456,0.1801412024080467,
2021-10-19 13:00:00,0.17919,0.1842,0.176,0.1784099999999999,184743141,33149131.48392,73770,93238176,16742581.9218,-6.661338147750939e-16,ARPA-USDT,0.1787356409627481,0.1784397467201819,
2021-10-19 14:00:00,0.1785,0.17911,0.1738,0.1766,110480024,19503530.18692,44849,55613374,9822337.26431,-0.0017523034311232,ARPA-USDT,0.1783243488718752,0.1782964832601727,
2021-10-19 15:00:00,0.1766,0.18229,0.17537,0.17829,144173994,25771572.83894,67068,73297819,13107594.29136,-0.0005045408678103,ARPA-USDT,0.1760518455691568,0.1770754818200552,
2021-10-19 16:00:00,0.17828,0.18244,0.1764,0.17879,169387591,30363011.1957,72914,87713805,15728584.68202,0.0013441612993561,ARPA-USDT,0.1774517528633465,0.177782675000003,-0.00060071
2021-10-19 17:00:00,0.17878,0.1799,0.17639,0.1777,65784724,11717996.03086,29326,31544970,5620731.60368,-0.001292643174282,ARPA-USDT,0.1783735501583886,0.1780933648289271,
2021-10-19 18:00:00,0.17779,0.17828,0.16658,0.1698599999999999,161321348,27701721.18051,72815,77016756,13212574.34209,-0.0025836758661192,ARPA-USDT,0.1776312853382421,0.1776556443968847,
2021-10-19 19:00:00,0.1698599999999999,0.17227,0.16554,0.1689,126197939,21290415.36819,53325,65953600,11129930.15193,-0.0011236619551717,ARPA-USDT,0.1708970013133338,0.1708181855948309,
2021-10-19 20:00:00,0.1689,0.17347,0.16409,0.17187,119494447,20180377.34314,53973,61705958,10428529.95239,-0.0038254216657972,ARPA-USDT,0.1690579705686567,0.1690230866964219,
2021-10-19 21:00:00,0.17197,0.1819,0.16734,0.16748,242025227,42166500.92562,111828,125506173,21893152.63274,-0.0030358949937496,ARPA-USDT,0.1726232352676073,0.1744164570590781,
2021-10-19 22:00:00,0.16742,0.17196,0.16725,0.16979,61066321,10369313.47058,25252,30576815,5189716.72502,-5.8892815076649896e-05,ARPA-USDT,0.1680987008601737,0.1692647114936573,
2021-10-19 23:00:00,0.16972,0.17386,0.16842,0.17176,60477204,10369501.68037,26036,29336525,5030381.85184,-0.0008144269924375,ARPA-USDT,0.1699378661791305,0.1691232209963974,
2021-10-20 00:00:00,0.17164,0.17167,0.1645,0.16677,72432494,12144522.28133,30039,33361218,5596905.19952,0.0004799328094067,ARPA-USDT,0.1706554228883113,0.1698328987692196,-0.00044625
2021-10-20 01:00:00,0.16677,0.168,0.161,0.16458,62860545,10325955.91542,27188,28459199,4677009.72243,-0.0001822489520685,ARPA-USDT,0.1675260502653199,0.1665824956806167,
2021-10-20 02:00:00,0.16457,0.16476,0.16062,0.16102,35146092,5724793.65253,15781,16937515,2760618.06228,0.0015550164831747,ARPA-USDT,0.1639294794596648,0.1639863199705898,
2021-10-20 03:00:00,0.16102,0.16446,0.1585,0.1618099999999999,54910456,8871263.34679,25434,27250376,4405620.87727,-0.0019737247887503,ARPA-USDT,0.1603760769796439,0.1615272986437424,
2021-10-20 04:00:00,0.1618,0.16825,0.16058,0.16515,63328200,10427431.68431,29617,32921991,5424094.74855,-0.0015114873035066,ARPA-USDT,0.1618022590412768,0.1612131765729027,
2021-10-20 05:00:00,0.16516,0.173,0.16373,0.16906,89797868,15087437.64676,38681,46254538,7773690.72051,-0.0041821287624433,ARPA-USDT,0.165394222433152,0.1646438500627448,
2021-10-20 06:00:00,0.16904,0.16907,0.16427,0.16489,73371602,12218399.7205,26489,33337446,5554656.70925,-0.0003637465898757,ARPA-USDT,0.1682087522607898,0.1679664852707788,
2021-10-20 07:00:00,0.16489,0.1665,0.16452,0.1659,29942589,4958524.15388,11842,13914975,2304867.98058,-0.0010236647196965,ARPA-USDT,0.1654566255780356,0.16543188179028,
2021-10-20 08:00:00,0.1659,0.16591,0.1598,0.16078,67726761,11038175.73576,28825,29261139,4769061.47909,0.0014949545284665,ARPA-USDT,0.1658737674815915,0.1652781579002537,-0.00085935
2021-10-20 09:00:00,0.16078,0.16261,0.1605,0.16233,33669778,5440920.86262,12279,16666500,2693136.99976,0.0024702031742112,ARPA-USDT,0.1611693437755715,0.1616972693852149,
2021-10-20 10:00:00,0.16233,0.16702,0.16119,0.1638599999999999,71574732,11701386.34027,26145,35756539,5844156.09945,-0.0010363957812602,ARPA-USDT,0.162251319713522,0.1618842411717387,
2021-10-20 11:00:00,0.16385,0.1648,0.16259,0.16349,27883381,4568216.53994,11085,14010231,2296199.34752,-0.0003668602873738,ARPA-USDT,0.1636972125166266,0.1639360272961998,
2021-10-20 12:00:00,0.16348,0.1658,0.16301,0.16495,30389057,5000738.56438,11021,15712638,2586281.58433,-0.0013924203898776,ARPA-USDT,0.1633997487948143,0.1635850348347809,
2021-10-20 13:00:00,0.16495,0.16777,0.16416,0.16521,41705145,6915580.58115,18054,20621516,3421485.13278,-0.0003025535519786,ARPA-USDT,0.1649825066028215,0.1651742847132877,
2021-10-20 14:00:00,0.16525,0.16557,0.16221,0.16316,41575159,6804570.53544,16262,18256356,2988454.8099,0.0019651191353475,ARPA-USDT,0.1654582034846226,0.1649381506933093,
2021-10-20 15:00:00,0.16316,0.16409,0.16158,0.162,28065346,4577964.611719999,10295,12546064,2047251.82939,0.0020411950269065,ARPA-USDT,0.1632823017274884,0.1634357773382967,
2021-10-20 16:00:00,0.162,0.16512,0.16158,0.16288,42523015,6944517.39121,17318,18106617,2957196.49652,-0.0010426249616681,ARPA-USDT,0.1623267120477685,0.1623365417688745,0.0001
2021-10-20 17:00:00,0.16288,0.164,0.16224,0.1633099999999999,35533987,5800108.68471,12082,18423441,3008149.81844,0.0004288164665517,ARPA-USDT,0.1629802584076591,0.1630476300681112,
2021-10-20 18:00:00,0.1633099999999999,0.16635,0.16245,0.1652,43557906,7154572.37552,17260,21874712,3593777.7693000003,0.0003027550711476,ARPA-USDT,0.1633855828956601,0.1633534823570027,
2021-10-20 19:00:00,0.16519,0.1653,0.16332,0.16373,18954617,3108402.20611,7616,8129123,1333273.46091,0.0017743514439547,ARPA-USDT,0.1648449668845025,0.1646023226675437,
2021-10-20 20:00:00,0.16373,0.16385,0.162,0.1633099999999999,17603889,2869157.76946,6661,7496545,1222176.77994,0.001287553648068,ARPA-USDT,0.163730707638342,0.1636730588826531,
2021-10-20 21:00:00,0.16338,0.16435,0.16279,0.16363,13365613,2186214.7235,5388,6319538,1033989.95578,0.0021435570798626,ARPA-USDT,0.1632904912014563,0.1636654007167718,
2021-10-20 22:00:00,0.16357,0.16374,0.16266,0.16344,10011112,1633890.59866,3867,4402408,718740.15828,0.0017775053631627,ARPA-USDT,0.1634349379514169,0.1629881073495769,
2021-10-20 23:00:00,0.16343,0.1649,0.16308,0.1643099999999999,10512546,1723937.70108,4142,5369845,880706.88164,0.0003652968036522,ARPA-USDT,0.1634052227665033,0.1634290865654172,
2021-10-21 00:00:00,0.16429,0.1669,0.1631,0.16495,20835693,3438099.88749,8397,10388671,1715281.93062,0.0019437526574743,ARPA-USDT,0.1642750092046654,0.164028151704767,0.00077172
2021-10-21 01:00:00,0.16495,0.16587,0.1625,0.16365,19089974,3146016.17044,6867,7854891,1295317.89394,0.0011011194714625,ARPA-USDT,0.1648891194673393,0.165117749859104,
2021-10-21 02:00:00,0.16369,0.16419,0.16171,0.16287,18990119,3094919.2417,8576,8079176,1317533.3632,0.002832337910227,ARPA-USDT,0.1638902502280764,0.1629886725730714,
2021-10-21 03:00:00,0.16279,0.16299,0.16016,0.16215,16001040,2584139.46897,7836,6419228,1037229.89184,0.0021012298374636,ARPA-USDT,0.162849407450576,0.1627326971017587,
2021-10-21 04:00:00,0.16214,0.1642,0.16172,0.16373,13239393,2159228.01114,6391,6512912,1062284.97881,0.0018969526373759,ARPA-USDT,0.1620344292031523,0.1623404931707819,
2021-10-21 05:00:00,0.16379,0.1655299999999999,0.16367,0.16419,18537426,3053728.43652,9411,9120288,1502922.11925,0.0031158357771261,ARPA-USDT,0.1637913974624761,0.1640743039163729,
2021-10-21 06:00:00,0.16419,0.16488,0.1624799999999999,0.1642799999999999,17268685,2826991.19643,9189,8729626,1429268.91702,0.0027467496795452,ARPA-USDT,0.1645454677797007,0.1645726745422815,
2021-10-21 07:00:00,0.16425,0.16526,0.16277,0.16315,14648458,2396999.63972,10082,5727398,937996.3228,0.0025193560280201,ARPA-USDT,0.1644491578381182,0.1646645287045962,
2021-10-21 08:00:00,0.16315,0.16545,0.1625,0.16541,20364865,3332964.01456,8763,8308527,1360883.00936,0.0012711864406778,ARPA-USDT,0.1631866974157671,0.1634682059807155,0.00119854
2021-10-21 09:00:00,0.16541,0.17,0.16443,0.16817,47792943,8016304.287,29411,23279227,3904349.19136,0.0023244725235425,ARPA-USDT,0.1650815615389645,0.1652896737991611,
2021-10-21 10:00:00,0.16824,0.16874,0.16525,0.16615,21833194,3648160.99634,10910,9610274,1606520.52429,0.0033212560386473,ARPA-USDT,0.1683988977932361,0.168299171421965,
2021-10-21 11:00:00,0.16615,0.16615,0.16109,0.16235,35003612,5733922.27423,18369,14849456,2433403.19386,0.0024698981167026,ARPA-USDT,0.1659083407351039,0.1654786389380863,
2021-10-21 12:00:00,0.1623,0.16315,0.16077,0.16084,21930713,3548726.73784,12895,8540997,1382952.89488,0.003243512974052,ARPA-USDT,0.162150290809005,0.1623645376797449,
2021-10-21 13:00:00,0.16089,0.16185,0.15857,0.16021,31438629,5047420.09045,14752,13289280,2135033.16581,0.0013124999999998,ARPA-USDT,0.1609636215301271,0.1604073674796508,
2021-10-21 14:00:00,0.1602,0.16077,0.15591,0.1567,41185233,6498777.85897,18425,17559113,2771493.73638,0.0009581603321622,ARPA-USDT,0.1603219950295766,0.1600742037885267,
2021-10-21 15:00:00,0.1567,0.15752,0.15,0.15419,49933501,7676620.895269999,23571,22128775,3405309.51395,0.0007139148494288,ARPA-USDT,0.1568705492287502,0.1570523812441132,
2021-10-21 16:00:00,0.15429,0.15489,0.15129,0.15175,17823582,2729336.46522,7409,8161221,1249873.37693,0.001253628925838,ARPA-USDT,0.1543027627128348,0.1544183340793151,0.00107247
2021-10-21 17:00:00,0.15173,0.15344,0.151,0.15115,9983461,1520382.29032,4390,4944180,753526.06954,0.0011922898589125,ARPA-USDT,0.1515973907572315,0.15228472778071,
2021-10-21 18:00:00,0.15115,0.15521,0.15115,0.15213,15702520,2397679.98338,6970,8368249,1278235.94836,0.0021739130434781,ARPA-USDT,0.1512721713140243,0.1516759232033092,
2021-10-21 19:00:00,0.15213,0.15333,0.1514,0.1519299999999999,8574249,1306915.51898,4548,4132000,629879.2003,0.0011861614497521,ARPA-USDT,0.1520807685854529,0.1522772795787623,
2021-10-21 20:00:00,0.15203,0.1522,0.146,0.14873,33358804,4967095.28649,18167,13277147,1977215.69402,0.0008074826727677,ARPA-USDT,0.1520789593479674,0.1517475983023941,
2021-10-21 21:00:00,0.14885,0.14979,0.1479599999999999,0.14979,23886104,3556603.45954,8661,12295811,1831244.8573,0.0016717935000669,ARPA-USDT,0.1490283210555328,0.1485806107980768,
2021-10-21 22:00:00,0.14973,0.15116,0.14864,0.14916,15601098,2340461.33978,4893,7301757,1095959.62579,0.0012754245821307,ARPA-USDT,0.1503047517648706,0.1499819805203123,
2021-10-21 23:00:00,0.14916,0.15023,0.148,0.14935,9289885,1386334.74061,3345,4686051,699272.47771,0.0018783122023211,ARPA-USDT,0.1493932565423096,0.149219543702664,
2021-10-22 00:00:00,0.14936,0.15195,0.14891,0.15184,14967654,2251380.40887,5211,7208305,1084647.65724,0.0013849502077425,ARPA-USDT,0.1496498047762263,0.1498673054357355,0.0003834
2021-10-22 01:00:00,0.15184,0.15272,0.15081,0.15098,12926783,1962056.77711,4299,6148151,933587.14573,0.0012600305060017,ARPA-USDT,0.1514764318551342,0.1515460783333413,
2021-10-22 02:00:00,0.15097,0.153,0.1508,0.15233,7964619,1211070.13789,3262,4212268,640621.22964,0.0019073927913706,ARPA-USDT,0.1509282238682548,0.1510903315790686,
2021-10-22 03:00:00,0.15225,0.15485,0.1519,0.15482,9299343,1427085.31625,4504,4551485,698809.42117,0.0007756948933419,ARPA-USDT,0.1520572571759013,0.152276268105277,
2021-10-22 04:00:00,0.15484,0.15504,0.15238,0.1529599999999999,10396974,1597595.04643,4829,4706922,723708.32593,0.0012436996792557,ARPA-USDT,0.1546388656773023,0.1543965136285647,
2021-10-22 05:00:00,0.1529599999999999,0.15334,0.15147,0.15216,8626177,1313873.96968,3944,3658796,557465.24904,0.0017116524028966,ARPA-USDT,0.1529378755983391,0.1530627731101248,
2021-10-22 06:00:00,0.15216,0.153,0.15009,0.15135,8994065,1361307.45179,4337,3491857,528749.67456,0.0019197669800079,ARPA-USDT,0.1522391392421343,0.1522038384312309,
2021-10-22 07:00:00,0.15135,0.1552,0.15107,0.15441,16512932,2533574.19257,10155,8110319,1244695.24089,0.0009074998379463,ARPA-USDT,0.1514624119199679,0.1515472268590869,
2021-10-22 08:00:00,0.1545,0.1571,0.15274,0.15341,27162807,4209430.66798,13007,12397034,1922108.82981,0.0018285117220662,ARPA-USDT,0.1543923201733194,0.1544752742700268,0.00053611
2021-10-22 09:00:00,0.15334,0.15386,0.15206,0.15258,12823198,1959613.35529,4669,6050806,924893.54136,0.0013125082031764,ARPA-USDT,0.1533259833531758,0.1528784087426427,
2021-10-22 10:00:00,0.15257,0.15319,0.1522,0.1526799999999999,8321064,1269640.77813,3295,3588273,547632.26131,0.0028243021346463,ARPA-USDT,0.1526662407278207,0.1527261274366847,
2021-10-22 11:00:00,0.15262,0.15381,0.1522099999999999,0.15334,8164733,1248693.64297,3415,3511231,537242.2564,0.0019602718243596,ARPA-USDT,0.1526031313499264,0.1527624346451757,
2021-10-22 12:00:00,0.15338,0.15352,0.15225,0.153,8401886,1285095.56711,3493,3547429,542718.6683,0.0022928267278086,ARPA-USDT,0.1532453405115183,0.1531571456243358,
2021-10-22 13:00:00,0.15299,0.15316,0.14958,0.15015,14834303,2243567.89955,6300,5802927,877661.64174,0.0007998400319937,ARPA-USDT,0.1529647254499118,0.1529241776684962,
2021-10-22 14:00:00,0.15015,0.15015,0.14612,0.14858,27176516,4024435.4649,11643,12613665,1868608.33724,0.0017529665587916,ARPA-USDT,0.1496671676323669,0.1483401223506618,
2021-10-22 15:00:00,0.14868,0.14895,0.1465,0.14722,16400546,2423181.85488,8798,6870677,1015393.18336,0.0014965986394557,ARPA-USDT,0.1486291380657464,0.1487429013582241,
2021-10-22 16:00:00,0.1472,0.14834,0.14402,0.1477099999999999,25064654,3673735.07242,9331,10473506,1536997.84172,0.002035140085475,ARPA-USDT,0.1471889754087267,0.1475543486938037,0.00064593
2021-10-22 17:00:00,0.1477,0.14879,0.14658,0.14702,9324326,1376186.6584,3713,4191879,618717.8473499999,0.0015668642278083,ARPA-USDT,0.1477197081069122,0.147974945100656,
2021-10-22 18:00:00,0.147,0.1476,0.1462,0.14717,6018126,884734.4421,2603,2643300,388697.83683,0.0019744008714595,ARPA-USDT,0.146972138175834,0.1469862437226342,
2021-10-22 19:00:00,0.14717,0.14719,0.14544,0.1466599999999999,6208796,908928.84039,2947,2517388,368726.97165,0.0020497403662196,ARPA-USDT,0.1470075267514319,0.1470082027055805,
2021-10-22 20:00:00,0.1466,0.15247,0.14585,0.15043,19006056,2839051.90636,8785,9420441,1407407.49986,0.0013979496738119,ARPA-USDT,0.146393164659688,0.1461666514308054,
2021-10-22 21:00:00,0.15043,0.1523,0.14816,0.15004,53414309,8009200.9496,21958,25922915,3886286.77355,0.0011343164075532,ARPA-USDT,0.1502347952191353,0.1508126056529863,
2021-10-22 22:00:00,0.15004,0.15077,0.14856,0.15057,12846165,1925232.57344,4736,5816517,871934.496,0.001263465886421,ARPA-USDT,0.1498912071879905,0.1495961339684935,
2021-10-22 23:00:00,0.15059,0.15386,0.15039,0.1527,16307288,2485725.37888,5980,7380432,1124546.73488,0.0001309929263819,ARPA-USDT,0.1505432667987439,0.150951962981999,
2021-10-23 00:00:00,0.15273,0.153,0.1504599999999999,0.15174,11686205,1772504.23584,4745,5658858,858437.88705,0.0029081295439525,ARPA-USDT,0.1523052477559981,0.1522456737098198,0.00021511
2021-10-23 01:00:00,0.15177,0.15232,0.1496299999999999,0.15081,5660714,854512.0621399999,2619,2143672,323793.67234,0.0029928172386273,ARPA-USDT,0.1516972433577902,0.1519024134598687,
2021-10-23 02:00:00,0.15081,0.15304,0.15019,0.15245,7203945,1091890.419,3555,3210470,486480.63985,0.0018400473155024,ARPA-USDT,0.1508081715038612,0.1508463871216622,
2021-10-23 03:00:00,0.15239,0.1527599999999999,0.15063,0.1516,4327159,656212.51136,2395,2145797,325472.37734,0.002314049586777,ARPA-USDT,0.1524629021810047,0.1523981964429524,
2021-10-23 04:00:00,0.15167,0.1537,0.15129,0.15353,8476118,1294436.25477,3940,3667517,560074.82059,0.001827079934747,ARPA-USDT,0.1517893045695775,0.1517639789757555,
2021-10-23 05:00:00,0.1535,0.1537,0.15081,0.15128,7597801,1156471.47083,3504,3052809,464766.57003,0.0017879610621811,ARPA-USDT,0.1534716730415883,0.1527988064348292,
2021-10-23 06:00:00,0.15133,0.15289,0.15032,0.15182,5113710,775851.92065,2382,2381571,361240.15547,0.0017815902342461,ARPA-USDT,0.1512193146339724,0.1514919537473366,
2021-10-23 07:00:00,0.15192,0.15206,0.1508,0.15112,3827066,579421.10204,2535,1571636,237992.42081,0.001856271546009,ARPA-USDT,0.1519356192042314,0.1518639440482458,
2021-10-23 08:00:00,0.1512,0.15169,0.14914,0.14955,7534343,1133657.39567,3838,2681565,403547.84382,0.0020100502512563,ARPA-USDT,0.1514285877487435,0.1513263394017833,0.0006534
2021-10-23 09:00:00,0.1496,0.15067,0.14812,0.14934,10967932,1636133.5348,3766,4362755,651327.00405,0.0006700616456714,ARPA-USDT,0.1502381508653537,0.150069502234956,
2021-10-23 10:00:00,0.1493799999999999,0.14968,0.14812,0.1482099999999999,4019584,598650.08336,1739,1808810,269438.76658,0.0010807159743324,ARPA-USDT,0.1493193095241478,0.1493741259713379,
2021-10-23 11:00:00,0.1482,0.151,0.1467,0.15012,11377020,1698138.44162,5309,5067662,757221.7694100001,0.0032076984763431,ARPA-USDT,0.1478686220568474,0.1478175892088834,
2021-10-23 12:00:00,0.15015,0.15039,0.14933,0.14982,3576943,536360.23506,1973,1437996,215654.37537,0.0017384327360256,ARPA-USDT,0.1501753632974711,0.1499592810334103,
2021-10-23 13:00:00,0.14981,0.15134,0.1491,0.15086,4798230,720173.30313,2091,2295219,344572.0791,0.0011945845500396,ARPA-USDT,0.1498748879219731,0.1498362284791268,
2021-10-23 14:00:00,0.15097,0.152,0.15023,0.1512099999999999,5593075,843892.52464,3261,2430798,366931.36034,0.0005955532027521,ARPA-USDT,0.1505871748844959,0.1511087634860832,
2021-10-23 15:00:00,0.15122,0.1513,0.14915,0.15061,8410492,1265668.39521,3410,3884161,584754.88454,0.0021959009848282,ARPA-USDT,0.151273030521811,0.1511622946027128,
2021-10-23 16:00:00,0.15065,0.15095,0.14737,0.1475,7953485,1185044.94141,3594,3244705,483113.52948,0.0014937533948939,ARPA-USDT,0.1505643587241235,0.1505417870944995,0.00046153
2021-10-23 17:00:00,0.14744,0.14853,0.145,0.14602,12305409,1804180.93902,4899,5111761,750233.18823,0.0016463163671287,ARPA-USDT,0.1474511947223914,0.1473683140207214,
2021-10-23 18:00:00,0.1461299999999999,0.14842,0.14576,0.14645,9029514,1327470.95454,4054,4484296,659471.85259,0.0018470378984811,ARPA-USDT,0.1460003046755574,0.1460492011044234,
2021-10-23 19:00:00,0.14632,0.14782,0.1458799999999999,0.1464,7190596,1054437.6104,2470,3607314,529235.53142,0.0022591907989319,ARPA-USDT,0.1463565454350276,0.1461028429033666,
2021-10-23 20:00:00,0.1464,0.1533,0.14617,0.15057,28289707,4231683.83673,12920,14192887,2122284.6830700003,0.0019297311684856,ARPA-USDT,0.1464316182222563,0.1464871170489894,
2021-10-23 21:00:00,0.15054,0.1518,0.14703,0.14735,22536027,3355485.93385,9503,9982924,1485700.21334,0.0020401224073445,ARPA-USDT,0.1509630529342139,0.1502665836663543,
2021-10-23 22:00:00,0.14735,0.14801,0.14676,0.14715,6967365,1026547.64116,2821,3267493,481480.57736,0.0021111413783709,ARPA-USDT,0.1471580240669485,0.1473090484891732,
2021-10-23 23:00:00,0.14715,0.14866,0.1468,0.14769,4914161,725540.05498,2766,2324036,343290.95549,0.0026476578411405,ARPA-USDT,0.1472060911957929,0.1470563632203439,
2021-10-24 00:00:00,0.14759,0.14843,0.14586,0.14723,7472513,1100010.38641,2946,2678405,394653.27759,0.0015646258503401,ARPA-USDT,0.1476073168795771,0.1479623167169506,0.00080477
2021-10-24 01:00:00,0.14723,0.14758,0.146,0.14657,5702605,837045.99804,2397,2416103,354665.21121,0.0017770487321442,ARPA-USDT,0.1472343743393325,0.1473668876247445,
2021-10-24 02:00:00,0.14657,0.14755,0.14623,0.14745,3586453,526621.81493,1460,1921555,282192.14194,0.0020387359836899,ARPA-USDT,0.1465219653980248,0.146551237087926,
2021-10-24 03:00:00,0.14745,0.1491,0.14698,0.14801,5204576,769972.0258,2392,2657019,393186.5923,0.0010144731502774,ARPA-USDT,0.1474598883000594,0.147244115943569,
2021-10-24 04:00:00,0.14801,0.14861,0.1468799999999999,0.14779,4332846,639119.75938,2166,1703697,251410.89763,0.0014908179169208,ARPA-USDT,0.1482053861105112,0.1484067398070971,
2021-10-24 05:00:00,0.14782,0.15105,0.14729,0.14856,18072287,2696976.8511,7360,8074001,1204575.18042,0.0011456297594176,ARPA-USDT,0.1481428402343037,0.1481631064304801,
2021-10-24 06:00:00,0.14854,0.15158,0.14635,0.14699,37953209,5679861.29531,17730,16173205,2419879.44745,-0.0001360451669953,ARPA-USDT,0.1483625690420255,0.1489001241328717,
2021-10-24 07:00:00,0.147,0.14802,0.14674,0.14742,11848902,1746881.99511,5382,5304685,782266.79334,0.0020391517128874,ARPA-USDT,0.1469754261652326,0.147281476634694,
2021-10-24 08:00:00,0.1474599999999999,0.1481,0.14658,0.14774,8250547,1215755.11964,3191,3121580,460233.37376,0.0023746522830587,ARPA-USDT,0.1475416756690109,0.1475314744032488,0.00081357
2021-10-24 09:00:00,0.14778,0.14978,0.14701,0.14777,15650854,2327093.21682,5693,5967505,887722.02973,0.0023741690408358,ARPA-USDT,0.1475870686345126,0.1483469038083353,
2021-10-24 10:00:00,0.14777,0.14847,0.1474,0.14745,7007632,1036432.33691,2378,3068722,454039.56101,0.0021068370259615,ARPA-USDT,0.1476616136502351,0.1478234665871852,
2021-10-24 11:00:00,0.14745,0.14792,0.14417,0.1452099999999999,18553683,2706034.295,7171,6990351,1020234.13182,0.0011030679076171,ARPA-USDT,0.1474769603425303,0.1476754394272548,
2021-10-24 12:00:00,0.1452,0.14583,0.14172,0.14484,23777046,3415267.42756,9508,9928942,1427708.01424,-0.0001380643379814,ARPA-USDT,0.1452967919335404,0.1454007069438752,
2021-10-24 13:00:00,0.1449099999999999,0.14538,0.1434,0.14512,8089284,1170446.88628,2717,3598465,521107.61422,0.0015182884748101,ARPA-USDT,0.1450088742372979,0.14509947188917,
2021-10-24 14:00:00,0.14512,0.14518,0.14397,0.1446,3941516,569865.42913,1549,1773342,256445.76148,0.0006920415224913,ARPA-USDT,0.1450387186788155,0.1450529399281443,
2021-10-24 15:00:00,0.1446,0.14469,0.14079,0.14176,13955805,1987763.16399,5747,5431885,774233.74998,0.0007765619484645,ARPA-USDT,0.144565934166944,0.1445163161614982,
2021-10-24 16:00:00,0.14175,0.14209,0.13768,0.14109,28298393,3951231.69427,11280,11970540,1673008.29513,0.0025580899594968,ARPA-USDT,0.1417773596720199,0.1407841964830084,0.00040191
2021-10-24 17:00:00,0.1411,0.14432,0.14023,0.14373,12295735,1747327.75449,4473,6819476,969570.50087,0.0003479955456568,ARPA-USDT,0.1415575787699965,0.141544271846829,
2021-10-24 18:00:00,0.14387,0.1440799999999999,0.137,0.13853,21032647,2935602.45854,9077,8267402,1153858.18632,0.0002888295183767,ARPA-USDT,0.1436770864752412,0.1432373519388234,
2021-10-24 19:00:00,0.13856,0.14034,0.13806,0.13929,9203645,1279434.18604,2908,4264272,593081.29895,0.00100610851599,ARPA-USDT,0.1386098917546863,0.1389581361253232,
2021-10-24 20:00:00,0.13925,0.14098,0.13843,0.1408,8094726,1131104.21504,2313,3987842,557826.27711,0.0008529997156667,ARPA-USDT,0.1393131578775439,0.1391943698521031,
2021-10-24 21:00:00,0.14079,0.14131,0.1392,0.14012,9567219,1343803.79927,2888,3612144,507734.17679,0.0018590018590016,ARPA-USDT,0.1409652224729669,0.1409931989848895,
2021-10-24 22:00:00,0.14012,0.14098,0.14001,0.14078,3708600,521001.10046,1717,2042018,286905.54743,0.001066628742089,ARPA-USDT,0.1402424962492612,0.1403063264217107,
2021-10-24 23:00:00,0.1408299999999999,0.14096,0.13954,0.14009,2893029,405525.10071,1191,1022042,143269.99712,0.0009288368105171,ARPA-USDT,0.1407812549751244,0.1404456935623851,
2021-10-25 00:00:00,0.14014,0.14174,0.13922,0.14164,4825947,677271.31412,1998,2208272,309993.77121,0.0013432308236125,ARPA-USDT,0.1402318441073299,0.1401057570735424,0.00046348
2021-10-25 01:00:00,0.14175,0.14199,0.14132,0.14197,2754821,390279.11168,1374,1162980,164787.57618,0.0023298503247672,ARPA-USDT,0.1417402610157691,0.1418280112442232,
2021-10-25 02:00:00,0.14199,0.14226,0.1413599999999999,0.14174,1852518,262517.99505,1047,958470,135812.7114,0.0019085318442071,ARPA-USDT,0.1420552673001247,0.1419737278979236,
2021-10-25 03:00:00,0.14173,0.14533,0.14163,0.14403,7260554,1042904.479,3049,3285561,471860.37641,0.0011121151039132,ARPA-USDT,0.1419837757785919,0.1421754674620676,
2021-10-25 04:00:00,0.14403,0.14423,0.1416,0.1420799999999999,6263112,893539.34748,2258,3075076,438398.5995,0.0013390654732532,ARPA-USDT,0.1440767620939471,0.1439521276087166,
2021-10-25 05:00:00,0.1420799999999999,0.14314,0.14206,0.14288,4290063,611683.77853,1490,1840806,262526.90511,0.0008405715886803,ARPA-USDT,0.1423119173843394,0.1422397361668239,
2021-10-25 06:00:00,0.14305,0.15194,0.14305,0.15154,40827689,6020180.47414,21270,19435534,2868463.23097,0.0001980067322289,ARPA-USDT,0.1433453422931911,0.1435061854109894,
2021-10-25 07:00:00,0.15154,0.1518,0.14728,0.14779,34441802,5142884.12472,14838,14470362,2163285.11589,0.0018981763948207,ARPA-USDT,0.1513923603325061,0.1502837346297894,
2021-10-25 08:00:00,0.14779,0.14862,0.14585,0.14662,14717493,2160324.97294,5726,7285163,1069698.70595,0.0023243095433416,ARPA-USDT,0.1483035633645794,0.1477965092579725,0.00030967
2021-10-25 09:00:00,0.14668,0.14797,0.14485,0.14622,11189698,1635852.6877,4648,5463864,799657.8282100001,0.0013011025131821,ARPA-USDT,0.1475026362836794,0.1472968163338178,
2021-10-25 10:00:00,0.14627,0.1468,0.14301,0.14439,13451163,1942972.08711,4981,5819939,841408.3724999999,0.0032657031684268,ARPA-USDT,0.1464510394578122,0.1465927806550861,
2021-10-25 11:00:00,0.14439,0.14645,0.14364,0.14545,12324370,1790179.94821,4554,5490219,797811.6943900001,0.0016527787342468,ARPA-USDT,0.1445198685879414,0.1442523038140345,
2021-10-25 12:00:00,0.14551,0.14628,0.1441599999999999,0.1459,7972266,1157896.63372,3040,3697593,537199.87278,0.0012352456766402,ARPA-USDT,0.1454235994547045,0.1449875374057416,
2021-10-25 13:00:00,0.14593,0.14943,0.14532,0.1468799999999999,18288908,2691867.92506,7667,8756540,1289786.54109,0.0017732915018409,ARPA-USDT,0.1459294096777373,0.1459042945993128,
2021-10-25 14:00:00,0.1469,0.14822,0.1463799999999999,0.1474599999999999,8584923,1263621.23353,2227,4370788,643064.04966,0.0019705102942169,ARPA-USDT,0.1468146444974865,0.1467936257654945,
2021-10-25 15:00:00,0.14753,0.14754,0.14627,0.14697,6419850,942470.15488,2229,3013790,442415.40914,0.0021820661438798,ARPA-USDT,0.1474327206534656,0.146940997123021,
2021-10-25 16:00:00,0.147,0.1474599999999999,0.1455,0.14683,7445304,1092054.39195,2423,2829178,415054.91504,0.0020473623148842,ARPA-USDT,0.1469887087991063,0.1469436435847424,0.00050218
2021-10-25 17:00:00,0.14683,0.15042,0.146,0.14645,19931468,2949834.14639,7819,8938858,1322824.64283,0.0010252904989747,ARPA-USDT,0.1469055440496298,0.1471041238764794,
2021-10-25 18:00:00,0.14639,0.14792,0.14429,0.14714,11986661,1752270.21313,4278,5518255,807360.15689,0.0017019538430118,ARPA-USDT,0.1465424982828567,0.1463633984432863,
2021-10-25 19:00:00,0.14712,0.14725,0.146,0.14651,4479259,656375.11788,1461,1780755,260954.47596,0.0013669605631878,ARPA-USDT,0.1471191331750155,0.1466725119974314,
2021-10-25 20:00:00,0.14656,0.14672,0.14552,0.14655,4430968,647330.73759,1564,2008833,293464.41002,0.0014350143501435,ARPA-USDT,0.1466488882109537,0.1463767456770412,
2021-10-25 21:00:00,0.14655,0.14664,0.14572,0.1461299999999999,3425428,500931.86332,1425,1503925,219984.06477,0.0014391447368413,ARPA-USDT,0.146592025118906,0.1462971823170925,
2021-10-25 22:00:00,0.1461299999999999,0.14681,0.14538,0.14678,2625795,383453.55645,1272,984234,143738.07512,0.0019796573144923,ARPA-USDT,0.146180393800306,0.1460609693198399,
2021-10-25 23:00:00,0.14679,0.14752,0.14627,0.14733,3918205,575313.47225,1486,1975273,290049.82126,0.0014274061990211,ARPA-USDT,0.1468068362767023,0.1467596599012326,
2021-10-26 00:00:00,0.14733,0.14797,0.1463799999999999,0.14717,4091999,602245.46773,1700,1831306,269595.22593,0.0025204359673023,ARPA-USDT,0.1472758978713768,0.1470094769722074,0.0003824
2021-10-26 01:00:00,0.1472,0.14857,0.14693,0.14851,3871660,571528.04643,1636,2235222,329931.37748,0.0014160485502361,ARPA-USDT,0.1471334479340332,0.1470543654987015,
2021-10-26 02:00:00,0.14851,0.1507599999999999,0.14843,0.1485,10446293,1562029.44825,5395,4616751,690562.21617,0.0009436505796711,ARPA-USDT,0.1486775007948462,0.1488527339042432,
2021-10-26 03:00:00,0.1485,0.14951,0.14768,0.1482,5989421,888796.28311,2292,2795194,414835.11392,0.0012160518848802,ARPA-USDT,0.1484017177087139,0.1483633370698317,
2021-10-26 04:00:00,0.1482,0.14884,0.14706,0.1479099999999999,5045355,745854.0692500001,1940,2300357,340106.27403,0.0020323826299024,ARPA-USDT,0.1482621233758546,0.1484479462257529,
2021-10-26 05:00:00,0.1479,0.1495,0.14751,0.14924,4903474,728062.53792,2086,2650461,393603.40646,0.0018124454588173,ARPA-USDT,0.1478569537145256,0.1477541187689535,
2021-10-26 06:00:00,0.14923,0.14951,0.14735,0.14765,6171667,914645.05999,2725,2601692,385811.26335,0.0008133938859893,ARPA-USDT,0.1493079359766005,0.1485927940943945,
2021-10-26 07:00:00,0.14776,0.14884,0.14725,0.14843,4034783,596622.02068,1613,1728715,255760.6156,0.0011466342911101,ARPA-USDT,0.147751218121157,0.1476869042592593,
2021-10-26 08:00:00,0.14839,0.14978,0.14839,0.14916,5608986,836555.51017,2415,2360002,351990.593,0.001409869083585,ARPA-USDT,0.1484534572546658,0.1488915009797271,0.00052074
2021-10-26 09:00:00,0.14916,0.14981,0.14862,0.14908,4242575,633357.96649,2012,1865577,278478.68005,0.0027577856998721,ARPA-USDT,0.1493166101033024,0.1494477948141174,
2021-10-26 10:00:00,0.14906,0.14937,0.14826,0.14873,4291859,638517.16886,1831,2184667,325054.87863,0.0033054506206151,ARPA-USDT,0.1490450597519729,0.1491317243037819,
2021-10-26 11:00:00,0.14868,0.14882,0.14725,0.1476599999999999,5691068,841752.57852,2187,2076426,307200.98406,0.002784380305602,ARPA-USDT,0.1487386017750842,0.1486389720391402,
2021-10-26 12:00:00,0.14768,0.14855,0.14601,0.14693,7352162,1082275.74807,2965,2843756,419311.14524,0.0023877745940783,ARPA-USDT,0.1476872589772128,0.1477528401055582,
2021-10-26 13:00:00,0.14692,0.14725,0.14579,0.1462,3705519,543075.94381,1878,1302218,190974.66248,0.0029498525073745,ARPA-USDT,0.146970529957309,0.1470578254547406,
2021-10-26 14:00:00,0.14611,0.14617,0.14462,0.14545,8411972,1222506.35711,3170,3327731,483737.92346,0.0008257070116288,ARPA-USDT,0.1460477798219034,0.1457190571897953,
2021-10-26 15:00:00,0.14545,0.14665,0.14501,0.14634,3626168,529010.46684,1691,1889002,275643.90463,0.0025347674179627,ARPA-USDT,0.1454236496636771,0.1454031591321003,
2021-10-26 16:00:00,0.1463,0.14645,0.14501,0.14564,3946726,575303.69471,1668,1687493,246000.32244,0.0015128593040847,ARPA-USDT,0.1462406361593828,0.1461116088209793,0.00088035
2021-10-26 17:00:00,0.1456299999999999,0.14987,0.14542,0.14823,13392638,1984628.8825,5057,5470612,810166.43933,0.0024345709068775,ARPA-USDT,0.1456397620198115,0.1456103393718161,
2021-10-26 18:00:00,0.14822,0.15,0.1462099999999999,0.1487,50468975,7511545.11961,23044,25128594,3741771.63452,0.0029001146556955,ARPA-USDT,0.1482953079140321,0.1477185619023729,
2021-10-26 19:00:00,0.14858,0.1494,0.14854,0.14884,12027506,1791377.71357,6180,6042609,900226.35491,0.0031677562849632,ARPA-USDT,0.148847371515849,0.1487500487328751,
2021-10-26 20:00:00,0.1487099999999999,0.14905,0.14786,0.14822,9723178,1442670.49687,5942,3525641,523445.52622,0.0029095337979565,ARPA-USDT,0.1487570237718422,0.1488483138956536,
2021-10-26 21:00:00,0.14824,0.14879,0.147,0.14758,8618292,1273757.48472,4509,3414793,505054.63516,0.0016968709699314,ARPA-USDT,0.1482000046599011,0.1481832218304444,
2021-10-26 22:00:00,0.14758,0.14803,0.14564,0.14649,11874070,1744985.37317,5597,3877870,570157.27888,0.0016410256410257,ARPA-USDT,0.147481349334409,0.1471865010779693,
2021-10-26 23:00:00,0.14649,0.1465,0.14509,0.14599,5005173,729605.65443,2785,1855754,270636.20122,0.0013718362027574,ARPA-USDT,0.146138839572474,0.1459908078137979,
2021-10-27 00:00:00,0.14599,0.1469099999999999,0.14595,0.14678,3246931,475749.05279,1897,1542780,226023.44508,0.0019112627986348,ARPA-USDT,0.1460899562955101,0.1461021449357591,0.00108015
2021-10-27 01:00:00,0.14679,0.14801,0.14643,0.14673,2754433,405717.96554,1813,1104722,162874.90412,0.0020487604998975,ARPA-USDT,0.1468135979378766,0.14711715803835,
2021-10-27 02:00:00,0.14673,0.14866,0.14673,0.14736,4747095,701811.39527,2070,2341408,346127.79874,0.0023807904224202,ARPA-USDT,0.1468569095539308,0.1480492825817466,
2021-10-27 03:00:00,0.14727,0.14829,0.14692,0.14807,2618157,387181.50057,1546,1002590,148318.38638,0.0019623765056164,ARPA-USDT,0.147106465516372,0.1471942613312022,
2021-10-27 04:00:00,0.14806,0.14816,0.14684,0.147,4814022,710069.83555,2788,1638566,241696.2843,0.0019766887056096,ARPA-USDT,0.1480597371697436,0.1479526839555854,
2021-10-27 05:00:00,0.1471,0.14725,0.14594,0.14614,5566206,815262.14701,2724,1966437,288161.39175,0.0023319615912207,ARPA-USDT,0.1469954542994499,0.1470015747967599,
2021-10-27 06:00:00,0.14614,0.14709,0.14515,0.14576,8313022,1215285.78979,3675,3550622,519325.17122,0.0028207774337805,ARPA-USDT,0.1465945467294914,0.1466600317342206,
2021-10-27 07:00:00,0.14577,0.14577,0.14007,0.14075,28520078,4050897.53671,11637,11275020,1598991.84472,0.0012092758571629,ARPA-USDT,0.1457586996146234,0.1453279021397795,
2021-10-27 08:00:00,0.14075,0.14075,0.11097,0.12938,109111254,13833313.26011,50095,44726582,5651929.2516,-0.0006951417316753,ARPA-USDT,0.1406391101866107,0.1320073949184494,0.00098635
2021-10-27 09:00:00,0.12952,0.12952,0.12344,0.12655,36124594,4550892.33586,15855,14750551,1859503.32382,-0.0001580153274867,ARPA-USDT,0.1288678086980229,0.1280817984955146,
2021-10-27 10:00:00,0.12653,0.12758,0.1238599999999999,0.12715,16778656,2112121.45379,5387,7802579,982526.98424,0.0002359974826935,ARPA-USDT,0.1261830032589688,0.1259191812504239,
2021-10-27 11:00:00,0.12727,0.1289,0.12578,0.12637,9723830,1237944.68486,3669,4939445,629164.90911,7.91389680279142e-05,ARPA-USDT,0.1267631358764895,0.1271447894988773,
2021-10-27 12:00:00,0.12646,0.1281,0.125,0.12754,8992971,1143749.53668,2914,4297702,546472.71277,-0.0002351650074469,ARPA-USDT,0.126071651992017,0.1258863709106139,
2021-10-27 13:00:00,0.12754,0.12878,0.1263,0.12636,10712947,1364960.43737,2825,5124984,653392.78248,-0.0002373605506764,ARPA-USDT,0.1273886980071115,0.1273523781137426,
2021-10-27 14:00:00,0.12646,0.12721,0.12375,0.126,10272404,1289399.32516,3120,4965547,623358.152,-0.0002380385622471,ARPA-USDT,0.126408022366476,0.1267681382002975,
2021-10-27 15:00:00,0.126,0.12671,0.1237,0.12433,7992675,1000463.32969,2382,3464735,433380.9123,0.0012079239813174,ARPA-USDT,0.1259886092556472,0.1258799858451359,
2021-10-27 16:00:00,0.12426,0.12555,0.12328,0.12485,10357322,1288061.16069,3482,4746427,590491.48012,-0.0005603586295228,ARPA-USDT,0.1241850345472184,0.1246261263091626,0.0001
2021-10-27 17:00:00,0.1248,0.1266,0.1245599999999999,0.12528,5958592,748759.54183,2026,2838481,356772.3282,-0.0010365999521568,ARPA-USDT,0.1247160540220675,0.1251010286634484,
2021-10-27 18:00:00,0.12531,0.12657,0.12358,0.1238799999999999,10172684,1273167.52469,3392,4268295,535119.91996,0.0012123171421636,ARPA-USDT,0.1258529863226763,0.1255961814817499,
2021-10-27 19:00:00,0.1239599999999999,0.12442,0.11835,0.12312,23720682,2869131.10431,8420,10115453,1222947.08904,0.0007315288953912,ARPA-USDT,0.1241629349891633,0.1239423097419224,
2021-10-27 20:00:00,0.12304,0.12499,0.12168,0.12252,11623751,1429945.79231,4056,5811552,715063.15773,0.0011439777741462,ARPA-USDT,0.1232794818151851,0.1241244343469752,
2021-10-27 21:00:00,0.1226,0.12324,0.12209,0.1228099999999999,4304851,528427.89571,1402,1950980,239558.80215,-0.0004069672798314,ARPA-USDT,0.1227740256147824,0.1226480425004495,
2021-10-27 22:00:00,0.1228099999999999,0.12353,0.1204,0.12334,14390601,1754475.75432,3648,7495658,914830.3585,0.0006490345610905,ARPA-USDT,0.1226351876911707,0.1225879641915215,
2021-10-27 23:00:00,0.12336,0.1237099999999999,0.11994,0.12004,9875882,1200488.09113,2985,4199042,510264.13348,0.0005000833472244,ARPA-USDT,0.1235203916744092,0.1229837981001011,
2021-10-28 00:00:00,0.1201599999999999,0.12294,0.11944,0.11967,6861357,833043.42187,2376,2897969,352488.89814,-0.001668474180362,ARPA-USDT,0.1205007267694119,0.1211353132382576,0.0001
2021-10-28 01:00:00,0.11968,0.1226299999999999,0.1185099999999999,0.12251,6120988,740058.01484,2438,3100280,374776.31515,0.0022907633150617,ARPA-USDT,0.1197125550609184,0.1200402416915891,
2021-10-28 02:00:00,0.12249,0.1245,0.122,0.1245,5156034,635265.48555,2119,2463572,303536.43313,0.0011257639112254,ARPA-USDT,0.1224799524779361,0.1222129205768288,
2021-10-28 03:00:00,0.12444,0.1265599999999999,0.12326,0.12443,10543693,1313759.83507,4722,4991646,622173.9257,-0.0005622489959838,ARPA-USDT,0.1248493653244925,0.1253232153195362,
2021-10-28 04:00:00,0.12443,0.12574,0.12164,0.12267,9218944,1138877.23087,3290,3936508,486540.90435,0.001551273677335,ARPA-USDT,0.1245811696073699,0.1250425698566751,
2021-10-28 05:00:00,0.12268,0.1278099999999999,0.12267,0.12533,9906191,1239959.42506,4444,4637579,580670.3288199999,-0.0008769132653061,ARPA-USDT,0.1229443374205939,0.1230765317328515,
2021-10-28 06:00:00,0.12547,0.12572,0.11892,0.12028,14883344,1800730.22036,6346,5705234,690145.52705,0.0015821467232908,ARPA-USDT,0.1254481180845274,0.1239508063836364,
2021-10-28 07:00:00,0.12032,0.1209799999999999,0.1167,0.11717,20314097,2397585.25316,6864,8809157,1039809.4421,0.0015385930421403,ARPA-USDT,0.12067693116135,0.1206095667411492,
2021-10-28 08:00:00,0.11717,0.1272,0.11704,0.12718,19660822,2405660.77074,6096,10079866,1231924.92831,0.0012596441505274,ARPA-USDT,0.1175776433128012,0.1178557665592172,0.0001
2021-10-28 09:00:00,0.12718,0.1275,0.12159,0.12333,16625759,2058457.4239,7008,6329177,783146.81088,0.0017056530214425,ARPA-USDT,0.1271576693773697,0.1272386312731157,
2021-10-28 10:00:00,0.12326,0.1241,0.1221599999999999,0.12245,8254273,1018350.04612,2632,4091222,504797.49943,0.0011446324912107,ARPA-USDT,0.1234884659624062,0.1230944960289045,
2021-10-28 11:00:00,0.1224099999999999,0.12257,0.12113,0.1220599999999999,8928862,1087688.46847,2224,3906114,475886.8161,0.0007378863654989,ARPA-USDT,0.1223523722383056,0.1220383078113249,
2021-10-28 12:00:00,0.12214,0.1231,0.12154,0.12268,5849106,715801.6942,2129,2624531,321182.78648,0.0025333006455829,ARPA-USDT,0.1221155728343856,0.1222208469488671,
2021-10-28 13:00:00,0.1225599999999999,0.1239099999999999,0.1219,0.12345,6844870,841818.47115,2421,2824745,347442.98844,-0.0009711094925952,ARPA-USDT,0.1224855862923013,0.1223873024557585,
2021-10-28 14:00:00,0.12357,0.12361,0.12114,0.12152,9983025,1219379.76139,3266,3385506,413563.12963,0.0005763688760807,ARPA-USDT,0.1233534041615401,0.1231899591351554,
2021-10-28 15:00:00,0.12157,0.12177,0.12029,0.12084,9099302,1101197.48954,2802,3433937,415710.71742,0.0020731403930673,ARPA-USDT,0.1215576280231875,0.1215651499585555,
2021-10-28 16:00:00,0.12087,0.1216,0.12,0.12032,8386615,1014592.70686,2278,3594058,435247.06318,0.0005821205821205,ARPA-USDT,0.1209157732300083,0.1209830006126732,0.0001
2021-10-28 17:00:00,0.12032,0.12152,0.11929,0.12009,8671437,1044678.71573,2697,4318278,520634.10733,0.0010836945648549,ARPA-USDT,0.1204453826680438,0.1205345190846401,
2021-10-28 18:00:00,0.12018,0.12057,0.11495,0.11822,23667872,2786927.76287,7135,10359329,1220751.53202,-8.458090163232512e-05,ARPA-USDT,0.1199989608576785,0.1195679092680804,
2021-10-28 19:00:00,0.1183099999999999,0.12375,0.11713,0.12125,17791036,2142645.44537,6034,8315564,1000461.03961,-0.0002473614775725,ARPA-USDT,0.1185142425633109,0.1182662027473517,
2021-10-28 20:00:00,0.12132,0.1248,0.12064,0.12152,15178013,1860370.76457,5175,6369934,781148.88046,0.0006587615283266,ARPA-USDT,0.1211856621934799,0.1210024525543209,
2021-10-28 21:00:00,0.12153,0.12175,0.11947,0.12036,9745303,1172887.92459,3150,4930407,593778.035,0.0004987531172069,ARPA-USDT,0.1216156254076489,0.1209142165809858,
2021-10-28 22:00:00,0.12038,0.1208299999999999,0.11909,0.11994,8967268,1075458.64474,2620,4064035,487462.79595,0.0004170489615482,ARPA-USDT,0.1205330218692585,0.1202730791817798,
2021-10-28 23:00:00,0.12,0.12226,0.11936,0.12157,5657983,683797.08366,2028,2984579,360734.59092,0.0008232485387338,ARPA-USDT,0.1202170979372715,0.1200400123655592,
2021-10-29 00:00:00,0.12162,0.1235,0.11968,0.1224099999999999,13139683,1593370.6016600002,4527,6415212,778405.2864100001,0.0014726335596817,ARPA-USDT,0.1216224687092067,0.1211112334134939,0.0001
2021-10-29 01:00:00,0.12244,0.1242,0.122,0.1234,7945593,979720.92667,3054,3835581,472997.2883,0.0017860042214645,ARPA-USDT,0.1224232417980701,0.1225366845632233,
2021-10-29 02:00:00,0.12328,0.12544,0.12324,0.12385,9835568,1223267.98066,3944,4377686,544627.85061,0.0003230756804781,ARPA-USDT,0.1235234329506935,0.1238217537854828,
2021-10-29 03:00:00,0.12383,0.12447,0.12202,0.12326,8888825,1093578.07893,2340,3837780,472199.89463,0.0008932196508322,ARPA-USDT,0.1238669216908717,0.1238212799405925,
2021-10-29 04:00:00,0.12327,0.1254299999999999,0.1221599999999999,0.12458,8321600,1027973.68031,2251,4347887,537522.27245,0.0,ARPA-USDT,0.1232573864176974,0.1232625145822468,
2021-10-29 05:00:00,0.12469,0.12785,0.12129,0.1223099999999999,20187297,2515577.90175,8353,9230393,1151199.34569,0.001227897838899,ARPA-USDT,0.1246452597169883,0.1242639720125969,
2021-10-29 06:00:00,0.12233,0.12442,0.12155,0.12325,10354266,1272653.88878,2702,4641332,570535.02382,0.0010558804418454,ARPA-USDT,0.1225187151684512,0.1219837865693501,
2021-10-29 07:00:00,0.12325,0.1236,0.12082,0.12157,11412426,1393579.87812,3528,5538581,677230.89598,0.0012353813210344,ARPA-USDT,0.1231660235324329,0.1230233165151445,
2021-10-29 08:00:00,0.12157,0.12375,0.12111,0.123,8040944,984237.63128,2511,4339110,531358.74342,0.0017102369899828,ARPA-USDT,0.1215051767523279,0.1216908460981813,0.0001
2021-10-29 09:00:00,0.123,0.1239799999999999,0.12247,0.12297,5863014,722708.20329,1699,2509812,309444.55435,0.0012212994626281,ARPA-USDT,0.1231721428125896,0.1232724444622956,
2021-10-29 10:00:00,0.1229099999999999,0.12305,0.12161,0.1226299999999999,6542876,800463.4434,1879,2809250,343787.95062,0.0009795118765807,ARPA-USDT,0.1229450031836994,0.1227711787651264,
2021-10-29 11:00:00,0.12265,0.1228099999999999,0.1206,0.12128,8347038,1015798.53127,2852,3650825,444341.35221,0.0013210039630118,ARPA-USDT,0.1225163805608264,0.1224756943230411,
2021-10-29 12:00:00,0.12128,0.12249,0.121,0.12182,6922985,842789.65932,2401,2980766,363009.44159,0.0013974517057131,ARPA-USDT,0.1211919539389696,0.1213752175375,
2021-10-29 13:00:00,0.1218099999999999,0.1225599999999999,0.1215,0.1224799999999999,4556562,556061.36125,1505,2147936,262103.87741,0.0011443518064402,ARPA-USDT,0.1219063021247192,0.1219704296690861,
2021-10-29 14:00:00,0.12253,0.12265,0.122,0.12224,5179180,633356.90975,1774,2384434,291689.65055,0.001310615989515,ARPA-USDT,0.122355172367984,0.1223233101972953,
2021-10-29 15:00:00,0.12218,0.12865,0.12204,0.1248,20745361,2605442.02556,9014,8989205,1128246.84126,0.0002404424140416,ARPA-USDT,0.1221226558265582,0.1222014822271194,
2021-10-29 16:00:00,0.1248099999999999,0.13969,0.12472,0.1372,65423363,8825635.82259,31335,32778209,4422676.171,0.0001457938474995,ARPA-USDT,0.1250129953053725,0.1256009042164124,0.00027354
2021-10-29 17:00:00,0.13724,0.15,0.13705,0.13993,230850074,33475608.75966,97887,110152324,15973735.80077,0.0021485354150254,ARPA-USDT,0.1410448159046778,0.144939438483689,
2021-10-29 18:00:00,0.14005,0.14377,0.13497,0.13679,61518596,8559437.91619,26777,30279937,4219735.63541,0.0006583760058522,ARPA-USDT,0.1405295764974971,0.14173918311902,
2021-10-29 19:00:00,0.13679,0.13938,0.13192,0.13643,48536753,6598123.7667000005,21410,25103174,3414343.49063,0.001174139575842,ARPA-USDT,0.1364320295973108,0.1362011836421989,
2021-10-29 20:00:00,0.13642,0.13839,0.13242,0.13439,33518060,4535888.04103,12478,15612906,2113814.64057,0.0021625652498136,ARPA-USDT,0.1368317029939258,0.1360362602130118,
2021-10-29 21:00:00,0.1343,0.13568,0.13293,0.1335,13264076,1778635.03267,4354,7053407,945871.0143,0.0016506602641055,ARPA-USDT,0.1345172747232889,0.1342290167710844,
2021-10-29 22:00:00,0.1335,0.13483,0.13342,0.13483,7421651,996312.7482,2197,3749639,503434.41334,0.0016343510883292,ARPA-USDT,0.1337881198931322,0.1336972948434043,
2021-10-29 23:00:00,0.13476,0.13897,0.13367,0.13594,24491892,3336606.93947,10040,12014281,1637379.50714,0.0016209843796051,ARPA-USDT,0.1349036008129258,0.1349320937328838,
2021-10-30 00:00:00,0.13594,0.14078,0.13424,0.13819,20596873,2821468.42175,9502,10108756,1385424.96361,-7.235890014456459e-05,ARPA-USDT,0.1359450587024611,0.1359704454570513,0.0001
2021-10-30 01:00:00,0.13831,0.13859,0.1353599999999999,0.1363,8694244,1189614.84749,3784,3837141,524857.2373,0.0007342143906021,ARPA-USDT,0.1380958746246804,0.1370603244628881,
2021-10-30 02:00:00,0.1363599999999999,0.14217,0.13613,0.13903,24729387,3443242.1803,11280,12183947,1697517.16792,0.0017292312126233,ARPA-USDT,0.1369696129030891,0.1374370440574344,
2021-10-30 03:00:00,0.1391,0.14602,0.13771,0.13822,48747634,6907915.27977,20169,23086138,3273521.56255,0.0001447178002895,ARPA-USDT,0.1399860670074615,0.1396817833052539,
2021-10-30 04:00:00,0.1382,0.1417,0.138,0.1386599999999999,20513362,2862408.04868,9076,9042511,1261819.93307,-7.211365111481349e-05,ARPA-USDT,0.1388698245940215,0.1394047320880417,
2021-10-30 05:00:00,0.13876,0.14461,0.13802,0.14351,31171225,4400614.9515,13884,15247080,2154060.31992,0.0016751587910937,ARPA-USDT,0.1386509221787396,0.1399596626552309,
2021-10-30 06:00:00,0.14357,0.1442,0.1379099999999999,0.13895,29575976,4185971.55115,13785,13144010,1863255.16457,0.0007202016564638,ARPA-USDT,0.1437868437453375,0.142713196847364,
2021-10-30 07:00:00,0.13895,0.14105,0.13835,0.14004,15000132,2097279.81233,5292,7129104,996947.88027,0.0012154143132909,ARPA-USDT,0.1390663746440828,0.1398401091815104,
2021-10-30 08:00:00,0.1401099999999999,0.14062,0.13773,0.13864,13680105,1904053.2417,4671,6088328,848119.66844,0.0015170122083365,ARPA-USDT,0.1399600961466716,0.1399958671173733,0.0001
2021-10-30 09:00:00,0.13864,0.13924,0.13629,0.13652,16255348,2238226.48427,5517,7246187,998520.24481,0.0008063924932188,ARPA-USDT,0.1387277547682158,0.1386453277968797,
2021-10-30 10:00:00,0.1365299999999999,0.13853,0.13392,0.13767,20107700,2737634.69044,6707,9343124,1272725.44917,0.0016734575087309,ARPA-USDT,0.1367317302859326,0.1364466445713961,
2021-10-30 11:00:00,0.13767,0.13768,0.1353599999999999,0.13614,11811996,1611728.13827,3700,6021309,821819.06257,0.0022822645954503,ARPA-USDT,0.1375152483327844,0.1372966761599301,
2021-10-30 12:00:00,0.13627,0.1372,0.13493,0.13518,12560266,1709695.9962,3885,5767759,785610.37416,0.0013333333333331,ARPA-USDT,0.136149420730661,0.1360549076667674,
2021-10-30 13:00:00,0.13517,0.13534,0.13271,0.1349,20188526,2706077.55946,5841,9664591,1295647.07678,0.001782266448834,ARPA-USDT,0.1348723740372452,0.1345509563485997,
2021-10-30 14:00:00,0.13482,0.14229,0.13373,0.13732,45144369,6250203.7884100005,19925,22122172,3063974.57754,0.0008016908388601,ARPA-USDT,0.1345561346735743,0.134914974854104,
2021-10-30 15:00:00,0.13724,0.14497,0.13502,0.14409,36326308,5050782.14382,17454,17255612,2401782.14796,6.940588561898942e-05,ARPA-USDT,0.1366910997573651,0.1361394000821724,
2021-10-30 16:00:00,0.14409,0.1495,0.1392,0.14779,117786017,17105018.25933,55680,58344828,8472706.25669,0.0009481882831019,ARPA-USDT,0.1428947248574532,0.1444388903532516,0.0001
2021-10-30 17:00:00,0.14785,0.15233,0.14403,0.14956,35425310,5241751.38512,15767,18277178,2707009.17059,-0.0012687813021702,ARPA-USDT,0.1474597588252776,0.146680493258611,
2021-10-30 18:00:00,0.1494599999999999,0.1626,0.1493,0.1527599999999999,74276515,11684174.7694,37659,36380967,5728165.02579,-0.0018948056190793,ARPA-USDT,0.1507875247928257,0.1528921157680914,
2021-10-30 19:00:00,0.1527099999999999,0.15745,0.14943,0.14994,29496714,4504557.61535,14094,13353801,2040068.52555,0.0014025245441795,ARPA-USDT,0.1534180141461209,0.1554199094917442,
2021-10-30 20:00:00,0.14993,0.15453,0.14982,0.15114,18283608,2787789.44428,6823,8910087,1358794.8967,0.0007283321194464,ARPA-USDT,0.1499078331227475,0.1506319309124116,
2021-10-30 21:00:00,0.1511,0.15228,0.14712,0.1491,17279052,2585106.84387,7019,8461381,1265854.66194,0.0004697040864256,ARPA-USDT,0.1513442947806829,0.1512181184858302,
2021-10-30 22:00:00,0.1491299999999999,0.15098,0.14245,0.1441599999999999,19422090,2840709.54677,8079,7850913,1150467.29858,0.0017371968591473,ARPA-USDT,0.1497319431837553,0.1502383916857966,
2021-10-30 23:00:00,0.14414,0.1442,0.13876,0.14005,20362222,2877648.55244,7596,8956842,1266245.55509,0.0015733390545662,ARPA-USDT,0.1440551711397465,0.1433974611242238,
2021-10-31 00:00:00,0.14004,0.14137,0.13938,0.14026,14006269,1968206.12531,3396,7639487,1073550.80491,0.0012135056035404,ARPA-USDT,0.140270136555275,0.1399078405878337,0.0001
2021-10-31 01:00:00,0.14026,0.14081,0.13705,0.1373599999999999,9287357,1287702.38698,2689,4223093,585861.85889,0.0019695090816245,ARPA-USDT,0.1401865995159772,0.1401093111598313,
2021-10-31 02:00:00,0.13741,0.14071,0.13646,0.13752,16442610,2274085.97627,4760,7690622,1064416.05723,0.0009462115146661,ARPA-USDT,0.1375841846196751,0.1375827318112549,
2021-10-31 03:00:00,0.13763,0.1397,0.13699,0.1386,11854270,1636535.88304,3104,5925629,818309.36932,0.0014450867052022,ARPA-USDT,0.1376726962753054,0.1376044068702799,
2021-10-31 04:00:00,0.1386099999999999,0.14271,0.13652,0.14072,16449912,2278174.86677,4963,7943824,1100794.94985,0.0004976892996801,ARPA-USDT,0.1382243135152142,0.1379662690738703,
2021-10-31 05:00:00,0.14072,0.14185,0.13655,0.13985,16905492,2351666.97754,6801,7852330,1092873.02894,0.0001430308231422,ARPA-USDT,0.140615490981073,0.1404641276145062,
2021-10-31 06:00:00,0.13982,0.14124,0.13821,0.13945,10766713,1503044.08538,4192,5382990,751045.52176,-0.000859783621122,ARPA-USDT,0.1402952084923627,0.1404191428175753,
2021-10-31 07:00:00,0.13949,0.14764,0.13929,0.14624,16497059,2363971.69128,7711,7841003,1122139.12867,0.0,ARPA-USDT,0.1395508248006599,0.1396710384390236,
2021-10-31 08:00:00,0.14642,0.1583,0.14104,0.15253,45719755,6810089.52135,21720,21748978,3241287.95904,0.0006560388374992,ARPA-USDT,0.1462055650062336,0.1445733304739199,0.0001
2021-10-31 09:00:00,0.15245,0.15284,0.14477,0.14614,29100129,4303458.23806,13601,13061418,1932750.94505,0.000342254774454,ARPA-USDT,0.1519630669215072,0.1500803655075198,
2021-10-31 10:00:00,0.14607,0.15075,0.14579,0.14816,15772483,2350210.57374,7794,7767853,1157218.51026,0.002164502164502,ARPA-USDT,0.1459856607273738,0.1470331158486973,
2021-10-31 11:00:00,0.14814,0.14914,0.14396,0.14587,13080731,1911460.67686,5505,6201503,906646.03132,0.0009606807109037,ARPA-USDT,0.1482100309368015,0.1480700413697551,
2021-10-31 12:00:00,0.14575,0.1483,0.14468,0.1449,13244306,1938959.42463,5382,6315497,925048.64184,0.0002761286759631,ARPA-USDT,0.1456483960559916,0.1464566849742199,
2021-10-31 13:00:00,0.1449,0.1459099999999999,0.13758,0.14067,20462596,2891267.35649,7374,8975771,1268317.80051,0.001566393734425,ARPA-USDT,0.1452150340640845,0.1453515136015235,
2021-10-31 14:00:00,0.14054,0.14217,0.13812,0.1384,14532575,2038146.47539,4592,6675643,936798.89713,0.001954680373561,ARPA-USDT,0.1404423814182068,0.140127555485251,
2021-10-31 15:00:00,0.13835,0.14039,0.13647,0.1369,13261744,1838542.01227,4073,6608449,916339.49344,0.000511583717021,ARPA-USDT,0.1385314951372968,0.1383763947406267,
2021-10-31 16:00:00,0.1368599999999999,0.13994,0.13501,0.13883,19642337,2696441.93911,6143,9823627,1348418.55173,0.001514932910114,ARPA-USDT,0.1371393019067058,0.1369605682479428,0.0001
2021-10-31 17:00:00,0.13885,0.13943,0.13622,0.13622,17212852,2362206.64403,4651,7834630,1075125.73007,0.0012495406100698,ARPA-USDT,0.1391645748455623,0.1387755125675302,
2021-10-31 18:00:00,0.1363,0.13702,0.13445,0.1351099999999999,16832639,2281508.44363,4276,8303905,1125975.79049,0.0011114404267924,ARPA-USDT,0.136340626066915,0.136493456647226,
2021-10-31 19:00:00,0.13517,0.13705,0.13517,0.13584,10684888,1453106.25562,2734,5492725,746852.41915,0.0011792452830188,ARPA-USDT,0.1352702428749406,0.1353829908078569,
2021-10-31 20:00:00,0.13585,0.1372,0.13502,0.13691,11584773,1576106.78158,2972,5917655,805245.25262,0.0013897015798711,ARPA-USDT,0.1358616147251702,0.1355347418516319,
2021-10-31 21:00:00,0.13691,0.13852,0.1363,0.13749,8144601,1118871.67754,2392,3975381,546220.7313,0.0008735531775496,ARPA-USDT,0.1368137794049815,0.1367479678749733,
2021-10-31 22:00:00,0.13756,0.14246,0.13702,0.13818,28554362,3965693.00511,9490,14046115,1950308.0325,0.0001447596988997,ARPA-USDT,0.138023734907111,0.137993064646939,
2021-10-31 23:00:00,0.13818,0.13862,0.13693,0.13793,10724399,1476943.1952,3009,5345507,736340.35029,0.0009433962264149,ARPA-USDT,0.1382957085605175,0.1379826621854405,
2021-11-01 00:00:00,0.13797,0.13879,0.13618,0.13823,20474501,2818569.1869,5325,9945046,1369715.14585,0.0007964089197798,ARPA-USDT,0.1378382635267732,0.1372749440220643,0.0001
2021-11-01 01:00:00,0.13831,0.13883,0.13638,0.1365,13442430,1848457.85713,3685,6471291,890062.31903,0.001687825640273,ARPA-USDT,0.1384520965778088,0.138059486588064,
2021-11-01 02:00:00,0.1365,0.13776,0.13501,0.13604,15418788,2103128.48353,4811,7138949,974252.30862,0.0018410781353561,ARPA-USDT,0.1366083901953655,0.1368276537828601,
2021-11-01 03:00:00,0.13615,0.1378,0.1327,0.1333,11007569,1493482.65294,4364,4996683,679610.11088,0.0022556390977443,ARPA-USDT,0.1366126552321925,0.1367330614232319,
2021-11-01 04:00:00,0.13327,0.137,0.13185,0.13455,13954885,1876902.18566,4839,6598829,888265.43808,0.0002973756598023,ARPA-USDT,0.1328148630548466,0.1325560731122682,
2021-11-01 05:00:00,0.1345299999999999,0.1378,0.1343099999999999,0.13721,6797147,927099.44684,2710,3306487,450839.80517,0.0004374772147284,ARPA-USDT,0.1345719594493997,0.1348136461392141,
2021-11-01 06:00:00,0.1372,0.13763,0.1359,0.13644,5299618,723958.10127,1696,3014886,411959.07799,0.0018356707540936,ARPA-USDT,0.1371453887474275,0.137124763976649,
2021-11-01 07:00:00,0.13649,0.1385,0.13626,0.1381599999999999,7098813,977003.67484,2364,3459378,476262.44321,0.0017401392111362,ARPA-USDT,0.1365700051537586,0.1365495174484558,
2021-11-01 08:00:00,0.13823,0.1419,0.13719,0.13756,15199253,2117428.93336,5567,7129721,994962.75795,0.0023316817254444,ARPA-USDT,0.138263990812004,0.1383660981812527,0.0001
2021-11-01 09:00:00,0.13743,0.13892,0.13733,0.13843,6549904,905414.31871,2729,3462231,478758.36911,0.0018817398856481,ARPA-USDT,0.1375108208454318,0.1376814013332538,
2021-11-01 10:00:00,0.13842,0.1408599999999999,0.13774,0.14044,9565531,1328301.03208,3479,4760938,661389.16332,0.0001424298532974,ARPA-USDT,0.138640680520858,0.138469746299636,
2021-11-01 11:00:00,0.14032,0.1408299999999999,0.1380299999999999,0.13929,9212440,1283559.25337,3264,3963626,552445.45225,0.000574671359816,ARPA-USDT,0.1405317247898846,0.140139445955845,
2021-11-01 12:00:00,0.1393,0.13995,0.1382,0.13873,6358388,884164.00786,2711,3181676,442485.78586,0.0020947702976017,ARPA-USDT,0.1391912051899768,0.1396319852880935,
2021-11-01 13:00:00,0.13879,0.13915,0.13812,0.13892,7543750,1045859.71815,2839,3326895,461265.90863,0.001513949967558,ARPA-USDT,0.1389380424366872,0.1387906268515469,
2021-11-01 14:00:00,0.1389,0.14,0.1383599999999999,0.13875,9353727,1301744.29508,4133,4460718,621046.81991,0.0016604100490904,ARPA-USDT,0.1392090010701784,0.1394297696450182,
2021-11-01 15:00:00,0.13876,0.13992,0.13832,0.13992,6083967,845545.42343,2672,2555935,355369.24992,0.0012881064834691,ARPA-USDT,0.1386788452734755,0.1388920462311575,
2021-11-01 16:00:00,0.13992,0.14348,0.1387,0.1388599999999999,12197360,1717761.04289,6883,5537098,780479.23186,0.0012979521199878,ARPA-USDT,0.1400201371752655,0.140108798433289,0.00026888
2021-11-01 17:00:00,0.13881,0.13973,0.13839,0.1391099999999999,5292133,735633.58545,2980,2595684,360796.58952,-0.0020087524212647,ARPA-USDT,0.1391732564618225,0.1392574423712307,
2021-11-01 18:00:00,0.13904,0.13972,0.1369,0.13853,9585408,1325928.69349,5199,4421979,611506.4441,0.0019528424707073,ARPA-USDT,0.1390353657408349,0.1391396326052117,
2021-11-01 19:00:00,0.13852,0.13852,0.13662,0.13783,7816282,1074313.82931,2806,2872366,394920.56738,0.0016715116279071,ARPA-USDT,0.137956876924679,0.1377987439368174,
2021-11-01 20:00:00,0.13781,0.15581,0.13772,0.15232,72551961,10806477.68649,40145,36039002,5367508.99148,-0.0061333681325851,ARPA-USDT,0.1378776900538582,0.1380217807396694,
2021-11-01 21:00:00,0.15236,0.15385,0.14267,0.14393,49364932,7303202.4818,29466,23174928,3431882.64341,0.0003475118154017,ARPA-USDT,0.1527302429438281,0.1512184937154273,
2021-11-01 22:00:00,0.14406,0.14436,0.14174,0.14296,11617829,1661226.90865,6078,5677241,811989.07778,0.0021029020047664,ARPA-USDT,0.1441437980399951,0.1436729736442893,
2021-11-01 23:00:00,0.14303,0.14503,0.14178,0.14424,6734240,964797.42102,2503,3506643,502885.79431,0.0005549389567147,ARPA-USDT,0.1428919351458909,0.1428384486564234,
2021-11-02 00:00:00,0.14424,0.1463799999999999,0.14226,0.1438299999999999,8806335,1269923.90714,4001,3980532,573948.70689,0.0017411895807206,ARPA-USDT,0.1446036666130763,0.1445081090637481,0.0001
2021-11-02 01:00:00,0.14389,0.14893,0.14322,0.14327,9092594,1324841.29538,4334,4062302,591683.71527,0.0016779696567155,ARPA-USDT,0.1438255104057961,0.1438496201742856,
2021-11-02 02:00:00,0.1433,0.14712,0.14319,0.1454,7220302,1049559.35953,3405,3632482,527790.4732,0.0021366048659452,ARPA-USDT,0.1434430902633027,0.1438710430897204,
2021-11-02 03:00:00,0.14532,0.15143,0.145,0.14761,15026733,2229930.61796,7435,6983048,1036261.23768,0.0005422625906594,ARPA-USDT,0.1454171808074177,0.1457387470202211,
2021-11-02 04:00:00,0.1477099999999999,0.1502,0.147,0.14822,11661535,1731851.78855,4715,5691200,845126.03939,0.0010130343756329,ARPA-USDT,0.1478874846914567,0.1483469208307994,
2021-11-02 05:00:00,0.14823,0.14849,0.14568,0.14764,7259167,1066478.07629,3528,3739132,549187.73376,0.0013564839934889,ARPA-USDT,0.1482901030368763,0.1482685109786086,
2021-11-02 06:00:00,0.14765,0.15143,0.14652,0.15007,10399543,1546900.19396,4575,5262863,782970.72707,0.0010673070508973,ARPA-USDT,0.1478345179576446,0.1477576499138415,
2021-11-02 07:00:00,0.15008,0.15555,0.14982,0.15037,50563167,7725147.663600001,28387,23666387,3619180.07854,0.0019323027718551,ARPA-USDT,0.151360670498121,0.1528231426303905,
2021-11-02 08:00:00,0.1502099999999999,0.15323,0.1502099999999999,0.15202,13106862,1989218.93035,6110,6969184,1057979.56155,0.0007899934167214,ARPA-USDT,0.1505115216371199,0.1513019735977665,0.00029112
2021-11-02 09:00:00,0.15214,0.15217,0.149,0.1503799999999999,11703586,1758961.26697,5031,4648239,698817.0676,0.0021324803411961,ARPA-USDT,0.1518054531325286,0.1516742499751115,
2021-11-02 10:00:00,0.15035,0.15458,0.1503,0.15127,13211828,2010059.8196,5733,5949793,905459.50818,0.0015890882606104,ARPA-USDT,0.1505365580772024,0.150733816502339,
2021-11-02 11:00:00,0.15114,0.15216,0.14949,0.14962,8461807,1275555.17663,3913,3655657,551203.16709,0.0012044967880087,ARPA-USDT,0.1513292015358514,0.1515520196859059,
2021-11-02 12:00:00,0.14965,0.15049,0.1484,0.14854,6548746,976828.93689,3449,3130369,467099.6204,0.0011457841881781,ARPA-USDT,0.149952754168802,0.1501566446637609,
2021-11-02 13:00:00,0.14851,0.15399,0.14792,0.15364,14267880,2166211.91818,7187,6749765,1024701.86244,0.0006512960791975,ARPA-USDT,0.1485126592962434,0.148346274782526,
2021-11-02 14:00:00,0.1538,0.15838,0.15164,0.15456,29239813,4533148.0046,16414,12783005,1980556.42689,0.001101107584688,ARPA-USDT,0.1541595946654126,0.1549271546332328,
2021-11-02 15:00:00,0.15467,0.16392,0.15467,0.15921,48474370,7751966.39494,28446,23096417,3694293.16715,0.0008801156723454,ARPA-USDT,0.1549663540341053,0.1555758862212974,
2021-11-02 16:00:00,0.15925,0.18199,0.15868,0.17299,135920656,23570179.86741,63282,69239790,12007306.05304,0.0001156269873388,ARPA-USDT,0.1595012246738438,0.1602463439185533,0.0001
2021-11-02 17:00:00,0.17302,0.2078699999999999,0.17302,0.20424,208458378,39785316.17257,118108,109764936,20984576.60987,-0.0065181437883062,ARPA-USDT,0.1753385262929556,0.1787534432379342,
2021-11-02 18:00:00,0.20421,0.243,0.20249,0.21156,749305536,168063360.08468,423137,377660768,84668477.37913,0.0013252555850056,ARPA-USDT,0.2088468553693504,0.2223296379235169,
2021-11-02 19:00:00,0.21128,0.2189199999999999,0.19817,0.20081,231136100,48501712.68677,136087,111680142,23463820.23831,0.0017959590920428,ARPA-USDT,0.2097791048522176,0.2119615806143101,
2021-11-02 20:00:00,0.20081,0.20498,0.19225,0.19521,157695335,31415314.21302,88106,78897601,15737528.92119,0.002722416272858,ARPA-USDT,0.2011298921515004,0.2025770314312243,
2021-11-02 21:00:00,0.19502,0.20198,0.19096,0.19258,99114358,19414955.16255,64046,50398808,9877831.86705,0.0012477903712175,ARPA-USDT,0.1951138275670799,0.1949336616323327,
2021-11-02 22:00:00,0.19276,0.19754,0.18814,0.19146,65068611,12564504.15132,35863,33321746,6437398.21667,0.0032487948019281,ARPA-USDT,0.19218254530459,0.1933552784417683,
2021-11-02 23:00:00,0.1914799999999999,0.19439,0.18691,0.19053,48137221,9157718.21836,23091,23418763,4457125.90438,0.0031590586005372,ARPA-USDT,0.1912170350473521,0.1906013779797988,
2021-11-03 00:00:00,0.19053,0.1917,0.18203,0.18472,57910671,10740144.63552,26130,27745333,5146999.22069,0.0015181088700932,ARPA-USDT,0.1897604466178077,0.1901684979637992,0.00049675
2021-11-03 01:00:00,0.1847099999999999,0.1994,0.18391,0.1871,90074565,17255435.5896,53454,44991849,8620268.228120001,0.0016596177525562,ARPA-USDT,0.1854019084355949,0.1861167688401255,
2021-11-03 02:00:00,0.18694,0.2181699999999999,0.18642,0.20906,231276032,47385773.09229,139669,119392627,24470540.28333,0.0016289766193944,ARPA-USDT,0.1878515352084802,0.1889220691417761,
2021-11-03 03:00:00,0.20917,0.2093,0.19696,0.20189,136321654,27576208.11003,64841,65166984,13198367.47438,0.0006443298969072,ARPA-USDT,0.2072089991112564,0.2054166385332116,
2021-11-03 04:00:00,0.20188,0.20225,0.18839,0.19142,75521073,14643851.51298,39787,33316908,6465832.89036,0.0019891122278057,ARPA-USDT,0.2016904970030455,0.1994983365692356,
2021-11-03 05:00:00,0.19129,0.19776,0.18824,0.19771,42016911,8092854.33454,25308,20889802,4025481.38126,0.0034003248071456,ARPA-USDT,0.1924181443255634,0.1924153611567962,
2021-11-03 06:00:00,0.1975299999999999,0.225,0.1969,0.22084,213203471,45117787.8476,124091,107557073,22781326.21098,0.0014511155450753,ARPA-USDT,0.1992757701178287,0.2007568159254998,
2021-11-03 07:00:00,0.22086,0.2264199999999999,0.20931,0.2108,142130976,30798314.7991,77643,70282605,15247313.16443,0.0017107013875687,ARPA-USDT,0.2193317160857801,0.2227007952014032,
2021-11-03 08:00:00,0.2108699999999999,0.21431,0.20509,0.2068,92237028,19292467.58773,53677,46504061,9731522.27512,0.001598295151838,ARPA-USDT,0.2106676388850526,0.2089969950343539,0.0001914
2021-11-03 09:00:00,0.20658,0.232,0.204,0.22463,337590707,74756014.04645,188960,173083338,38366423.66437,0.0005790645879732,ARPA-USDT,0.2060302859316671,0.2052512917371835,
2021-11-03 10:00:00,0.22463,0.23592,0.2181,0.23178,269364324,60836972.63253,153344,135339532,30572599.03713,0.0001726072322429,ARPA-USDT,0.2258740543576011,0.2229980745137464,
2021-11-03 11:00:00,0.2316,0.24673,0.22738,0.23199,416972422,98849531.44106,219330,217363589,51557060.03556,0.0004312389495018,ARPA-USDT,0.2335987657090215,0.2393941324008623,
2021-11-03 12:00:00,0.23178,0.26666,0.22912,0.26018,723861628,182305192.37611,364011,381056672,95951409.87775,-0.0013050821434053,ARPA-USDT,0.2314138753821573,0.2309850914610836,
2021-11-03 13:00:00,0.2604599999999999,0.27638,0.25401,0.25894,609569086,161212886.41394,301507,309162155,81831458.10184,-0.0011186976815955,ARPA-USDT,0.2611840316806019,0.265402769143942,
2021-11-03 14:00:00,0.25885,0.259,0.24356,0.25064,309027409,77263159.99866,155482,157684601,39429634.48224,0.0011183895190922,ARPA-USDT,0.2558356349936544,0.2525694863292085,
2021-11-03 15:00:00,0.25059,0.26618,0.24519,0.2466199999999999,303052707,77651472.61363,157575,149357644,38283069.24506,-0.0014171761752443,ARPA-USDT,0.2511428193785945,0.2563252237014109,
2021-11-03 16:00:00,0.24663,0.258,0.236,0.238,282649160,68953358.68018,140035,139104227,33952177.41752,0.0024851522682278,ARPA-USDT,0.2453210471126326,0.2457557339797188,-0.0001672
2021-11-03 17:00:00,0.23801,0.23809,0.22624,0.2292,168887941,39013892.79795,95696,82319931,19013333.34419,0.0014856243991958,ARPA-USDT,0.236598140910162,0.2353285733517431,
2021-11-03 18:00:00,0.22921,0.23444,0.2212599999999999,0.22833,132651472,30095747.72893,73484,68703946,15594837.27858,0.0003943217665616,ARPA-USDT,0.2269870002187365,0.224636388569876,
2021-11-03 19:00:00,0.22846,0.2322,0.2156199999999999,0.21843,98690848,21979983.53702,64901,45144117,10064461.01134,-0.0003661159672325,ARPA-USDT,0.2294201613103908,0.2301595657208384,
2021-11-03 20:00:00,0.21859,0.2212,0.2124,0.21763,86532894,18769748.97421,42757,42332194,9189492.8429,0.000873804267844,ARPA-USDT,0.2180761693972294,0.2175384979118272,
2021-11-03 21:00:00,0.21774,0.227,0.21444,0.21716,94801765,20875263.72548,48371,48317758,10644404.71046,0.0011987090825265,ARPA-USDT,0.21785154695452,0.2166802908432606,
2021-11-03 22:00:00,0.21716,0.22454,0.20738,0.20879,111816146,24053937.95973,56595,53139731,11437368.41538,0.0026411832500961,ARPA-USDT,0.2177908186887721,0.2180288517216952,
2021-11-03 23:00:00,0.2087099999999999,0.21179,0.206,0.21086,66896101,13963966.5674,30844,33430080,6984313.29643,0.0017102137767219,ARPA-USDT,0.209112873833057,0.2092942287183996,
2021-11-04 00:00:00,0.21097,0.2143199999999999,0.202,0.20492,68812989,14321326.0223,33686,31899970,6644716.4733,0.0019068107368112,ARPA-USDT,0.2098800519494094,0.2092089340754736,0.00065354
2021-11-04 01:00:00,0.20498,0.2088199999999999,0.201,0.20675,43644921,8953728.79949,21708,21474725,4409942.65496,0.0019384540828688,ARPA-USDT,0.2051548600067291,0.2047043963340247,
2021-11-04 02:00:00,0.20684,0.2091199999999999,0.20461,0.2062699999999999,27734119,5741451.66055,15525,13341182,2763205.53018,0.0015051466304132,ARPA-USDT,0.2073843658738129,0.2075971843329062,
2021-11-04 03:00:00,0.2062699999999999,0.2148,0.2049,0.2101199999999999,44440669,9356213.34428,28365,21131271,4444678.85756,0.000571428571428,ARPA-USDT,0.2056018436215568,0.2058415060692503,
2021-11-04 04:00:00,0.21033,0.22475,0.20905,0.21936,77957804,16931731.40119,52156,39761464,8643808.81626,0.0008669069671944,ARPA-USDT,0.2098740237699722,0.2099281538176837,
2021-11-04 05:00:00,0.21923,0.2465699999999999,0.21535,0.24339,241998633,56219323.44106,131682,120955754,28100744.63571,-0.0009851003570989,ARPA-USDT,0.2193283293186356,0.2179402068084074,
2021-11-04 06:00:00,0.24328,0.24358,0.21815,0.2183699999999999,192417213,44152007.3712,98113,91016584,20893504.03634,0.0024329783327208,ARPA-USDT,0.2422012749259797,0.2397500971443813,
2021-11-04 07:00:00,0.2183699999999999,0.22075,0.21045,0.21343,89289601,19213497.49467,40991,41342952,8901928.51512,0.002395265827541,ARPA-USDT,0.2192445268484667,0.2197489949632745,
2021-11-04 08:00:00,0.21343,0.21749,0.2103,0.21038,53222216,11381872.35894,24772,25343673,5426075.48051,0.0007135042572421,ARPA-USDT,0.2144373538058173,0.2138728661188012,0.00035558
2021-11-04 09:00:00,0.21044,0.21303,0.20729,0.21133,52331668,10994034.31265,23424,24478384,5146227.5018,0.0030852477691285,ARPA-USDT,0.2095066367666745,0.2090241169154513,
2021-11-04 10:00:00,0.21124,0.21131,0.20546,0.20805,41191588,8571369.74377,18361,20983592,4368403.6888500005,0.0014922499277942,ARPA-USDT,0.2107333724951595,0.2102554607104171,
2021-11-04 11:00:00,0.20805,0.21026,0.20302,0.20756,43122608,8929733.91847,21096,21087848,4367829.68296,0.0027053140096617,ARPA-USDT,0.2079758797580731,0.2087937321173423,
2021-11-04 12:00:00,0.2075699999999999,0.2187599999999999,0.2052699999999999,0.21423,67690842,14384958.36914,39290,36316169,7717362.34139,0.0012619181155355,ARPA-USDT,0.2069923183611379,0.2071514761957553,
2021-11-04 13:00:00,0.21415,0.2155,0.20155,0.2038599999999999,82034639,17004600.12617,38505,35221236,7302776.26876,0.0035937576921178,ARPA-USDT,0.214585980666961,0.2124526886336689,
2021-11-04 14:00:00,0.20377,0.2050699999999999,0.1975599999999999,0.19991,52351539,10501016.48422,26749,24063804,4830505.98852,0.0022560914469067,ARPA-USDT,0.2040443049077082,0.2040619205638922,
2021-11-04 15:00:00,0.19998,0.20012,0.191,0.19444,68975100,13444691.51678,35629,31966155,6233292.89449,0.001596868078092,ARPA-USDT,0.19964018202367,0.1990283751710965,
2021-11-04 16:00:00,0.19449,0.1968,0.19116,0.19333,35917521,6950985.09822,20427,18229892,3528667.33437,0.002488981073373,ARPA-USDT,0.1947949965940054,0.1947961071310929,0.00090815
2021-11-04 17:00:00,0.19329,0.19588,0.18721,0.1904799999999999,36695457,7023787.589199999,19562,17388019,3331739.95426,0.0001575216592275,ARPA-USDT,0.1928206870427182,0.1928046089493782,
2021-11-04 18:00:00,0.1904799999999999,0.19361,0.18828,0.18893,30535305,5841066.96383,14763,14646839,2801377.86307,0.0019622401357657,ARPA-USDT,0.1902551556647137,0.1899158325680033,
2021-11-04 19:00:00,0.18894,0.19425,0.18848,0.19225,31592280,6047236.1987,14821,15418085,2952457.22504,0.000624577109249,ARPA-USDT,0.189110810909577,0.189131562282277,
2021-11-04 20:00:00,0.19225,0.1933,0.1901,0.19125,21925236,4202353.65209,11338,10731026,2056965.22141,0.0020958868221117,ARPA-USDT,0.1918055383716705,0.1912566147012081,
2021-11-04 21:00:00,0.19117,0.1928,0.18865,0.19075,19038125,3633294.29565,9644,8812401,1682273.65786,0.0007869884575026,ARPA-USDT,0.1911636659350814,0.1907773059373816,
2021-11-04 22:00:00,0.1908,0.194,0.19057,0.1915599999999999,27028227,5199565.04143,12310,13558198,2607558.9438,0.0015161813143718,ARPA-USDT,0.1914181988465958,0.1926100027834487,
2021-11-04 23:00:00,0.19168,0.19295,0.18975,0.19063,15267465,2920115.3941,7260,6779678,1296880.27074,0.0011028253334732,ARPA-USDT,0.1914991895617091,0.1910321407385622,
2021-11-05 00:00:00,0.19065,0.19287,0.18704,0.18719,20227192,3843373.02915,9970,9630596,1830515.40392,0.0012302096705179,ARPA-USDT,0.1911004178142874,0.1913249188867596,0.00039164
2021-11-05 01:00:00,0.18705,0.19416,0.18638,0.1935,24870347,4743123.49658,13248,10957431,2090928.57892,0.0027985074626866,ARPA-USDT,0.1870081191087914,0.1881322152667985,
2021-11-05 02:00:00,0.19342,0.19457,0.18839,0.18857,19871952,3809464.24064,9936,9828413,1883811.54132,0.00180630080221,ARPA-USDT,0.1938346206036885,0.1928194654071609,
2021-11-05 03:00:00,0.18858,0.19469,0.18822,0.19365,18741891,3583509.03072,10572,9825229,1878798.44122,0.0018624864193699,ARPA-USDT,0.1885593926897347,0.1888760925369883,
2021-11-05 04:00:00,0.19355,0.1971099999999999,0.191,0.1937,24258408,4703343.68926,15181,12003702,2328228.16518,0.0016029784373545,ARPA-USDT,0.194127779831169,0.1952150910473904,
2021-11-05 05:00:00,0.19376,0.20401,0.19168,0.20127,44918402,8911119.375090001,30977,22788061,4523928.3346,0.0009946784701846,ARPA-USDT,0.1933229179666516,0.1937932499982601,
2021-11-05 06:00:00,0.20113,0.2096,0.196,0.20385,65812015,13408297.95462,42226,30285680,6172834.93819,0.0004416961130742,ARPA-USDT,0.2018901286192772,0.2003455385388026,
2021-11-05 07:00:00,0.20388,0.20704,0.197,0.19865,41228888,8302471.10582,23579,16583023,3340066.76828,0.0012096164507837,ARPA-USDT,0.2045649073193916,0.2049829379873109,
2021-11-05 08:00:00,0.19877,0.19908,0.1936,0.19459,29527916,5776204.2669,15758,12499383,2445417.92113,0.0017503217503218,ARPA-USDT,0.1986113277886345,0.1980756743510403,0.00042962
2021-11-05 09:00:00,0.19459,0.1958099999999999,0.1906,0.19178,21233276,4093928.7021,11782,9156039,1765512.28394,0.0001564537157756,ARPA-USDT,0.1945567241998174,0.1941935234578044,
2021-11-05 10:00:00,0.19189,0.1931,0.18963,0.19109,18061081,3445773.39234,8986,8767867,1673329.58552,0.0006807708420613,ARPA-USDT,0.1926347641731144,0.191780023770249,
2021-11-05 11:00:00,0.19108,0.19237,0.18797,0.18862,17498896,3327023.93051,10048,7590208,1443557.16177,0.0020186995325117,ARPA-USDT,0.1913278600905264,0.1916590994709486,
2021-11-05 12:00:00,0.18858,0.1903099999999999,0.18746,0.19027,22175539,4186193.96711,11490,11153774,2106862.61872,0.0014210526315789,ARPA-USDT,0.1882390341875956,0.1881809522794401,
2021-11-05 13:00:00,0.1903,0.19265,0.18939,0.1908,17406129,3325719.33071,10132,8234715,1573955.61056,0.0015748031496063,ARPA-USDT,0.1899942266508031,0.1902082665975159,
2021-11-05 14:00:00,0.1908099999999999,0.1917299999999999,0.18255,0.18348,29200509,5460710.17865,16122,11159710,2090809.71782,0.0004907574022574,ARPA-USDT,0.1908290018890576,0.1907309196308067,
2021-11-05 15:00:00,0.18352,0.18409,0.17735,0.18174,45086083,8126870.37837,21851,20108266,3625289.11573,0.0023163467902052,ARPA-USDT,0.1836662420330753,0.183418719069312,
2021-11-05 16:00:00,0.18168,0.1839599999999999,0.17998,0.1827599999999999,16313399,2968172.72382,9486,7741345,1409013.40732,0.0008762322015327,ARPA-USDT,0.1812837103002309,0.1810173113419097,0.00038495
2021-11-05 17:00:00,0.18279,0.18498,0.18135,0.18498,16157536,2959508.4475,8574,7942694,1455246.16153,0.0016786700601072,ARPA-USDT,0.1828808081302803,0.1833102156638967,
2021-11-05 18:00:00,0.18494,0.18975,0.18378,0.18895,28893120,5411522.76284,19061,14461385,2709309.61262,0.0011656864303501,ARPA-USDT,0.1844823197628032,0.1842465505967404,
2021-11-05 19:00:00,0.18895,0.18944,0.18124,0.18402,19953527,3687809.5397,11611,8871505,1639618.90648,0.001360396147358,ARPA-USDT,0.1889711545357053,0.1875635142211793,
2021-11-05 20:00:00,0.18397,0.18409,0.17785,0.17882,13454632,2427134.9308,9283,5662172,1022234.53987,0.0014560931899643,ARPA-USDT,0.1836664028148027,0.1829960207640246,
2021-11-05 21:00:00,0.17881,0.18736,0.17811,0.18511,17166007,3144662.79253,11709,9523335,1743916.41437,0.002165556818797,ARPA-USDT,0.1784732988808071,0.1791571564090122,
2021-11-05 22:00:00,0.18498,0.191,0.1847599999999999,0.19088,23337811,4401630.49786,15651,11444101,2157424.64663,0.0022051874409325,ARPA-USDT,0.1849676640094295,0.1854956052424306,
2021-11-05 23:00:00,0.19079,0.19524,0.18655,0.18979,19372361,3693037.40261,13822,9478025,1805979.35632,0.0011077117839433,ARPA-USDT,0.1911855193900576,0.1902043516081075,
2021-11-06 00:00:00,0.18968,0.1948599999999999,0.18636,0.19114,18729544,3579674.85373,15017,8478969,1621837.00996,0.0022021812080537,ARPA-USDT,0.1898894356446216,0.1920251283900728,0.00025777
2021-11-06 01:00:00,0.1910099999999999,0.192,0.18533,0.18704,10981356,2057347.65508,7998,4394431,822748.80766,0.0006955219089401,ARPA-USDT,0.1914288470459748,0.1907440562594067,
2021-11-06 02:00:00,0.18712,0.18748,0.18362,0.18414,7793745,1443345.75914,5530,3430124,635317.86951,0.0014684287812041,ARPA-USDT,0.1870693648948967,0.1869973611573105,
2021-11-06 03:00:00,0.1842,0.186,0.1834599999999999,0.1854,7382088,1364092.02747,4957,4073779,752815.55202,0.0010799136069115,ARPA-USDT,0.1842753829577085,0.1844822924423082,
2021-11-06 04:00:00,0.1854599999999999,0.19046,0.1848,0.18938,10605354,1990189.11703,7767,6041557,1133094.10477,0.0007926861491305,ARPA-USDT,0.1854250568173666,0.1852612470705079,
2021-11-06 05:00:00,0.1893099999999999,0.1909799999999999,0.18717,0.1881,12551649,2370975.57349,8966,5821807,1099847.2386,0.0022912559279586,ARPA-USDT,0.189499708534832,0.1897143476757093,
2021-11-06 06:00:00,0.18822,0.19316,0.188,0.1888,17845267,3387035.45099,11751,8680871,1648098.00552,0.0004239084357777,ARPA-USDT,0.1882669443926181,0.1883718385653317,
2021-11-06 07:00:00,0.1888,0.19138,0.1834299999999999,0.18588,12529128,2333486.08729,8728,5557200,1036129.91376,0.0011849617580523,ARPA-USDT,0.1890102041744551,0.1898811379257211,
2021-11-06 08:00:00,0.18599,0.18758,0.185,0.18622,7451850,1385305.59127,4833,3263194,606788.70173,0.0008599376545199,ARPA-USDT,0.1859518845091419,0.1856345503372092,0.00032161
2021-11-06 09:00:00,0.18631,0.18664,0.18503,0.18503,5379034,999073.58235,3691,2137983,397144.0498,0.0014071548411538,ARPA-USDT,0.1861893129350449,0.1861476005002697,
2021-11-06 10:00:00,0.18507,0.18603,0.17961,0.18293,17130241,3130371.44571,8811,8482084,1549660.46456,0.0018072289156625,ARPA-USDT,0.1851451319119528,0.1849645557548062,
2021-11-06 11:00:00,0.18292,0.18607,0.1796,0.18509,28730012,5266951.62076,18819,14694316,2693205.58065,0.0018403247631935,ARPA-USDT,0.1827586482940719,0.1817992117682781,
2021-11-06 12:00:00,0.18507,0.1853,0.1805,0.18312,16940671,3105155.6467500003,12049,7908023,1450067.26963,0.0020246238030097,ARPA-USDT,0.1845617728185823,0.1844129991466593,
2021-11-06 13:00:00,0.18311,0.18445,0.1825,0.18412,7382178,1354821.77129,5879,3579608,657171.69274,0.0010330016854238,ARPA-USDT,0.1830475140283196,0.1829886811650323,
2021-11-06 14:00:00,0.18417,0.18728,0.18252,0.18728,11060526,2038401.61035,7611,5689575,1048886.13919,0.0008015817880617,ARPA-USDT,0.1841475411707514,0.184116322284653,
2021-11-06 15:00:00,0.18728,0.215,0.18728,0.20479,368204808,76636445.39425,207409,182127439,37921970.79504,0.0008797223987098,ARPA-USDT,0.188597110433692,0.1939409331724381,
2021-11-06 16:00:00,0.20495,0.20848,0.1963,0.20079,164746995,33195247.02158,81123,81051126,16333511.83859,0.0012965641051212,ARPA-USDT,0.2044305019569026,0.2064849341429446,0.00021501
2021-11-06 17:00:00,0.20079,0.2008,0.19533,0.19921,64119775,12671173.44889,30939,31889411,6304932.38738,-0.0002007528230866,ARPA-USDT,0.2000871587813765,0.1982523750864353,
2021-11-06 18:00:00,0.19919,0.19949,0.19232,0.19362,37619871,7338612.98406,20370,17252658,3365684.54423,0.00160364181884,ARPA-USDT,0.1986285208556616,0.1985245899716774,
2021-11-06 19:00:00,0.19362,0.19399,0.1891,0.19164,32023784,6127125.01583,17117,15164157,2902611.38395,0.0024585447507454,ARPA-USDT,0.1936743321356566,0.1923275547475418,
2021-11-06 20:00:00,0.19164,0.20222,0.19003,0.2001,65653947,12941571.64745,36318,32952253,6495083.96727,0.0012509382036527,ARPA-USDT,0.1918190274821623,0.1908449223088467,
2021-11-06 21:00:00,0.20008,0.20097,0.19261,0.19267,26714184,5250436.02994,16747,11572779,2275454.48719,0.0010911358204304,ARPA-USDT,0.2003059159750297,0.1988416177365273,
2021-11-06 22:00:00,0.1927299999999999,0.19676,0.19268,0.19477,17428819,3390494.4798,9982,8720827,1696761.38698,0.0014911559029207,ARPA-USDT,0.1929429055948958,0.1935100803793956,
2021-11-06 23:00:00,0.1948099999999999,0.1973,0.1942,0.19563,12337711,2416517.00426,7899,6468804,1267164.14919,0.000869743169958,ARPA-USDT,0.1954290444765641,0.1952389898760487,
2021-11-07 00:00:00,0.19564,0.19672,0.1925,0.19394,11424157,2220841.38319,6740,5102352,992470.67744,0.001445832903026,ARPA-USDT,0.1955560364418604,0.1956631781227465,0.00028612
2021-11-07 01:00:00,0.19395,0.19567,0.19269,0.19567,8825366,1711016.07664,5168,4226697,819741.81955,0.0019458241589431,ARPA-USDT,0.1937771245055085,0.1934711890364625,
2021-11-07 02:00:00,0.19567,0.2005,0.19459,0.19719,27446440,5410059.10181,14093,13723459,2706002.84403,0.0011169213585824,ARPA-USDT,0.1957655672555635,0.1951336277882271,
2021-11-07 03:00:00,0.1971099999999999,0.20402,0.1971099999999999,0.19935,28270120,5652895.44955,17506,13562461,2712716.94148,0.0012053638692179,ARPA-USDT,0.1978264136322344,0.1984493084027254,
2021-11-07 04:00:00,0.19933,0.19943,0.19524,0.1955299999999999,12380775,2440528.29631,8018,5074584,1000912.71375,0.0017418925149847,ARPA-USDT,0.1988240889453685,0.198345153423781,
2021-11-07 05:00:00,0.19544,0.19597,0.19328,0.19471,10753755,2090737.87825,6119,4642908,903008.31583,0.0013886031680723,ARPA-USDT,0.1956799007052944,0.1955619482739434,
2021-11-07 06:00:00,0.19466,0.19975,0.1946,0.1996,15956047,3146107.16544,10755,7604636,1499150.85771,0.0007520681875157,ARPA-USDT,0.194784074167358,0.1948361589975143,
2021-11-07 07:00:00,0.1996,0.2098699999999999,0.19521,0.20833,59850659,12125996.59668,37820,29883000,6061349.06599,0.0015865384615385,ARPA-USDT,0.1995597253051355,0.1986368548470173,
2021-11-07 08:00:00,0.20839,0.2134,0.2,0.20199,77244147,15947127.96077,47530,35234329,7281102.2024,0.0002475982965237,ARPA-USDT,0.2106828868085118,0.2103582348922957,0.00014201
2021-11-07 09:00:00,0.202,0.204,0.19999,0.20004,20479212,4139018.07824,13643,9167392,1853582.75387,0.0004501125281319,ARPA-USDT,0.2024436978019685,0.2022731129318873,
2021-11-07 10:00:00,0.2000299999999999,0.20428,0.198,0.19927,33943127,6807442.81043,23384,15513638,3113686.41625,-0.0006018355985757,ARPA-USDT,0.1997199742666166,0.1998098323340475,
2021-11-07 11:00:00,0.19915,0.2014,0.19818,0.19943,27443348,5479017.100000001,18019,13205602,2637115.05279,0.0015568501406186,ARPA-USDT,0.1995373537821517,0.198962528080295,
2021-11-07 12:00:00,0.19932,0.20015,0.19729,0.19869,20417765,4055094.28843,10924,9628303,1912821.27448,0.0009067553271875,ARPA-USDT,0.1996960650976451,0.1992899818707623,
2021-11-07 13:00:00,0.19874,0.20176,0.19823,0.20081,21203073,4240190.88569,11552,10636027,2127465.17497,0.001296434804288,ARPA-USDT,0.1992259346898792,0.1990987814043847,
2021-11-07 14:00:00,0.20084,0.20131,0.1976,0.19922,14219741,2834708.89243,8166,6810222,1357690.90241,0.0019110842888756,ARPA-USDT,0.200878627929113,0.2009416139876442,
2021-11-07 15:00:00,0.19917,0.19934,0.19526,0.19691,15768448,3103743.54718,10457,6924482,1362975.23825,0.0018315950139913,ARPA-USDT,0.1988044480810133,0.1988245527053697,
2021-11-07 16:00:00,0.19691,0.1983599999999999,0.19564,0.19597,10412881,2050379.70294,6907,4707276,927055.52196,0.0018403967077347,ARPA-USDT,0.1969810602196536,0.1972116422570155,0.00031291
2021-11-07 17:00:00,0.19596,0.19643,0.19413,0.19483,12660069,2470074.42255,7428,5465616,1066690.67742,0.0011819116135662,ARPA-USDT,0.1958514154339166,0.1953861785123112,
2021-11-07 18:00:00,0.19485,0.19977,0.19351,0.19527,20985836,4123555.64729,12888,9865937,1938050.2516,0.002104074720312,ARPA-USDT,0.1947504232654094,0.1945500840876567,
2021-11-07 19:00:00,0.19527,0.19657,0.19344,0.1947,9806013,1910860.89256,5918,3789453,738976.73833,0.0017493311380942,ARPA-USDT,0.1956315941720835,0.1960267506107686,
2021-11-07 20:00:00,0.19471,0.1950599999999999,0.193,0.1944,9303964,1804919.06393,5862,3769241,731752.01184,0.0016488046166529,ARPA-USDT,0.1944868913436249,0.1942046689715069,
2021-11-07 21:00:00,0.19448,0.19551,0.19378,0.19525,5765374,1123230.12014,3947,3177002,619056.66838,0.0013847574110166,ARPA-USDT,0.1942784161048052,0.1941527822799778,
2021-11-07 22:00:00,0.19525,0.1979,0.1945599999999999,0.19576,9401061,1841515.86894,5745,5308863,1040035.7875,0.0010227040294537,ARPA-USDT,0.1950694185728531,0.1949204957675723,
2021-11-07 23:00:00,0.19574,0.19574,0.19342,0.19498,6920613,1344998.4488,4425,3095631,601563.85825,0.0022102287329734,ARPA-USDT,0.1954725089096484,0.1949304032455198,
2021-11-08 00:00:00,0.19503,0.19515,0.18721,0.1902299999999999,19463939,3703867.32602,10467,7277146,1385156.53426,0.0012105263157888,ARPA-USDT,0.194690219573606,0.1945819320605701,0.0005576
2021-11-08 01:00:00,0.19035,0.19161,0.18917,0.19003,8205127,1562496.63735,4817,4287196,816956.98584,0.0015811943287828,ARPA-USDT,0.1902346982661138,0.1901300458956962,
2021-11-08 02:00:00,0.19013,0.19117,0.18907,0.19022,6250429,1187901.58133,4244,3043628,578745.5641900001,0.0022128556375131,ARPA-USDT,0.1902631439424662,0.1905378637922032,
2021-11-08 03:00:00,0.19019,0.1925599999999999,0.18944,0.19201,7796230,1489720.18171,5191,4336586,829125.18417,0.0018261504747991,ARPA-USDT,0.1902272271368321,0.1901267178312626,
2021-11-08 04:00:00,0.1919799999999999,0.1928,0.19086,0.19189,5296999,1016851.95737,3683,2530253,485910.29335,0.000938918157634,ARPA-USDT,0.1917149556537561,0.1914178295168691,
2021-11-08 05:00:00,0.1919,0.19237,0.18934,0.18965,4985173,948935.53927,3904,1951759,371526.53714,0.0013199577613516,ARPA-USDT,0.1919136565065151,0.1921334807285614,
2021-11-08 06:00:00,0.18975,0.1904,0.18769,0.18989,8614254,1627825.9175,6118,3857911,729344.80312,0.0015823619389208,ARPA-USDT,0.1897251580015342,0.1898191801423663,
2021-11-08 07:00:00,0.18983,0.193,0.18903,0.19172,10498274,2003649.32875,6639,5053364,964634.64861,0.0015149140678054,ARPA-USDT,0.189715247898561,0.1899107873144689,
2021-11-08 08:00:00,0.19164,0.19267,0.18799,0.18854,10192672,1935423.4861,6957,4208181,798831.17829,0.0025523769009891,ARPA-USDT,0.1913892546943033,0.1916254131904004,0.00075561
2021-11-08 09:00:00,0.1886,0.19249,0.18841,0.19061,13712891,2605185.23681,7766,6776997,1287897.98534,0.0015237494745692,ARPA-USDT,0.1886350724036237,0.1887410899970885,
2021-11-08 10:00:00,0.19066,0.192,0.1894,0.1902599999999999,11882524,2263885.91446,6333,5103931,972854.06524,0.0022123893805303,ARPA-USDT,0.1907242237221114,0.1905986939012769,
2021-11-08 11:00:00,0.19028,0.192,0.18866,0.1893,9301799,1768520.31802,4897,3330263,634134.588,0.0013753702920016,ARPA-USDT,0.1902463111897906,0.1902091550254838,
2021-11-08 12:00:00,0.1893,0.19,0.18887,0.1897,4950818,937634.95738,3663,2401821,454994.38953,0.0010554089709762,ARPA-USDT,0.1893493021017167,0.1895994174805635,
2021-11-08 13:00:00,0.18979,0.19067,0.1875,0.1888099999999999,9770291,1849882.20875,5827,4059462,769438.64047,0.0014851747732451,ARPA-USDT,0.190009334289583,0.1900848223984483,
2021-11-08 14:00:00,0.18882,0.18935,0.1881,0.18915,5664488,1069765.97753,4262,2744353,518338.40008,0.0015355289632532,ARPA-USDT,0.1885622763085858,0.1885960169228593,
2021-11-08 15:00:00,0.18918,0.1906,0.18838,0.1905,7295768,1383456.05525,5134,3779366,716817.59863,0.0017879680269248,ARPA-USDT,0.1888884855801825,0.1887856291227933,
2021-11-08 16:00:00,0.1905,0.1908099999999999,0.1892,0.18989,6104923,1160131.60915,4254,2614268,496980.50205,0.0023225125362893,ARPA-USDT,0.1904649327818708,0.1901268058360545,0.0008615
2021-11-08 17:00:00,0.18988,0.19527,0.18978,0.1917299999999999,16203050,3116269.86981,10251,7297135,1402729.69274,0.0010964912280697,ARPA-USDT,0.1899285654082528,0.1902963099022531,
2021-11-08 18:00:00,0.19175,0.19352,0.1902599999999999,0.19103,9818417,1879912.18128,6171,4525526,867189.4869,0.0015203942539583,ARPA-USDT,0.1917999639549208,0.1913209951104887,
2021-11-08 19:00:00,0.19104,0.19186,0.18937,0.19019,5467613,1041170.72179,4128,2273092,433186.63603,0.0015271195365982,ARPA-USDT,0.191142385239127,0.191308026673889,
2021-11-08 20:00:00,0.19014,0.19025,0.188,0.18927,7009575,1324177.51397,4553,2928518,553436.95281,0.0023301382195626,ARPA-USDT,0.1901561004805924,0.189551127325676,
2021-11-08 21:00:00,0.1892,0.1905599999999999,0.18835,0.18897,6599186,1249348.90001,4187,2678244,507276.88769,0.0015369938520246,ARPA-USDT,0.189108144391769,0.1890557275247874,
2021-11-08 22:00:00,0.18897,0.18952,0.18838,0.18942,3039943,573941.82872,2517,1269574,239807.96034,0.001268633047891,ARPA-USDT,0.1889489868076561,0.1888837155685147,
2021-11-08 23:00:00,0.18939,0.19,0.18843,0.18974,5438680,1029372.61997,3590,2550476,482797.06304,0.0019009399091773,ARPA-USDT,0.1894917328241772,0.1894474371597752,
2021-11-09 00:00:00,0.18971,0.1898099999999999,0.188,0.18829,5974910,1128124.85169,3943,2187574,413135.19282,0.0017556927005746,ARPA-USDT,0.189607552470771,0.1893774231736648,0.00086877
2021-11-09 01:00:00,0.18837,0.189,0.18769,0.18858,4334813,816257.7427899999,3169,1830809,344891.90192000003,0.0017529880478086,ARPA-USDT,0.1883980324989592,0.1882163837497031,
2021-11-09 02:00:00,0.18859,0.18947,0.18785,0.18869,4522991,854206.83169,3655,2097447,396208.39599,0.0022308386891167,ARPA-USDT,0.1889038527438645,0.1889660414536532,
2021-11-09 03:00:00,0.18868,0.19063,0.18853,0.1895,4930031,934641.73073,3927,2349189,445347.24095,0.0022212819970384,ARPA-USDT,0.1886867315672409,0.1887388888343703,
2021-11-09 04:00:00,0.1895,0.19205,0.18922,0.1905599999999999,6733059,1284621.52498,4882,3085015,588586.08654,0.0019981070564722,ARPA-USDT,0.189392475409836,0.1895425559185252,
2021-11-09 05:00:00,0.19055,0.1952,0.1903099999999999,0.19238,15505370,2993564.17542,9857,7418571,1432610.76986,0.0029194036075488,ARPA-USDT,0.1910769112918058,0.1910830738527902,
2021-11-09 06:00:00,0.19236,0.1958599999999999,0.1915599999999999,0.19183,16968972,3284690.06503,11367,8109348,1569531.12244,0.0016186299081035,ARPA-USDT,0.192566507783309,0.1921912599696283,
2021-11-09 07:00:00,0.1918099999999999,0.19403,0.19169,0.19271,9646506,1860245.69594,6424,4338562,836595.81248,0.0022884485359129,ARPA-USDT,0.1920609500137214,0.1921985356531711,
2021-11-09 08:00:00,0.19271,0.2019099999999999,0.19157,0.19839,64045435,12698245.04135,38741,30437545,6035099.833860001,0.0025266562231542,ARPA-USDT,0.1925728191471512,0.192444597142145,0.00081248
2021-11-09 09:00:00,0.19834,0.1997799999999999,0.197,0.19851,23700273,4701289.93809,13455,10978458,2178531.84841,0.0020696617869762,ARPA-USDT,0.1980116625616896,0.1974604466043718,
2021-11-09 10:00:00,0.19856,0.19975,0.19729,0.1975,17185309,3409353.40166,9608,7063808,1402089.21653,0.0012674271229404,ARPA-USDT,0.1984947481694947,0.1983679657429377,
2021-11-09 11:00:00,0.19751,0.19881,0.19018,0.1938099999999999,30371442,5898911.31997,17507,11157001,2168123.44816,0.002016337503877,ARPA-USDT,0.1974372650987871,0.1979255414868104,
2021-11-09 12:00:00,0.1938099999999999,0.19685,0.19237,0.19632,15912127,3093669.70607,8268,7260841,1412568.29852,0.0016326530612245,ARPA-USDT,0.193724935056314,0.194366475587166,
2021-11-09 13:00:00,0.19632,0.19699,0.19434,0.19616,12265913,2397556.44568,7469,5049327,987425.17559,0.0014294465999591,ARPA-USDT,0.1956778333595947,0.1956015598201476,
2021-11-09 14:00:00,0.19617,0.2009,0.19492,0.19632,28364252,5613740.89251,15760,13003898,2574216.61624,0.0016326530612245,ARPA-USDT,0.1958851790135345,0.1957032845574962,
2021-11-09 15:00:00,0.19616,0.19933,0.192,0.19548,28929482,5649571.16969,17040,13004200,2541246.14632,0.0016396802623488,ARPA-USDT,0.1961240212022518,0.194101178789069,
2021-11-09 16:00:00,0.19552,0.19722,0.19322,0.19597,13200154,2579136.51992,7424,5601321,1094805.65912,0.0021990385598855,ARPA-USDT,0.195515144202849,0.1950086172566686,0.00067732
2021-11-09 17:00:00,0.19592,0.19622,0.19383,0.19505,7567922,1474113.84432,4724,3179445,619528.73593,0.0021064529387586,ARPA-USDT,0.1960690359917551,0.1955509465519541,
2021-11-09 18:00:00,0.19507,0.19733,0.19453,0.19482,15213094,2985116.4896,9514,7004543,1374879.55381,0.0013363486842103,ARPA-USDT,0.1947664908374327,0.1955239921003065,
2021-11-09 19:00:00,0.19483,0.1955,0.19317,0.19457,10603245,2059139.72389,5850,4845283,941133.20771,0.0017505019821859,ARPA-USDT,0.195180294262459,0.1950895477104321,
2021-11-09 20:00:00,0.19452,0.19479,0.19195,0.19285,9728829,1876160.57952,6822,4313628,831877.40016,0.0017141076251818,ARPA-USDT,0.1942077602422056,0.1941636023141929,
2021-11-09 21:00:00,0.19286,0.19407,0.19122,0.19327,7410260,1427020.79549,4676,2936654,565820.51773,0.0013470804621522,ARPA-USDT,0.1926482491377693,0.1925386409147734,
2021-11-09 22:00:00,0.1933099999999999,0.19341,0.1903,0.19108,7219734,1382906.67494,4415,2994286,573927.38277,0.0017825311942958,ARPA-USDT,0.1932317007525949,0.1931462470382468,
2021-11-09 23:00:00,0.19108,0.19184,0.18902,0.19024,7189808,1368927.52728,4734,2927204,557808.21073,0.0012631578947368,ARPA-USDT,0.1912170843248066,0.1911108982606009,
2021-11-10 00:00:00,0.19025,0.1924799999999999,0.18606,0.18841,14365037,2716167.29941,8658,5767646,1094257.99298,0.0014883325360124,ARPA-USDT,0.190110890062612,0.190144717300757,0.00080701
2021-11-10 01:00:00,0.18842,0.18992,0.18784,0.18992,4940552,933111.97785,3421,2216549,418871.62165,0.0012652889076341,ARPA-USDT,0.18817271630532,0.1880582894858499,
2021-11-10 02:00:00,0.18991,0.19133,0.18963,0.1904799999999999,3938638,750315.9964,3277,1887362,359676.13133,0.0012615643397808,ARPA-USDT,0.1900923863742777,0.1902730242848951,
2021-11-10 03:00:00,0.1905099999999999,0.193,0.1885099999999999,0.19068,10052788,1918054.39577,5998,5141663,981267.90078,0.0014705882352938,ARPA-USDT,0.1902512462193225,0.1900694931519985,
2021-11-10 04:00:00,0.19068,0.19226,0.1882,0.19172,6169964,1171836.69213,5012,2519203,478735.62232,0.0014625992478061,ARPA-USDT,0.1906262006532331,0.1900727895434573,
2021-11-10 05:00:00,0.1917599999999999,0.19208,0.1898,0.19032,5796310,1106082.82028,4527,2179878,416061.451,0.001315304887673,ARPA-USDT,0.1915567556614451,0.1912402590084596,
2021-11-10 06:00:00,0.19036,0.1912,0.18937,0.19069,4873081,927435.4332,4017,2157791,410832.9694,0.0013653310927901,ARPA-USDT,0.1903709435843859,0.1903978521547941,
2021-11-10 07:00:00,0.19068,0.19153,0.18985,0.19153,4267462,813989.63347,3065,2018567,385072.49031,0.0013593349715061,ARPA-USDT,0.1906627882577911,0.1908005577991344,
2021-11-10 08:00:00,0.1915599999999999,0.192,0.18892,0.1900099999999999,6137954,1166724.90531,4613,2556451,486243.40958,0.0017925871250059,ARPA-USDT,0.1917798284320453,0.1910508005196096,0.00061913
2021-11-10 09:00:00,0.1900099999999999,0.1946,0.18885,0.18952,13380802,2555900.01139,8049,6021258,1151932.58123,0.0026982699328077,ARPA-USDT,0.1898598771344679,0.1898600750026306,
2021-11-10 10:00:00,0.18946,0.19161,0.1894,0.19118,6468493,1233917.54279,4969,3235942,617230.78666,0.0014142789796238,ARPA-USDT,0.1895138000492831,0.1895248159985046,
2021-11-10 11:00:00,0.19125,0.19182,0.18921,0.19011,9431217,1795071.75091,5047,4020833,765854.05178,0.0007896399241946,ARPA-USDT,0.1913199381428554,0.1914904858497507,
2021-11-10 12:00:00,0.19011,0.20089,0.18945,0.19416,57665574,11279554.25953,35432,27163615,5311303.1848,0.0011343714550891,ARPA-USDT,0.1900419370933918,0.189977819067171,
2021-11-10 13:00:00,0.19415,0.19693,0.19253,0.19353,18590206,3614335.27448,11582,8738977,1699873.90762,0.0021230323115162,ARPA-USDT,0.1943367697067964,0.1951529801391321,
2021-11-10 14:00:00,0.1935599999999999,0.19684,0.193,0.19608,19762928,3854548.81923,10314,9408242,1836004.87339,0.0020953646445545,ARPA-USDT,0.1935200098101659,0.1940187059740366,
2021-11-10 15:00:00,0.19608,0.20609,0.196,0.20404,74180133,14879002.07431,37190,36620827,7349556.58518,0.0020626657499263,ARPA-USDT,0.1964238212374007,0.1968492129962378,
2021-11-10 16:00:00,0.20404,0.20839,0.20225,0.20473,72098606,14815435.97828,37687,32152783,6609862.9367700005,0.0025463983154594,ARPA-USDT,0.2062308376006227,0.2068030979894398,0.00085572
2021-11-10 17:00:00,0.20468,0.20506,0.19766,0.19898,41966235,8408135.16444,23823,16846283,3376374.203,0.0030750617532893,ARPA-USDT,0.2046379571376534,0.2033863930598998,
2021-11-10 18:00:00,0.19898,0.20318,0.197,0.20182,30939029,6188633.9320600005,17280,14160792,2835531.9534,0.0022346923573521,ARPA-USDT,0.198813971884832,0.19886478340489,
2021-11-10 19:00:00,0.20182,0.21055,0.19211,0.1949,82207852,16644592.01811,49743,35213483,7148157.73855,-0.0002564760194923,ARPA-USDT,0.2020322569912261,0.2016474357923659,
2021-11-10 20:00:00,0.19491,0.1991099999999999,0.179,0.1896,81054338,15490436.71158,45806,35087203,6719652.74854,-0.0005271481286241,ARPA-USDT,0.1950417391928581,0.1885652382204088,
2021-11-10 21:00:00,0.18977,0.19304,0.16731,0.17539,58739033,10575374.39105,30980,23126952,4173376.93758,-0.0013665091385299,ARPA-USDT,0.1885814676095128,0.1905285136888442,
2021-11-10 22:00:00,0.17559,0.1842599999999999,0.17317,0.1825099999999999,31342840,5658387.36612,13580,16101400,2908891.6846000003,0.0013716668495549,ARPA-USDT,0.1746320996579608,0.1758914397024653,
2021-11-10 23:00:00,0.18254,0.1839,0.17837,0.18165,23823304,4318774.35423,8852,10823945,1963374.74072,-0.0001100897231243,ARPA-USDT,0.1821416678486334,0.1816719997054599,
2021-11-11 00:00:00,0.18167,0.18355,0.1784,0.18299,23221582,4192861.19953,9207,10766226,1944250.58586,0.0007109263917752,ARPA-USDT,0.1808165456918764,0.1803093184147316,0.0001
2021-11-11 01:00:00,0.18297,0.18365,0.18006,0.18238,14140451,2568982.47268,6079,6834225,1241339.88431,-0.0003288752466564,ARPA-USDT,0.1825901305422224,0.1828287979528234,
2021-11-11 02:00:00,0.18241,0.18287,0.1779599999999999,0.1814,15435996,2779156.30276,6299,8105323,1459695.54344,-5.512375282501481e-05,ARPA-USDT,0.1819841012078203,0.1811809559796975,
2021-11-11 03:00:00,0.18143,0.18547,0.18067,0.18465,14855901,2721129.32293,6349,7836114,1436497.78264,0.0,ARPA-USDT,0.1810743722510579,0.1815604575439324,
2021-11-11 04:00:00,0.18453,0.1895,0.18357,0.18711,17106833,3192463.71174,8083,8164004,1523899.7885,-0.0005875440658049,ARPA-USDT,0.1839494976834236,0.184105442066521,
2021-11-11 05:00:00,0.18712,0.1983599999999999,0.18672,0.19555,28867550,5574268.79958,14561,13982057,2699870.21144,5.114043162524062e-05,ARPA-USDT,0.1875695136714791,0.1879976610274318,
2021-11-11 06:00:00,0.1955299999999999,0.1965,0.19205,0.19623,22850657,4446139.94431,11146,11245434,2188233.15478,0.001428935953049,ARPA-USDT,0.1951527815126817,0.194732150449467,
2021-11-11 07:00:00,0.19635,0.19729,0.19355,0.19533,16750201,3276663.6217,8307,7729297,1512664.21082,0.0007172498591117,ARPA-USDT,0.1965604099120322,0.1967787593969452,
2021-11-11 08:00:00,0.19533,0.20264,0.19221,0.20246,38556455,7613397.34873,20676,18947853,3744959.64868,0.0003952959778634,ARPA-USDT,0.1954254663265389,0.1956507295910792,0.0001
2021-11-11 09:00:00,0.20248,0.20929,0.1991,0.20489,55951313,11455997.7602,29712,26655816,5464025.13519,0.0006837606837606,ARPA-USDT,0.2025086632600481,0.2012871981794758,
2021-11-11 10:00:00,0.2049,0.20734,0.2004,0.20209,31347104,6388037.38228,17102,12680327,2586282.62205,0.0008419175911251,ARPA-USDT,0.2050565065474289,0.205324528388184,
2021-11-11 11:00:00,0.2021099999999999,0.2024,0.19529,0.19754,29800673,5926522.14886,14721,12207269,2430515.92954,0.0002025316455696,ARPA-USDT,0.2018054332750303,0.2019043514129207,
2021-11-11 12:00:00,0.1976,0.2001099999999999,0.19022,0.19146,36078391,7008958.90058,15649,15472178,3011171.80493,0.0005748628168278,ARPA-USDT,0.1979311734430241,0.1985803553281177,
2021-11-11 13:00:00,0.19144,0.19235,0.18843,0.18996,26137696,4976429.35643,10773,12672251,2414365.56295,0.0002106149957876,ARPA-USDT,0.1918125768067882,0.1910672426995891,
2021-11-11 14:00:00,0.18988,0.19439,0.18584,0.19135,29776618,5673597.0927800005,12943,13307458,2538903.46631,0.0002613695765811,ARPA-USDT,0.1902716552912788,0.1905306926479988,
2021-11-11 15:00:00,0.19125,0.1939799999999999,0.1905099999999999,0.19245,15678417,3012028.30999,6244,7763900,1492752.29047,0.0002598752598754,ARPA-USDT,0.1915886259397687,0.1913644638623222,
2021-11-11 16:00:00,0.19237,0.19393,0.19161,0.19289,11068266,2132869.98121,4404,5512273,1062544.47211,0.0007263294422827,ARPA-USDT,0.1927625290890928,0.1923606802904781,0.0001
2021-11-11 17:00:00,0.19292,0.19344,0.19055,0.1913,11189704,2147492.92199,4733,4742022,910734.89167,-0.0006268937415108,ARPA-USDT,0.1931052957818466,0.1929422834968626,
2021-11-11 18:00:00,0.19144,0.19747,0.18967,0.19721,12247317,2354542.19949,6019,6262699,1204950.00845,-0.0012154975943275,ARPA-USDT,0.1913931428778071,0.1913790659018298,
2021-11-11 19:00:00,0.19724,0.20817,0.19513,0.20535,72514781,14726036.31607,40761,35222917,7155155.94991,0.0001948273342751,ARPA-USDT,0.197136881935657,0.1965779356080489,
2021-11-11 20:00:00,0.20542,0.21122,0.19539,0.19662,65452327,13309112.92117,34471,28228448,5747339.1912,0.0001017293997964,ARPA-USDT,0.2062889465849025,0.2084851332657994,
2021-11-11 21:00:00,0.19663,0.201,0.19579,0.19677,21362577,4235334.00397,10063,10628093,2108408.9173,0.0004067314047486,ARPA-USDT,0.1971035942105584,0.1972870779907871,
2021-11-11 22:00:00,0.19673,0.1985,0.1951099999999999,0.1972,9351411,1840003.24874,4448,4598973,905300.79392,0.000558120655538,ARPA-USDT,0.1960665247290089,0.195704866677523,
2021-11-11 23:00:00,0.19713,0.19727,0.19494,0.19608,9852158,1930530.42806,4385,4457778,873139.37465,0.0007145044401346,ARPA-USDT,0.1967928831173362,0.1967898353773924,
2021-11-12 00:00:00,0.19605,0.19881,0.19321,0.19762,15875429,3111490.41955,7439,8232728,1615298.79045,0.0003543406732471,ARPA-USDT,0.1957267564406443,0.1954125049331025,0.0001
2021-11-12 01:00:00,0.19757,0.19843,0.1917299999999999,0.1967799999999999,17595585,3436864.87344,8479,7891725,1543283.71625,0.0015268729641688,ARPA-USDT,0.1976788203355206,0.1972492892972906,
2021-11-12 02:00:00,0.19674,0.1995,0.19654,0.19783,8774783,1735347.00763,5170,4298524,850704.5514,0.0004045512010113,ARPA-USDT,0.1972145085179758,0.1971735912150518,
2021-11-12 03:00:00,0.19783,0.20101,0.1946,0.20078,12871453,2535930.6781,6721,6192876,1221691.21968,0.0003986048829098,ARPA-USDT,0.1976324351337434,0.1969975811589339,
2021-11-12 04:00:00,0.20074,0.20911,0.20023,0.20248,36707223,7500762.81393,23025,19671425,4026191.39936,0.0017811201266573,ARPA-USDT,0.2007877514687369,0.2012553907986692,
2021-11-12 05:00:00,0.20248,0.20428,0.1965,0.19975,17348256,3466003.04947,9513,7485429,1495316.97305,0.0007515030060121,ARPA-USDT,0.2024651981369422,0.2033035710224403,
2021-11-12 06:00:00,0.19975,0.20289,0.19856,0.19899,14166155,2840770.0583,8466,6187930,1241541.08415,-0.0001507386192343,ARPA-USDT,0.1999574638343145,0.1995152126261177,
2021-11-12 07:00:00,0.199,0.2051,0.1972,0.20243,26757160,5387222.7847,16519,11902442,2397560.70298,0.0009889729515897,ARPA-USDT,0.1981022005279702,0.1988365044705894,
2021-11-12 08:00:00,0.20245,0.216,0.20163,0.21318,80852076,16900255.22833,52653,41030714,8581383.53109,0.0009860543738555,ARPA-USDT,0.2022009020820965,0.203056280516267,0.0001
2021-11-12 09:00:00,0.2131,0.21888,0.2035799999999999,0.21099,107794505,22834406.09998,61887,49955009,10587262.50699,0.0009013282732448,ARPA-USDT,0.2122797678141998,0.2145835625646768,
2021-11-12 10:00:00,0.21099,0.2113199999999999,0.19923,0.20096,68186200,13853358.65431,35725,26994945,5489716.00166,0.0006971417189522,ARPA-USDT,0.2080913227635267,0.2070746123112896,
2021-11-12 11:00:00,0.20102,0.205,0.20025,0.20228,26670416,5404891.83013,14363,13613596,2759918.2817,0.0002472432378974,ARPA-USDT,0.2015511259588333,0.2015530326290705,
2021-11-12 12:00:00,0.20234,0.21495,0.19965,0.21419,47591569,9864572.2856,26374,23723703,4917820.66782,-0.0003733607131189,ARPA-USDT,0.2025990566572605,0.2019189875921965,
2021-11-12 13:00:00,0.2142099999999999,0.22241,0.209,0.2171199999999999,130974818,28424630.7026,71737,66759213,14505282.35607,0.0009681434696413,ARPA-USDT,0.2128493482023786,0.213021984735915,
2021-11-12 14:00:00,0.21711,0.21933,0.2087099999999999,0.20878,60617363,12989139.88889,31589,28465214,6106756.91352,0.000479202606862,ARPA-USDT,0.2177027810915038,0.2178162303989247,
2021-11-12 15:00:00,0.2087099999999999,0.21949,0.2055199999999999,0.21514,66933936,14205139.79113,33229,33776199,7169826.86664,0.0008373650911797,ARPA-USDT,0.2095838474711043,0.2095219234185366,
2021-11-12 16:00:00,0.21503,0.2203699999999999,0.21025,0.21535,71521345,15368278.6693,31339,34958313,7510932.43052,0.0013484608946341,ARPA-USDT,0.215506779166118,0.2177905548383623,0.0001
2021-11-12 17:00:00,0.21534,0.22195,0.21288,0.21836,86909077,18873270.12755,46242,41211774,8953429.72453,0.0005040091638028,ARPA-USDT,0.2146955583481365,0.2145977615753795,
2021-11-12 18:00:00,0.21832,0.23258,0.21768,0.22664,154972544,35059624.82333,83739,80615588,18239801.60242,0.0010600706713781,ARPA-USDT,0.218749537577301,0.2196043759683666,
2021-11-12 19:00:00,0.22663,0.228,0.2155699999999999,0.21618,87085991,19154228.57246,42996,39836731,8765243.43991,0.0003701989819528,ARPA-USDT,0.2268771655091812,0.2250261142974314,
2021-11-12 20:00:00,0.21618,0.22166,0.21318,0.21372,39792606,8612037.4184,20177,19117339,4138507.82539,-9.357162908218974e-05,ARPA-USDT,0.216954560110287,0.217512124620373,
2021-11-12 21:00:00,0.2137,0.21425,0.20956,0.21003,31497739,6675000.05318,15168,15183300,3218201.54825,-0.0003331746787245,ARPA-USDT,0.2136094423430422,0.2128906061369984,
2021-11-12 22:00:00,0.2100199999999999,0.21333,0.20885,0.21234,23019799,4859926.79333,11618,11222138,2370629.49427,0.0002355268736162,ARPA-USDT,0.2113965276802822,0.2108567581644907,
2021-11-12 23:00:00,0.21234,0.21465,0.21001,0.2116199999999999,22075917,4677042.36166,12066,11085541,2348894.70314,0.0004254715643166,ARPA-USDT,0.2130206578707543,0.2131083130745759,
2021-11-13 00:00:00,0.21161,0.21559,0.21058,0.21445,23180722,4943967.96516,12233,12142792,2590747.02947,0.0004198544504572,ARPA-USDT,0.2120516557845855,0.2128285102104711,0.0001
2021-11-13 01:00:00,0.21431,0.2192,0.21263,0.21804,27489327,5940601.2752,16162,12899261,2789064.68991,0.000596576568308,ARPA-USDT,0.2147851326140741,0.2141576908431481,
2021-11-13 02:00:00,0.21818,0.22279,0.21402,0.22043,32258435,7066196.63433,20617,15660709,3432766.20229,0.0003176620076237,ARPA-USDT,0.2184227482420461,0.2176259478504615,
2021-11-13 03:00:00,0.2203,0.22708,0.2174699999999999,0.2218699999999999,42605641,9451153.06363,28049,19630412,4356129.00052,-0.0004054784645886,ARPA-USDT,0.2200908237939626,0.2219491860468445,
2021-11-13 04:00:00,0.22174,0.22645,0.216,0.21743,27894283,6166108.79647,19106,13160669,2911988.11077,0.0009667618083051,ARPA-USDT,0.2229286280005652,0.2247197575698751,
2021-11-13 05:00:00,0.21725,0.2222199999999999,0.21394,0.2202,22929217,4995653.28187,14855,10721034,2337435.33826,0.0009090909090909,ARPA-USDT,0.2171460891098376,0.2162998476647155,
2021-11-13 06:00:00,0.22021,0.22175,0.217,0.2172599999999999,13112957,2868592.19661,9342,6286222,1375262.34338,0.0003222984483628,ARPA-USDT,0.2201201043631985,0.220696592987366,
2021-11-13 07:00:00,0.2173,0.2184699999999999,0.21511,0.21689,14533852,3145879.92399,9100,6779700,1467455.50454,0.0009691711279304,ARPA-USDT,0.2165407373591862,0.2161731059043732,
2021-11-13 08:00:00,0.21689,0.21718,0.21115,0.21327,20056023,4296214.12357,12650,8469019,1815230.57514,0.0016438098816455,ARPA-USDT,0.2165689854446068,0.2162874563896894,0.0001
2021-11-13 09:00:00,0.21315,0.21463,0.21069,0.21186,13231670,2814041.95412,8439,5758838,1225618.9194,0.0005194805194805,ARPA-USDT,0.2130361971647714,0.2129344344083626,
2021-11-13 10:00:00,0.21176,0.21294,0.21023,0.21197,10196350,2157079.56917,6553,4915493,1040456.18628,0.0019853462538406,ARPA-USDT,0.2120217179183546,0.2117979571642376,
2021-11-13 11:00:00,0.21195,0.21245,0.2071599999999999,0.20864,17279704,3610054.42046,10118,6564554,1371752.24026,0.0013438279900173,ARPA-USDT,0.2119650354444641,0.2109147772621313,
2021-11-13 12:00:00,0.20859,0.20906,0.2034,0.20447,18342091,3778616.71179,11073,6821972,1407463.38338,0.0008321096426824,ARPA-USDT,0.2084829330103527,0.2080962591547881,
2021-11-13 13:00:00,0.20447,0.20704,0.2041599999999999,0.20523,12518403,2574102.7358,6527,6576001,1352792.94575,0.0010731183844689,ARPA-USDT,0.2050070963594657,0.2056100051091534,
2021-11-13 14:00:00,0.2052,0.2096199999999999,0.2051199999999999,0.2085199999999999,16118297,3349304.31269,9210,8626442,1792020.32758,0.00033581194531,ARPA-USDT,0.2056575366324856,0.2058884399089001,
2021-11-13 15:00:00,0.20851,0.20972,0.2061599999999999,0.2094099999999999,12791941,2662664.73828,6601,5909965,1230673.58419,0.0007168116219051,ARPA-USDT,0.2086162763006381,0.2081313719395058,
2021-11-13 16:00:00,0.20942,0.2109,0.2054099999999999,0.2055199999999999,14424655,2991090.84044,7722,5696519,1181830.71018,0.0015106476292572,ARPA-USDT,0.2099949873645598,0.2099516720958502,0.0001
2021-11-13 17:00:00,0.20551,0.207,0.2041099999999999,0.20613,10960232,2254622.3868,6103,5251672,1080819.51125,0.000971203807119,ARPA-USDT,0.2055521695289701,0.2061578289597784,
2021-11-13 18:00:00,0.20614,0.20685,0.20421,0.2057699999999999,10316024,2123590.13673,6177,4731763,974187.9238,0.0011190036002719,ARPA-USDT,0.2062276522522522,0.2061932381138998,
2021-11-13 19:00:00,0.20576,0.20736,0.20517,0.2055699999999999,8237648,1698051.50031,4792,3513607,724275.61658,0.0005840837186659,ARPA-USDT,0.2056134385976308,0.205512263237066,
2021-11-13 20:00:00,0.20558,0.20676,0.20435,0.2053199999999999,8226044,1691284.59153,4413,4163532,856074.60164,0.001707566961018,ARPA-USDT,0.2059802288648423,0.2062724640891866,
2021-11-13 21:00:00,0.20528,0.20531,0.20122,0.20342,8845260,1797101.37431,5479,3788890,770049.5165,0.0009349013433055,ARPA-USDT,0.2052199276008758,0.2048822293021312,
2021-11-13 22:00:00,0.20338,0.20427,0.20176,0.20277,6663718,1351832.17818,3959,3460510,702094.91041,0.0012838872154461,ARPA-USDT,0.2033372517590806,0.2028534857325457,
2021-11-13 23:00:00,0.20278,0.20473,0.2027,0.20318,5563012,1133032.91184,3759,2714733,552817.52033,0.0009360066998373,ARPA-USDT,0.2027832189325053,0.202966822739948,
2021-11-14 00:00:00,0.20318,0.20456,0.20201,0.20257,6843633,1388901.86521,4233,3137841,636965.0181,0.0009388279474256,ARPA-USDT,0.203208407136974,0.202916354005365,0.00022344
2021-11-14 01:00:00,0.20259,0.20362,0.20109,0.20322,6355818,1286110.94839,3806,2512084,508406.33857,0.0006401102959279,ARPA-USDT,0.2025736229505936,0.2025573953340796,
2021-11-14 02:00:00,0.20324,0.2043599999999999,0.20147,0.20207,5881176,1191434.66776,3471,2958648,599246.43966,0.0006933095627197,ARPA-USDT,0.2036388229853832,0.2040442439654823,
2021-11-14 03:00:00,0.2020799999999999,0.20368,0.20138,0.20335,6195097,1255270.22082,3632,3101268,628359.9418,0.0008859575724762,ARPA-USDT,0.202153792031842,0.2019405188818229,
2021-11-14 04:00:00,0.20334,0.20378,0.20153,0.20189,6516051,1320632.12604,3737,2862024,579956.57545,0.0011405335713576,ARPA-USDT,0.2033531974753049,0.2033442501805589,
2021-11-14 05:00:00,0.20194,0.20306,0.20114,0.20275,5643023,1140407.08159,3346,2313104,467294.39621,0.0007403751233958,ARPA-USDT,0.2018601698352995,0.2021385389308228,
2021-11-14 06:00:00,0.2028299999999999,0.2039,0.20017,0.2005,10541731,2125459.30314,5780,3919434,790555.99263,0.0003492491144041,ARPA-USDT,0.2028863900850918,0.2029333334911914,
2021-11-14 07:00:00,0.20057,0.20128,0.19804,0.19881,10318617,2060742.80981,6665,3356181,670226.6631,-0.0005027399326329,ARPA-USDT,0.2004786500228282,0.2008690900503157,
2021-11-14 08:00:00,0.19894,0.19997,0.1965599999999999,0.19817,12700643,2518076.80374,6607,5061360,1004254.9169,0.000555387256387,ARPA-USDT,0.1989073285134777,0.1994072357262513,0.0001
2021-11-14 09:00:00,0.19818,0.1997,0.1960299999999999,0.19962,11040544,2183204.31213,6806,5280641,1045267.13365,0.0001002004008014,ARPA-USDT,0.1982449436065696,0.1976145131410923,
2021-11-14 10:00:00,0.19957,0.20292,0.199,0.20089,11261745,2263878.11108,7715,5850701,1176020.65929,0.0010963273035333,ARPA-USDT,0.199593350960348,0.1994661743240631,
2021-11-14 11:00:00,0.20083,0.20094,0.19939,0.20037,5507322,1103543.0219,3290,2377260,476401.04134,0.0005492859282931,ARPA-USDT,0.2007406166998871,0.2004229231016735,
2021-11-14 12:00:00,0.20039,0.2007,0.19865,0.2,6307809,1258937.19166,3630,3171196,633174.59952,0.0007004903432403,ARPA-USDT,0.2004839959686505,0.2002167963361686,
2021-11-14 13:00:00,0.19987,0.2021,0.19938,0.19981,7939841,1591073.95059,4342,4071342,815822.087,0.0009518084360284,ARPA-USDT,0.200026733251135,0.1999063112767311,
2021-11-14 14:00:00,0.1998,0.20203,0.19851,0.19938,10241005,2048459.49837,5327,5256356,1051593.61674,0.001456627655834,ARPA-USDT,0.2000470653942918,0.2002359114756217,
2021-11-14 15:00:00,0.19933,0.2041,0.19894,0.20015,31164784,6290617.71645,15090,16287212,3287822.60212,0.0009501900380075,ARPA-USDT,0.1991431616762298,0.1995932804473533,
2021-11-14 16:00:00,0.20013,0.202,0.19826,0.1989,13319144,2663795.61373,7693,5952858,1191190.58078,0.0011576986963304,ARPA-USDT,0.1999843780662783,0.2002320761144199,0.0001
2021-11-14 17:00:00,0.19891,0.20134,0.19869,0.20067,10390905,2076291.58904,5601,4897023,978499.51693,0.0018472291562654,ARPA-USDT,0.198891636814239,0.1991796727091392,
2021-11-14 18:00:00,0.20068,0.20148,0.19939,0.19993,6896548,1382266.647,4904,3091465,619734.95245,0.0018038783384275,ARPA-USDT,0.2007309910416321,0.2007051283670125,
2021-11-14 19:00:00,0.19992,0.20096,0.1989,0.19975,6273468,1254132.75082,4352,3026631,605115.95942,0.0016547989168589,ARPA-USDT,0.1998517736463926,0.1999886871923301,
2021-11-14 20:00:00,0.19975,0.20227,0.19951,0.20077,8255003,1657575.90597,5168,4135906,830268.19834,0.0017463327013274,ARPA-USDT,0.1998980910479816,0.2000639211007234,
2021-11-14 21:00:00,0.20069,0.2026099999999999,0.20017,0.20105,6162261,1238926.85397,4339,3105925,624611.35991,0.0013447554537304,ARPA-USDT,0.2007972671888598,0.2007171100037938,
2021-11-14 22:00:00,0.20101,0.20396,0.20087,0.20287,9427127,1907543.80705,5990,4935169,998822.66685,0.001480969541393,ARPA-USDT,0.2011209200530035,0.2014004565169211,
2021-11-14 23:00:00,0.20282,0.20364,0.20127,0.2021,6841398,1385244.85397,4104,2655851,537710.37862,0.0014369951934989,ARPA-USDT,0.2027262095813017,0.202511867693053,
2021-11-15 00:00:00,0.20215,0.20377,0.2013,0.20142,7940728,1609104.43832,4846,3712221,752430.56395,0.001591248135256,ARPA-USDT,0.2028379188748987,0.2027026383809153,0.00047433
2021-11-15 01:00:00,0.20148,0.2018599999999999,0.2,0.20106,4489427,901524.2124,3356,2087026,419172.81292,0.0014943215780036,ARPA-USDT,0.2016625322471147,0.2013693896958401,
2021-11-15 02:00:00,0.20112,0.20181,0.2006099999999999,0.20122,3638949,731931.46339,2963,1851616,372487.14679,0.000497215592681,ARPA-USDT,0.2010844981745026,0.2009979938992649,
2021-11-15 03:00:00,0.20124,0.20304,0.2011599999999999,0.20157,4777296,965818.90649,3063,2053527,415131.88795,0.0012915404103124,ARPA-USDT,0.2013173437246635,0.2015775126348044,
2021-11-15 04:00:00,0.20155,0.2018299999999999,0.20077,0.2016099999999999,3176384,639318.09404,2367,1134216,228329.56678,0.0003473255929338,ARPA-USDT,0.2016551890410253,0.2016539663732817,
2021-11-15 05:00:00,0.20164,0.2028,0.20143,0.2017,4799171,970397.90624,3373,2115031,427633.78354,0.0012410027302061,ARPA-USDT,0.2016862791118346,0.2017451156039415,
2021-11-15 06:00:00,0.20171,0.20232,0.20119,0.20193,3811653,769062.3827900001,2871,1491059,300856.28026,0.0009418062853177,ARPA-USDT,0.2017330352096034,0.2015709272717792,
2021-11-15 07:00:00,0.20188,0.20224,0.20014,0.2017,7607941,1529583.02961,4478,3259905,655576.27119,0.0002479543763946,ARPA-USDT,0.2018873742893658,0.2019301706708494,
2021-11-15 08:00:00,0.20172,0.20274,0.20044,0.20147,6544577,1320399.49574,4232,2833955,571937.98935,0.0011429139336116,ARPA-USDT,0.2020388757430751,0.2021840978205973,0.00044609
2021-11-15 09:00:00,0.20154,0.20176,0.20048,0.20084,4804254,966029.80258,3117,1787706,359569.92423,0.0012463233461288,ARPA-USDT,0.2014020420715216,0.2012763360214428,
2021-11-15 10:00:00,0.20085,0.2011599999999999,0.20026,0.20087,4769305,957105.59832,2978,1604585,322094.82032,0.0012960470564775,ARPA-USDT,0.2009603116790559,0.2009347414167711,
2021-11-15 11:00:00,0.20087,0.20097,0.1992799999999999,0.20023,4750727,950665.85555,3212,1477114,295688.46678,0.0018011707609946,ARPA-USDT,0.2008544513896398,0.2007442517172438,
2021-11-15 12:00:00,0.20026,0.20227,0.1982799999999999,0.20179,15356412,3082650.14511,8214,8094331,1626084.35006,0.0010417700168667,ARPA-USDT,0.2000903883782308,0.2000356469286212,
2021-11-15 13:00:00,0.2017,0.2035799999999999,0.20094,0.20232,24214151,4896245.40098,11728,12781734,2585193.20505,0.001138106784106,ARPA-USDT,0.2017430532415113,0.201996929753602,
2021-11-15 14:00:00,0.20231,0.20231,0.20023,0.20093,9627801,1937867.09196,6095,4139664,833457.67762,0.0010961088137113,ARPA-USDT,0.2018752811096112,0.2017936796181492,
2021-11-15 15:00:00,0.20096,0.20184,0.19846,0.2000299999999999,9988450,2001586.74485,6989,4166063,835334.08174,0.0015521730422585,ARPA-USDT,0.2009150626358836,0.2007533238434094,
2021-11-15 16:00:00,0.20001,0.20022,0.19694,0.1982799999999999,8946400,1778366.54242,5827,3318315,660180.37197,0.0021733636593372,ARPA-USDT,0.1998681676200381,0.1996942198840844,0.00044098
2021-11-15 17:00:00,0.19826,0.19967,0.19766,0.19791,7426711,1476487.74973,4591,2724919,541927.07582,0.0012647981382172,ARPA-USDT,0.1980110891173366,0.1981897687340126,
2021-11-15 18:00:00,0.19791,0.19859,0.19345,0.1950599999999999,15987516,3126937.74283,10096,5568893,1089962.91463,0.0007695859627514,ARPA-USDT,0.1978233485978852,0.1977922785893253,
2021-11-15 19:00:00,0.1950599999999999,0.1970299999999999,0.19378,0.1966099999999999,8826234,1725454.36753,5640,4378833,856436.26911,0.0006107181027019,ARPA-USDT,0.1945550829176359,0.1943360723338974,
2021-11-15 20:00:00,0.19662,0.19662,0.1949,0.19541,5474024,1071201.18783,3468,2359343,461858.9216,0.0006144707870348,ARPA-USDT,0.1964051228080036,0.1964050593759572,
2021-11-15 21:00:00,0.1953599999999999,0.1955299999999999,0.1920599999999999,0.1947,9082738,1765168.34621,5789,3945050,767261.42223,0.0012341869793275,ARPA-USDT,0.1948205601259908,0.1940310530830769,
2021-11-15 22:00:00,0.19469,0.19485,0.1924799999999999,0.1945,4964117,961677.73946,3345,2211448,428511.09531,0.0014932289789404,ARPA-USDT,0.1944627390526655,0.1942882207002572,
2021-11-15 23:00:00,0.19444,0.19493,0.1929,0.19333,4403947,854411.67739,2947,2163007,419772.57737,0.0007246751902272,ARPA-USDT,0.194315232725821,0.1942102664987455,
2021-11-16 00:00:00,0.1933,0.19336,0.17908,0.18431,36185178,6720766.00307,20820,14105825,2618876.8424,0.000977570194971,ARPA-USDT,0.1929146048200771,0.1915290209506361,0.00028558
2021-11-16 01:00:00,0.18427,0.18494,0.17151,0.18123,36322589,6508813.45462,19442,15618985,2800828.71225,0.0004416229643942,ARPA-USDT,0.1842236830997011,0.1828409760683282,
2021-11-16 02:00:00,0.18107,0.18114,0.1774599999999999,0.17823,14258247,2560263.37883,7680,6740891,1211303.67386,0.0001122271477469,ARPA-USDT,0.1803092671532536,0.180378008406298,
2021-11-16 03:00:00,0.17828,0.1796299999999999,0.17313,0.17653,16519494,2919369.03364,9303,8061493,1426459.50736,0.0003966904680947,ARPA-USDT,0.1778951670621596,0.1775716444303048,
2021-11-16 04:00:00,0.17655,0.18081,0.174,0.17972,16386215,2908350.48589,9056,7934689,1408149.55086,0.0001112966054535,ARPA-USDT,0.1769336460753356,0.1761179547763695,
2021-11-16 05:00:00,0.17977,0.18292,0.17911,0.18023,12414575,2243022.60324,7827,6436474,1163562.0895,0.0,ARPA-USDT,0.1798052314966755,0.1800520065798846,
2021-11-16 06:00:00,0.18029,0.18252,0.17901,0.182,11197478,2023816.88621,6929,5540750,1002345.01046,-0.0006040305309977,ARPA-USDT,0.1803568812205547,0.1802517804324042,
2021-11-16 07:00:00,0.18195,0.18375,0.18072,0.18315,9407798,1714175.93349,6250,4566953,832405.99279,0.0003823465151846,ARPA-USDT,0.1822962211805317,0.1818976526503616,
2021-11-16 08:00:00,0.18317,0.18611,0.1816299999999999,0.18581,9265607,1703930.45454,6212,4480537,824028.56017,-0.0004841312533621,ARPA-USDT,0.1828210744199779,0.1823975433883831,0.0001
2021-11-16 09:00:00,0.18574,0.18666,0.18036,0.18047,10814629,1985673.78986,7646,4461697,819269.96611,0.0004989466681448,ARPA-USDT,0.1857510583429979,0.1854144555732004,
2021-11-16 10:00:00,0.1805,0.18104,0.163,0.17628,39130960,6707678.86872,22174,15667934,2682863.66199,-0.0002835592355242,ARPA-USDT,0.1802174155471714,0.178313605463271,
2021-11-16 11:00:00,0.17617,0.17877,0.17461,0.17815,9727794,1723562.12302,7030,4308619,763762.96851,0.000449261526366,ARPA-USDT,0.1754671143292204,0.176979085907332,
2021-11-16 12:00:00,0.17815,0.1784099999999999,0.17251,0.17337,11492583,2023461.07815,8594,4375642,771420.57897,0.0004039238315058,ARPA-USDT,0.1774531605793522,0.1772453491138726,
2021-11-16 13:00:00,0.17337,0.17732,0.17326,0.17633,9578369,1680199.51383,6000,4838391,848734.21895,0.0,ARPA-USDT,0.1740985480638056,0.1745265793823189,
2021-11-16 14:00:00,0.17633,0.18373,0.1758,0.18037,18219718,3279296.22007,10228,8599317,1548043.62733,0.0002772848269743,ARPA-USDT,0.1760199261515241,0.1764502092430135,
2021-11-16 15:00:00,0.18033,0.18206,0.17639,0.17774,9734372,1742106.35061,6404,4031275,722459.82707,0.00107012109265,ARPA-USDT,0.1811793185069731,0.1804600999563413,
2021-11-16 16:00:00,0.17774,0.17915,0.17685,0.17901,6694040,1193028.04926,4857,3582575,638745.77127,0.000503018108652,ARPA-USDT,0.1775054708303972,0.1779031160797217,0.0001
2021-11-16 17:00:00,0.17901,0.17932,0.1767,0.17814,6074396,1083939.68555,4196,2523881,450530.5991,-5.613247263547283e-05,ARPA-USDT,0.1786101319470992,0.1788226357751233,
2021-11-16 18:00:00,0.17804,0.18006,0.17625,0.17625,7309535,1305200.16923,5020,3131740,559336.40858,0.0003405414609227,ARPA-USDT,0.1786346921494594,0.1791452749290286,
2021-11-16 19:00:00,0.17625,0.17954,0.17429,0.17734,10396828,1838666.51214,6624,4509954,798201.20643,0.0010160307067057,ARPA-USDT,0.1758366009099117,0.1769005175699322,
2021-11-16 20:00:00,0.17731,0.17731,0.17013,0.17299,11398142,1977631.20982,8044,4993561,866467.0236300001,-0.000173390359496,ARPA-USDT,0.1764317697013625,0.1754120487882008,
2021-11-16 21:00:00,0.173,0.17681,0.17269,0.17599,7864930,1379824.38381,6256,3756958,659214.3674699999,0.0013086026399635,ARPA-USDT,0.1731515407217729,0.1738615857338465,
2021-11-16 22:00:00,0.176,0.17782,0.17572,0.1765,4948359,874063.6126700001,3015,2368949,418476.31598,-0.0003398278205709,ARPA-USDT,0.1762744047630429,0.1763591228917477,
2021-11-16 23:00:00,0.17658,0.17733,0.17361,0.17376,3957195,694995.29684,3044,1683200,295831.50262,0.0002878360485867,ARPA-USDT,0.1768866391170431,0.1769550318082458,
2021-11-17 00:00:00,0.17368,0.17668,0.1724,0.1734099999999999,7419499,1293117.22001,5192,3900530,680076.24257,0.0006347374495088,ARPA-USDT,0.174201699570218,0.1743352528742486,0.0001
2021-11-17 01:00:00,0.1734099999999999,0.17657,0.1711,0.17151,5479122,953096.84935,4281,2498978,434762.21022,-0.0004079729572211,ARPA-USDT,0.1732818410072291,0.1732847145689813,
2021-11-17 02:00:00,0.17147,0.17336,0.17,0.17076,8950142,1535388.52046,5998,4196347,720294.52858,0.0001171371676231,ARPA-USDT,0.1713929290163615,0.1709536341319864,
2021-11-17 03:00:00,0.17078,0.17359,0.16758,0.17025,13586972,2319517.80902,7949,6624546,1131551.28371,0.0001174881043295,ARPA-USDT,0.1712847014820042,0.1712766224417154,
2021-11-17 04:00:00,0.17025,0.17214,0.16766,0.1716,11042086,1880230.74908,7005,5479160,933282.24047,-0.0001165365342034,ARPA-USDT,0.1707277467933316,0.1703564054674511,
2021-11-17 05:00:00,0.1716599999999999,0.17501,0.17096,0.17393,7260816,1256194.50868,5042,3808317,659339.53796,-0.0002873893550983,ARPA-USDT,0.1713710624783267,0.1717487864905172,
2021-11-17 06:00:00,0.17397,0.17469,0.1714099999999999,0.17307,6350221,1100155.54337,5069,3081507,533832.36839,-0.0004620271440947,ARPA-USDT,0.173866948735652,0.1740630964171952,
2021-11-17 07:00:00,0.1731,0.17629,0.17189,0.17434,6895949,1201407.75369,4721,3164718,551608.5327,-0.0004013531334213,ARPA-USDT,0.1735016227752581,0.1738992909041641,
2021-11-17 08:00:00,0.17431,0.1758,0.17304,0.17319,5854832,1022240.29477,4452,2719644,474921.96686,0.0005199306759098,ARPA-USDT,0.1748043853911828,0.1747566382252744,0.0001
2021-11-17 09:00:00,0.17318,0.17384,0.1709,0.17132,6978601,1204956.45597,4704,2983891,515333.79979,0.0005840439201028,ARPA-USDT,0.1727648145650279,0.1728465361790642,
2021-11-17 10:00:00,0.17138,0.17534,0.16906,0.17509,10549526,1822263.88962,6810,4547584,785522.69746,0.0009718728561627,ARPA-USDT,0.171462259551582,0.1718071602763862,
2021-11-17 11:00:00,0.17495,0.17672,0.17423,0.17635,6312419,1110261.41006,4598,3242749,570411.65837,0.0007377142208604,ARPA-USDT,0.175040863119623,0.1747463067782647,
2021-11-17 12:00:00,0.1763,0.17653,0.17455,0.17482,4152115,728500.91708,3429,1620122,284353.75669,0.0003433279926756,ARPA-USDT,0.1762839279435493,0.1761899478825228,
2021-11-17 13:00:00,0.17481,0.17597,0.17409,0.17428,4412696,771782.73524,3058,1990967,348506.56378,0.0008614253718486,ARPA-USDT,0.1749673823127062,0.1752803562282094,
2021-11-17 14:00:00,0.1743,0.17518,0.17063,0.17069,6548238,1133103.00797,4496,2543529,440055.08612,-0.0001757263355202,ARPA-USDT,0.1746920549139005,0.1748396929744327,
2021-11-17 15:00:00,0.17081,0.17194,0.1686,0.17134,8297947,1413112.33948,5134,3799603,647509.30206,-0.0005249956250364,ARPA-USDT,0.1710353902204605,0.1709625777965901,
2021-11-17 16:00:00,0.17148,0.1734099999999999,0.16985,0.17336,7926248,1363028.90721,4825,3817931,656723.25794,0.001559882142238,ARPA-USDT,0.1712993693833053,0.1707086240730895,0.0001
2021-11-17 17:00:00,0.17336,0.17347,0.17106,0.17256,5388473,927579.25411,3846,2695837,464128.96084,0.0003478260869564,ARPA-USDT,0.1732070569919776,0.1727044910225008,
2021-11-17 18:00:00,0.1726,0.1732,0.17126,0.17151,4798247,825372.06386,3223,2183962,375751.70685,0.000875350140056,ARPA-USDT,0.1728663945567118,0.172613466422513,
2021-11-17 19:00:00,0.17151,0.17173,0.16938,0.17,4698355,801471.46733,3448,1935790,330160.22004,0.0004708097928438,ARPA-USDT,0.1711605781878791,0.171360100740064,
2021-11-17 20:00:00,0.17002,0.17189,0.1693,0.17071,6272025,1070361.17189,3992,3007917,513459.19601,0.0008207773934454,ARPA-USDT,0.1699918042272764,0.1700034740069761,
2021-11-17 21:00:00,0.17071,0.17077,0.16852,0.1703599999999999,6265774,1062739.1337,4420,3001881,509249.20548,0.0011753643629519,ARPA-USDT,0.1704942216906199,0.1704387520655811,
2021-11-17 22:00:00,0.17038,0.17076,0.1681,0.16893,4345873,735791.89005,3247,1766854,299178.32306,0.0009480357883508,ARPA-USDT,0.170444744446554,0.1704554522917895,
2021-11-17 23:00:00,0.16883,0.1708299999999999,0.16787,0.16999,5459770,925555.77817,3384,2438385,413351.20856,0.0007653361591899,ARPA-USDT,0.168885880501851,0.1691005274626762,
2021-11-18 00:00:00,0.16995,0.1727,0.1692,0.17209,6352254,1086528.77486,3742,2949096,504575.92762,0.0003487763762135,ARPA-USDT,0.1698726006396763,0.1696773161782445,0.0001
2021-11-18 01:00:00,0.17219,0.17228,0.16938,0.17173,6359207,1088381.70604,3792,3138056,537251.36282,0.0001747233546884,ARPA-USDT,0.1721766420294533,0.1720680731077296,
2021-11-18 02:00:00,0.17174,0.1725,0.17115,0.1719,3333715,572665.75238,2606,1789592,307462.5223,0.0005820721769498,ARPA-USDT,0.1720129616371527,0.1719884912766251,
2021-11-18 03:00:00,0.17194,0.17199,0.17,0.17,4284319,732326.76448,2544,1526069,260998.68593,0.0003530657879251,ARPA-USDT,0.1719488916197099,0.1717308082242117,
2021-11-18 04:00:00,0.17,0.17196,0.16807,0.16829,7134771,1209514.88435,3881,3244185,549910.79082,0.0002377414561662,ARPA-USDT,0.170037807622351,0.1701364684709519,
2021-11-18 05:00:00,0.16832,0.1690299999999999,0.16713,0.16877,5081986,853597.0382200001,3225,2304231,387242.37065,-0.0004145936981757,ARPA-USDT,0.1685215263439243,0.168299490238116,
2021-11-18 06:00:00,0.16877,0.17009,0.168,0.16908,6423861,1085951.60568,3535,3093643,523139.75175,-0.0002365184484388,ARPA-USDT,0.168758719729629,0.169054973033117,
2021-11-18 07:00:00,0.16908,0.16919,0.167,0.16893,6040964,1015255.05903,3513,2664971,448236.65208,0.0002960682141164,ARPA-USDT,0.1689256649554648,0.1688250270326632,
2021-11-18 08:00:00,0.16893,0.16989,0.16706,0.16821,4780631,804282.8549,3399,2106431,354250.84328,0.0007734412184674,ARPA-USDT,0.1687609276707198,0.1690173014215354,0.0001
2021-11-18 09:00:00,0.16816,0.16838,0.16354,0.16551,13123162,2172510.0001,6876,5922996,981159.52399,-0.0003623844899438,ARPA-USDT,0.1681315340061951,0.1679652026527405,
2021-11-18 10:00:00,0.16552,0.16859,0.16435,0.16817,9633113,1601331.25165,5089,4634064,770456.83132,0.0003569091666169,ARPA-USDT,0.1660389393233687,0.1662506643483358,
2021-11-18 11:00:00,0.16832,0.16953,0.16509,0.1656099999999999,9330893,1565025.49558,4588,3982958,668961.40934,-0.0002414729852103,ARPA-USDT,0.1680192979078787,0.1684625462416968,
2021-11-18 12:00:00,0.16563,0.16813,0.16513,0.1655599999999999,7369121,1227564.79155,4615,3520875,586456.9422,0.0009673518742436,ARPA-USDT,0.1656516121717985,0.1658463988177476,
2021-11-18 13:00:00,0.16557,0.16607,0.1604799999999999,0.16233,19214004,3130023.5696400004,8947,8593648,1401724.5667,0.0006780914807051,ARPA-USDT,0.1654098251876258,0.1653385681585978,
2021-11-18 14:00:00,0.1622299999999999,0.16292,0.16039,0.1607,8021192,1295288.91206,4326,4184179,675641.6814,-0.0002488490730371,ARPA-USDT,0.1616590892740412,0.1614105219592169,
2021-11-18 15:00:00,0.16083,0.16175,0.15309,0.15732,23363200,3691808.98519,11494,10032713,1587725.91737,0.0006997010368297,ARPA-USDT,0.1606632892530917,0.1612985747800981,
2021-11-18 16:00:00,0.15718,0.1588099999999999,0.154,0.15419,12380396,1932295.7695,7259,6110706,953773.23426,-0.0002593529144784,ARPA-USDT,0.1574231670931982,0.1571613609548958,0.0001
2021-11-18 17:00:00,0.15414,0.15607,0.14831,0.1539299999999999,19274235,2940841.37777,9807,8220679,1254884.39412,0.0002599259211117,ARPA-USDT,0.1535714510529862,0.1530604567063722,
2021-11-18 18:00:00,0.1539299999999999,0.15584,0.15361,0.15559,5573636,863118.41134,3765,2923109,452530.28221,0.0001928516328104,ARPA-USDT,0.1540886629186018,0.1541758321008274,
2021-11-18 19:00:00,0.15546,0.15838,0.15525,0.15667,7649977,1200820.20913,4325,3810018,597889.4643,0.0004469987228608,ARPA-USDT,0.1555512777828592,0.1556190254157203,
2021-11-18 20:00:00,0.1567599999999999,0.15698,0.15506,0.15552,6473099,1009610.89298,3866,2767249,431611.51785,0.0003859513701274,ARPA-USDT,0.1565117732401417,0.1562633742735309,
2021-11-18 21:00:00,0.15552,0.15671,0.1522599999999999,0.15302,6510643,1005037.89428,4046,2586055,398866.9856,0.0009157509157509,ARPA-USDT,0.1556025000630946,0.1557829669609474,
2021-11-18 22:00:00,0.15294,0.1534,0.14975,0.15012,10010709,1516365.13471,5477,5320381,805972.30593,0.0005331911490269,ARPA-USDT,0.1529472969280167,0.1527840439328183,
2021-11-18 23:00:00,0.15028,0.15175,0.1487,0.15019,10960404,1644719.28366,5365,5370029,805967.38153,0.0014669600586783,ARPA-USDT,0.1504796008095223,0.1502656644841722,
2021-11-19 00:00:00,0.15026,0.15408,0.14879,0.1539599999999999,8236411,1247769.10618,4161,4361377,660497.39378,0.0005849093390517,ARPA-USDT,0.1505601590796635,0.1502654899420193,0.0001
2021-11-19 01:00:00,0.15391,0.15407,0.15026,0.15043,5545516,845769.98183,3041,2500227,381506.3154,-0.0001993885418051,ARPA-USDT,0.1539418475180176,0.1534906336073329,
2021-11-19 02:00:00,0.15035,0.15224,0.14744,0.14853,5908319,884992.51533,3738,2839633,425149.90271,0.0002020202020203,ARPA-USDT,0.1503351963137923,0.1504617262375288,
2021-11-19 03:00:00,0.14858,0.14965,0.14642,0.14891,5972309,884085.07814,3439,2692351,398773.4501,0.0007392473118279,ARPA-USDT,0.1488860241534841,0.1487166988676316,
2021-11-19 04:00:00,0.14885,0.15287,0.14848,0.15266,5192750,782899.94136,3322,2796773,421788.41601,0.0003931847968543,ARPA-USDT,0.1486817874790901,0.149087969573212,
2021-11-19 05:00:00,0.1526,0.15449,0.1507,0.15386,6233621,953598.05466,3577,3251927,497745.30952,0.0005202236961894,ARPA-USDT,0.1526374798202863,0.1527831679923195,
2021-11-19 06:00:00,0.1539,0.15471,0.15207,0.15286,5822670,891678.06492,3299,2641950,404957.42287,0.0,ARPA-USDT,0.1540550522008902,0.1536284000248749,
2021-11-19 07:00:00,0.15287,0.15416,0.1505,0.15148,6459686,980598.53473,3977,3012097,457423.1193,0.0009912112601599,ARPA-USDT,0.1534497637033803,0.1535720706961686,
2021-11-19 08:00:00,0.1514599999999999,0.1573099999999999,0.15141,0.1561,9915827,1542144.2262,5844,5410847,840896.37896,0.0007693294012052,ARPA-USDT,0.1516373752157652,0.1522459744644822,0.0001
2021-11-19 09:00:00,0.15608,0.15811,0.1560099999999999,0.15665,8258069,1296827.12217,4671,3837010,602764.21894,-0.0006379585326953,ARPA-USDT,0.1561526582233824,0.1562669333751178,
2021-11-19 10:00:00,0.1567,0.15714,0.15516,0.15567,4745702,740738.98943,3005,2164470,337960.67479,0.0004498714652956,ARPA-USDT,0.1567153962604359,0.1566959685601318,
2021-11-19 11:00:00,0.15572,0.1568,0.1542599999999999,0.15636,5573948,866902.24058,3862,2552704,397269.81771,0.0001279263144429,ARPA-USDT,0.1563474864318399,0.1558065193153965,
2021-11-19 12:00:00,0.15637,0.15804,0.15535,0.15678,7778318,1221469.06777,4504,3639358,571723.0827,0.0005105296745373,ARPA-USDT,0.1563918316169586,0.1564543717592052,
2021-11-19 13:00:00,0.15678,0.16219,0.1561799999999999,0.161,17111145,2740587.7195,9320,7791437,1249202.65719,-0.0003104625892579,ARPA-USDT,0.1569473448448448,0.1565374303545647,
2021-11-19 14:00:00,0.16104,0.16784,0.16076,0.16485,15707881,2571359.8397,8893,7612270,1245804.82695,-0.0001213076969732,ARPA-USDT,0.1612542229233639,0.1613210511740598,
2021-11-19 15:00:00,0.16493,0.16766,0.16235,0.16612,14333233,2364930.53743,8490,6697751,1104937.7973,6.020107157889143e-05,ARPA-USDT,0.164523182661583,0.1639116713266367,
2021-11-19 16:00:00,0.16613,0.16658,0.16339,0.16548,8851926,1462094.78015,5235,3972834,656486.5731,-0.0005435767349157,ARPA-USDT,0.1663018329607662,0.1659968631149097,0.0001
2021-11-19 17:00:00,0.16549,0.16621,0.16358,0.1637,6282397,1035601.08181,3966,2698681,444974.90608,0.0002444091409019,ARPA-USDT,0.1658177259843289,0.1658532112451621,
2021-11-19 18:00:00,0.16366,0.16416,0.16161,0.16249,8493587,1381620.32692,4379,3528278,574473.3950499999,-6.153846153855724e-05,ARPA-USDT,0.1638266896097678,0.1637060737759378,
2021-11-19 19:00:00,0.16247,0.16325,0.1612,0.1627,5474578,888127.43646,3054,2305684,374197.42635,0.0001229407425622,ARPA-USDT,0.1625504830645368,0.1625764588583214,
2021-11-19 20:00:00,0.16263,0.16293,0.1613,0.16201,4135623,670724.28394,2695,1888349,306215.13905,6.17283950616887e-05,ARPA-USDT,0.1627524449880274,0.1625460572969011,
2021-11-19 21:00:00,0.16196,0.16418,0.1613099999999999,0.16373,5767921,938010.93189,2923,2795336,454816.49645,0.0002443643472416,ARPA-USDT,0.1620499047308851,0.1621546434969625,
2021-11-19 22:00:00,0.16371,0.16552,0.16233,0.16332,7164632,1173396.16915,3952,3227735,528442.70581,0.0004287901990811,ARPA-USDT,0.1637972009700383,0.1635281582771787,
2021-11-19 23:00:00,0.16327,0.16609,0.16277,0.1645,8516766,1399780.17549,5177,4668812,767374.9802999999,-0.000243101981281,ARPA-USDT,0.1629006369785794,0.163246809105778,
2021-11-20 00:00:00,0.16451,0.16701,0.16351,0.16391,6806547,1124924.7864,5328,3135261,518279.07236,0.0008548574219942,ARPA-USDT,0.1658295415993982,0.1658780407255662,0.0001
2021-11-20 01:00:00,0.16401,0.16602,0.1637,0.16494,4403659,726934.25732,3160,2044626,337492.10576,0.0005459508644223,ARPA-USDT,0.1642304922969493,0.1644774987896231,
2021-11-20 02:00:00,0.16485,0.16493,0.16334,0.16342,2259691,371012.46222,2003,923468,151716.20657,0.0007348438456828,ARPA-USDT,0.1648308264978017,0.1646073444285035,
2021-11-20 03:00:00,0.16339,0.1638099999999999,0.16207,0.16265,3297856,536940.51065,2336,1401197,228244.174,-0.0001844111138431,ARPA-USDT,0.1635836778310487,0.1635164720050864,
2021-11-20 04:00:00,0.16275,0.16479,0.16224,0.16432,3274432,535425.94153,2240,1790351,292902.86418000003,0.0007308160779535,ARPA-USDT,0.1626289351086624,0.1626121235424365,
2021-11-20 05:00:00,0.1643099999999999,0.16448,0.16245,0.16305,3188364,520694.44582,2166,1081645,176609.03661,0.0,ARPA-USDT,0.1642575461359751,0.1640060165503319,
2021-11-20 06:00:00,0.16303,0.1659,0.16301,0.1656099999999999,6812582,1122343.78955,4359,4170088,687034.70184,0.0008460748171867,ARPA-USDT,0.1630920356970574,0.1632071372528871,
2021-11-20 07:00:00,0.1656099999999999,0.16625,0.16499,0.16564,6201922,1026344.98942,4248,2748734,455060.91859,0.0016327024248656,ARPA-USDT,0.1656536183598123,0.1655387312654807,
2021-11-20 08:00:00,0.16562,0.16567,0.16434,0.16552,5094161,841232.2864100001,3387,2095917,346235.35447,0.0011492167180788,ARPA-USDT,0.1655951605923646,0.165300735103849,0.0001
2021-11-20 09:00:00,0.16552,0.16947,0.16539,0.16757,17054820,2861505.81821,9056,7777616,1305254.87895,-5.9672992003934056e-05,ARPA-USDT,0.1655110183422758,0.1660972533762971,
2021-11-20 10:00:00,0.16765,0.16908,0.1665,0.16822,7776259,1304671.75363,4446,3492553,586208.31302,0.0005353000654255,ARPA-USDT,0.1674440280428109,0.1672640794577247,
2021-11-20 11:00:00,0.16826,0.16896,0.16716,0.16725,5775532,970533.82507,3478,2552060,428992.08854,0.000418710372054,ARPA-USDT,0.1684265100681609,0.1684099797019055,
2021-11-20 12:00:00,0.16724,0.16947,0.167,0.16741,7483132,1257107.35958,4545,3704945,622899.76514,0.001255980861244,ARPA-USDT,0.1674979490419669,0.1676641063053087,
2021-11-20 13:00:00,0.1674,0.16822,0.167,0.16709,4464998,747008.33288,2827,1601455,268077.66678,0.0011983941518363,ARPA-USDT,0.1676627394316207,0.1678341668690206,
2021-11-20 14:00:00,0.16707,0.1676,0.1641,0.16569,23689901,3929397.85564,10774,12038387,1997505.35494,0.001390064063822,ARPA-USDT,0.1662303767207527,0.1659224427404071,
2021-11-20 15:00:00,0.16569,0.16591,0.15875,0.16046,45925751,7458364.88879,21191,18386264,2987715.75399,0.0,ARPA-USDT,0.1658053558011361,0.1653938485303755,
2021-11-20 16:00:00,0.16059,0.16212,0.15895,0.16165,12326422,1981320.10706,5868,6183918,994144.62586,0.0011767620463272,ARPA-USDT,0.1602261615091313,0.1605533971366519,0.0001
2021-11-20 17:00:00,0.16157,0.16243,0.16018,0.1609,10916003,1759360.97128,4978,5282989,851936.49804,0.0008086085712508,ARPA-USDT,0.1615696922220454,0.1616757906886092,
2021-11-20 18:00:00,0.16094,0.16517,0.1602,0.16418,15237281,2488956.88837,7188,6866465,1121260.07101,0.0003655861564708,ARPA-USDT,0.1607356433798664,0.1607421529572082,
2021-11-20 19:00:00,0.16419,0.16513,0.16352,0.1643,8506622,1397599.17278,4228,3583560,589120.3337,-0.0003042287800425,ARPA-USDT,0.1640781748029241,0.164286657086167,
2021-11-20 20:00:00,0.1643,0.16483,0.1637,0.16391,4451743,731169.69588,2742,1613220,265032.56555,0.0009159745969713,ARPA-USDT,0.1644433697313148,0.1645407218205127,
2021-11-20 21:00:00,0.16385,0.16547,0.16366,0.16508,4736146,780182.4912,2804,2124599,349936.53851,0.0007274490785644,ARPA-USDT,0.16398860112687,0.1639155029704863,
2021-11-20 22:00:00,0.16509,0.1692,0.16507,0.16675,7385461,1234940.98179,4446,3484789,581751.27689,0.0002399376162198,ARPA-USDT,0.1652043885602514,0.165316821654006,
2021-11-20 23:00:00,0.16672,0.16787,0.1655299999999999,0.1667,7038851,1173658.14872,3567,3232121,539088.5554,0.0007804526625441,ARPA-USDT,0.166805883452841,0.1672754526005524,
2021-11-21 00:00:00,0.1667,0.16675,0.16452,0.165,6627834,1095821.4836,3578,2635649,435834.67644,0.0016998542982029,ARPA-USDT,0.1667098993799564,0.1664065531113779,0.0001
2021-11-21 01:00:00,0.16494,0.16574,0.16365,0.16423,4801290,789309.17752,2929,1905832,313410.19327,0.0011582540843695,ARPA-USDT,0.1650297602497148,0.165241933121711,
2021-11-21 02:00:00,0.16422,0.16441,0.16105,0.16312,7293121,1186800.68631,3818,3199388,520770.75991,0.0007361963190182,ARPA-USDT,0.164325914660123,0.1640828357703593,
2021-11-21 03:00:00,0.1631099999999999,0.1633599999999999,0.16052,0.1613,5471020,887314.0177,3365,2504928,406512.66604,0.0010550487184262,ARPA-USDT,0.1629563391356395,0.1628968616188136,
2021-11-21 04:00:00,0.16136,0.16315,0.161,0.16219,4470920,725089.79692,2682,2532964,410971.3631,0.0009874714559032,ARPA-USDT,0.1612934438063986,0.1613620235996626,
2021-11-21 05:00:00,0.16213,0.164,0.16187,0.16388,3845995,626854.34658,2232,2209653,360203.56029,0.0005494840954882,ARPA-USDT,0.1620700225917077,0.1622545630178121,
2021-11-21 06:00:00,0.16385,0.16408,0.16215,0.16354,5074650,827926.6261100001,2766,2292259,374080.59461,0.0009793120332965,ARPA-USDT,0.1639133289408741,0.1635744794031262,
2021-11-21 07:00:00,0.16353,0.16373,0.16288,0.16322,3356466,548099.59039,2188,1700079,277700.71577,0.0010426249616681,ARPA-USDT,0.1632508825845516,0.1633507922505965,
2021-11-21 08:00:00,0.16329,0.195,0.16285,0.19277,134667132,24731035.71586,66912,66914451,12286655.13365,-0.0033090326249934,ARPA-USDT,0.1631371318254477,0.1631829404922112,0.0001
2021-11-21 09:00:00,0.19286,0.19567,0.1842099999999999,0.18817,122807455,23286881.25249,63887,60345834,11445327.40126,0.0015968488848672,ARPA-USDT,0.1917442406532307,0.1920573767275858,
2021-11-21 10:00:00,0.18817,0.191,0.18118,0.1832099999999999,61383906,11401477.87698,33968,26914526,5005661.17651,0.000382221251501,ARPA-USDT,0.1880721902640872,0.1887845120416449,
2021-11-21 11:00:00,0.1832099999999999,0.18508,0.179,0.18051,42759180,7786925.44693,23463,20166931,3674738.31846,0.0003325020781379,ARPA-USDT,0.1840488970343262,0.1832609067555045,
2021-11-21 12:00:00,0.18052,0.1865,0.17959,0.18242,38784663,7120656.00138,20327,19655034,3607872.05923,0.0016472655392048,ARPA-USDT,0.180118704553944,0.1839347369662051,
2021-11-21 13:00:00,0.18243,0.18666,0.1799599999999999,0.1808,26127877,4792095.70303,15965,11616986,2133038.34078,0.0011074197120708,ARPA-USDT,0.1829761406711661,0.1828838549910388,
2021-11-21 14:00:00,0.18082,0.18211,0.17451,0.1764,30885888,5519068.67224,17863,12647424,2261842.29032,0.0017035775127767,ARPA-USDT,0.1814263246582537,0.1813946802108196,
2021-11-21 15:00:00,0.1764099999999999,0.17686,0.17181,0.17329,20441698,3561196.21473,11979,8820823,1536979.52591,0.0015605132354641,ARPA-USDT,0.1766421251059808,0.1761974435284144,
2021-11-21 16:00:00,0.1733,0.17484,0.1712,0.17319,14770576,2557027.82279,8653,7245328,1254986.6161,0.0,ARPA-USDT,0.1737725637949783,0.1739666479361559,0.0001
2021-11-21 17:00:00,0.17328,0.17396,0.17122,0.17281,11157477,1925549.40591,5762,5687700,981700.23794,0.0012746972594008,ARPA-USDT,0.1734982162567647,0.1730457745129178,
2021-11-21 18:00:00,0.1729099999999999,0.18659,0.1725,0.181,66541644,12041425.34165,37074,31748850,5740151.65824,-0.000883197173769,ARPA-USDT,0.1729240437201208,0.1730903689151935,
2021-11-21 19:00:00,0.18097,0.18341,0.17511,0.1767099999999999,30325292,5412651.53546,18276,13721737,2451624.614,0.0020982193489842,ARPA-USDT,0.1810980955647804,0.1815201244045628,
2021-11-21 20:00:00,0.1766599999999999,0.1784,0.1740799999999999,0.1765,15052534,2651682.1578,8998,8030046,1415739.89657,0.0013048164747262,ARPA-USDT,0.1765209689578787,0.1769537112178592,
2021-11-21 21:00:00,0.17645,0.17657,0.1740799999999999,0.17606,10584136,1854193.84182,6602,4731852,828908.0873,0.0012511373976342,ARPA-USDT,0.1763304073341673,0.1757278041494998,
2021-11-21 22:00:00,0.17598,0.1762,0.1721,0.17429,14183312,2471658.58366,7603,6686624,1165804.7607,0.0018969878132903,ARPA-USDT,0.1757189932865757,0.1750412257085012,
2021-11-21 23:00:00,0.17421,0.17654,0.17067,0.1716599999999999,14047852,2446814.41854,8051,6670368,1163327.29899,0.0014584913365607,ARPA-USDT,0.1743874393529106,0.1741677566199217,
2021-11-22 00:00:00,0.17179,0.17325,0.1662799999999999,0.16764,24464700,4134507.63775,13371,10898709,1844440.21466,0.0004774409166867,ARPA-USDT,0.1722655106365041,0.1721144367479945,0.00017416
2021-11-22 01:00:00,0.16763,0.16868,0.16362,0.16727,15799516,2625236.25334,9165,6964536,1158907.66532,0.0012570334011732,ARPA-USDT,0.1674820447588848,0.1682149971344701,
2021-11-22 02:00:00,0.16717,0.16748,0.16301,0.16472,14247070,2356408.18601,7494,6433951,1064628.80608,0.0011548045949065,ARPA-USDT,0.1669179033716331,0.1671062889379325,
2021-11-22 03:00:00,0.16476,0.1662799999999999,0.16325,0.16457,11402701,1878726.20051,6589,5492971,904841.64633,0.0004255319148935,ARPA-USDT,0.1645179562070345,0.1649916265059817,
2021-11-22 04:00:00,0.16465,0.1698599999999999,0.16374,0.16524,19535741,3245203.16502,12166,9218831,1531770.91198,0.0010298661174048,ARPA-USDT,0.1642668402989678,0.1640909088329826,
2021-11-22 05:00:00,0.1652,0.1768799999999999,0.162,0.16873,47516670,8132251.3248,27860,22964847,3931122.30997,-0.0007106899615043,ARPA-USDT,0.1652091244875501,0.1645040676641586,
2021-11-22 06:00:00,0.1688599999999999,0.17598,0.1676,0.17515,28326280,4860858.70103,17569,13955400,2394558.01122,0.0008571428571428,ARPA-USDT,0.1683044084634062,0.1688199770937615,
2021-11-22 07:00:00,0.17505,0.17659,0.1695,0.16989,27688314,4810775.22848,18710,11512055,2002755.86465,-0.0004118616144974,ARPA-USDT,0.1748052360232684,0.1756143326846654,
2021-11-22 08:00:00,0.16988,0.17077,0.16676,0.16797,18414472,3106677.95794,10178,8152169,1376270.66652,0.0004169148302561,ARPA-USDT,0.1694661266720375,0.1697272298125682,0.0001
2021-11-22 09:00:00,0.16799,0.17029,0.16687,0.16746,12634695,2132887.7725400003,7295,6213979,1049786.50461,0.0020344662517952,ARPA-USDT,0.1684145329963337,0.1685625840695407,
2021-11-22 10:00:00,0.1674,0.16996,0.16666,0.16937,11119359,1873510.14476,6945,5299580,893525.79093,0.0008272764876204,ARPA-USDT,0.1678259822431882,0.1679024566692942,
2021-11-22 11:00:00,0.16933,0.1694099999999999,0.16529,0.16558,12122155,2031345.42518,7061,4855847,815124.98772,0.0016332950214748,ARPA-USDT,0.1692753708979635,0.1690037095878599,
2021-11-22 12:00:00,0.16557,0.1696599999999999,0.16525,0.16837,16176353,2711865.0573,9406,8460029,1418587.26945,0.0001188001188001,ARPA-USDT,0.1656303981864148,0.1659546751295803,
2021-11-22 13:00:00,0.16832,0.17154,0.1646099999999999,0.17015,20533518,3462377.2805,14200,9362359,1579300.50547,0.0015304020248394,ARPA-USDT,0.1683548273390719,0.1682117997331676,
2021-11-22 14:00:00,0.17002,0.17081,0.16673,0.16713,11639046,1961923.27113,8474,4656564,785394.8828,0.0010182079540008,ARPA-USDT,0.1702545788570162,0.1702654193543986,
2021-11-22 15:00:00,0.16718,0.16792,0.16601,0.16683,7816515,1305152.90489,5364,3499100,584436.08708,0.0012603528988117,ARPA-USDT,0.1671870449592169,0.167504576574514,
2021-11-22 16:00:00,0.1668099999999999,0.168,0.16669,0.16763,7588482,1270149.88679,4832,3617706,605496.33557,0.0010749477455958,ARPA-USDT,0.1668690967374941,0.1671605892457397,0.0001
2021-11-22 17:00:00,0.16771,0.16873,0.1658,0.16625,10544970,1763202.51189,5744,4178363,698980.83338,0.0015663594192421,ARPA-USDT,0.1677443364815111,0.1680205436027151,
2021-11-22 18:00:00,0.16626,0.16683,0.16337,0.1635599999999999,9004533,1486195.77563,6220,4036059,666617.81678,0.0001222942399408,ARPA-USDT,0.1661785720175807,0.1662027127443072,
2021-11-22 19:00:00,0.16355,0.1652799999999999,0.16226,0.16279,12776848,2089978.0959,9650,5986141,979717.1912,0.0009222823413672,ARPA-USDT,0.1634676489471332,0.1639361286115353,
2021-11-22 20:00:00,0.16279,0.16429,0.16208,0.1627299999999999,7649412,1248457.77171,6041,3174730,518264.36462,-6.144770800109445e-05,ARPA-USDT,0.1624389780910156,0.1630687864227297,
2021-11-22 21:00:00,0.1627,0.16455,0.16159,0.16454,8361144,1363600.12805,6375,4075316,665225.13649,0.0014607425441266,ARPA-USDT,0.162524415642026,0.1625115798454903,
2021-11-22 22:00:00,0.16442,0.16498,0.16347,0.16472,5681404,933473.85635,4033,2348773,386055.24031,0.0011548045949065,ARPA-USDT,0.1644105482323537,0.1643504538033129,
2021-11-22 23:00:00,0.16472,0.16483,0.16313,0.16392,4014465,658112.81538,3169,1949274,319691.37385,0.0009159186664224,ARPA-USDT,0.1646337208609286,0.1640799302336003,
2021-11-23 00:00:00,0.16392,0.16566,0.16199,0.16492,7219347,1184792.54022,5314,3209607,527023.82702,0.0008496176720476,ARPA-USDT,0.1639308390667963,0.1639132600655222,0.0001
2021-11-23 01:00:00,0.16492,0.1718299999999999,0.16459,0.16705,21786098,3659133.35074,12936,10861433,1824399.03489,0.0005989817310572,ARPA-USDT,0.1649771867056967,0.1653269722836191,
2021-11-23 02:00:00,0.167,0.16772,0.16538,0.16726,7499036,1249194.99328,5372,3510645,584810.76057,0.0007179609907861,ARPA-USDT,0.1674805705475796,0.1666497666083752,
2021-11-23 03:00:00,0.16729,0.1693599999999999,0.16635,0.16689,9738372,1635411.51926,6509,4489103,754163.57006,0.0010797192729889,ARPA-USDT,0.1672391144548168,0.1677845095625474,
2021-11-23 04:00:00,0.16694,0.16823,0.1665,0.16762,4925528,824306.6245500001,3501,2323513,388919.67356,0.0015535372848947,ARPA-USDT,0.166752504941254,0.1669850185291462,
2021-11-23 05:00:00,0.16755,0.16852,0.16501,0.16627,5855489,974818.52535,4763,2095554,348967.54741,0.000842713537591,ARPA-USDT,0.1676249294786234,0.1676833343426031,
2021-11-23 06:00:00,0.16617,0.16668,0.165,0.16575,5054326,837709.74258,4217,2266628,375775.55505,0.0006640907993238,ARPA-USDT,0.1661070412987418,0.166136333448371,
2021-11-23 07:00:00,0.16585,0.1663599999999999,0.16271,0.16337,8611366,1410749.41997,6129,3410893,559047.3404,0.002639008223886,ARPA-USDT,0.1658811390090148,0.1661176687235917,
2021-11-23 08:00:00,0.16329,0.16418,0.16061,0.16205,8910898,1444472.52785,7643,3461900,561567.2130400001,0.0012975778546711,ARPA-USDT,0.1633275943457027,0.1634021218270145,0.000102
2021-11-23 09:00:00,0.1621,0.16369,0.1587299999999999,0.1616,15453425,2497376.40799,10414,6758185,1093379.1666,0.0009910802775023,ARPA-USDT,0.162020155936499,0.1623419317638743,
2021-11-23 10:00:00,0.1616,0.16368,0.16061,0.16097,9791071,1586778.96084,6061,4154657,673557.73858,0.0012440131865398,ARPA-USDT,0.1614246716097707,0.1610979043047379,
2021-11-23 11:00:00,0.16087,0.16112,0.15843,0.15888,9629512,1537499.70126,5564,4097028,654306.88127,0.0021445691938943,ARPA-USDT,0.1609752226843929,0.1606457535267525,
2021-11-23 12:00:00,0.15891,0.15968,0.1573,0.15859,9073417,1437426.66688,6006,3619939,573555.95033,0.0,ARPA-USDT,0.1589386868573597,0.1592426318672057,
2021-11-23 13:00:00,0.15862,0.16067,0.15854,0.16042,10648316,1700492.02688,5727,5061578,808227.35326,0.0009359206339303,ARPA-USDT,0.1587813680081096,0.1590947699101537,
2021-11-23 14:00:00,0.1604,0.16163,0.15955,0.16127,8218491,1318707.04683,5465,4126560,662240.28103,0.0014904055145004,ARPA-USDT,0.160556892914574,0.16007793310818,
2021-11-23 15:00:00,0.1613099999999999,0.1619799999999999,0.16,0.16101,7976434,1284840.23929,5120,3763920,606639.58207,0.0017420518882595,ARPA-USDT,0.1612351589493134,0.1608442058472614,
2021-11-23 16:00:00,0.16102,0.16159,0.1595599999999999,0.16044,8269047,1328548.73669,5629,3140978,504907.56364,0.0022488755622189,ARPA-USDT,0.1610564890613501,0.1610492922477944,0.00026039
2021-11-23 17:00:00,0.16037,0.16113,0.15941,0.16005,6604151,1059144.30721,4415,2730058,437979.66352,0.0015644555694618,ARPA-USDT,0.1603570199516572,0.1603329760074862,
2021-11-23 18:00:00,0.16004,0.16011,0.15888,0.1594799999999999,6068997,967833.05795,4024,2688519,428953.59831,0.0016329606833305,ARPA-USDT,0.1599196314558881,0.1598398674288712,
2021-11-23 19:00:00,0.15945,0.16052,0.15903,0.1603,4993726,796996.31084,3637,2370416,378368.10545,0.0011866841546437,ARPA-USDT,0.1595696048841266,0.159542017715169,
2021-11-23 20:00:00,0.1603,0.16046,0.1596,0.15994,5007656,800698.04585,3691,2467288,394599.61529,0.001690987662053,ARPA-USDT,0.1603498435873713,0.1603276448502394,
2021-11-23 21:00:00,0.15995,0.15999,0.15805,0.1587,6072819,965360.16105,3953,2194811,348982.97713,0.002147006819904,ARPA-USDT,0.1598909257097439,0.1598096668346323,
2021-11-23 22:00:00,0.15869,0.15987,0.15764,0.15843,5057894,803769.71423,3725,2362773,375543.69549,0.0008844525870237,ARPA-USDT,0.1586497936359673,0.1588031204278655,
2021-11-23 23:00:00,0.15843,0.15883,0.15775,0.15864,3200628,506943.36627,2780,1623901,257226.60933,0.0014519285398648,ARPA-USDT,0.1586803378492466,0.1585676009380585,
2021-11-24 00:00:00,0.15866,0.15968,0.15861,0.15957,3556755,566374.41892,3189,1923831,306390.03826,0.0016949152542371,ARPA-USDT,0.1587522950073922,0.1588633395214337,0.00044274
2021-11-24 01:00:00,0.1595099999999999,0.15959,0.15661,0.15709,5215239,824003.71431,3981,1573492,248661.23761,0.0016578460753682,ARPA-USDT,0.1595526677192564,0.159462247830401,
2021-11-24 02:00:00,0.1571,0.15732,0.154,0.15472,8722910,1353295.47644,6411,3190106,494878.53163,0.0011647469910702,ARPA-USDT,0.1571876759704278,0.1569144102647209,
2021-11-24 03:00:00,0.15469,0.15584,0.15462,0.15508,3328476,517253.82813,2876,1815985,282190.31965,0.0016793695904919,ARPA-USDT,0.1548369712825579,0.1548084296492096,
2021-11-24 04:00:00,0.1551,0.15633,0.15499,0.15596,3586864,558160.49763,2844,1680101,261496.38691,0.0012197470629773,ARPA-USDT,0.1551329086047873,0.155109922875102,
2021-11-24 05:00:00,0.15595,0.15685,0.15529,0.15566,3980690,621330.54531,3062,1574273,245701.58637,0.0014797658109759,ARPA-USDT,0.1559036381102686,0.1558661831222842,
2021-11-24 06:00:00,0.15563,0.1559299999999999,0.1524,0.154,10919912,1679002.39185,6655,4286325,658863.837,-0.0001947672531324,ARPA-USDT,0.1556091380307763,0.1557730500675117,
2021-11-24 07:00:00,0.15405,0.15449,0.15329,0.1541,4671784,719109.32893,3338,2396277,368954.46062,0.0008443203221406,ARPA-USDT,0.1539585780602548,0.153911312105876,
2021-11-24 08:00:00,0.15411,0.15695,0.15402,0.15539,8831370,1372985.66595,5975,4210526,654326.30408,0.001482340809487,ARPA-USDT,0.154185575188579,0.1541823802784559,0.00035563
2021-11-24 09:00:00,0.15539,0.1567599999999999,0.15436,0.15436,6554179,1020449.01516,4466,3207391,499745.68809,0.0012973533990658,ARPA-USDT,0.1555437681044087,0.155561280625335,
2021-11-24 10:00:00,0.15436,0.1552,0.1530099999999999,0.1534599999999999,5516898,850733.74017,3935,2215162,341726.49602,0.0015010115512621,ARPA-USDT,0.1543495737917913,0.1546400927580494,
2021-11-24 11:00:00,0.1535099999999999,0.15611,0.1535,0.1551799999999999,4770788,739215.19586,3549,2308548,357751.15081,0.0010321248871107,ARPA-USDT,0.1536673800440344,0.1537412775373411,
2021-11-24 12:00:00,0.15522,0.15986,0.1547,0.15868,14107256,2221734.94922,8993,6674069,1050837.09546,-0.0001260239445496,ARPA-USDT,0.1552094062413697,0.1550482247760474,
2021-11-24 13:00:00,0.15874,0.15879,0.1528,0.15313,13878216,2166444.2605,10009,5378730,840064.63153,0.000653466640528,ARPA-USDT,0.1584784583233156,0.1576573943490939,
2021-11-24 14:00:00,0.15307,0.15466,0.14969,0.15174,14898109,2259320.21158,10450,6133504,931144.25196,0.0004615283180591,ARPA-USDT,0.153088242479161,0.1535120104695991,
2021-11-24 15:00:00,0.1518,0.15463,0.15116,0.15382,7953554,1214278.48364,5135,3867410,590213.36655,0.0011064106736089,ARPA-USDT,0.152150278894917,0.1523809588810951,
2021-11-24 16:00:00,0.15378,0.15378,0.1506,0.15093,7804599,1185239.47167,5230,3221580,489048.34519,0.0011276200583709,ARPA-USDT,0.1532301491923234,0.1534081293153987,0.0001
2021-11-24 17:00:00,0.1509599999999999,0.15175,0.14726,0.14775,13133257,1953238.08179,7910,5097040,757940.39013,0.000812842918106,ARPA-USDT,0.1509790221062137,0.1514075108976303,
2021-11-24 18:00:00,0.14777,0.1493799999999999,0.14765,0.14877,7861558,1168342.52695,4125,3484127,517796.19588,0.0016832749798008,ARPA-USDT,0.1478310294196994,0.148142044534195,
2021-11-24 19:00:00,0.14878,0.15029,0.14781,0.14981,9027760,1344800.86762,4298,4571477,681464.91467,0.0005342950644493,ARPA-USDT,0.1487125275819085,0.1491085410685498,
2021-11-24 20:00:00,0.14982,0.15394,0.14912,0.15389,7995390,1209879.40947,5043,4258711,644468.2174,0.0009105691056909,ARPA-USDT,0.1500036216017659,0.1495808952494402,
2021-11-24 21:00:00,0.1539,0.15513,0.15263,0.153,9869216,1517201.631,6790,4517971,694385.51456,0.000981354268891,ARPA-USDT,0.1541490254017381,0.1544912216420705,
2021-11-24 22:00:00,0.15303,0.15358,0.1503,0.15113,7472620,1134718.46104,3640,2627212,399419.29523,0.0008609271523178,ARPA-USDT,0.1530825809234516,0.1532558677487532,
2021-11-24 23:00:00,0.15113,0.1519299999999999,0.15047,0.15172,3218860,486995.28967,2441,1803956,272979.60331000003,0.0021798005152255,ARPA-USDT,0.1513671827601061,0.1515440083485542,
2021-11-25 00:00:00,0.15169,0.15587,0.15066,0.15507,8552150,1314133.07215,5894,4489296,689787.64035,0.0014854042882976,ARPA-USDT,0.1520018228493929,0.1521298963202042,0.00022912
2021-11-25 01:00:00,0.155,0.15545,0.1532099999999999,0.15347,6507498,1002888.13684,4154,2701515,416327.52432,0.0010436370752071,ARPA-USDT,0.1552390760063755,0.1552738796886481,
2021-11-25 02:00:00,0.15349,0.15623,0.15325,0.15619,4819889,744478.35489,3382,2651726,409414.90258,0.0008330129437394,ARPA-USDT,0.1535636703724291,0.1535225208264209,
2021-11-25 03:00:00,0.1562,0.157,0.15534,0.15588,5188113,810271.05412,3834,2399113,374630.37758,0.0011560693641616,ARPA-USDT,0.156270515284854,0.1561353575294007,
2021-11-25 04:00:00,0.15583,0.15723,0.1545,0.15595,6321300,984424.01156,3826,3137962,488913.6696,0.0001282626819725,ARPA-USDT,0.1561276296580167,0.1563834370339484,
2021-11-25 05:00:00,0.15595,0.15907,0.15557,0.15657,13536997,2129798.3076,7210,6698107,1054294.07845,0.0014070994563479,ARPA-USDT,0.1558768195899975,0.1558593726456759,
2021-11-25 06:00:00,0.15658,0.16159,0.15511,0.16144,31754912,5037933.43873,16510,17139403,2721648.83273,0.0019239123688947,ARPA-USDT,0.1556769792071889,0.1554423956314297,
2021-11-25 07:00:00,0.16129,0.16958,0.161,0.16669,112282751,18681294.60542,55933,53046247,8816398.87318,0.0028879128812948,ARPA-USDT,0.1612854070589287,0.1620746009293188,
2021-11-25 08:00:00,0.16672,0.16687,0.16162,0.16315,44294391,7264242.87339,25278,18468863,3029757.49411,0.0014732060646982,ARPA-USDT,0.1662044933332424,0.165316085121693,0.00026681
2021-11-25 09:00:00,0.16316,0.1667,0.16224,0.16538,29714663,4884748.0195,16884,13319486,2190337.57201,0.0020601066408143,ARPA-USDT,0.1633708902791145,0.1637816235775416,
2021-11-25 10:00:00,0.16538,0.1658,0.16132,0.16427,28149484,4609214.21967,16665,12631169,2070316.06789,0.0014020970495001,ARPA-USDT,0.1655238511389072,0.1650729502913874,
2021-11-25 11:00:00,0.16438,0.1646,0.1618,0.16257,20050584,3270007.5442500003,12502,7994659,1303653.29533,0.0017253065500031,ARPA-USDT,0.1644519761278013,0.1636684000372047,
2021-11-25 12:00:00,0.16257,0.16484,0.1624799999999999,0.16334,18013138,2947121.01237,10699,7886119,1290213.06445,0.0009191739689933,ARPA-USDT,0.1626330266338133,0.1631618192629839,
2021-11-25 13:00:00,0.16338,0.16426,0.16192,0.16365,16915427,2760269.83375,8683,6571292,1072346.5456,0.0009786531286317,ARPA-USDT,0.163397963239373,0.1629247022187738,
2021-11-25 14:00:00,0.16371,0.16589,0.1625599999999999,0.1629799999999999,19368038,3176603.62182,9589,9294632,1524631.45589,0.0012286521685704,ARPA-USDT,0.1639085455819535,0.1640629796979058,
2021-11-25 15:00:00,0.16299,0.1640599999999999,0.16221,0.16366,13489933,2199523.62774,8965,5997725,977991.05169,0.0015911872705018,ARPA-USDT,0.1630378708494027,0.1633227679589008,
2021-11-25 16:00:00,0.16374,0.16397,0.15935,0.15992,23580123,3811184.37258,11916,9014035,1458308.52943,0.0018794637263499,ARPA-USDT,0.1637155230584721,0.1635429950182269,0.00069183
2021-11-25 17:00:00,0.15993,0.1622,0.159,0.1615599999999999,20006702,3214442.35874,10967,9297585,1494802.77613,0.001674003348006,ARPA-USDT,0.159923716154118,0.1603544258334526,
2021-11-25 18:00:00,0.1616,0.16226,0.16063,0.16222,10792335,1743422.65355,5404,5077312,820392.2461,0.0017290354452266,ARPA-USDT,0.1615198682130426,0.1614059701422578,
2021-11-25 19:00:00,0.16226,0.16234,0.1595599999999999,0.16059,9525548,1530189.1938,5202,4339682,697098.38485,0.0017466159316323,ARPA-USDT,0.1621676944566071,0.1619261050339921,
2021-11-25 20:00:00,0.16059,0.16145,0.1588,0.1593099999999999,9626930,1540263.28594,5466,3981026,637600.51395,0.0011940673705372,ARPA-USDT,0.1606130931640814,0.1609097481674974,
2021-11-25 21:00:00,0.1593,0.16,0.15759,0.15893,11182802,1775397.52503,5787,4928009,782557.83443,0.0015754978573228,ARPA-USDT,0.1593343390949947,0.159671502684213,
2021-11-25 22:00:00,0.15886,0.16007,0.15803,0.15984,6904708,1098243.99553,4048,3409865,542593.61222,0.001002004008016,ARPA-USDT,0.1589292302814349,0.1588980668134453,
2021-11-25 23:00:00,0.15977,0.1605599999999999,0.15843,0.1589799999999999,6060481,967668.00939,3152,2797724,446812.7125,0.0011965489010636,ARPA-USDT,0.1597546999543222,0.159786107613015,
2021-11-26 00:00:00,0.15899,0.15912,0.15646,0.15664,7847675,1239051.20346,3974,2817867,445437.56331,0.0017266739144337,ARPA-USDT,0.1590082472108044,0.1587321639711241,0.00051678
2021-11-26 01:00:00,0.15666,0.15845,0.15642,0.15785,5224204,823076.2572,2995,2836204,446916.27893,0.0018405686722517,ARPA-USDT,0.1565910936000561,0.1568510561149567,
2021-11-26 02:00:00,0.15782,0.15845,0.1557,0.15758,6513382,1023491.27719,4270,2971519,467356.89678,0.0016526824307145,ARPA-USDT,0.1578370035046729,0.1574685784962441,
2021-11-26 03:00:00,0.15759,0.15825,0.15664,0.15673,4765808,750789.96543,3257,2155488,339670.7344,0.0005106926268751,ARPA-USDT,0.1575900523613963,0.1574668820131328,
2021-11-26 04:00:00,0.15671,0.1588,0.15656,0.15814,4672208,736916.42013,3543,2545411,401467.42194,0.0041272461743604,ARPA-USDT,0.1566879841406198,0.1567004537754864,
2021-11-26 05:00:00,0.15808,0.15808,0.15431,0.15686,8019443,1248265.20521,6216,3238438,504160.72138,0.0016602809706258,ARPA-USDT,0.1577471167112487,0.1568234358623244,
2021-11-26 06:00:00,0.1568099999999999,0.15814,0.15559,0.15774,7449223,1167472.68588,4420,3456386,541873.98058,0.0013966480446927,ARPA-USDT,0.1566128258793408,0.1568961538869127,
2021-11-26 07:00:00,0.15767,0.15783,0.1507099999999999,0.15319,14196934,2180593.51888,8391,5477305,840855.8306,0.0003264986287057,ARPA-USDT,0.1576744707837809,0.1576331990639047,
2021-11-26 08:00:00,0.15319,0.15323,0.13,0.14392,87996488,12420869.87724,48118,36471077,5129670.46202,0.0004866180048661,ARPA-USDT,0.1526397446401424,0.1515500592761149,0.00025508
2021-11-26 09:00:00,0.14393,0.14573,0.14114,0.14269,30466919,4367329.98267,15485,13526546,1940179.10771,-0.0009801862353847,ARPA-USDT,0.1435050294727531,0.1430121710387263,
2021-11-26 10:00:00,0.14273,0.14343,0.1411099999999999,0.1420799999999999,12268341,1745716.06564,6884,6200701,882506.40971,0.0008453085376154,ARPA-USDT,0.1424829470373632,0.1426270514617354,
2021-11-26 11:00:00,0.1420799999999999,0.1445,0.14005,0.14039,15799785,2243296.67882,8352,7233676,1027596.88497,0.0009982174688054,ARPA-USDT,0.1420364490395952,0.1419154524059768,
2021-11-26 12:00:00,0.14044,0.14445,0.14009,0.1434099999999999,15285745,2179413.01362,8089,7083612,1010264.95241,-0.0002788428023707,ARPA-USDT,0.140688956293848,0.1407073142832837,
2021-11-26 13:00:00,0.14347,0.1449,0.14177,0.14434,9135733,1307622.8328,4758,4363373,624872.12588,0.0002078858013998,ARPA-USDT,0.1434920754657553,0.1427978485772961,
2021-11-26 14:00:00,0.1443299999999999,0.1459,0.14339,0.14444,10115604,1463295.16988,5509,5253270,759892.04475,-0.0001384466288245,ARPA-USDT,0.1442280524501884,0.1440188286078078,
2021-11-26 15:00:00,0.14443,0.14443,0.14232,0.14296,7836724,1122223.50385,4323,3264561,467468.42924,-0.0002797202797201,ARPA-USDT,0.1439824523482727,0.1437915761839816,
2021-11-26 16:00:00,0.14295,0.14444,0.1412,0.1436,7473403,1066726.46881,5429,3398027,485091.91506,6.964273278087241e-05,ARPA-USDT,0.1429496425661607,0.1423803066377347,0.0001
2021-11-26 17:00:00,0.14357,0.1459,0.14307,0.14418,9973161,1442620.07042,5215,4996835,722781.39871,-0.0002080299563137,ARPA-USDT,0.1438327976621625,0.1435586164890453,
2021-11-26 18:00:00,0.14414,0.14437,0.14232,0.14337,6730906,966089.61033,3882,3171587,455157.6298,-0.0005576856047403,ARPA-USDT,0.1440437925500589,0.1438968064722007,
2021-11-26 19:00:00,0.14336,0.14461,0.1428,0.14424,4769654,686605.17935,3516,2234860,321664.86606,-0.0002079434393844,ARPA-USDT,0.1429770153773361,0.1433907213239297,
2021-11-26 20:00:00,0.14417,0.146,0.14319,0.14532,5903579,853334.16595,3777,2826654,408586.30516,-6.880891763560992e-05,ARPA-USDT,0.144121480334384,0.1437679045535261,
2021-11-26 21:00:00,0.14534,0.14735,0.14331,0.14348,9484460,1379066.08498,5817,4619058,672356.25303,0.0004881110103895,ARPA-USDT,0.1453405121362349,0.1459872116193175,
2021-11-26 22:00:00,0.14348,0.1456299999999999,0.14251,0.14303,5647923,813210.23828,3726,2705536,389724.8008,0.0004196684619148,ARPA-USDT,0.1433600654520229,0.1434282848378585,
2021-11-26 23:00:00,0.1429099999999999,0.14439,0.14143,0.14312,6775992,965865.24533,4390,3165273,451258.90772,0.000699202908684,ARPA-USDT,0.1430620343635356,0.1431229269063431,
2021-11-27 00:00:00,0.1430799999999999,0.14535,0.14163,0.1440799999999999,7255701,1043723.85786,5960,3398185,488904.5545,0.0005555555555549,ARPA-USDT,0.143269068432383,0.1429870136305772,0.0001
2021-11-27 01:00:00,0.14407,0.14757,0.14342,0.14712,7299034,1061299.32343,4346,4198754,610739.98924,0.0,ARPA-USDT,0.1445795386648846,0.1446287805390555,
2021-11-27 02:00:00,0.1471,0.14818,0.14581,0.14783,4389917,646482.51425,3257,2012739,296565.94632,-0.0004057069443506,ARPA-USDT,0.147082448673376,0.147224970911483,
2021-11-27 03:00:00,0.14784,0.14864,0.14625,0.14642,4468927,659095.89844,3281,1918316,283165.87123,-0.000204848071014,ARPA-USDT,0.1478751640527278,0.1480000582617863,
2021-11-27 04:00:00,0.14642,0.14857,0.14589,0.14751,4427536,650476.69207,3200,2497901,367099.68086,0.0001356024137229,ARPA-USDT,0.1465618463200657,0.1465728218972817,
2021-11-27 05:00:00,0.1474,0.14839,0.1439,0.144,3981743,581983.71041,2863,1371632,200699.23239,0.0002778549597108,ARPA-USDT,0.147526150957771,0.14786666138386,
2021-11-27 06:00:00,0.14403,0.14586,0.14397,0.14457,3992171,578404.82972,3318,2345859,339914.55142000003,0.0011079565127067,ARPA-USDT,0.144371842559988,0.1451632052194556,
2021-11-27 07:00:00,0.14456,0.14499,0.14364,0.14413,3494569,503955.20395,2902,1292798,186510.08429,0.0014591439688718,ARPA-USDT,0.1444409434423424,0.1446725516244657,
2021-11-27 08:00:00,0.14412,0.14775,0.14407,0.14689,6516817,952618.36906,4755,3036295,443889.81066,0.001226910231068,ARPA-USDT,0.1441288109991558,0.1444419019738115,0.0001
2021-11-27 09:00:00,0.14686,0.15133,0.14658,0.14828,24647803,3689624.3741,14795,13067629,1956107.46412,0.0007423904974015,ARPA-USDT,0.1469008698589012,0.1469101455102565,
2021-11-27 10:00:00,0.14829,0.15255,0.146,0.14785,24481555,3633040.15712,13211,10937074,1625408.49794,0.0005413818772417,ARPA-USDT,0.14876075822499,0.149360225830395,
2021-11-27 11:00:00,0.14787,0.15069,0.14673,0.14849,10178144,1511390.71901,6418,5925529,879947.14253,0.0013487086115044,ARPA-USDT,0.1479856081208687,0.1478514353263552,
2021-11-27 12:00:00,0.14837,0.154,0.14701,0.15347,16459247,2481772.20234,10017,8591996,1296982.05557,0.0011742448952964,ARPA-USDT,0.1485133840988128,0.148485438391194,
2021-11-27 13:00:00,0.15347,0.15866,0.15207,0.156,86192789,13403766.18866,48253,40620455,6316676.31301,0.0002564760194923,ARPA-USDT,0.153205790676275,0.1532564004430306,
2021-11-27 14:00:00,0.156,0.15743,0.153,0.15369,36829244,5713311.17304,20943,15277901,2371836.66332,0.0012377850162865,ARPA-USDT,0.1564426099710425,0.1560167301818537,
2021-11-27 15:00:00,0.15366,0.15466,0.1534,0.15412,10074130,1552658.40226,7705,4783292,737421.48936,0.0015596568754874,ARPA-USDT,0.1535864303729625,0.1538809691848461,
2021-11-27 16:00:00,0.15409,0.15569,0.1530099999999999,0.1536,15059412,2326643.10546,10766,6977384,1078364.21115,0.001564945226917,ARPA-USDT,0.1539540869715758,0.1540757689573081,0.0001
2021-11-27 17:00:00,0.15363,0.1539,0.15153,0.15215,12641292,1929993.48569,8532,5174999,790473.30044,0.0005260735187742,ARPA-USDT,0.153706046889961,0.1535096473286653,
2021-11-27 18:00:00,0.1522599999999999,0.15283,0.14724,0.14998,27817540,4154379.84426,15341,9994608,1493676.27564,0.0003334889615154,ARPA-USDT,0.1524171618615367,0.1524837071170898,
2021-11-27 19:00:00,0.14997,0.15052,0.14872,0.14948,5117666,766579.95414,3293,2438998,365460.82609,0.0005354752342703,ARPA-USDT,0.1501709566947177,0.1500276518255195,
2021-11-27 20:00:00,0.14948,0.15017,0.14425,0.14513,17160237,2511809.82324,10569,6256169,916937.63189,-0.000275539023214,ARPA-USDT,0.1495589423104812,0.1497969804317917,
2021-11-27 21:00:00,0.14502,0.14755,0.14414,0.14685,9220470,1342821.99914,6548,4509497,657230.03697,-0.0004764497685814,ARPA-USDT,0.1449857099253466,0.1455478212770874,
2021-11-27 22:00:00,0.14686,0.14772,0.1466,0.14715,4609595,678027.54085,2980,2340573,344303.11,0.0008842334376275,ARPA-USDT,0.1471149481513266,0.1472727447284067,
2021-11-27 23:00:00,0.14718,0.14731,0.14511,0.1471,5700720,833357.1023200001,3306,2281042,333543.73548000003,0.0003400204012242,ARPA-USDT,0.1470815765458813,0.1470827597658781,
2021-11-28 00:00:00,0.14703,0.14856,0.14512,0.14769,11540503,1699242.04167,7583,6095828,898035.79818,0.0010845251813189,ARPA-USDT,0.1465481403184919,0.1468984071385062,0.0001
2021-11-28 01:00:00,0.1476299999999999,0.14809,0.14113,0.14237,14193474,2041928.89576,9282,5192632,748564.5782400001,0.0002810370266281,ARPA-USDT,0.1477552170181222,0.147720945185465,
2021-11-28 02:00:00,0.14234,0.14353,0.136,0.13994,22136110,3078684.51205,13674,8308855,1156966.19484,0.0,ARPA-USDT,0.1421533688796042,0.1418142388364921,
2021-11-28 03:00:00,0.14001,0.14043,0.13731,0.13887,8466395,1175966.59764,4926,3987746,554296.96249,0.0005043227665704,ARPA-USDT,0.1402619381339716,0.1400733145321489,
2021-11-28 04:00:00,0.13889,0.14042,0.13812,0.1388,7856910,1093795.85593,4892,4302945,598979.52056,-0.000216091622848,ARPA-USDT,0.1389232545077481,0.1393902005551983,
2021-11-28 05:00:00,0.13882,0.14176,0.13852,0.14169,8578335,1206086.18417,4744,4467109,628296.23766,0.000635593220339,ARPA-USDT,0.1387451790135973,0.1394343030038423,
2021-11-28 06:00:00,0.14171,0.14314,0.14046,0.1426599999999999,4664590,661548.59056,3910,2424729,343873.15131,0.0001402131239478,ARPA-USDT,0.1416801846567808,0.1414778997689151,
2021-11-28 07:00:00,0.1426599999999999,0.14396,0.1419,0.1431599999999999,5319947,761421.80166,4056,2394595,342837.70166,-0.0005585032113941,ARPA-USDT,0.1426929535136857,0.1424090179903719,
2021-11-28 08:00:00,0.14311,0.14372,0.1415799999999999,0.1428,6990465,998063.48715,4482,2868927,409679.34214,0.0007709019552877,ARPA-USDT,0.1431259022404941,0.1430698688377794,0.0001
2021-11-28 09:00:00,0.1428,0.1436599999999999,0.13973,0.14309,9380941,1329355.83046,5922,3957094,561584.42008,-0.000837930312129,ARPA-USDT,0.1428087332428462,0.1427944115575352,
2021-11-28 10:00:00,0.14309,0.1446599999999999,0.14211,0.1437,6562893,940309.84464,4205,2884117,413124.83999,0.0,ARPA-USDT,0.1428592303758629,0.1425591317972457,
2021-11-28 11:00:00,0.14369,0.14434,0.14255,0.14323,5800287,830493.90166,3405,2552038,365503.25217,0.0003492107836289,ARPA-USDT,0.1437838382045929,0.1440230706677537,
2021-11-28 12:00:00,0.14323,0.1445,0.14249,0.1444599999999999,5809357,833203.32346,4037,2839887,407323.31855,0.0002077130789994,ARPA-USDT,0.1433226394161781,0.143218917423996,
2021-11-28 13:00:00,0.14448,0.1449,0.14306,0.14356,4590200,660074.2077500001,3144,2120273,304981.74367,0.0006273088450547,ARPA-USDT,0.144623177614935,0.1444183153319534,
2021-11-28 14:00:00,0.14352,0.1440799999999999,0.14079,0.14327,7705210,1100463.24567,5681,3273486,467829.01266,0.0002792711024228,ARPA-USDT,0.1434808445216468,0.1436728416494051,
2021-11-28 15:00:00,0.14329,0.14412,0.14223,0.14332,4866908,697618.81027,3332,2219469,318022.77686,-0.0002092779909312,ARPA-USDT,0.1435015977535451,0.1435276896231998,
2021-11-28 16:00:00,0.14331,0.14367,0.1400799999999999,0.1411,6248155,884114.87063,5109,2808669,397765.10034,0.0003544842254519,ARPA-USDT,0.1433128142539191,0.1433064574958919,0.0001
2021-11-28 17:00:00,0.1411099999999999,0.14239,0.13901,0.13962,6860498,964183.91778,5282,3072488,432064.56054,0.0006450225757901,ARPA-USDT,0.1410787216538063,0.1409024398534289,
2021-11-28 18:00:00,0.1395799999999999,0.14028,0.1363,0.13996,10126857,1402136.01116,7776,4536597,628598.59516,0.0007865570253844,ARPA-USDT,0.1396516033761956,0.139954463849694,
2021-11-28 19:00:00,0.13996,0.14245,0.13968,0.14167,7280269,1029602.74387,5490,3477757,491723.84132,0.0002118045749788,ARPA-USDT,0.1399769663502764,0.1400077942748619,
2021-11-28 20:00:00,0.14172,0.14343,0.14155,0.1429099999999999,6436794,916385.09959,3735,3248184,462450.48131,-0.0002098782706038,ARPA-USDT,0.141882297556644,0.1422061648158573,
2021-11-28 21:00:00,0.143,0.14659,0.14295,0.14572,9793483,1416450.81488,7092,5113802,739451.61422,-6.862005077890032e-05,ARPA-USDT,0.1430718968395281,0.1432404450698987,
2021-11-28 22:00:00,0.14576,0.14672,0.14406,0.14418,8037566,1170357.02018,4687,3292594,479765.96483,-0.0006238303181534,ARPA-USDT,0.1462195141047577,0.1461747082233834,
2021-11-28 23:00:00,0.1442,0.14833,0.1442,0.1481,7958192,1168433.06014,6386,4016650,589338.11475,0.0001350621285793,ARPA-USDT,0.1444211963081168,0.1447747124753629,
2021-11-29 00:00:00,0.14809,0.14911,0.14689,0.14857,8268411,1224513.2297,6116,4247527,629288.35063,-0.0001345985597953,ARPA-USDT,0.1482710671107423,0.1480426197639978,0.0001
2021-11-29 01:00:00,0.14858,0.1496299999999999,0.14801,0.1484,7667899,1139329.44935,4485,4291456,637932.88935,0.0003370407819345,ARPA-USDT,0.1484569814895107,0.1485575069910109,
2021-11-29 02:00:00,0.14835,0.1486299999999999,0.14701,0.1476,3054240,452348.79538,2436,1196533,177334.19519,-0.0001354829968838,ARPA-USDT,0.1483617287498226,0.1483025102664262,
2021-11-29 03:00:00,0.14759,0.14899,0.14739,0.14831,4291069,636568.9766,3549,2267856,336476.73173,0.0001348708611503,ARPA-USDT,0.1475381390190922,0.1476641815616858,
2021-11-29 04:00:00,0.14829,0.14898,0.14767,0.14818,2932114,434907.9796,2376,1171939,173866.9328,0.000810482236931,ARPA-USDT,0.1483335787234042,0.1485582247196496,
2021-11-29 05:00:00,0.1482,0.15125,0.14733,0.1510099999999999,7447471,1112548.4902,5257,3825649,571784.18875,-0.0005294857369786,ARPA-USDT,0.1482130654580849,0.1481568165163278,
2021-11-29 06:00:00,0.151,0.15142,0.14774,0.14831,8140742,1214600.19382,5394,3268275,487655.34891,0.0011475631159714,ARPA-USDT,0.1512238733657406,0.1501163832142719,
2021-11-29 07:00:00,0.14828,0.14969,0.14802,0.14909,3956081,588991.53363,2805,1985374,295591.56012,0.0007383541414955,ARPA-USDT,0.1481688895629257,0.1486039885967671,
2021-11-29 08:00:00,0.14912,0.14949,0.1474099999999999,0.14802,5515252,817724.45759,3858,2408045,357138.94654,0.0014884979702303,ARPA-USDT,0.1493394875118298,0.1492686225255818,0.0001
2021-11-29 09:00:00,0.14801,0.14841,0.1446599999999999,0.14535,7915263,1159943.70699,4796,2918973,428064.38484,0.0010330578512396,ARPA-USDT,0.1479787788434269,0.1479519467840696,
2021-11-29 10:00:00,0.14536,0.14747,0.14512,0.14649,5518935,808030.92092,3561,2558065,374448.59948,0.0012987012987013,ARPA-USDT,0.1454102633535096,0.1455687028648579,
2021-11-29 11:00:00,0.14649,0.1468,0.14533,0.14569,4174581,610081.57103,2980,1922807,281105.41592,0.000343312276847,ARPA-USDT,0.1465576484615384,0.1465417674901506,
2021-11-29 12:00:00,0.14569,0.14689,0.1452,0.14651,4173557,609498.82036,3011,2261399,330357.86094,0.0004096961420281,ARPA-USDT,0.1457800132160253,0.14589828488999,
2021-11-29 13:00:00,0.1464,0.14768,0.14618,0.1475,5400386,793047.06261,3701,2465528,362051.81551,0.0,ARPA-USDT,0.1464640357614548,0.1464262046232689,
2021-11-29 14:00:00,0.14748,0.14793,0.14604,0.14648,5583136,820550.06112,3598,2908836,427594.95851,0.0006147960926292,ARPA-USDT,0.1474196933083921,0.1476518175622848,
2021-11-29 15:00:00,0.14648,0.14664,0.14562,0.1462099999999999,4554894,665454.71485,3096,2226291,325307.20053000003,0.0012326234335404,ARPA-USDT,0.1465729524680073,0.1464202955860087,
2021-11-29 16:00:00,0.14618,0.14752,0.14593,0.1471299999999999,6380285,935972.1093,3912,2962324,434490.98496,0.0010886575491591,ARPA-USDT,0.1462093922026942,0.1462577000300927,0.0001
2021-11-29 17:00:00,0.14709,0.15054,0.1468799999999999,0.15017,15038967,2247055.90536,8270,8178558,1222760.75478,0.0007997334221927,ARPA-USDT,0.1469834991921044,0.1471342335544621,
2021-11-29 18:00:00,0.15015,0.1535,0.14941,0.15111,62234507,9449060.21424,27830,29261726,4443287.4135,0.000794754619511,ARPA-USDT,0.1500983293005197,0.1499013513429735,
2021-11-29 19:00:00,0.15111,0.1516,0.1484599999999999,0.15025,27862391,4173268.00828,13345,11754877,1761202.915,0.0001997070962589,ARPA-USDT,0.1512841064242655,0.1509939678563024,
2021-11-29 20:00:00,0.15025,0.15042,0.14916,0.14967,8472491,1268894.51095,4967,4033636,604266.2631099999,-0.0002004008016032,ARPA-USDT,0.1501994216663277,0.1501124610042448,
2021-11-29 21:00:00,0.14976,0.15095,0.14962,0.15054,8170819,1228926.03481,4041,4141479,622890.27189,0.0004652090117631,ARPA-USDT,0.1498771792911191,0.1498605839770817,
2021-11-29 22:00:00,0.15063,0.1529,0.15035,0.15148,12250232,1856713.91358,5956,5466743,828292.772,0.0011235212477695,ARPA-USDT,0.1506224996637854,0.1506454387912406,
2021-11-29 23:00:00,0.15145,0.1525099999999999,0.15006,0.15042,9672331,1463556.05605,5067,4402285,666317.87174,-0.0011288930207848,ARPA-USDT,0.1511546765815163,0.1508796941391169,
2021-11-30 00:00:00,0.1504599999999999,0.1515,0.1501,0.15078,5968299,899918.4425,4347,3017080,454970.21275,0.0012617039644067,ARPA-USDT,0.1505118033609636,0.1505711781687415,0.0001
2021-11-30 01:00:00,0.15082,0.15103,0.14782,0.14886,8828591,1316475.08301,5026,3171808,472978.68127,0.0007394957983193,ARPA-USDT,0.1508498291284403,0.1506708692479847,
2021-11-30 02:00:00,0.14881,0.1501299999999999,0.14881,0.1494,3848757,575702.96229,2689,1951140,291837.05224,0.0008709050713471,ARPA-USDT,0.1489313386769375,0.1492733233434695,
2021-11-30 03:00:00,0.1493799999999999,0.14958,0.14456,0.14718,13454299,1973721.5419,8875,5304845,778685.75788,0.0005438477226376,ARPA-USDT,0.1494738826337248,0.1493445423913183,
2021-11-30 04:00:00,0.14718,0.14853,0.147,0.14844,5326262,787408.61752,3824,2619053,387207.35103,-0.0002693965517241,ARPA-USDT,0.1470976447794469,0.1474018881994929,
2021-11-30 05:00:00,0.14843,0.1494599999999999,0.14628,0.1463799999999999,5882254,870064.82517,4277,2466776,365091.53578,0.0001366493577474,ARPA-USDT,0.1485233282214659,0.1489981003771323,
2021-11-30 06:00:00,0.14631,0.14692,0.14339,0.14672,9541711,1387802.3439,6406,3889511,566253.5442,0.0004773269689737,ARPA-USDT,0.146436912197134,0.1460163978642293,
2021-11-30 07:00:00,0.14675,0.14782,0.14535,0.14724,7716612,1131091.52163,4957,4004850,586965.49775,0.0003396969902849,ARPA-USDT,0.1462916572192549,0.1463961862715093,
2021-11-30 08:00:00,0.14725,0.1527599999999999,0.14695,0.14906,25857764,3887082.2761,17237,12675131,1905195.61578,0.0006713211600428,ARPA-USDT,0.1471820422758339,0.1477374955170774,0.0001
2021-11-30 09:00:00,0.14902,0.15315,0.14874,0.15141,25711612,3893303.00725,15941,12277569,1859805.4114,0.000925497454882,ARPA-USDT,0.1491404855179035,0.1497079943905145,
2021-11-30 10:00:00,0.15137,0.15157,0.15005,0.15033,9321955,1405224.64189,5575,3986239,601079.71593,0.0021331911205919,ARPA-USDT,0.1512608758311303,0.1512051199397549,
2021-11-30 11:00:00,0.15032,0.1503799999999999,0.14899,0.15015,10023894,1500897.70621,6124,4153922,622214.2040500001,0.0014005602240896,ARPA-USDT,0.1502504209139796,0.1497822409805294,
2021-11-30 12:00:00,0.15015,0.15143,0.14957,0.14982,10215583,1537049.9951,6009,4349120,654814.42691,0.0012697988371315,ARPA-USDT,0.1501700494744665,0.1502042059865325,
2021-11-30 13:00:00,0.14984,0.15025,0.1485,0.1497,9025027,1348649.06183,5046,3458077,516959.16076,0.0022092789716809,ARPA-USDT,0.1500129134311306,0.1493357080590334,
2021-11-30 14:00:00,0.1497,0.15018,0.14912,0.14978,6292009,941586.52658,4061,2860029,428125.84442,0.0014040248712976,ARPA-USDT,0.1496730960747982,0.1498626925068971,
2021-11-30 15:00:00,0.1498,0.15307,0.14739,0.14743,47128892,7127217.33066,18979,20686522,3131184.97828,-6.782419967432674e-05,ARPA-USDT,0.1498308245953863,0.150046379495742,
2021-11-30 16:00:00,0.14753,0.1489599999999999,0.14392,0.14493,29018622,4255606.67779,16415,12850395,1887633.68708,0.000828672053035,ARPA-USDT,0.1479700078034283,0.1472809976791386,0.00015524
2021-11-30 17:00:00,0.14489,0.14632,0.143,0.1461,15251766,2210482.82889,8386,7579973,1099775.45107,0.0013708019191227,ARPA-USDT,0.1450749101547512,0.1448839795718347,
2021-11-30 18:00:00,0.14611,0.14826,0.14523,0.1476,11902284,1747688.57008,6265,5969819,877060.37576,0.0010172939979655,ARPA-USDT,0.1461827281725715,0.1462664015857126,
2021-11-30 19:00:00,0.14764,0.1478,0.14583,0.14658,8047165,1180113.41667,4503,3525148,516922.8736,0.0012979028622173,ARPA-USDT,0.1474147983104038,0.1474420187289383,
2021-11-30 20:00:00,0.1466,0.14678,0.14513,0.1458,8282335,1207628.06753,5426,3477323,507074.07128,0.0015799958782716,ARPA-USDT,0.1466832782195893,0.1465804688286248,
2021-11-30 21:00:00,0.14569,0.1461299999999999,0.1443,0.14509,7311323,1061686.21426,4214,3234814,469864.75729,0.0010349109976541,ARPA-USDT,0.1459285996281498,0.1457318458969097,
2021-11-30 22:00:00,0.14508,0.14598,0.14467,0.14535,3360676,488326.32224,2441,1609677,233920.37797,0.000895193499518,ARPA-USDT,0.1449496237981829,0.1451791454229153,
2021-11-30 23:00:00,0.14536,0.14631,0.14407,0.14453,5064271,736271.33148,3182,2286883,332546.58393,0.0013857132959189,ARPA-USDT,0.1454561617095004,0.1457777982477731,
2021-12-01 00:00:00,0.14454,0.1466599999999999,0.14361,0.14647,4721166,686915.71626,4028,2134281,310700.22424,0.0013673343816229,ARPA-USDT,0.1443711570434698,0.1440812638793198,0.0001
2021-12-01 01:00:00,0.14639,0.14661,0.14543,0.1459599999999999,2502673,365555.22132,2011,1327973,194007.75587,0.0008914489474038,ARPA-USDT,0.1463243958597729,0.1463057304645303,
2021-12-01 02:00:00,0.14594,0.14677,0.14518,0.14639,2557187,373437.72286,2362,1229635,179603.06465,0.0008888281143168,ARPA-USDT,0.1459286320299946,0.1460110563022863,
2021-12-01 03:00:00,0.14639,0.1478799999999999,0.1459599999999999,0.1478,3264429,478976.71696,2517,1516632,222629.58801,0.001015916017609,ARPA-USDT,0.1464034203695692,0.1462626070488897,
2021-12-01 04:00:00,0.14775,0.1479599999999999,0.14628,0.14681,3552067,522157.04658,2471,1242677,182812.66304,0.0010227737624435,ARPA-USDT,0.1477641154118392,0.1477086863111551,
2021-12-01 05:00:00,0.1468799999999999,0.14772,0.14601,0.14627,4217274,620113.45419,2720,1688115,248301.98027,0.0006156792994937,ARPA-USDT,0.1469501836599867,0.1469614072295621,
2021-12-01 06:00:00,0.14628,0.14874,0.14602,0.14724,6190298,912145.53004,4210,2518594,370888.93161,0.0014963950482926,ARPA-USDT,0.1462464171914069,0.1462372201957664,
2021-12-01 07:00:00,0.14723,0.14815,0.14683,0.14777,3942712,582232.90126,3168,1675568,247463.72989,0.0018984337921215,ARPA-USDT,0.1472145412455168,0.1471056739784866,
2021-12-01 08:00:00,0.14779,0.14817,0.14517,0.14573,7891078,1157752.91801,5165,3218758,472292.91283,0.000892857142857,ARPA-USDT,0.1478135167914532,0.1476620231568244,0.0001
2021-12-01 09:00:00,0.14576,0.15044,0.1454099999999999,0.14825,10865299,1611773.16411,7609,5253807,778214.66162,0.0016891891891892,ARPA-USDT,0.1455467266090298,0.1457333323638445,
2021-12-01 10:00:00,0.14822,0.14859,0.14669,0.14717,5687637,839548.99983,4218,2471020,364803.61237,0.0013608219364495,ARPA-USDT,0.148285513049366,0.1481878475511209,
2021-12-01 11:00:00,0.1472099999999999,0.14726,0.1456599999999999,0.14654,4894966,717311.46942,3905,2206919,323427.42558,0.0013666803334699,ARPA-USDT,0.1471676834604325,0.1468576656869693,
2021-12-01 12:00:00,0.14657,0.14783,0.14618,0.1464599999999999,6161357,906242.31819,3931,2356362,346669.51281,0.0012305168170625,ARPA-USDT,0.1467564372160639,0.1467315607086032,
2021-12-01 13:00:00,0.14645,0.1474,0.14625,0.14682,5873892,863029.56142,3651,2910348,427649.99774,0.0012957784900771,ARPA-USDT,0.1464449226785585,0.1467850816824801,
2021-12-01 14:00:00,0.14683,0.1478799999999999,0.1467,0.1476599999999999,5010547,737394.60035,3351,2189448,322276.85688,0.0004742868758038,ARPA-USDT,0.1469066770002214,0.1468903935835804,
2021-12-01 15:00:00,0.1477,0.14779,0.14676,0.1473,4920945,724573.94804,3246,2023747,297917.45785,0.0010193679918448,ARPA-USDT,0.147561030888203,0.1473603984547749,
2021-12-01 16:00:00,0.14734,0.14856,0.14697,0.14712,7378558,1090352.85404,4792,3459339,511356.54683,0.0011568560734944,ARPA-USDT,0.147444383579857,0.1473540718393907,0.00018552
2021-12-01 17:00:00,0.14714,0.14782,0.14648,0.14715,6309117,928378.87432,3637,3806794,560309.33316,0.0017018379850237,ARPA-USDT,0.1472739713280723,0.1473979055998737,
2021-12-01 18:00:00,0.1471,0.1535,0.14703,0.15185,71413559,10825153.14729,36496,33526912,5081254.27171,0.0007249242124687,ARPA-USDT,0.1472188309913031,0.1475552881824292,
2021-12-01 19:00:00,0.15184,0.15285,0.14869,0.15134,28819411,4356638.80951,14740,12082432,1828215.59238,0.0011907912146071,ARPA-USDT,0.1515235243302205,0.151380140925549,
2021-12-01 20:00:00,0.15128,0.15139,0.14651,0.1483,23206508,3460124.04342,12624,9722897,1450634.6716,0.0008773705878382,ARPA-USDT,0.1511856255574961,0.1507792795562962,
2021-12-01 21:00:00,0.1483799999999999,0.15189,0.1461299999999999,0.15158,16939034,2518451.97965,11653,8365792,1244755.04407,0.0023143556172715,ARPA-USDT,0.1479998855135067,0.1479011478320261,
2021-12-01 22:00:00,0.1514599999999999,0.15866,0.15125,0.15279,73179126,11324209.30216,41085,34119102,5279178.12393,-6.54450261778905e-05,ARPA-USDT,0.1516213589226538,0.1529119742918405,
2021-12-01 23:00:00,0.15286,0.15994,0.15191,0.15871,36809841,5721196.15847,20478,18360402,2854908.73781,6.301197227465138e-05,ARPA-USDT,0.1529151580503295,0.152578718157351,
2021-12-02 00:00:00,0.15871,0.15871,0.1519299999999999,0.15373,30913933,4804511.1088000005,19194,13381507,2082723.51556,0.0001301151519093,ARPA-USDT,0.1580370953924983,0.1569501929034572,0.0001
2021-12-02 01:00:00,0.15377,0.1595,0.15274,0.15488,22210304,3472462.16491,13981,11043032,1726106.57294,0.0001937358734258,ARPA-USDT,0.1535430680055074,0.1560086907579174,
2021-12-02 02:00:00,0.15491,0.1552,0.15,0.151,13083197,1987928.57422,8594,5512799,837015.59366,0.0015255024209059,ARPA-USDT,0.1547994031435026,0.1545681604091657,
2021-12-02 03:00:00,0.151,0.15108,0.1434099999999999,0.14506,24865798,3634722.80272,16178,10421192,1521778.94361,-0.0002067682128333,ARPA-USDT,0.1509461717688615,0.1497592352025586,
2021-12-02 04:00:00,0.14507,0.14581,0.1442,0.14468,9571570,1386868.87285,5875,5034634,729650.23526,0.0006916585973164,ARPA-USDT,0.1449228685410334,0.1452314611295306,
2021-12-02 05:00:00,0.14465,0.1459099999999999,0.14423,0.14497,8723733,1265728.34678,5066,4646690,674344.9576,0.0010357685402566,ARPA-USDT,0.1443902763462385,0.144572933179722,
2021-12-02 06:00:00,0.14495,0.14565,0.14426,0.14543,7875683,1142834.0862,4232,3574808,518861.71504,0.0006192376496492,ARPA-USDT,0.1448246073066263,0.1450112093247695,
2021-12-02 07:00:00,0.14544,0.15148,0.1454099999999999,0.1503,21428930,3183884.01499,13967,10051724,1491483.2589,-6.652917304239558e-05,ARPA-USDT,0.1455216729254222,0.145905604404663,
2021-12-02 08:00:00,0.15027,0.15765,0.15009,0.15088,56669161,8722464.46562,37476,24862494,3829239.37526,0.0009287514926361,ARPA-USDT,0.1505692092049407,0.1509384505941933,0.0001
2021-12-02 09:00:00,0.15093,0.15279,0.14866,0.14987,19174446,2883683.92647,11615,8529424,1283860.33592,0.001269374665954,ARPA-USDT,0.1511767952708566,0.151849674442038,
2021-12-02 10:00:00,0.1498,0.1527,0.1496,0.1514,18057512,2734622.90637,10640,8928390,1351996.80221,0.0008593904938192,ARPA-USDT,0.1497398944855433,0.1505621937978851,
2021-12-02 11:00:00,0.15145,0.1521799999999999,0.14904,0.15,15809701,2381206.16335,10853,6629017,998856.21697,0.0015356880550176,ARPA-USDT,0.1515371682867958,0.1513858915883556,
2021-12-02 12:00:00,0.14994,0.15173,0.14798,0.15042,17944898,2688791.8366900003,11709,7939947,1190279.74551,0.0011980830670925,ARPA-USDT,0.1503332751041333,0.1499358125937906,
2021-12-02 13:00:00,0.15047,0.15144,0.14839,0.15134,17218103,2584427.72481,10699,8337585,1251596.11509,0.0014557967178401,ARPA-USDT,0.1506708820121657,0.1501749798454741,
2021-12-02 14:00:00,0.15132,0.156,0.15015,0.15372,50203505,7715681.755150001,29687,23955556,3683943.66894,0.0018248175182482,ARPA-USDT,0.1523574581822453,0.1523059671097375,
2021-12-02 15:00:00,0.1537599999999999,0.1538,0.1491299999999999,0.15008,22012924,3325269.77112,13128,9668638,1459840.56239,0.0013344008540163,ARPA-USDT,0.1535168364690094,0.15281826623617,
2021-12-02 16:00:00,0.15005,0.1501,0.14567,0.14715,21394135,3156621.74866,13017,10190874,1502784.43265,0.0012247397428046,ARPA-USDT,0.149694494657991,0.1493092444998688,0.0001
2021-12-02 17:00:00,0.14708,0.1474,0.14592,0.14689,13758426,2018429.71919,7105,6727567,987093.84089,0.0003405066739308,ARPA-USDT,0.1472202314454965,0.1470308159713017,
2021-12-02 18:00:00,0.14689,0.14698,0.14472,0.14624,11740511,1711506.91259,6950,5153987,751915.82547,0.0014380606724646,ARPA-USDT,0.1467516368647881,0.1463863311501149,
2021-12-02 19:00:00,0.14624,0.14765,0.14552,0.14582,8103511,1187298.25907,4828,3556765,521219.83739,0.0011671815997253,ARPA-USDT,0.1461448640805538,0.1463519503635396,
2021-12-02 20:00:00,0.1459,0.14729,0.14589,0.14685,7503629,1101792.0659,4966,3362211,493652.34512,0.0018419975440033,ARPA-USDT,0.1461834553192861,0.1463405502377343,
2021-12-02 21:00:00,0.14677,0.14705,0.14602,0.14667,4690038,687208.27128,4095,1845615,270424.69272,0.0015706091231904,ARPA-USDT,0.1467804008426121,0.146803792533824,
2021-12-02 22:00:00,0.1466599999999999,0.1476,0.14611,0.14681,5742472,843326.781,3596,2497100,366660.03107,0.0008862830651759,ARPA-USDT,0.1464728671605768,0.146446240596724,
2021-12-02 23:00:00,0.14683,0.1471599999999999,0.1459,0.14695,3495346,511975.75355,2666,1751827,256638.04063,-0.0014270182114706,ARPA-USDT,0.1468760618351778,0.146583578533999,
2021-12-03 00:00:00,0.14701,0.14732,0.14584,0.1468,3202422,469389.11055,3075,1259913,184721.95516,0.0012276633474288,ARPA-USDT,0.1470993960627294,0.1469714293097787,0.0001
2021-12-03 01:00:00,0.14675,0.14799,0.1466,0.14674,3216488,473711.01012,2800,1353530,199331.2271,0.0010232621597654,ARPA-USDT,0.1467877553451627,0.1468838478133191,
2021-12-03 02:00:00,0.14677,0.14705,0.14482,0.14533,3986210,581381.04116,3415,1707847,249328.96862,0.0013780748294631,ARPA-USDT,0.1467767415796039,0.1468417254146577,
2021-12-03 03:00:00,0.14532,0.14568,0.14405,0.14529,4460163,645700.19206,3254,1842312,266853.85083,0.0004820272689713,ARPA-USDT,0.1453402444067894,0.1452174017847379,
2021-12-03 04:00:00,0.14532,0.14669,0.1445,0.14612,3791864,552982.58878,2932,1831970,267203.12843,0.0012333835822941,ARPA-USDT,0.14545374385669,0.1452285824517006,
2021-12-03 05:00:00,0.14612,0.14678,0.14536,0.1461299999999999,3478655,507734.90116,2833,1401731,204596.6328,0.0017824089943092,ARPA-USDT,0.1460213361333508,0.1460395904524886,
2021-12-03 06:00:00,0.14614,0.14755,0.14595,0.1464099999999999,6036675,885681.44111,3645,2570764,377272.22285,0.0010255709011341,ARPA-USDT,0.1464143101777929,0.1464424057748047,
2021-12-03 07:00:00,0.14643,0.14665,0.1454,0.14625,4273842,624365.23738,2774,1855145,271088.14365,0.0012322858903264,ARPA-USDT,0.1464501322981366,0.1463071438281784,
2021-12-03 08:00:00,0.14626,0.14637,0.145,0.14584,5867888,854137.62914,4095,3112364,453147.06736,0.0015795618432801,ARPA-USDT,0.1461297396903371,0.1459910222457303,0.00015188
2021-12-03 09:00:00,0.14579,0.14624,0.1445,0.1458,7883872,1145956.89442,4700,3332922,484634.1219,0.0009611423863793,ARPA-USDT,0.1455984155219345,0.1453080682401294,
2021-12-03 10:00:00,0.14584,0.14708,0.14555,0.14615,8136964,1189937.78945,4941,4257413,622653.4835,0.0014389475126765,ARPA-USDT,0.1459759556714954,0.1459605433300513,
2021-12-03 11:00:00,0.14615,0.14692,0.1459,0.1464099999999999,6548222,958953.33006,4633,2641360,386839.18209,0.0010940170940165,ARPA-USDT,0.1462252303597291,0.1462860974972092,
2021-12-03 12:00:00,0.1464,0.14747,0.14569,0.14681,9203415,1350027.82104,4930,3798622,557440.04876,0.0004088586030663,ARPA-USDT,0.1465341378494369,0.1466585281633994,
2021-12-03 13:00:00,0.14684,0.1481299999999999,0.14622,0.14697,9309327,1368361.96849,5102,3592201,528097.26553,0.0004084133142738,ARPA-USDT,0.1467232843399562,0.1466121658339741,
2021-12-03 14:00:00,0.14699,0.14731,0.14417,0.14462,10187598,1484420.00553,5600,4138555,602697.6965,0.0005534800055346,ARPA-USDT,0.1470434487202321,0.1470325004326542,
2021-12-03 15:00:00,0.14455,0.1508,0.14303,0.14598,39670306,5828978.72428,23003,17754795,2609642.28009,0.0006854949273373,ARPA-USDT,0.1447226437557945,0.1443770094141456,
2021-12-03 16:00:00,0.14595,0.1461,0.13644,0.14059,50569142,7107252.26244,26947,21199349,2979647.76638,0.0008542749341495,ARPA-USDT,0.1457961888997169,0.1453740088586894,0.0001
2021-12-03 17:00:00,0.14051,0.1416,0.13882,0.14085,11946536,1676264.58563,7539,6313795,886088.82072,7.1002556092159e-05,ARPA-USDT,0.1399699221288438,0.1395335086679541,
2021-12-03 18:00:00,0.1409,0.14198,0.1396,0.14134,7826983,1103966.24532,4774,3173863,447887.07072,0.0009915014164305,ARPA-USDT,0.1407147247708743,0.1407535759000125,
2021-12-03 19:00:00,0.14131,0.14147,0.13727,0.13785,8153343,1133788.46035,6002,3270915,455376.01966,0.000798606069406,ARPA-USDT,0.1412967202433653,0.1410147294740184,
2021-12-03 20:00:00,0.13785,0.1378599999999999,0.1272,0.13569,36165498,4844232.53737,20129,15135230,2031489.79118,0.0006637168141594,ARPA-USDT,0.1376098675365129,0.1359935754157144,
2021-12-03 21:00:00,0.13572,0.13774,0.13542,0.1362799999999999,12648581,1728011.5177,6801,6266840,856413.10438,-0.0002200865673838,ARPA-USDT,0.1356495542689303,0.1361603888757514,
2021-12-03 22:00:00,0.13626,0.13699,0.13501,0.13547,4355973,593197.67447,2980,2041341,278125.428,0.0001476559616095,ARPA-USDT,0.1361341766292174,0.1360061996533415,
2021-12-03 23:00:00,0.13549,0.13708,0.1352,0.13646,4384307,597354.335,3376,2327806,317251.13634,-0.0001465416178193,ARPA-USDT,0.1357046198562469,0.1358020628470121,
2021-12-04 00:00:00,0.13642,0.13656,0.1321099999999999,0.1323,6371496,857345.92596,5182,2831401,381068.75791,-7.558007709174142e-05,ARPA-USDT,0.136038690462722,0.1357746475709522,0.0001
2021-12-04 01:00:00,0.1323,0.1331,0.13007,0.13226,8499978,1118515.89488,6307,3947114,519777.74923,0.0002268774105724,ARPA-USDT,0.1318893895923745,0.1319381542328143,
2021-12-04 02:00:00,0.13229,0.13289,0.13114,0.1318599999999999,5316787,702446.75286,3565,2207419,291528.25608,0.0005311480385454,ARPA-USDT,0.1322316968791996,0.1324471165045526,
2021-12-04 03:00:00,0.13187,0.13189,0.1233,0.1234599999999999,14369860,1830899.99601,10414,4580534,585783.5782,0.0002430527424444,ARPA-USDT,0.13172533069734,0.1314229431974917,
2021-12-04 04:00:00,0.12344,0.12765,0.1077099999999999,0.11417,37969451,4534768.0526,18133,14948515,1793319.80666,-0.0020977187308801,ARPA-USDT,0.1228382896780787,0.1241100519176932,
2021-12-04 05:00:00,0.1141799999999999,0.1157,0.08179,0.10254,93102480,9315633.95855,46295,40410167,4046007.73131,-0.0016551455554473,ARPA-USDT,0.1151541623744656,0.1117904118524278,
2021-12-04 06:00:00,0.1026,0.10797,0.10024,0.1072299999999999,42552125,4419412.58684,18495,19761426,2058196.27646,-0.0027899190923472,ARPA-USDT,0.1032253300387946,0.1027045907798817,
2021-12-04 07:00:00,0.10727,0.1088799999999999,0.1026099999999999,0.1083,22043685,2343581.44926,8276,11173541,1190302.99798,-0.0020272760781423,ARPA-USDT,0.1070222827281007,0.1064180963751833,
2021-12-04 08:00:00,0.1083599999999999,0.11628,0.10679,0.11166,43192440,4855697.65505,16261,21322574,2397864.8403,-0.0016987036209209,ARPA-USDT,0.1075419077798426,0.1076663387209785,-0.00113044
2021-12-04 09:00:00,0.1116099999999999,0.1149599999999999,0.111,0.11408,16170226,1823751.59596,6067,8594868,968985.36122,-0.002535629972895,ARPA-USDT,0.111361658912177,0.1117551028729114,
2021-12-04 10:00:00,0.11405,0.1145299999999999,0.10859,0.11162,21579684,2414719.26136,9303,10335056,1156805.83418,-0.0021455390666905,ARPA-USDT,0.1141746646032485,0.1129470572335538,
2021-12-04 11:00:00,0.1116,0.11223,0.105,0.1076299999999999,21807891,2360934.13912,9121,10866152,1176979.94372,-0.001020976424727,ARPA-USDT,0.1115297631514785,0.1115068994810996,
2021-12-04 12:00:00,0.1076,0.1117599999999999,0.10759,0.10951,15006367,1651722.78269,8022,8214979,903575.33444,-0.0016409882395842,ARPA-USDT,0.1083035257951585,0.1089015340236862,
2021-12-04 13:00:00,0.10954,0.11118,0.1079599999999999,0.11084,10990616,1207094.98645,6104,5898474,647692.09097,-0.0005410279531109,ARPA-USDT,0.109494538786879,0.109723415831168,
2021-12-04 14:00:00,0.11083,0.11427,0.1102799999999999,0.1138599999999999,12549654,1406524.38823,6153,6247415,700385.76163,-0.0009651662718267,ARPA-USDT,0.1105985256126107,0.1107085889855779,
2021-12-04 15:00:00,0.11379,0.11694,0.11349,0.11628,13473119,1557009.50135,6949,6561101,758304.51995,-0.0019740794781564,ARPA-USDT,0.1137423890703123,0.1139442638843691,
2021-12-04 16:00:00,0.1162599999999999,0.1175099999999999,0.11334,0.11359,15093246,1745955.21538,8121,6775521,784059.62664,-0.0008795848359574,ARPA-USDT,0.1163742097324474,0.1165314351183374,-6.023e-05
2021-12-04 17:00:00,0.11359,0.11694,0.1134599999999999,0.11555,11370662,1311105.60508,5998,5950191,685846.97341,-0.0014690632561354,ARPA-USDT,0.1138140288585915,0.1140760419995845,
2021-12-04 18:00:00,0.11553,0.11747,0.1149599999999999,0.11703,8961762,1044175.38997,5591,4298004,500807.5878,-0.0014505119453924,ARPA-USDT,0.1152320234900155,0.1159217927430993,
2021-12-04 19:00:00,0.11703,0.11895,0.11565,0.11823,8602462,1010918.63797,5593,3980569,467899.995,-0.0011827321111768,ARPA-USDT,0.1169394384675714,0.1167704339922116,
2021-12-04 20:00:00,0.11823,0.11825,0.11638,0.1175,10556644,1239346.16525,5731,5032756,590887.26858,-0.0012749681257969,ARPA-USDT,0.1177397770889224,0.1171241739574131,
2021-12-04 21:00:00,0.11756,0.1178599999999999,0.11425,0.11514,8092513,939612.26729,4756,3363228,390534.67927,0.0003475238922676,ARPA-USDT,0.1176789412813298,0.1172258114944265,
2021-12-04 22:00:00,0.11505,0.11825,0.1146,0.11821,7657864,892772.7424699999,3446,4132859,482088.56542,-0.0020261713803292,ARPA-USDT,0.1151210068543153,0.1150622320357238,
2021-12-04 23:00:00,0.11818,0.11893,0.11645,0.11824,8047174,948576.70769,4405,3695438,435445.72652,-0.0032875326645873,ARPA-USDT,0.1182946393461058,0.1182017773638494,
2021-12-05 00:00:00,0.11828,0.1214099999999999,0.11459,0.11595,11888915,1400765.94573,8343,5404217,636241.53217,-0.0024090166050073,ARPA-USDT,0.1187601776439643,0.119260464991851,-0.00017073
2021-12-05 01:00:00,0.1158599999999999,0.12015,0.115,0.11877,9176590,1083042.27674,6218,4757611,561178.4193,-0.0011773610293499,ARPA-USDT,0.1154658410845199,0.1156603376275445,
2021-12-05 02:00:00,0.11875,0.1193099999999999,0.11725,0.11817,7299562,862755.24215,5033,3555285,419974.18628,-0.0021953896816684,ARPA-USDT,0.1188339761344949,0.1185401863557524,
2021-12-05 03:00:00,0.1182599999999999,0.1214599999999999,0.11709,0.1203099999999999,8442190,1009024.44607,4803,4560888,544808.5251,-0.0015767634854779,ARPA-USDT,0.1177864967270712,0.1175370935637552,
2021-12-05 04:00:00,0.1204,0.12094,0.1170099999999999,0.1173299999999999,7326544,871558.46643,4062,3482705,414274.59069,-0.0017866258295057,ARPA-USDT,0.1205270645069457,0.1202481088280143,
2021-12-05 05:00:00,0.1173299999999999,0.1204099999999999,0.11725,0.11957,5869576,697593.67567,3675,2626103,312044.21927,-0.0010860484544695,ARPA-USDT,0.117317264225299,0.1174881521756586,
2021-12-05 06:00:00,0.11961,0.1197,0.1185,0.11884,4488750,534262.08688,2561,1978530,235558.47323,-0.0025180459963067,ARPA-USDT,0.119472648853605,0.1192368736013679,
2021-12-05 07:00:00,0.11887,0.11955,0.1167,0.11764,5161007,610505.66236,2812,2587363,306249.73313,-0.0012734527549028,ARPA-USDT,0.1188746814099305,0.1191846758095187,
2021-12-05 08:00:00,0.1176099999999999,0.11835,0.1165799999999999,0.1179,4736790,556160.44276,2752,2407497,282728.25715,-0.0013552430967304,ARPA-USDT,0.1174883172176866,0.1171306835505071,-0.00032602
2021-12-05 09:00:00,0.1179,0.11802,0.1147599999999999,0.11534,6502862,753783.65153,3844,3140396,364074.3702,-0.0010393209769616,ARPA-USDT,0.1178987382642546,0.1177547432454512,
2021-12-05 10:00:00,0.11531,0.11694,0.11487,0.11575,4894396,567429.78544,2679,2251738,260999.15048,-0.0023271849681089,ARPA-USDT,0.1153910146168967,0.1152705587068829,
2021-12-05 11:00:00,0.11572,0.1165099999999999,0.11515,0.1158299999999999,4041851,467880.15014,2238,1990069,230356.88173,-0.0011210762331845,ARPA-USDT,0.1158498014586709,0.1159881089656514,
2021-12-05 12:00:00,0.11582,0.11763,0.11528,0.1164,6833806,795728.46823,3041,3371110,392549.43549,-0.0009441249678139,ARPA-USDT,0.1159350385529782,0.1158268666318985,
2021-12-05 13:00:00,0.1164,0.1164,0.1142799999999999,0.11462,5611177,645996.92255,2748,2409850,277374.33518,-0.0013939710751,ARPA-USDT,0.1163328308347214,0.1158206466468511,
2021-12-05 14:00:00,0.11459,0.11492,0.1106099999999999,0.11093,11446434,1295343.50388,4953,5343429,605482.95667,-0.0017098632109431,ARPA-USDT,0.1146340832100698,0.1144806154874351,
2021-12-05 15:00:00,0.11089,0.11266,0.1050599999999999,0.10783,17208496,1871280.6694,7538,8362729,911346.97003,-0.0009265264523302,ARPA-USDT,0.1113617167262913,0.1118264683068867,
2021-12-05 16:00:00,0.10783,0.11041,0.10747,0.10969,11517396,1258248.66383,5310,5949963,650074.01634,-0.002455438341215,ARPA-USDT,0.1075828010703694,0.1088219292121065,-0.00048314
2021-12-05 17:00:00,0.10973,0.11243,0.10908,0.11185,10048513,1112955.41722,4031,5425498,600976.06549,-0.0023191508340022,ARPA-USDT,0.1098319663314617,0.1095817657754811,
2021-12-05 18:00:00,0.11182,0.11208,0.11041,0.1105299999999999,5566042,618548.49056,2832,2377719,264270.43442,-0.0027068483262663,ARPA-USDT,0.1117965519112001,0.1117385736654061,
2021-12-05 19:00:00,0.11052,0.11116,0.1072299999999999,0.10968,13057851,1419405.08377,5381,6282226,682893.08351,-0.0015475648611743,ARPA-USDT,0.110552311114773,0.1102803480015561,
2021-12-05 20:00:00,0.10966,0.11034,0.1082,0.10928,7633829,835246.7296,3785,3609472,394870.36749,-0.001826817683595,ARPA-USDT,0.1095681802470777,0.1099028049394111,
2021-12-05 21:00:00,0.10933,0.1102,0.10658,0.1097099999999999,11209471,1216293.94974,5085,5601769,608147.02192,-0.001819670639615,ARPA-USDT,0.109605768343284,0.1096790476418513,
2021-12-05 22:00:00,0.10973,0.11047,0.10811,0.1103599999999999,6074271,664046.27797,3142,3012389,329351.03017,-0.0015380439699638,ARPA-USDT,0.1098468970464425,0.1094008143737395,
2021-12-05 23:00:00,0.1104,0.11152,0.10934,0.11084,8897038,982596.27398,4436,4434023,489600.01394,-0.0009013881377321,ARPA-USDT,0.1101474798066781,0.1098152200638743,
2021-12-06 00:00:00,0.1108099999999999,0.11912,0.10719,0.1093,40682441,4570720.78726,18969,19301648,2167815.54326,-0.0019176330928682,ARPA-USDT,0.1107607062585371,0.1102562813374898,-0.00046895
2021-12-06 01:00:00,0.1093,0.11639,0.1083599999999999,0.11409,22620675,2539187.07973,10735,11470020,1286756.36472,-0.002099186565206,ARPA-USDT,0.1091252288927259,0.1097313866468822,
2021-12-06 02:00:00,0.11407,0.11903,0.1132799999999999,0.1162,23436558,2704266.35299,10587,12028058,1388020.9158,-0.0006879944960439,ARPA-USDT,0.1143928902688045,0.1160019590918961,
2021-12-06 03:00:00,0.11619,0.1168599999999999,0.11382,0.11442,14779687,1701225.33793,6740,6729822,774897.58046,0.000174825174825,ARPA-USDT,0.1163508336721772,0.1163081350767519,
2021-12-06 04:00:00,0.11445,0.1148599999999999,0.11237,0.11272,11932040,1355855.07004,4882,5594812,635917.9149,-0.0020362992474545,ARPA-USDT,0.1145115343160454,0.1140653602770413,
2021-12-06 05:00:00,0.1127,0.1132799999999999,0.10801,0.10803,20280737,2239943.51124,6498,7925241,878322.14721,-0.0041482300884955,ARPA-USDT,0.1128008362315718,0.1129208777294218,
2021-12-06 06:00:00,0.10804,0.1101,0.10513,0.1054,39738511,4295682.64591,14512,20613856,2232029.89796,-0.0050033040687246,ARPA-USDT,0.1084636926410011,0.1086551293264288,
2021-12-06 07:00:00,0.10543,0.1077,0.10309,0.10469,64027865,6724834.29068,21422,32617350,3428744.74307,-0.001621209231356,ARPA-USDT,0.1053328978502446,0.1058924190990703,
2021-12-06 08:00:00,0.10464,0.11,0.10367,0.10624,47896757,5089912.35553,18735,26926089,2861969.47815,-0.0027222378672674,ARPA-USDT,0.105352178876728,0.1065488103827127,-0.00090969
2021-12-06 09:00:00,0.10626,0.1069,0.10015,0.10107,34606161,3557732.1419,13186,15900880,1637315.87477,-0.0032544378698226,ARPA-USDT,0.1060081281989274,0.1063869690514708,
2021-12-06 10:00:00,0.10098,0.1098,0.09946,0.10962,37676186,3877615.84972,14921,18295191,1884983.17101,-0.0001824151769427,ARPA-USDT,0.1010515508382013,0.1012805518369642,
2021-12-06 11:00:00,0.10962,0.11813,0.1066299999999999,0.11034,177472724,19882879.21737,74193,85243700,9541759.08265,-0.0009959257582617,ARPA-USDT,0.1105431698823435,0.1139134116775458,
2021-12-06 12:00:00,0.1102799999999999,0.11596,0.10903,0.10951,48045593,5387238.621710001,23350,23853133,2679061.4393,-0.0005475951446564,ARPA-USDT,0.1107566273680134,0.1109150315676851,
2021-12-06 13:00:00,0.10951,0.11158,0.10674,0.10879,23182635,2527440.84263,11767,12450079,1358610.08736,-0.000367545713498,ARPA-USDT,0.1095136290764065,0.1098544960008704,
2021-12-06 14:00:00,0.1088099999999999,0.11192,0.10608,0.108,28258051,3063570.4017000003,13641,14908010,1617415.15643,-0.00120225654305,ARPA-USDT,0.108455330534879,0.1081877725255654,
2021-12-06 15:00:00,0.10804,0.114,0.10724,0.1122099999999999,25537710,2827452.64765,13785,13734748,1519941.06533,-0.0022230126267127,ARPA-USDT,0.1078558840836436,0.108178536291213,
2021-12-06 16:00:00,0.11224,0.11322,0.11126,0.11164,16086478,1807386.45265,7479,8281672,930514.3242,-0.0007160759040457,ARPA-USDT,0.1122556525474625,0.1121910372770067,-6.875e-05
2021-12-06 17:00:00,0.11166,0.11191,0.10952,0.10972,11225049,1244334.95881,4901,5063155,561431.78998,-0.000546547640736,ARPA-USDT,0.1115435766032618,0.1114376579586759,
2021-12-06 18:00:00,0.10973,0.11033,0.10839,0.1099,9035630,989044.55326,4188,5502927,602251.63133,-0.0006365372374284,ARPA-USDT,0.1097219973880439,0.1095272086604859,
2021-12-06 19:00:00,0.10994,0.11117,0.10966,0.11012,5732341,632817.62268,3120,3034422,335038.4522,-0.0009072763563782,ARPA-USDT,0.110164181627294,0.1101433922412651,
2021-12-06 20:00:00,0.1101299999999999,0.11089,0.1091299999999999,0.1095599999999999,7026261,773529.88303,3475,3655724,402545.88965,-0.0004561627588732,ARPA-USDT,0.1102357601949854,0.110042502805273,
2021-12-06 21:00:00,0.10953,0.1132,0.10915,0.11202,13533054,1506127.73538,5986,6675048,742686.72778,-0.0006244981711125,ARPA-USDT,0.109734667086256,0.1096613295375034,
2021-12-06 22:00:00,0.1120299999999999,0.11433,0.1120299999999999,0.11348,9824062,1113320.06135,4627,4749952,538095.12177,-0.0004404122258434,ARPA-USDT,0.112395738350393,0.1125500497250884,
2021-12-06 23:00:00,0.11348,0.11389,0.1122599999999999,0.11324,7493511,847105.87328,3000,3706538,418943.83414,-0.0022028372543836,ARPA-USDT,0.1137566110249553,0.1135451185116382,
2021-12-07 00:00:00,0.11323,0.11441,0.1123599999999999,0.11299,11086563,1255059.66036,4937,5390198,610238.40997,8.851124092745799e-05,ARPA-USDT,0.1134411387120426,0.1139238524865108,-3.287e-05
2021-12-07 01:00:00,0.1130099999999999,0.11414,0.11132,0.1124,7988464,900083.62165,3601,3751740,422666.34153,-0.0011552474895584,ARPA-USDT,0.1130733734351343,0.1130443675802644,
2021-12-07 02:00:00,0.11244,0.11657,0.1122799999999999,0.11249,21835348,2499763.93254,8387,11570931,1324532.95287,-0.0013316761363636,ARPA-USDT,0.1123382958297664,0.1128249796975542,
2021-12-07 03:00:00,0.11256,0.11513,0.11244,0.1145299999999999,13724589,1561220.76632,4963,8005927,910442.90778,-0.000523605899294,ARPA-USDT,0.1125881233229793,0.1125899526097486,
2021-12-07 04:00:00,0.1145,0.1149599999999999,0.11314,0.11392,7031137,803120.13656,3081,3009681,343583.90682000003,-0.0007894044382071,ARPA-USDT,0.1146001737819244,0.1145243936210853,
2021-12-07 05:00:00,0.114,0.11528,0.11395,0.1146599999999999,6926656,794568.06283,3018,4092252,469417.21637,-0.0021756156992437,ARPA-USDT,0.1140589010152284,0.1143244899602037,
2021-12-07 06:00:00,0.1146599999999999,0.11592,0.1144299999999999,0.11559,9320136,1073976.74196,3722,4393118,506212.19779,-0.0013822894168467,ARPA-USDT,0.114789559696163,0.1147299330229729,
2021-12-07 07:00:00,0.1156599999999999,0.11638,0.1146799999999999,0.11534,9724743,1123657.65779,4049,4345555,502380.18353,-0.0006931207762952,ARPA-USDT,0.1154824206993338,0.115681230028385,
2021-12-07 08:00:00,0.11532,0.11649,0.11457,0.11624,8106026,935663.06863,3757,4521069,521981.24124,-0.0018890606216727,ARPA-USDT,0.1153303966406499,0.1150804151781886,2.124e-05
2021-12-07 09:00:00,0.11624,0.11712,0.11535,0.11556,6107281,709369.20319,3220,2881199,334663.47824,-0.0011236926268476,ARPA-USDT,0.1161776170389733,0.1164437863303962,
2021-12-07 10:00:00,0.11558,0.11656,0.11503,0.11606,7963337,922150.97377,3350,4147376,480469.94498,-0.0016344086021505,ARPA-USDT,0.1155632884885622,0.1153833238062694,
2021-12-07 11:00:00,0.11603,0.12111,0.1160099999999999,0.11804,24167416,2852617.97739,10961,12148722,1434481.31803,-0.0012691429054911,ARPA-USDT,0.1161142280718608,0.1164799598128603,
2021-12-07 12:00:00,0.11805,0.11821,0.11255,0.11535,24441440,2814649.69252,9460,9386255,1079242.39811,-0.0006064806792583,ARPA-USDT,0.1180999540993809,0.1175237004768525,
2021-12-07 13:00:00,0.11534,0.11619,0.11416,0.11472,8608328,991701.90141,3954,3955103,455930.83714,-0.0009579378211268,ARPA-USDT,0.1153411853349054,0.1156951163185745,
2021-12-07 14:00:00,0.11472,0.11793,0.11449,0.11765,9045086,1055197.99685,4073,4514935,526120.19009,-0.0005946313285762,ARPA-USDT,0.1147138058463474,0.1146560314661263,
2021-12-07 15:00:00,0.11767,0.11877,0.11634,0.11724,12972974,1526047.2905,6017,6108881,718957.18982,-0.0005115089514067,ARPA-USDT,0.1177317175987048,0.1177823804970081,
2021-12-07 16:00:00,0.11725,0.11747,0.1149599999999999,0.11624,6660812,776306.77208,3553,3185745,371697.82548,-0.0012029558343358,ARPA-USDT,0.1172296327738605,0.1170992489136325,-0.00011679
2021-12-07 17:00:00,0.11621,0.11735,0.11467,0.11585,8458940,981760.40305,3675,4686113,544115.59907,-0.0012931034482759,ARPA-USDT,0.1162427794349159,0.116198047520707,
2021-12-07 18:00:00,0.11585,0.11629,0.1146799999999999,0.11534,6097172,704310.46607,2487,2962885,342503.4107,-0.0008662508662509,ARPA-USDT,0.1156348278840896,0.1159640934854101,
2021-12-07 19:00:00,0.11535,0.11557,0.11389,0.11469,8791499,1008451.22397,3272,4453814,511152.59543,-0.0012191935905251,ARPA-USDT,0.1152093497984765,0.114949186638738,
2021-12-07 20:00:00,0.11478,0.11542,0.11166,0.11247,11967883,1355954.07948,4617,5311430,602083.88288,-0.0012432288429091,ARPA-USDT,0.1146860904136513,0.115026941159844,
2021-12-07 21:00:00,0.11258,0.11424,0.11223,0.11333,6884354,780910.2867599999,2850,3658549,414845.04674,-0.0013218188226999,ARPA-USDT,0.1125239746871444,0.1126467283452263,
2021-12-07 22:00:00,0.11335,0.1134599999999999,0.11045,0.11112,6957916,779158.13204,2915,3123174,350010.65061,-0.0020655590480467,ARPA-USDT,0.1133438973556306,0.1132647906876968,
2021-12-07 23:00:00,0.1111,0.1127799999999999,0.11082,0.11219,4773303,534478.53061,2448,2325306,260338.16045,-0.0008905512512245,ARPA-USDT,0.1109590174047803,0.1112920698155414,
2021-12-08 00:00:00,0.1121,0.113,0.11097,0.11298,4495294,503305.93355,2807,2427527,271785.58641,-0.0012376237623762,ARPA-USDT,0.1121391057200945,0.1118038249288501,-0.00030972
2021-12-08 01:00:00,0.11294,0.1135,0.11207,0.11248,3173607,358145.63491,2150,1567905,176940.57392,-0.0010657193605684,ARPA-USDT,0.11283946892455,0.1129870111739692,
2021-12-08 02:00:00,0.11248,0.11319,0.11179,0.11198,4310652,485587.6253,2233,1978497,222896.75032,-0.0014267879436419,ARPA-USDT,0.1124937060500475,0.1125256923100225,
2021-12-08 03:00:00,0.11199,0.11252,0.11018,0.1103599999999999,3925325,437615.82073,2186,1823093,203324.55569,-0.0018992493443076,ARPA-USDT,0.1118541258048538,0.1116235369975577,
2021-12-08 04:00:00,0.11035,0.11233,0.1103099999999999,0.11227,3564537,397320.76573,2180,1757819,196016.16919,-0.0007120605251447,ARPA-USDT,0.1106149203187251,0.1106324919081921,
2021-12-08 05:00:00,0.1122799999999999,0.1135099999999999,0.11167,0.11247,3214705,362358.77976,2146,1620368,182687.13065,-0.0017750954113784,ARPA-USDT,0.1123442598432291,0.1120153885558225,
2021-12-08 06:00:00,0.11247,0.11402,0.11247,0.11356,3842462,436209.58456,2194,1930727,219166.52946,-0.0017580872011252,ARPA-USDT,0.1126387091806934,0.1127746168011966,
2021-12-08 07:00:00,0.1135299999999999,0.1139,0.11282,0.11387,3783154,428814.94587,2056,1963989,222573.65396,-0.0017533093714386,ARPA-USDT,0.1136988806319485,0.1133711886321631,
2021-12-08 08:00:00,0.11388,0.11444,0.11304,0.11366,3871915,440141.35707,2277,2143103,243593.98994,-0.0005276116778051,ARPA-USDT,0.1138830747269678,0.1138879492697686,-0.00046335
2021-12-08 09:00:00,0.11366,0.1146,0.11257,0.11274,6535981,742548.29134,2889,3333332,378586.52792,-0.0023008849557522,ARPA-USDT,0.1138042719357952,0.1138777564926773,
2021-12-08 10:00:00,0.11274,0.11385,0.10839,0.10894,12083701,1334681.25921,5542,5805669,641061.2501000001,-0.0023809523809524,ARPA-USDT,0.1130155400067612,0.1130772445085909,
2021-12-08 11:00:00,0.1088599999999999,0.10997,0.10676,0.10968,12362341,1344789.34474,5597,5569087,605934.68068,-0.0016384489350081,ARPA-USDT,0.1087922061078153,0.1083560549300103,
2021-12-08 12:00:00,0.1097099999999999,0.11124,0.10901,0.11122,6043591,664820.18261,3134,3151832,346423.01345,-0.001346861811978,ARPA-USDT,0.109867649707572,0.109942762489653,
2021-12-08 13:00:00,0.11125,0.11188,0.11015,0.11042,5983531,664538.75705,3064,2839183,315218.82677,-0.0007239819004524,ARPA-USDT,0.1109909099427224,0.1114056713016251,
2021-12-08 14:00:00,0.1103599999999999,0.11375,0.1098799999999999,0.11289,9448116,1059015.51715,4581,4824027,540787.4676,-0.0012386092187914,ARPA-USDT,0.1102029942139468,0.1100734567623825,
2021-12-08 15:00:00,0.11288,0.11438,0.11273,0.11319,6960175,789618.35231,3369,3226277,366050.06216,-0.0009708737864078,ARPA-USDT,0.1131665588941312,0.1132599874564091,
2021-12-08 16:00:00,0.1132099999999999,0.11544,0.1127099999999999,0.11333,20416985,2325741.54938,7680,11838898,1347979.45931,-0.0011457782478406,ARPA-USDT,0.1133366603614964,0.1133428712463416,-0.00042979
2021-12-08 17:00:00,0.11334,0.11984,0.1129299999999999,0.11447,93327391,10913954.72484,31849,46733586,5467006.85782,-0.0008728288382648,ARPA-USDT,0.1133849209305475,0.1132804639346728,
2021-12-08 18:00:00,0.11441,0.1164099999999999,0.11352,0.11582,26870184,3088742.41476,11357,12827492,1475380.18909,-0.000862663906142,ARPA-USDT,0.1143305328734318,0.1141549500304798,
2021-12-08 19:00:00,0.11584,0.11598,0.1140299999999999,0.1148,11724162,1350690.35819,4796,4978881,573942.54842,-8.710042679205277e-05,ARPA-USDT,0.1156975471669148,0.1155467305453505,
2021-12-08 20:00:00,0.11483,0.11638,0.1144599999999999,0.11615,10327704,1193362.44556,4268,5173763,597258.99947,-0.0009461551694477,ARPA-USDT,0.1148006880496384,0.1147072023612177,
2021-12-08 21:00:00,0.1161799999999999,0.11624,0.1152599999999999,0.11584,11723501,1357022.48895,4089,5773923,668498.45034,-0.0001726221301571,ARPA-USDT,0.1160771677870251,0.1160740101046328,
2021-12-08 22:00:00,0.1158599999999999,0.11603,0.11335,0.11397,8431502,968431.94498,3587,3390354,390313.42764,-0.0003508464169809,ARPA-USDT,0.115820248178892,0.1158701852956259,
2021-12-08 23:00:00,0.11399,0.11555,0.11399,0.11549,5114267,587477.96497,2882,2544000,292134.75346,-0.0001731451822353,ARPA-USDT,0.1141821507975865,0.1143584577786089,
2021-12-09 00:00:00,0.11552,0.1164,0.11513,0.11533,5936565,687566.56212,3382,3028313,350673.4117,-0.0009528759528759,ARPA-USDT,0.1156801408241508,0.1156895797958244,0.0001
2021-12-09 01:00:00,0.11534,0.1156,0.1122,0.11305,23322239,2643382.81991,7188,9136708,1034608.42575,-0.0019422618522114,ARPA-USDT,0.1153682255380145,0.1154491752490932,
2021-12-09 02:00:00,0.11306,0.1135,0.111,0.11198,14110110,1583360.9336,5179,5404543,606649.55196,-0.0015158270173875,ARPA-USDT,0.1132053202052944,0.113265475333592,
2021-12-09 03:00:00,0.11199,0.11407,0.11169,0.11313,18273917,2058193.17087,6728,9761526,1099738.10847,-0.0003534505611029,ARPA-USDT,0.1117975217021911,0.111921384136689,
2021-12-09 04:00:00,0.11305,0.11385,0.11294,0.11362,4714793,534889.91105,2496,2519924,285899.61694,-0.0006157093851701,ARPA-USDT,0.1130703716717072,0.1132977865218299,
2021-12-09 05:00:00,0.11364,0.11392,0.11319,0.1133,3784275,429568.17387,2167,1947331,221131.41228,-0.0009699321047527,ARPA-USDT,0.1138138052728182,0.1137103871162661,
2021-12-09 06:00:00,0.1132599999999999,0.11381,0.11132,0.11209,16048623,1801565.14996,6303,7335630,823760.45337,-0.0007132031737542,ARPA-USDT,0.1131401920913036,0.1133234420503473,
2021-12-09 07:00:00,0.11209,0.1122,0.1092,0.11145,62169589,6885599.75429,22164,29047318,3218695.96759,-0.0022381378692927,ARPA-USDT,0.112098199092739,0.112045122221892,
2021-12-09 08:00:00,0.1114599999999999,0.1187599999999999,0.11015,0.1123,87320877,9820784.57947,30253,48392791,5444645.05253,-0.0030184659090909,ARPA-USDT,0.111349095888916,0.1111229004267229,-0.00040371
2021-12-09 09:00:00,0.11231,0.11373,0.1112099999999999,0.11254,40434721,4542966.26736,12216,20857887,2344047.92079,-0.0019510464703795,ARPA-USDT,0.1122691488495278,0.1122504432512759,
2021-12-09 10:00:00,0.11254,0.117,0.11254,0.11416,26897082,3069198.18714,10338,14547202,1660854.62005,-0.0010500525026252,ARPA-USDT,0.1126631960317701,0.1130994440592907,
2021-12-09 11:00:00,0.11416,0.115,0.11341,0.11347,16203936,1850734.5177,6040,8134958,929237.5543,-0.0011443661971831,ARPA-USDT,0.1143249486365567,0.1145798123116704,
2021-12-09 12:00:00,0.11347,0.1155,0.11198,0.11441,19387344,2209098.74152,7168,9447895,1076786.87666,-0.0007860262008734,ARPA-USDT,0.1134662465232405,0.1130475759598984,
2021-12-09 13:00:00,0.1144299999999999,0.1145,0.113,0.1138599999999999,11704554,1330448.72313,4504,5853332,665440.4641,-0.0007021239248735,ARPA-USDT,0.1144115456153467,0.1142987163728872,
2021-12-09 14:00:00,0.1138599999999999,0.1142799999999999,0.10999,0.11087,24211920,2706891.52081,9709,12584156,1406307.07706,-0.0003606527815345,ARPA-USDT,0.1138796545683134,0.1140328123643339,
2021-12-09 15:00:00,0.11084,0.11234,0.11,0.11065,22718579,2520547.45268,9971,13445885,1492325.84488,0.0,ARPA-USDT,0.1111053562605621,0.1108073634769878,
2021-12-09 16:00:00,0.11064,0.11195,0.10984,0.11093,12842701,1422904.27102,5992,7118013,788705.6301899999,-0.0008106647450909,ARPA-USDT,0.1104717929674833,0.11031175910443,0.0001
2021-12-09 17:00:00,0.11094,0.11152,0.108,0.10898,11704040,1292487.57609,4943,4679046,517444.05031,-0.0010083417361812,ARPA-USDT,0.1109410695137572,0.1111769052003148,
2021-12-09 18:00:00,0.10905,0.1102799999999999,0.10664,0.1079,24070316,2602638.63591,10152,11982705,1297253.57374,-0.0011109053878911,ARPA-USDT,0.1094677563313282,0.1096100324385298,
2021-12-09 19:00:00,0.10792,0.1086099999999999,0.10714,0.1071599999999999,7826857,844308.53417,3919,4252136,458691.89138,-9.992007221626409e-16,ARPA-USDT,0.1079946564565613,0.1082004041361269,
2021-12-09 20:00:00,0.1071599999999999,0.10725,0.10445,0.1061599999999999,16776336,1778423.13416,7497,7906885,838866.02021,-0.0004707654646465,ARPA-USDT,0.1069609769321992,0.1069902048270789,
2021-12-09 21:00:00,0.10615,0.10747,0.10603,0.10693,9476614,1012401.10633,4308,5220849,557770.88778,-0.0004673770798281,ARPA-USDT,0.1065041279401927,0.1063278097024197,
2021-12-09 22:00:00,0.1069099999999999,0.1081299999999999,0.10533,0.10626,9920102,1059649.03302,3846,5190838,554742.29441,-0.0008462623413258,ARPA-USDT,0.1068157402542551,0.1072082568147925,
2021-12-09 23:00:00,0.1063099999999999,0.10714,0.1036599999999999,0.10419,10699264,1129414.84307,4223,4819368,510125.30021,0.0002880184331797,ARPA-USDT,0.1061660007708826,0.1062217892015652,
2021-12-10 00:00:00,0.10424,0.1076299999999999,0.10415,0.10489,11786557,1247138.00419,5478,6512645,689119.37508,-0.0014280274181264,ARPA-USDT,0.1045660822268315,0.1045670144467432,5.454e-05
2021-12-10 01:00:00,0.10489,0.10637,0.10432,0.10593,6138430,647789.67642,2850,3691639,389541.15176,-0.001225721289836,ARPA-USDT,0.1048626421209316,0.1046914783025127,
2021-12-10 02:00:00,0.1059,0.10729,0.10495,0.10638,8659874,919970.22034,3567,4380392,465499.80505,-0.0003758691975191,ARPA-USDT,0.1059486773826514,0.1060030596770489,
2021-12-10 03:00:00,0.10638,0.1071299999999999,0.10564,0.10664,5435968,578105.83137,2494,2637268,280526.20492,-0.0027120546151687,ARPA-USDT,0.1063904522321716,0.1063319862339279,
2021-12-10 04:00:00,0.1066,0.10677,0.10536,0.106,4832738,513305.03113,2497,2250972,238977.24288,-0.001507159005275,ARPA-USDT,0.106622339364108,0.1065795087127599,
2021-12-10 05:00:00,0.10601,0.10717,0.10563,0.1061,5002635,532627.14856,2787,2891756,307924.21421,-0.0005651846269781,ARPA-USDT,0.1061965979306677,0.1061463976959688,
2021-12-10 06:00:00,0.10609,0.10635,0.10442,0.10463,7631703,805917.96438,3209,4049915,427584.82591,-0.0004776461597247,ARPA-USDT,0.106144577909848,0.1060343715902681,
2021-12-10 07:00:00,0.1045799999999999,0.10469,0.1029,0.10364,13523660,1404969.60858,4975,6629558,688973.52146,-0.0010602409638553,ARPA-USDT,0.1045937984722748,0.1043918417884644,
2021-12-10 08:00:00,0.10367,0.1052599999999999,0.1034099999999999,0.10475,9055957,945281.77424,3736,4051317,422924.88617,-0.0005724644594982,ARPA-USDT,0.1035217416760722,0.1036490747934373,-7.247e-05
2021-12-10 09:00:00,0.10475,0.1056599999999999,0.1036599999999999,0.10525,7252268,759001.05217,2991,3764655,393917.55249,-0.001044039483675,ARPA-USDT,0.1047758760097027,0.1048404196790456,
2021-12-10 10:00:00,0.1052299999999999,0.10604,0.10472,0.1051599999999999,6896443,725656.13784,2727,3578005,376603.15872,-0.0005702337958571,ARPA-USDT,0.1052457445545585,0.1056540454180451,
2021-12-10 11:00:00,0.10518,0.10632,0.1047599999999999,0.10611,6114676,645928.95845,2829,3336782,352552.21041,-0.0002826455624647,ARPA-USDT,0.1051960747488612,0.1051828280876358,
2021-12-10 12:00:00,0.10612,0.10722,0.1059,0.1070599999999999,7728702,825057.96183,3745,4113780,439354.20376,-0.0010264066436511,ARPA-USDT,0.1060153215863307,0.1064619607427844,
2021-12-10 13:00:00,0.10701,0.10824,0.106,0.1078799999999999,10195655,1094280.66886,4670,4813673,516669.71389,-0.0008335648791338,ARPA-USDT,0.1069852480506785,0.1069464425286366,
2021-12-10 14:00:00,0.1078799999999999,0.10872,0.10394,0.10434,13428105,1433783.74532,5049,6911055,738935.20872,-0.0007661367554108,ARPA-USDT,0.1078803909207026,0.1081119783515048,
2021-12-10 15:00:00,0.1043299999999999,0.10575,0.10293,0.10447,13889090,1450999.74923,5840,6991757,731059.57737,-0.0010518263530312,ARPA-USDT,0.1040081977454989,0.1037787367598948,
2021-12-10 16:00:00,0.10449,0.1047599999999999,0.1022,0.10323,9721736,1003925.73135,5097,4567519,472056.25271,-0.0018371688261458,ARPA-USDT,0.1045017468471381,0.1041056588383332,-0.0002386
2021-12-10 17:00:00,0.10323,0.10414,0.1027,0.1035599999999999,4733819,489853.01405,2770,2089909,216214.05104,-0.0007719027402556,ARPA-USDT,0.1033037623818689,0.1035324629257059,
2021-12-10 18:00:00,0.10362,0.1046599999999999,0.103,0.10303,5222830,542236.50378,2973,2524095,262134.57301,-0.0011633543383423,ARPA-USDT,0.103544355352982,0.1037737186594955,
2021-12-10 19:00:00,0.10303,0.10397,0.10294,0.1035599999999999,4168875,431492.68466,2333,2087898,216076.94954,-8.881784197001252e-16,ARPA-USDT,0.1029789904267062,0.1030968112764255,
2021-12-10 20:00:00,0.1035099999999999,0.10447,0.10346,0.1042599999999999,4680647,486390.65351,2565,2234121,232196.78376,-0.0003835091083423,ARPA-USDT,0.1035109578013638,0.1035885242892845,
2021-12-10 21:00:00,0.10422,0.10437,0.10278,0.10298,6485368,673032.05123,2970,3297262,342332.539,-0.0004852955449868,ARPA-USDT,0.1041156729320101,0.104082095065262,
2021-12-10 22:00:00,0.10296,0.1032599999999999,0.10112,0.10176,6979215,713600.29738,3096,3126929,319662.01762,-0.0010798075979189,ARPA-USDT,0.1031283393660039,0.1030037754213986,
2021-12-10 23:00:00,0.1017899999999999,0.10217,0.09845,0.09908,14523778,1461797.52331,6219,5834831,588366.225,-0.0022155085599193,ARPA-USDT,0.1012305573261712,0.1011813536913323,
2021-12-11 00:00:00,0.09906,0.1003299999999999,0.0967,0.0983899999999999,13142972,1296916.40466,6749,6213955,614522.45613,-0.0020286033066244,ARPA-USDT,0.0991624464123864,0.0994793370950946,-7.876e-05
2021-12-11 01:00:00,0.09835,0.09995,0.09817,0.09922,7368702,730824.09465,2621,3741523,371226.38112,-0.0009062531467122,ARPA-USDT,0.0983965958542942,0.098550529869662,
2021-12-11 02:00:00,0.09923,0.10019,0.09877,0.10012,6070156,604163.93352,2159,3170664,315603.93019,-0.0011971268954508,ARPA-USDT,0.0992090297189083,0.0992091502871214,
2021-12-11 03:00:00,0.10013,0.10145,0.09986,0.10021,4459565,448838.09515,2135,2272583,228904.31984,-0.0014946193702671,ARPA-USDT,0.1000884033563905,0.1001971759739237,
2021-12-11 04:00:00,0.10026,0.10211,0.09995,0.1013299999999999,13301552,1340599.57011,3375,7052950,710919.39586,-0.0006903353057209,ARPA-USDT,0.1002893379692446,0.1002254021378344,
2021-12-11 05:00:00,0.10131,0.1021,0.10056,0.10125,7519273,760880.4784499999,2731,3489990,353210.3333,-0.0004935834155971,ARPA-USDT,0.1013620399149897,0.1009432469596823,
2021-12-11 06:00:00,0.10126,0.10228,0.1003299999999999,0.1005799999999999,8492529,858923.86349,3600,4453769,450479.94967,-0.0007947546195121,ARPA-USDT,0.1012452687090618,0.1007519303922314,
2021-12-11 07:00:00,0.10055,0.10138,0.10008,0.10109,5611431,566079.49981,2419,2817668,284245.27081,-0.001086956521739,ARPA-USDT,0.1006364278222265,0.1007643095692473,
2021-12-11 08:00:00,0.10112,0.10275,0.10059,0.10166,7869242,799887.73575,3471,3498748,355678.74332,-0.0011790135586559,ARPA-USDT,0.101167900683569,0.1012028291054731,-0.00012555
2021-12-11 09:00:00,0.10173,0.10288,0.1013,0.1025099999999999,5013125,511340.45088,2285,2617709,267039.02032,-0.0003900536323754,ARPA-USDT,0.1017688112468604,0.1017465312533896,
2021-12-11 10:00:00,0.1025,0.10315,0.1021,0.1026099999999999,6163197,632100.56521,2236,3298256,338363.52818,-0.001168110581136,ARPA-USDT,0.1024425944965225,0.1024999882832603,
2021-12-11 11:00:00,0.10263,0.10267,0.10151,0.10173,4116372,419682.66747,1830,1576955,160770.7759,-0.0004912556494398,ARPA-USDT,0.1026500756793945,0.1025393287665479,
2021-12-11 12:00:00,0.10178,0.10267,0.10165,0.10222,5574243,570069.24545,2284,2864552,292856.94877,-0.0007820136852394,ARPA-USDT,0.1019454388613327,0.1018466763961668,
2021-12-11 13:00:00,0.10225,0.10264,0.1011799999999999,0.10144,6561582,667790.15098,2468,3185199,324186.92954000004,-0.0011815675462779,ARPA-USDT,0.1023529696784341,0.1020732889111712,
2021-12-11 14:00:00,0.10145,0.10207,0.10101,0.10188,4335442,440085.92351,2083,2311946,234689.26647,-0.0007846214201647,ARPA-USDT,0.1014027696078431,0.1015643561883478,
2021-12-11 15:00:00,0.10186,0.10353,0.1016799999999999,0.10244,16629639,1704097.152,4417,10401940,1066653.11468,-0.0016567586005262,ARPA-USDT,0.1019386939456383,0.1019872936427261,
2021-12-11 16:00:00,0.10243,0.10375,0.10236,0.10305,10309316,1063406.16639,3963,4800216,495113.66673,0.0,ARPA-USDT,0.1024637611567199,0.1026901318710755,9.763e-05
2021-12-11 17:00:00,0.1030599999999999,0.10314,0.1021799999999999,0.10262,5589233,573658.9892600001,2240,2120384,217725.22066,-0.0006816632583503,ARPA-USDT,0.1030376145729163,0.1028267522682923,
2021-12-11 18:00:00,0.10264,0.10265,0.10196,0.1023299999999999,5013459,513059.64311,2096,2349675,240539.41532,-0.0010737992971506,ARPA-USDT,0.1025668740112636,0.1025176432260388,
2021-12-11 19:00:00,0.1022899999999999,0.1026599999999999,0.10115,0.10138,5245376,534434.38228,1883,2512691,256107.34499,-0.0002958288137264,ARPA-USDT,0.1023954513446376,0.1024269615021982,
2021-12-11 20:00:00,0.10144,0.1022,0.10132,0.10163,4245983,431847.75114,1670,2092840,212819.80656,-0.0004917387883557,ARPA-USDT,0.10137357178116,0.1014461828282172,
2021-12-11 21:00:00,0.10164,0.10167,0.1006,0.10145,6836817,691147.3089599999,2286,3097174,313148.95432,-0.0011814512159101,ARPA-USDT,0.1016211809238336,0.1014524200437593,
2021-12-11 22:00:00,0.10138,0.10214,0.10135,0.10165,3714425,377783.97616,1459,1798566,182968.46067,-0.0014734774066796,ARPA-USDT,0.101461528673998,0.1017214284129006,
2021-12-11 23:00:00,0.10166,0.1037599999999999,0.10159,0.10322,13010184,1339568.95623,3168,6202941,638440.26485,-0.0003873716831299,ARPA-USDT,0.1016153989935298,0.1018430742161646,
2021-12-12 00:00:00,0.10325,0.10359,0.1017899999999999,0.1023,8365121,859614.25572,2948,3980421,409382.41408,-0.000390854016025,ARPA-USDT,0.1032784341913803,0.1031121277968667,0.0001
2021-12-12 01:00:00,0.10228,0.1025099999999999,0.1015399999999999,0.10237,7285566,744037.12469,2154,3998125,408442.74662,-0.00029296875,ARPA-USDT,0.1023209410402238,0.1022054750965328,
2021-12-12 02:00:00,0.10232,0.10235,0.10125,0.1019,5962710,607181.02062,2129,2562283,260962.03344,0.0,ARPA-USDT,0.1022704676005462,0.1021550601123432,
2021-12-12 03:00:00,0.10187,0.10207,0.10165,0.10197,3298182,335967.68218,1739,1663336,169455.95536,-0.0004900999803959,ARPA-USDT,0.1019105938354227,0.1018081539584895,
2021-12-12 04:00:00,0.10197,0.1021799999999999,0.10089,0.10113,3367793,341850.06427,1880,1754826,178057.40393,-0.0011851851851852,ARPA-USDT,0.1020194205307185,0.1019450872494307,
2021-12-12 05:00:00,0.1010799999999999,0.10186,0.10105,0.10137,3801698,385802.56662,1606,1722672,174839.35377,-0.0007885657959585,ARPA-USDT,0.1011203315210184,0.1012701662165253,
2021-12-12 06:00:00,0.10136,0.10253,0.1013299999999999,0.10243,3380460,344910.59541,1886,1650517,168384.23422,-0.0010727520967428,ARPA-USDT,0.101389723183391,0.101588047230924,
2021-12-12 07:00:00,0.10243,0.103,0.102,0.1025799999999999,3447001,353106.69932,1874,1681315,172277.27967,-0.0004871869823648,ARPA-USDT,0.1024269846678023,0.1022623539932865,
2021-12-12 08:00:00,0.10249,0.10255,0.1011,0.10138,3957556,403004.79217,2315,1569060,159666.22119,-0.0013790386130811,ARPA-USDT,0.1024977519220912,0.1022883136017285,1.894e-05
2021-12-12 09:00:00,0.10134,0.10195,0.1004,0.10051,6002634,607857.1561,2337,2828534,286424.0011,-0.0010932220234545,ARPA-USDT,0.1014198607332257,0.1015505343883878,
2021-12-12 10:00:00,0.10051,0.1010399999999999,0.1001,0.10098,3138292,315652.15252,1893,1410542,141891.25801,-0.0013844936708861,ARPA-USDT,0.1005266164390036,0.1006252256387167,
2021-12-12 11:00:00,0.10097,0.1017899999999999,0.1006799999999999,0.1013,3091327,312563.49251,1678,1486636,150240.48626,-0.0002960623704727,ARPA-USDT,0.1010251801579466,0.1009878931961854,
2021-12-12 12:00:00,0.10128,0.10439,0.1009,0.10199,32278568,3314594.67925,11576,16577385,1701782.25737,-0.0008816614420062,ARPA-USDT,0.1012920271966527,0.1012100687678607,
2021-12-12 13:00:00,0.10199,0.10372,0.1015,0.10294,16625374,1706996.656,6501,8194502,841552.82315,9.715340522697956e-05,ARPA-USDT,0.1020460670218677,0.1017951788441872,
2021-12-12 14:00:00,0.10292,0.10319,0.10207,0.10314,7358271,755701.12586,3171,2701745,277620.16551,-0.0007750435962023,ARPA-USDT,0.1029129898810897,0.1028128164416216,
2021-12-12 15:00:00,0.10309,0.10325,0.10182,0.10207,5649003,578764.79112,2193,2569070,263186.98419,-0.0010765316108828,ARPA-USDT,0.1031171136451116,0.102951070124532,
2021-12-12 16:00:00,0.10206,0.1029,0.10198,0.10284,4051047,414777.3072,2298,1598795,163703.0375,-0.0005830903790088,ARPA-USDT,0.1021027116257236,0.1021941901301556,4.376e-05
2021-12-12 17:00:00,0.10284,0.10402,0.10265,0.10372,7550568,781465.66818,3425,2906999,300782.09912,-0.000385505011565,ARPA-USDT,0.1027788583146382,0.1029298749320658,
2021-12-12 18:00:00,0.10374,0.10485,0.10374,0.10474,5959282,622171.56646,3324,2796557,292021.25885,-0.0013348588863463,ARPA-USDT,0.1039874098875486,0.1039615225316528,
2021-12-12 19:00:00,0.10479,0.10492,0.10369,0.1040799999999999,6018896,627065.54947,2503,2203683,229582.61788,-0.0007680491551469,ARPA-USDT,0.1047953299828795,0.1047397812240098,
2021-12-12 20:00:00,0.10409,0.10478,0.10409,0.10421,3339564,348617.68868,1967,1985519,207268.48139,0.0,ARPA-USDT,0.1041863416616514,0.1042889421708862,
2021-12-12 21:00:00,0.10421,0.10453,0.10325,0.10361,3467681,360345.3567,1812,1451371,150904.64681,0.0001930688290374,ARPA-USDT,0.1042228580845654,0.1042186573711074,
2021-12-12 22:00:00,0.10365,0.10422,0.10352,0.10413,2622564,272317.76283,1688,1480203,153744.3562,-0.0003839877123932,ARPA-USDT,0.1037501581177063,0.1037879431011069,
2021-12-12 23:00:00,0.10409,0.1044,0.10311,0.10335,2371611,246080.39161,1634,905363,93924.14641,-0.0008700696055684,ARPA-USDT,0.1041034107666015,0.1040838492860719,
2021-12-13 00:00:00,0.10335,0.10411,0.10262,0.10293,3295434,340734.15865,2252,1410771,145885.4496,-9.714396735971408e-05,ARPA-USDT,0.103342752990317,0.1036099859210541,0.0001
2021-12-13 01:00:00,0.10285,0.10285,0.10021,0.10024,6884713,698047.86266,3227,2610099,264656.46897,-0.0007974481658693,ARPA-USDT,0.1027924642645188,0.10262290375045,
2021-12-13 02:00:00,0.10022,0.10107,0.1001399999999999,0.1005799999999999,3502804,352802.9103,2072,2110104,212571.98208,-0.0013899920571892,ARPA-USDT,0.1002176391589356,0.100590250181142,
2021-12-13 03:00:00,0.10056,0.1013299999999999,0.10049,0.10113,2925391,295010.01469,1800,1661332,167548.4637,-0.0016781836130306,ARPA-USDT,0.100547393279139,0.1005806468103723,
2021-12-13 04:00:00,0.10113,0.10191,0.1005,0.10181,3564962,360859.08006,2071,1599120,161930.01555,-0.0011772785244776,ARPA-USDT,0.1011289060387561,0.1009074803300733,
2021-12-13 05:00:00,0.10181,0.10279,0.10086,0.10202,5201031,529786.27454,2575,2588893,263840.38144,-0.0010770586507392,ARPA-USDT,0.1017350520570264,0.101730464639082,
2021-12-13 06:00:00,0.10203,0.10234,0.09957,0.10023,5677236,571930.98725,2442,2260702,227764.98173,-0.0002992220227409,ARPA-USDT,0.1019391718767761,0.1020914672342602,
2021-12-13 07:00:00,0.1001799999999999,0.10023,0.09851,0.09872,9354472,929142.41549,3267,4036779,400763.27462,-0.0005062265870202,ARPA-USDT,0.1001199982791258,0.1000559134648175,
2021-12-13 08:00:00,0.09873,0.1001,0.09774,0.09983,9409786,931633.05831,3716,4623194,457928.11768,-0.0007007007007007,ARPA-USDT,0.0986941407436737,0.0987365465164246,-6.965e-05
2021-12-13 09:00:00,0.0998,0.09982,0.09852,0.09922,5461179,541087.94259,2116,2612883,258792.52245,-0.0007050055393292,ARPA-USDT,0.0997648785714285,0.0995488965590647,
2021-12-13 10:00:00,0.0991799999999999,0.09931,0.09832,0.09911,5555561,548914.26914,2103,2636742,260462.7384,-0.0012093117000906,ARPA-USDT,0.0991487082952869,0.0991229176399154,
2021-12-13 11:00:00,0.0991,0.0997,0.0988,0.09949,5560884,552620.5233700001,1870,2739796,272300.69271,-0.0016056196688409,ARPA-USDT,0.098939090572797,0.0989748931822767,
2021-12-13 12:00:00,0.09956,0.09999,0.09844,0.09891,4853957,482129.2934,2167,2247996,223398.71273,-0.0005052546483428,ARPA-USDT,0.0995314323496659,0.099551939836251,
2021-12-13 13:00:00,0.09891,0.10017,0.09725,0.09834,16891711,1664513.05552,5369,9282230,915079.70334,-0.0021308980213089,ARPA-USDT,0.0987971583076186,0.0985989304987535,
2021-12-13 14:00:00,0.09835,0.09874,0.09492,0.09621,23823864,2305412.00453,8541,11095049,1074332.20794,-0.0001039284971938,ARPA-USDT,0.0982115089814457,0.0981237773773603,
2021-12-13 15:00:00,0.09623,0.0962399999999999,0.09324,0.09434,10894979,1032360.41702,5641,4850057,459461.46532,-0.0009530869427089,ARPA-USDT,0.0961403471052544,0.0958192601690833,
2021-12-13 16:00:00,0.09434,0.09561,0.0933,0.09452,8333760,786097.01958,4861,4111491,387963.80926,-0.0028484017301402,ARPA-USDT,0.0942642131405449,0.0942130535795531,4.903e-05
2021-12-13 17:00:00,0.09451,0.096,0.0938799999999999,0.09436,6334261,601082.31965,3355,3275933,310824.0262,-0.0015871336366521,ARPA-USDT,0.094525677577094,0.0945770809060779,
2021-12-13 18:00:00,0.09435,0.09477,0.09282,0.09351,7478574,700023.68438,2972,3259260,305136.16034,0.0013921610623259,ARPA-USDT,0.0942666431378933,0.0944195834066877,
2021-12-13 19:00:00,0.0933399999999999,0.0933399999999999,0.08832,0.09062,23367726,2116807.76362,9427,9632521,872996.8195,-0.0020922805858385,ARPA-USDT,0.0932207589810853,0.0927105207807999,
2021-12-13 20:00:00,0.09064,0.09129,0.0894399999999999,0.09028,6495459,587351.63721,3325,3239948,293000.98995,-0.0011064394777605,ARPA-USDT,0.0904878407295593,0.0906264844574504,
2021-12-13 21:00:00,0.09037,0.09126,0.08945,0.09079,5982607,540320.22677,2830,3140360,283697.78795,-0.0006604292790314,ARPA-USDT,0.0903896583173186,0.0904432614358744,
2021-12-13 22:00:00,0.09075,0.09171,0.09029,0.09131,7853951,715533.11356,2649,4065186,370296.84989,-0.0010939722131058,ARPA-USDT,0.090905367185908,0.0906041103115364,
2021-12-13 23:00:00,0.09131,0.09144,0.08976,0.0902,7115714,644612.70866,2480,3593140,325592.61464,0.0002217786648925,ARPA-USDT,0.0913679393252089,0.0910504478549621,
2021-12-14 00:00:00,0.09015,0.09128,0.08861,0.09064,7009561,630062.98321,3723,3435207,308776.47322,-0.0015421899096716,ARPA-USDT,0.0900419702809105,0.0894351234656223,7.64e-06
2021-12-14 01:00:00,0.09063,0.09166,0.08936,0.09052,11805890,1068877.19491,3267,6499684,588469.33247,-0.0033032371724289,ARPA-USDT,0.0906482049675822,0.0904451054851638,
2021-12-14 02:00:00,0.09051,0.09114,0.08964,0.09101,9215628,833231.79997,2996,3927848,355303.5278,-0.0005490885130684,ARPA-USDT,0.0903940919716383,0.0906398781233499,
2021-12-14 03:00:00,0.09101,0.09106,0.08925,0.09006,7426318,669978.3810299999,2459,3371880,304119.46038,-0.000222024866785,ARPA-USDT,0.0909643379987705,0.0907009920496529,
2021-12-14 04:00:00,0.09009,0.09106,0.08934,0.0901,6842389,618156.3391,2594,3287794,297030.71704,0.0003330742755633,ARPA-USDT,0.089885011390873,0.0902094971831011,
2021-12-14 05:00:00,0.09011,0.0914,0.08945,0.08961,13796343,1246454.94254,3626,7272423,656976.8067999999,-0.0016711229946525,ARPA-USDT,0.0901368635109865,0.089979309226956,
2021-12-14 06:00:00,0.08961,0.09066,0.0889799999999999,0.09024,6000104,538895.68539,3100,2480462,222648.56158,0.0003325573661456,ARPA-USDT,0.0897818943384533,0.0901846699989522,
2021-12-14 07:00:00,0.0902299999999999,0.09183,0.09016,0.0914,5664319,515166.03212,2547,3174756,288777.46949,0.0003283353398269,ARPA-USDT,0.0903707102588589,0.090621970005896,
2021-12-14 08:00:00,0.0913799999999999,0.09241,0.09109,0.09221,4993292,458114.4343,2445,2456765,225386.10201,-0.0003252385082394,ARPA-USDT,0.0913531214769179,0.0913482946060944,-0.00019964
2021-12-14 09:00:00,0.09222,0.09233,0.09007,0.09015,7478678,682874.04739,2909,3959327,361703.9589,-0.0011080332409972,ARPA-USDT,0.0922269834230042,0.0921614540000952,
2021-12-14 10:00:00,0.09016,0.092,0.09013,0.09162,6402921,583070.86242,3094,3119802,283971.75023,-0.0005454347114651,ARPA-USDT,0.090194379702494,0.0904340574821223,
2021-12-14 11:00:00,0.09161,0.0918799999999999,0.0907299999999999,0.09179,4411277,403218.24258,2634,1876413,171455.9549,-0.0008707956895612,ARPA-USDT,0.0916962321618115,0.0915765519750554,
2021-12-14 12:00:00,0.09183,0.09294,0.09171,0.09176,6655818,614489.95927,3289,3088832,285254.50015,-0.0010886131069018,ARPA-USDT,0.0919957929817929,0.0922127510339621,
2021-12-14 13:00:00,0.09177,0.09232,0.08981,0.09054,6356044,580227.24362,2817,3041661,277849.49795,-0.0005519372999228,ARPA-USDT,0.0917938565576869,0.0920499956817322,
2021-12-14 14:00:00,0.09054,0.09111,0.08959,0.09082,4467769,403038.30086,2544,2241491,202130.61947,-0.0006602112676057,ARPA-USDT,0.0904412848659348,0.0904822629134721,
2021-12-14 15:00:00,0.09082,0.09193,0.08901,0.08967,5701005,516382.40577,3174,2633148,238507.49224,-0.001225217197594,ARPA-USDT,0.0908583074401725,0.0908078416058269,
2021-12-14 16:00:00,0.0896899999999999,0.09082,0.08905,0.08972,4177290,376004.58368,3164,1909549,171981.43434,-0.0005569789461958,ARPA-USDT,0.0896215480907021,0.0894005765815731,7.907e-05
2021-12-14 17:00:00,0.0897299999999999,0.0906,0.089,0.08916,4762557,428007.16932,2644,2209351,198512.11986,-0.0003363605785402,ARPA-USDT,0.0898353517422748,0.089828773762897,
2021-12-14 18:00:00,0.08914,0.08977,0.08724,0.08804,6860879,606292.17047,3741,3231477,285771.23029,-0.001361161524501,ARPA-USDT,0.0892078268385874,0.0891559192979664,
2021-12-14 19:00:00,0.08805,0.08915,0.08788,0.08852,5734152,507100.38597,2767,2620682,231755.75418,-0.0004516711833785,ARPA-USDT,0.0880585611438605,0.0882924579287449,
2021-12-14 20:00:00,0.08849,0.09051,0.08846,0.09051,6319112,567041.37243,3207,3142564,281726.05397,0.0,ARPA-USDT,0.0885886111187121,0.0889116298784729,
2021-12-14 21:00:00,0.09052,0.0921299999999999,0.09027,0.09127,7392154,674685.9077099999,3640,3968359,362047.58182,-0.0010944511327569,ARPA-USDT,0.0904718650219939,0.0904029893351792,
2021-12-14 22:00:00,0.0913,0.09162,0.09028,0.09057,3654396,332191.53749,2352,1526073,138684.04309,-0.0002207749199691,ARPA-USDT,0.0913421613789106,0.0913236794833383,
2021-12-14 23:00:00,0.09053,0.0912299999999999,0.09015,0.09108,3351671,303687.69646,2190,1543418,139831.18874,-0.0012062726176115,ARPA-USDT,0.0905760851746258,0.0904199933349488,
2021-12-15 00:00:00,0.09106,0.09183,0.0907299999999999,0.09096,4323041,394535.04652,2639,2495094,227758.38929,-0.0007689772602438,ARPA-USDT,0.0910988305766062,0.0910397905474654,4.314e-05
2021-12-15 01:00:00,0.09093,0.09093,0.08978,0.08986,3329383,300675.05297,1844,1529291,137992.02533,-0.0004449388209121,ARPA-USDT,0.0908138851411856,0.0905629701214284,
2021-12-15 02:00:00,0.08988,0.0901,0.08931,0.08987,2546859,228473.58081,1826,1215055,109008.54812,-0.001000444642063,ARPA-USDT,0.0899054918161964,0.0899217433315953,
2021-12-15 03:00:00,0.08988,0.0908799999999999,0.08977,0.0907299999999999,3423725,308956.08205,1786,1971276,177776.42948000002,-0.0013208585580639,ARPA-USDT,0.089876236484687,0.0898259627751954,
2021-12-15 04:00:00,0.09076,0.09144,0.08999,0.09082,3663550,332874.9353,2198,1757004,159707.78581,-0.0004402377283733,ARPA-USDT,0.0910498627150194,0.0909603118463947,
2021-12-15 05:00:00,0.09076,0.09121,0.09022,0.09064,4227451,383433.0079,2125,2117284,192010.45776,-0.0020918198832984,ARPA-USDT,0.0906215571675081,0.0905697503479051,
2021-12-15 06:00:00,0.09066,0.09182,0.09063,0.09161,5866699,536367.4372,2573,2831054,258878.71132,-0.0007635253054101,ARPA-USDT,0.0907039682510918,0.0907903767750063,
2021-12-15 07:00:00,0.09161,0.0919799999999999,0.08993,0.09179,11279345,1025446.16648,3902,3439875,312778.7719,-0.0019571599434597,ARPA-USDT,0.0916221383274351,0.0908716201009854,
2021-12-15 08:00:00,0.0918,0.09299,0.0918,0.09235,6822098,630279.35406,3112,3597063,332280.41779,-0.0002165205153187,ARPA-USDT,0.091858724987939,0.0919782917118338,-0.00011034
2021-12-15 09:00:00,0.09237,0.0924,0.0915899999999999,0.09215,3177051,292052.38043,1886,1420046,130523.03032,-0.0010840108401084,ARPA-USDT,0.0923295713684769,0.0921588711015486,
2021-12-15 10:00:00,0.09215,0.09443,0.09102,0.09323,20664318,1917815.58177,6875,11916298,1105434.33749,-0.0012854847348688,ARPA-USDT,0.0921452241570952,0.0921896654406016,
2021-12-15 11:00:00,0.09331,0.09449,0.0921,0.09233,39837085,3715022.58359,13139,18648727,1739572.54453,0.0,ARPA-USDT,0.0931735648348857,0.0928009038838902,
2021-12-15 12:00:00,0.0923399999999999,0.093,0.09046,0.09102,17919089,1647821.99177,6696,7003680,644200.1609199999,-0.0007684707432209,ARPA-USDT,0.09224349517472,0.0919010722210148,
2021-12-15 13:00:00,0.09102,0.0920899999999999,0.09062,0.0916299999999999,8749468,799582.79571,3832,4742343,433526.43319,-0.0014167393199661,ARPA-USDT,0.0907876176560368,0.0910460913489907,
2021-12-15 14:00:00,0.09164,0.09166,0.0878299999999999,0.08878,15379867,1380373.47642,5933,5650044,508287.91169,-0.0006753714542999,ARPA-USDT,0.0916414823650608,0.0915401026230347,
2021-12-15 15:00:00,0.08877,0.08887,0.0870399999999999,0.08725,13889151,1220984.27193,5152,6009125,528181.14799,-0.0005727376861398,ARPA-USDT,0.0885623345126731,0.0886343334725575,
2021-12-15 16:00:00,0.08726,0.08965,0.087,0.0896,8196120,724784.11616,3677,4431368,391700.73473,0.0002232641214556,ARPA-USDT,0.0872716768836812,0.0876771495426061,-3.53e-06
2021-12-15 17:00:00,0.08959,0.09025,0.0887299999999999,0.08963,6713955,601017.12751,3139,3214517,287774.70388,0.0,ARPA-USDT,0.0894473777250141,0.0894134455864404,
2021-12-15 18:00:00,0.08961,0.0923399999999999,0.08924,0.0907299999999999,13776781,1249663.54509,4964,6491690,588975.20252,-0.0009909711517298,ARPA-USDT,0.0896109406984198,0.0895466703007792,
2021-12-15 19:00:00,0.09072,0.0956299999999999,0.09001,0.0941299999999999,21640965,2020473.61422,9931,10086233,940312.29262,-0.0012732095490727,ARPA-USDT,0.0904938666421025,0.0915949139639201,
2021-12-15 20:00:00,0.09414,0.09614,0.09383,0.09506,13491829,1283348.36893,5322,6245920,594254.11685,-0.0005257070760171,ARPA-USDT,0.0942597907850493,0.0943003830364883,
2021-12-15 21:00:00,0.09512,0.09564,0.0945,0.09507,6480683,615605.01666,2759,3409430,323899.50565,-0.0025180988353793,ARPA-USDT,0.0952418023952095,0.0953377295457883,
2021-12-15 22:00:00,0.09507,0.0952799999999999,0.09351,0.0938,3499117,330389.33278,1836,1418160,133937.36912,0.0001066211749654,ARPA-USDT,0.0950849455474739,0.0951377331325659,
2021-12-15 23:00:00,0.09378,0.09469,0.0937,0.09437,3106915,292524.93625,1859,1697180,159784.80978,-0.001692584364752,ARPA-USDT,0.0937545799727013,0.0938772911033633,
2021-12-16 00:00:00,0.0943799999999999,0.0955299999999999,0.0943,0.09493,3512087,333092.27657,2045,2076952,197030.38415,-0.0007368421052631,ARPA-USDT,0.094521778805165,0.0945652024747471,7.121e-05
2021-12-16 01:00:00,0.0949,0.09536,0.09434,0.09526,2952247,280052.24559,1944,1359089,128907.10526,-0.0005246039240374,ARPA-USDT,0.0949773232561801,0.0950785465940691,
2021-12-16 02:00:00,0.0952799999999999,0.096,0.09476,0.09575,4262306,406977.76157,1999,2539313,242467.31371,-0.0009390651085141,ARPA-USDT,0.0953011080164039,0.0952327118152988,
2021-12-16 03:00:00,0.09571,0.09616,0.09547,0.09593,2884010,276203.28151,1752,1455681,139457.20906999998,-0.000520941862888,ARPA-USDT,0.0957258964984173,0.0956349930707148,
2021-12-16 04:00:00,0.09591,0.09594,0.09395,0.09437,5690771,538720.66728,2401,2120840,200521.64145,-0.0001059546514092,ARPA-USDT,0.0958915775158658,0.0955541095088153,
2021-12-16 05:00:00,0.09433,0.095,0.09408,0.0941299999999999,2699064,255472.67710000003,1627,1488177,140888.60669,-0.0005308982798907,ARPA-USDT,0.0944378975483233,0.0947393476266048,
2021-12-16 06:00:00,0.09408,0.09482,0.09402,0.0947,1922939,181479.37324,1426,1082782,102187.10365,0.0005282620179609,ARPA-USDT,0.0940797564410571,0.0942065833347666,
2021-12-16 07:00:00,0.09469,0.09565,0.09461,0.09485,3596523,342294.59805000003,1822,1946895,185329.73861,0.0002109037224506,ARPA-USDT,0.0946849756207901,0.0948771088633421,
2021-12-16 08:00:00,0.09486,0.09532,0.09429,0.09491,2504934,237444.59112,1581,1277394,121155.48393,-0.0009473684210526,ARPA-USDT,0.0949217545825596,0.0949152366812601,8.381e-05
2021-12-16 09:00:00,0.09492,0.098,0.09472,0.09749,6054717,581807.4819700001,2894,3316797,318570.72655,-0.0013316943249335,ARPA-USDT,0.0949241739860501,0.0950752210640703,
2021-12-16 10:00:00,0.0975,0.0977799999999999,0.0967399999999999,0.09707,5948278,578362.5538700001,3212,2976194,289401.68693,0.0002060793405462,ARPA-USDT,0.0974092466863449,0.0971985841854147,
2021-12-16 11:00:00,0.09708,0.09947,0.09577,0.09867,11054322,1080695.97396,4534,5780112,564604.01179,-0.0006077180188392,ARPA-USDT,0.0968682841238334,0.0967019060923277,
2021-12-16 12:00:00,0.09862,0.09872,0.09601,0.0967,8489413,828353.18944,3739,3614935,353006.70549,0.0005173305742369,ARPA-USDT,0.0986491708262483,0.0983577605693073,
2021-12-16 13:00:00,0.09667,0.09772,0.09541,0.09731,9696515,936012.74428,4113,5231089,505372.78636,-0.0008214395728515,ARPA-USDT,0.0967282451364982,0.0968306308311712,
2021-12-16 14:00:00,0.09731,0.0979,0.09672,0.097,5416563,526440.97111,2596,2536257,246595.28913,-0.0008240626287597,ARPA-USDT,0.0969406215468253,0.096895816295572,
2021-12-16 15:00:00,0.09702,0.09725,0.0962399999999999,0.09688,3202736,309899.65714,2085,1535729,148628.23898,-0.0017516743946419,ARPA-USDT,0.0969827458342383,0.096602943732656,
2021-12-16 16:00:00,0.09691,0.10073,0.09644,0.10048,14993727,1472587.9054,5517,9943537,976013.37457,-0.0007955449482895,ARPA-USDT,0.0969677588620069,0.0967774631765093,-4.94e-05
2021-12-16 17:00:00,0.10048,0.10428,0.09954,0.1024,69166580,7071152.039530001,24925,34092005,3484946.6956,0.0,ARPA-USDT,0.1013284513443141,0.1008179539624325,
2021-12-16 18:00:00,0.1024,0.10817,0.1024,0.10614,67020424,7088651.36474,22539,33877128,3581638.70615,-0.0011293054771315,ARPA-USDT,0.1025914736242824,0.1026824154991479,
2021-12-16 19:00:00,0.10613,0.1085,0.10453,0.1057599999999999,67731612,7221198.06533,23469,33069096,3526233.56613,-0.0006614381555334,ARPA-USDT,0.1059318466528819,0.1062564306884288,
2021-12-16 20:00:00,0.10577,0.117,0.10543,0.11487,158295104,17840183.05049,55949,80486710,9068317.76034,-0.0074310896051154,ARPA-USDT,0.1056755188038186,0.1060368827723449,
2021-12-16 21:00:00,0.11487,0.11698,0.11258,0.11505,207667259,23807685.90408,63050,104645045,11996222.40009,-0.001648733078792,ARPA-USDT,0.1143229741778655,0.1150790091178735,
2021-12-16 22:00:00,0.11503,0.1165799999999999,0.1131099999999999,0.11497,127674973,14644883.61778,36860,64193435,7365508.528100001,-0.0004347070074769,ARPA-USDT,0.1150670823875416,0.1150332606931513,
2021-12-16 23:00:00,0.1149599999999999,0.11509,0.1085,0.10894,175807117,19685456.73918,51943,88727851,9933633.67076,-0.0005504587155963,ARPA-USDT,0.1146727922715454,0.1143839480347989,
2021-12-17 00:00:00,0.10895,0.11077,0.10601,0.10714,110259782,11953471.26717,35754,56813448,6163105.84253,-0.0013049962714392,ARPA-USDT,0.1095161587081329,0.1095871715133396,-0.0007456
2021-12-17 01:00:00,0.10714,0.11422,0.10669,0.10998,85350553,9365859.27973,29719,45724867,5015609.39851,-0.0025394522038817,ARPA-USDT,0.1072844790650294,0.1075769948699163,
2021-12-17 02:00:00,0.10993,0.1131099999999999,0.10912,0.1107799999999999,57121859,6343855.90614,20085,26542704,2948209.4062,-0.0007216308858027,ARPA-USDT,0.1097532081024168,0.1101031240655357,
2021-12-17 03:00:00,0.11072,0.11115,0.10685,0.10708,44696801,4834724.03342,16026,21165469,2289979.98135,9.339684318665498e-05,ARPA-USDT,0.1107943146324239,0.1103212370980912,
2021-12-17 04:00:00,0.10708,0.10814,0.10601,0.10758,30215564,3237411.85033,10002,14859907,1592999.75015,-0.000185873605948,ARPA-USDT,0.1074090624080314,0.1074203926835604,
2021-12-17 05:00:00,0.1074799999999999,0.10859,0.10555,0.1068799999999999,43806424,4678950.2617,14617,20645664,2206516.41725,-0.0005610622779136,ARPA-USDT,0.1074426,0.1075473385330856,
2021-12-17 06:00:00,0.10687,0.10983,0.10612,0.10775,43929972,4733705.60881,16039,22786086,2454862.28024,-0.0012050426399703,ARPA-USDT,0.1068835752612659,0.1070471213114471,
2021-12-17 07:00:00,0.1077299999999999,0.10804,0.1044,0.10547,82140244,8690594.16027,30973,42648857,4514138.18158,9.482268158533812e-05,ARPA-USDT,0.1075769020175927,0.1074476241507292,
2021-12-17 08:00:00,0.1054099999999999,0.10664,0.10435,0.10543,39485461,4163929.64787,13771,21412435,2258184.1181,0.0,ARPA-USDT,0.1051593455785712,0.1050606866949667,-0.00025632
2021-12-17 09:00:00,0.10549,0.1055099999999999,0.10244,0.10282,54754504,5678509.16368,19312,26230174,2720404.90878,0.0003891807744698,ARPA-USDT,0.1054200794038704,0.1051848714168008,
2021-12-17 10:00:00,0.1028,0.10284,0.10003,0.1009,78811211,7983667.5782,25869,43239869,4381421.26806,-0.0023729483883724,ARPA-USDT,0.1027043193252215,0.1023520711848224,
2021-12-17 11:00:00,0.1009,0.102,0.0996799999999999,0.10027,41483763,4187198.10018,13550,22663435,2289655.39098,-0.0005980265125087,ARPA-USDT,0.1009362883591707,0.1012975268837929,
2021-12-17 12:00:00,0.10021,0.1015,0.09996,0.1001799999999999,31100945,3132420.57389,9480,16808060,1693031.82864,-1.1102230246251563e-15,ARPA-USDT,0.1005385586725695,0.1008834183557751,
2021-12-17 13:00:00,0.10013,0.1007,0.09847,0.09888,32503438,3243472.07938,9999,16134909,1611259.16562,-0.0010103051121439,ARPA-USDT,0.1000836894771162,0.1002902259458996,
2021-12-17 14:00:00,0.09891,0.09916,0.0949,0.09717,62510296,6075451.65504,21058,32132003,3125804.76145,0.0001029230135858,ARPA-USDT,0.0988596677425697,0.0985097111212156,
2021-12-17 15:00:00,0.09719,0.10209,0.09568,0.10099,75520093,7488546.84884,23400,38907437,3856400.53762,0.0004953437685752,ARPA-USDT,0.0966738081401497,0.0965507382975245,
2021-12-17 16:00:00,0.10095,0.10209,0.09949,0.1014,37512084,3781614.05137,12300,17960742,1812156.36333,-0.0012804097311138,ARPA-USDT,0.1009089279124046,0.1008809826078501,0.0001
2021-12-17 17:00:00,0.1014299999999999,0.10149,0.0981799999999999,0.09859,19612518,1952652.21228,7033,8953465,891726.33952,0.0001014404544532,ARPA-USDT,0.1011973952582931,0.1010380303551531,
2021-12-17 18:00:00,0.09857,0.09944,0.09802,0.0991399999999999,14902917,1468838.73098,5038,8488600,836668.05521,0.0004036326942471,ARPA-USDT,0.0984805947454811,0.0987677975193154,
2021-12-17 19:00:00,0.09912,0.09966,0.09769,0.09822,14393599,1419654.77181,4718,7070500,697340.02096,-0.0004070832485243,ARPA-USDT,0.0990072869763745,0.0990501991418256,
2021-12-17 20:00:00,0.09823,0.09862,0.09671,0.09733,16276911,1588182.14362,5710,8175021,797745.28835,-0.0005134524543026,ARPA-USDT,0.0982573508685416,0.0982977288536226,
2021-12-17 21:00:00,0.09726,0.10098,0.09707,0.09953,21988599,2179847.57547,8092,11438328,1134041.89006,-0.0004017274279403,ARPA-USDT,0.0972233000377958,0.0974936351312129,
2021-12-17 22:00:00,0.09954,0.10015,0.09704,0.09986,20304671,2005103.82732,7468,10186673,1005554.26322,0.0002003205128204,ARPA-USDT,0.0997076725863083,0.0997828994151495,
2021-12-17 23:00:00,0.09988,0.09994,0.0983899999999999,0.09848,11952365,1184099.48802,4272,5558425,550803.72924,-0.0018244475978106,ARPA-USDT,0.0997532158484091,0.0994681577595878,
2021-12-18 00:00:00,0.09851,0.09983,0.0975,0.09955,14479441,1428426.02914,5280,7600360,749924.35228,0.0004019696512913,ARPA-USDT,0.0989070022940679,0.0990065069389807,0.0001
2021-12-18 01:00:00,0.09958,0.09984,0.09675,0.0971799999999999,12360846,1208160.96143,4545,5514269,539348.83427,-0.0006170300287956,ARPA-USDT,0.0997476173110446,0.0993562694015343,
2021-12-18 02:00:00,0.0971799999999999,0.09854,0.09687,0.0974,11530810,1127826.47581,3526,5814246,568458.54001,-0.0008206811653672,ARPA-USDT,0.097147800178185,0.0973057883216613,
2021-12-18 03:00:00,0.0974299999999999,0.09978,0.0973,0.09904,9039517,892021.82886,3078,4751000,469062.02776,-0.0003028161905723,ARPA-USDT,0.0974851091764451,0.0976662982145809,
2021-12-18 04:00:00,0.09905,0.0991399999999999,0.0981,0.0986799999999999,4984487,491299.75277,2137,2567394,252961.43794,-0.0011134730235863,ARPA-USDT,0.0990820914500469,0.0989038768720423,
2021-12-18 05:00:00,0.09867,0.09999,0.09817,0.09928,7416141,734484.17017,2752,3720174,368485.48094,-0.0006039863096436,ARPA-USDT,0.098734655712157,0.0984141179912869,
2021-12-18 06:00:00,0.09928,0.09951,0.09783,0.09808,6845131,674083.93737,2730,3212000,316555.53805,-0.0011202770139525,ARPA-USDT,0.0992015257529472,0.0991357706593868,
2021-12-18 07:00:00,0.09805,0.09884,0.0980299999999999,0.0986,3907305,384870.04575,1973,2225556,219225.42392,-0.0014178651002633,ARPA-USDT,0.0980795808620007,0.0981578205080647,
2021-12-18 08:00:00,0.09859,0.09969,0.09849,0.09887,5409832,536083.5302,2929,2725950,270153.93277,-0.0006064894369757,ARPA-USDT,0.0986378730574471,0.0988392057458338,7.922e-05
2021-12-18 09:00:00,0.09891,0.0999,0.09882,0.09978,6317266,627559.52119,2830,3288099,326605.69507,0.0004010427110487,ARPA-USDT,0.0988854125583809,0.099001502326436,
2021-12-18 10:00:00,0.09977,0.10147,0.09927,0.1010399999999999,27720680,2792208.7397,8647,14944162,1505975.67939,-0.0015810276679851,ARPA-USDT,0.0998299001094237,0.0998156309887902,
2021-12-18 11:00:00,0.10102,0.10112,0.09995,0.10028,12342445,1241024.35448,4456,4808170,483706.2312,-0.0006975585450922,ARPA-USDT,0.1010030083484432,0.1008501169142987,
2021-12-18 12:00:00,0.1003299999999999,0.10081,0.0997,0.10032,5262013,527460.81386,2504,2093384,209930.86875,-0.0002989536621822,ARPA-USDT,0.1003372891993475,0.1005093543691204,
2021-12-18 13:00:00,0.10032,0.10035,0.099,0.0991399999999999,5634166,561995.59423,2355,1993543,199109.56772,-0.000201694231546,ARPA-USDT,0.100314796381298,0.1002258882769867,
2021-12-18 14:00:00,0.0991399999999999,0.10029,0.0991,0.10021,5778854,576455.34317,2457,2804884,279874.28799,-0.0004987033712349,ARPA-USDT,0.0991733570103187,0.0992771390892024,
2021-12-18 15:00:00,0.10023,0.1006,0.09925,0.09935,7049536,704899.01509,2515,3148955,315044.50238,-0.0007040836853752,ARPA-USDT,0.100176093254095,0.1000873656468592,
2021-12-18 16:00:00,0.09933,0.09985,0.0991,0.0993899999999999,4786814,476082.90372,2061,2349533,233654.02713,-0.001205908953875,ARPA-USDT,0.0994540311680274,0.0993878579835128,0.0001
2021-12-18 17:00:00,0.09938,0.09952,0.09847,0.09913,8292105,821834.16983,2608,3514264,348437.84575,-0.0003025413473174,ARPA-USDT,0.0993945004195504,0.0993894959816855,
2021-12-18 18:00:00,0.09913,0.09913,0.09838,0.09892,5922053,585046.20125,2275,2873139,283862.48767,-0.0007071421355692,ARPA-USDT,0.0990570012139505,0.0989506040036466,
2021-12-18 19:00:00,0.0989,0.09899,0.0975299999999999,0.09837,8377935,822677.58966,2848,3951984,388147.17697,-0.0002032726903141,ARPA-USDT,0.0989122495152917,0.0987428567038746,
2021-12-18 20:00:00,0.09836,0.0986,0.09782,0.0985299999999999,2981622,292860.53822,1593,1345881,132207.13813,-0.0009125937943632,ARPA-USDT,0.0983419933554817,0.098252787197819,
2021-12-18 21:00:00,0.09849,0.09862,0.09804,0.09841,2114659,207953.3645,1397,878742,86398.18169,0.000203272690314,ARPA-USDT,0.0984383253778838,0.0984720279212489,
2021-12-18 22:00:00,0.0983899999999999,0.09884,0.098,0.0983,4048101,399071.53762,1778,2053334,202449.62232,-0.0019291298608995,ARPA-USDT,0.0983663189097835,0.0982412588042361,
2021-12-18 23:00:00,0.09831,0.09881,0.09797,0.09842,4354791,428486.96471,1658,1985536,195428.83285,-0.0010150223304913,ARPA-USDT,0.0982474161677025,0.0983226186701712,
2021-12-19 00:00:00,0.0984,0.09861,0.0981399999999999,0.09844,2737050,269166.11127,1520,1042080,102500.45307,-0.000710587757588,ARPA-USDT,0.0982273694315623,0.0983738067313858,6.93e-06
2021-12-19 01:00:00,0.0984299999999999,0.09888,0.09787,0.09845,3391040,333717.41709,1513,1575056,155048.22181,-0.0006090752207897,ARPA-USDT,0.0983556050088591,0.0983538379527706,
2021-12-19 02:00:00,0.09846,0.09972,0.09834,0.09947,1901635,188054.29448,1210,1177087,116416.99852,-0.0010043185698503,ARPA-USDT,0.0984595446614637,0.0985072902697527,
2021-12-19 03:00:00,0.0995,0.1004,0.09929,0.0993899999999999,5179149,517055.49216,2152,2528437,252424.05847,-0.0007038005228243,ARPA-USDT,0.0995779390861228,0.0996610116372168,
2021-12-19 04:00:00,0.0994,0.10015,0.09934,0.09987,2791776,278402.03147,1600,1261872,125782.26331,-0.0004003603242918,ARPA-USDT,0.0994070640706929,0.0994748119083875,
2021-12-19 05:00:00,0.09982,0.10016,0.09904,0.0991,3026680,301929.66752,1574,1362087,135911.14173,-0.0011087591976616,ARPA-USDT,0.099983552629997,0.10001613361729,
2021-12-19 06:00:00,0.0991,0.0993,0.09875,0.09887,1871740,185336.81826,1604,605613,59969.50259,-0.0002022449185964,ARPA-USDT,0.0991608730668223,0.0990854844661331,
2021-12-19 07:00:00,0.09885,0.09938,0.0987799999999999,0.09905,3122589,309386.76656,1718,1747067,173123.17402,0.0,ARPA-USDT,0.0988101635150166,0.0988663252520741,
2021-12-19 08:00:00,0.09904,0.09921,0.09842,0.09883,2777148,274606.10533,1748,944743,93452.95338,-0.0003034594375885,ARPA-USDT,0.0990250911111278,0.0990207584135209,0.0001
2021-12-19 09:00:00,0.09882,0.09901,0.09813,0.0983899999999999,2963283,291806.80681,1888,1295309,127575.85204,0.0002033140185004,ARPA-USDT,0.0988811063985971,0.0989349890979708,
2021-12-19 10:00:00,0.09838,0.09851,0.09764,0.09834,2738290,268722.05846,1748,1476432,144970.72802,0.0005086987486009,ARPA-USDT,0.0984175498483775,0.0983778892158212,
2021-12-19 11:00:00,0.09835,0.09838,0.0979,0.09835,1236607,121375.75262,1143,672859,66049.70073,0.0003051261187958,ARPA-USDT,0.0982692004827274,0.0980953144070724,
2021-12-19 12:00:00,0.09835,0.09836,0.09791,0.0982,1506166,147789.51619,1132,589210,57808.14289,-0.000915657747482,ARPA-USDT,0.0983506952550114,0.0982383712808189,
2021-12-19 13:00:00,0.09823,0.09886,0.09764,0.09861,2934176,288289.12103,1969,1599350,157147.42315,0.0003043213633597,ARPA-USDT,0.0982384569074778,0.0982247239225746,
2021-12-19 14:00:00,0.09862,0.09948,0.09767,0.0981799999999999,7426188,732297.82095,3230,3266417,321921.17203,0.0006114961271903,ARPA-USDT,0.0986810612324303,0.0989326069746249,
2021-12-19 15:00:00,0.0982,0.09834,0.09733,0.0977,3320951,324529.8247,1696,1241803,121394.94097,-0.0007159660427533,ARPA-USDT,0.0982755166181212,0.098218133670901,
2021-12-19 16:00:00,0.09769,0.09826,0.09751,0.09756,3516394,344109.66283,2287,1685952,164988.8729,-0.0005122425980945,ARPA-USDT,0.0976733596683098,0.0976358478256987,0.0001
2021-12-19 17:00:00,0.09754,0.09775,0.09671,0.09708,3806417,370372.61707,2007,1530655,149120.37999,-0.0005147740142077,ARPA-USDT,0.0976647972893967,0.0976272659627615,
2021-12-19 18:00:00,0.09713,0.09713,0.09612,0.09664,3813115,368270.06701,2408,1342910,129733.46423,0.0003105268605734,ARPA-USDT,0.0970762194659589,0.0970139375292037,
2021-12-19 19:00:00,0.09662,0.09673,0.09472,0.09532,7046669,673271.93637,3917,2603037,248749.60925,-0.0002097755401719,ARPA-USDT,0.0966673329805529,0.0966880687834949,
2021-12-19 20:00:00,0.09527,0.0957399999999999,0.09483,0.09516,3528768,336754.52868,2272,1881564,179615.88328,-0.0006301197227474,ARPA-USDT,0.0951478396668401,0.0950482133052154,
2021-12-19 21:00:00,0.09518,0.09535,0.09468,0.0948799999999999,3321549,315715.09858,2433,1452615,138097.43683,-0.0001053851828444,ARPA-USDT,0.0951657472097405,0.0951992619069234,
2021-12-19 22:00:00,0.09487,0.09648,0.09469,0.09596,4844973,463804.31878,2683,2722313,260637.86485,-0.001560711684528,ARPA-USDT,0.0947881542470492,0.0949728558809648,
2021-12-19 23:00:00,0.09595,0.09614,0.09437,0.09466,4826341,459788.05448,3237,2015157,192348.42853,-0.0005279273571957,ARPA-USDT,0.096029883580949,0.095812587966312,
2021-12-20 00:00:00,0.09462,0.09469,0.09342,0.09462,5410117,508856.40161,3517,2420522,227883.81385,0.0004229223937406,ARPA-USDT,0.0946268093718121,0.0943406463486148,0.0001
2021-12-20 01:00:00,0.09464,0.09543,0.0941,0.09458,3641957,345202.99075,2625,1649867,156411.30826,-0.000845129938728,ARPA-USDT,0.0946606821191403,0.0947029104486129,
2021-12-20 02:00:00,0.09458,0.09494,0.0941299999999999,0.09446,1652347,156131.63107,1860,782954,73967.57078,-0.0001058537101724,ARPA-USDT,0.0945761057404666,0.0945583248663812,
2021-12-20 03:00:00,0.09447,0.09477,0.0935899999999999,0.09415,1548745,145549.57364,1800,804019,75512.26669,0.0001062247716165,ARPA-USDT,0.094383699863355,0.0944712804406287,
2021-12-20 04:00:00,0.0941299999999999,0.0947799999999999,0.09405,0.09469,1157907,109281.55272,1968,481911,45496.31363,-0.0008441489922971,ARPA-USDT,0.0941571805641342,0.0941988823683631,
2021-12-20 05:00:00,0.09469,0.0949,0.09217,0.09227,4559500,424831.5662,3420,1754046,163673.7333,-0.0008662696264212,ARPA-USDT,0.0946969408979453,0.0947975892301609,
2021-12-20 06:00:00,0.09233,0.09271,0.0911299999999999,0.0917,6089531,559024.0475,3761,2520919,231694.2258,-0.0007627765064835,ARPA-USDT,0.0921785104620088,0.0921382136970239,
2021-12-20 07:00:00,0.09172,0.0925899999999999,0.0908,0.09232,7726579,708730.05461,3928,3076968,282430.02772,-0.0006494912318684,ARPA-USDT,0.091593265139515,0.0915933893208016,
2021-12-20 08:00:00,0.09233,0.09245,0.0915,0.0918,6544766,602310.50622,3436,2672892,245974.80305,0.0005449591280655,ARPA-USDT,0.0923079866927098,0.0922133422722754,0.0001
2021-12-20 09:00:00,0.0918,0.09187,0.08987,0.09027,8623316,782059.01485,4892,3370248,305731.82203,0.0004433115371826,ARPA-USDT,0.0918051964783543,0.0916859622394798,
2021-12-20 10:00:00,0.09027,0.09134,0.09018,0.09057,3515644,319139.13294,3006,1736870,157670.37391,-0.0008825151682294,ARPA-USDT,0.0902584976624273,0.0904681158505601,
2021-12-20 11:00:00,0.09057,0.09124,0.09052,0.09093,3496935,318035.65905,2677,1566510,142434.57749999998,-0.0001099626127116,ARPA-USDT,0.0905447710616974,0.0906059136412789,
2021-12-20 12:00:00,0.09093,0.0909799999999999,0.08935,0.08949,5112969,460084.41276,3835,2450402,220521.77115,-0.0010046885465506,ARPA-USDT,0.0909145522189742,0.0908680262599014,
2021-12-20 13:00:00,0.08949,0.09011,0.089,0.08904,4394248,393606.80901,3412,1962968,175933.44579,0.0,ARPA-USDT,0.0895437242785245,0.0894173478298162,
2021-12-20 14:00:00,0.08905,0.09041,0.08827,0.09036,10616157,946848.65836,5013,5380722,480075.26729,0.0006644518272425,ARPA-USDT,0.089043150765223,0.0890622130366086,
2021-12-20 15:00:00,0.09036,0.09036,0.08872,0.08882,5597667,501236.97918,3566,2364295,211700.64623,-0.0003376477208778,ARPA-USDT,0.0901855757211423,0.0899816145814796,
2021-12-20 16:00:00,0.08884,0.08968,0.08859,0.08966,5316164,473437.99923,3211,2736755,243685.01176,-0.000223015165031,ARPA-USDT,0.0888389877897717,0.0887200643859932,0.0001
2021-12-20 17:00:00,0.08967,0.09108,0.08941,0.0901,11304261,1018876.61273,4839,5195395,468476.02615,-0.0012193770092007,ARPA-USDT,0.0896052892054525,0.089537979141759,
2021-12-20 18:00:00,0.0901,0.09242,0.08959,0.09168,22072705,2012765.68663,9093,11392176,1038530.55172,-0.0010895619960775,ARPA-USDT,0.090158513442214,0.08994514210972,
2021-12-20 19:00:00,0.09167,0.09783,0.09143,0.09723,25551582,2422707.3416,11124,12310537,1167810.31956,-0.0007194244604316,ARPA-USDT,0.0916038667488803,0.091596189373621,
2021-12-20 20:00:00,0.09725,0.0982,0.09508,0.09702,29093389,2813158.85105,12916,13196491,1276183.85605,-0.0013381369016984,ARPA-USDT,0.0971645526477379,0.0971954438721011,
2021-12-20 21:00:00,0.09705,0.09834,0.09575,0.09592,21847274,2119159.94152,8022,9978031,967355.46604,-0.0010414496979794,ARPA-USDT,0.0970056746122496,0.0976790884721326,
2021-12-20 22:00:00,0.09592,0.09849,0.09391,0.09404,20881897,2010723.12984,8501,8113736,782987.2361699999,-0.0009561245086583,ARPA-USDT,0.0961026592757108,0.0962672846634281,
2021-12-20 23:00:00,0.09404,0.09552,0.09381,0.0949,10810410,1023392.34523,5208,4862173,460513.20274,-0.0005265929436546,ARPA-USDT,0.0940982490950717,0.0942886628655107,
2021-12-21 00:00:00,0.09492,0.09566,0.09441,0.09457,7919758,753653.77641,3841,4026510,383207.99148,-0.0004227882887644,ARPA-USDT,0.0950657304564723,0.0950060856924777,-0.00017456
2021-12-21 01:00:00,0.09458,0.0953,0.0942799999999999,0.09522,3749350,355066.96987000003,2496,1877384,177852.31017,-0.001677500524219,ARPA-USDT,0.0947010627680615,0.0946551767152019,
2021-12-21 02:00:00,0.09522,0.0957,0.09465,0.0948799999999999,5299548,504672.84081,3252,2667195,253975.14814,-0.0008424599831519,ARPA-USDT,0.0954510331024437,0.0954273333876778,
2021-12-21 03:00:00,0.09493,0.0964899999999999,0.09476,0.09647,6997886,670106.02641,4169,3966233,379681.72455,0.000622342080697,ARPA-USDT,0.094894314486775,0.0948800646766281,
2021-12-21 04:00:00,0.09648,0.09757,0.09637,0.09663,7635809,740525.58946,4996,3616319,350809.31456,-0.0004137788352126,ARPA-USDT,0.0966716051784909,0.0967909292549765,
2021-12-21 05:00:00,0.09664,0.0981,0.09595,0.09804,7838882,758562.92784,3405,4085171,395602.79715,-0.0003059039461609,ARPA-USDT,0.0966838257525962,0.0965980655856085,
2021-12-21 06:00:00,0.0980299999999999,0.10189,0.0972799999999999,0.1017,28534444,2843802.0923,13623,14868689,1482053.71185,-0.0029411764705882,ARPA-USDT,0.0979183689771726,0.0980465588368662,
2021-12-21 07:00:00,0.10165,0.10176,0.0970299999999999,0.09766,24614069,2430926.14783,9457,10566284,1043213.31819,-0.0004094165813715,ARPA-USDT,0.1016065140335382,0.1012313291105897,
2021-12-21 08:00:00,0.09766,0.09824,0.09709,0.09785,11596698,1133639.6201,5162,5865104,573328.71688,-0.0016324864809712,ARPA-USDT,0.0976194537359224,0.0974804764699189,-0.00033405
2021-12-21 09:00:00,0.09784,0.0990299999999999,0.09711,0.09886,14846792,1457240.82004,5332,6982945,685581.03576,-0.0007075710098048,ARPA-USDT,0.0978892044014848,0.0978489112661134,
2021-12-21 10:00:00,0.09885,0.0996,0.0981799999999999,0.09857,9841058,973157.94161,4772,4515793,446538.08515,-0.0017216933360338,ARPA-USDT,0.0987731909354476,0.0986930133445671,
2021-12-21 11:00:00,0.09858,0.09935,0.09774,0.09823,11678871,1149086.08059,4203,5717912,562229.45737,-0.0008137524158274,ARPA-USDT,0.0981929328821898,0.0980039850623518,
2021-12-21 12:00:00,0.09823,0.09885,0.09727,0.09812,12015906,1178067.65028,4118,5850681,573700.72606,0.0,ARPA-USDT,0.0982238178618565,0.0981529226010414,
2021-12-21 13:00:00,0.09813,0.09855,0.0971,0.09755,8028170,785558.84295,3722,3807673,372538.23465,-0.0003074400491904,ARPA-USDT,0.0982343821217955,0.0982480993966101,
2021-12-21 14:00:00,0.09755,0.09858,0.09742,0.09808,10807643,1059073.28969,3992,4547720,445766.91941,-0.000203873598369,ARPA-USDT,0.0977197524642257,0.0976360732494381,
2021-12-21 15:00:00,0.09809,0.0981799999999999,0.09561,0.09645,8715166,841972.39611,4034,3694699,357063.83763,0.0003111387678904,ARPA-USDT,0.0980934638486046,0.0980370263386059,
2021-12-21 16:00:00,0.09645,0.09852,0.09611,0.09776,10943768,1066623.25123,5107,5060081,492700.7595,0.0,ARPA-USDT,0.0963461539007427,0.0962794811358822,4.88e-05
2021-12-21 17:00:00,0.09776,0.0977799999999999,0.09642,0.0971,10982506,1065265.69149,4628,5045480,489353.69483,-0.0004117768169651,ARPA-USDT,0.0976340723759159,0.0976504286468223,
2021-12-21 18:00:00,0.0971,0.09729,0.09645,0.09655,4227096,409667.98061,3892,1668468,161679.21,0.0001035840066292,ARPA-USDT,0.0970761548106315,0.0969523108709149,
2021-12-21 19:00:00,0.09654,0.09756,0.09627,0.0974,5992440,580094.98444,3899,2614221,252952.34009,-0.0007181696932389,ARPA-USDT,0.0965512280962722,0.0965516865547651,
2021-12-21 20:00:00,0.09745,0.09837,0.09741,0.09801,7912799,774699.40149,3822,4151053,406376.63556,-0.0007137030995105,ARPA-USDT,0.0974819688880156,0.0978177110674779,
2021-12-21 21:00:00,0.09797,0.0984,0.09775,0.09817,5065463,496812.44577,2461,2322273,227781.10849,-0.001322482197355,ARPA-USDT,0.0979002263500755,0.0979038615052122,
2021-12-21 22:00:00,0.0981399999999999,0.09971,0.09774,0.09898,9171417,905425.55111,3559,4440840,438236.25116,-0.0007067137809186,ARPA-USDT,0.0980152494809835,0.0979860921856662,
2021-12-21 23:00:00,0.09897,0.09928,0.09852,0.09888,5088276,503379.00803,2105,2122014,209878.61596,-0.0012121212121213,ARPA-USDT,0.09882369437021,0.0989823870118419,
2021-12-22 00:00:00,0.09883,0.09936,0.098,0.0980299999999999,3984367,394046.52951,2598,1775155,175666.80972,-0.0003059351417509,ARPA-USDT,0.0990771753298004,0.0991628315769416,0.0001
2021-12-22 01:00:00,0.0980299999999999,0.09928,0.0979,0.09927,2731016,268816.57418,1998,1201815,118275.07742,-0.0007046506945842,ARPA-USDT,0.0980406535561141,0.0980498660043323,
2021-12-22 02:00:00,0.09927,0.10089,0.09926,0.1003299999999999,7398975,741499.89929,4316,3694893,370246.25569,-0.0002989238740543,ARPA-USDT,0.0993576734341136,0.0994042882838843,
2021-12-22 03:00:00,0.10031,0.10056,0.0998,0.10012,3307313,331307.32598,2381,1289767,129186.50069,-0.000299550673989,ARPA-USDT,0.1003180658467649,0.1003267868634341,
2021-12-22 04:00:00,0.10013,0.10116,0.09984,0.10116,4100416,411957.33355,2364,2433512,244564.23685,-9.884353069089524e-05,ARPA-USDT,0.1003179373763901,0.1001520410423862,
2021-12-22 05:00:00,0.10111,0.10149,0.09948,0.09971,6373396,639973.35903,3035,2317645,232698.48725,-0.00070154339547,ARPA-USDT,0.1013315317597368,0.1012413308220639,
2021-12-22 06:00:00,0.09971,0.10071,0.09942,0.10038,5452777,545844.90307,2919,2354838,235698.53174,-0.000199203187251,ARPA-USDT,0.09967624652118,0.0997127326457734,
2021-12-22 07:00:00,0.10037,0.10085,0.09979,0.10062,5618319,563067.80709,2917,2517879,252298.05977,-0.0016866752654033,ARPA-USDT,0.1003934710608832,0.1002377576025352,
2021-12-22 08:00:00,0.10062,0.1014299999999999,0.10059,0.10097,3546082,357862.57599,2953,1838305,185504.6736,-0.0013846306003363,ARPA-USDT,0.1007939249436159,0.1008809943598851,3.563e-05
2021-12-22 09:00:00,0.10097,0.10199,0.09925,0.10003,7377882,742979.3869800001,3583,2823993,284545.32127,-0.0003997201958629,ARPA-USDT,0.1010344411813077,0.1015686723555258,
2021-12-22 10:00:00,0.10002,0.10161,0.09981,0.10142,6143845,620503.69594,3664,2779239,280662.61898,9.8609604575417e-05,ARPA-USDT,0.0999923420095804,0.1000488168999899,
2021-12-22 11:00:00,0.10142,0.1042,0.10117,0.10205,23067738,2360465.92396,11889,11074849,1133142.62901,-0.0006854680767723,ARPA-USDT,0.1015505517666152,0.1016062017088813,
2021-12-22 12:00:00,0.10205,0.10299,0.10114,0.10169,13842916,1412693.20477,6635,5130125,523568.82031,0.0003935071323166,ARPA-USDT,0.1022489501320931,0.1023608900800713,
2021-12-22 13:00:00,0.10166,0.10349,0.10135,0.10257,9314609,954542.33352,6095,4730825,484975.08257,-0.0011685655857436,ARPA-USDT,0.1016181061692969,0.1017075653493335,
2021-12-22 14:00:00,0.10257,0.105,0.10203,0.104,12585857,1301292.28797,5457,7121300,736066.85624,0.0007698229407235,ARPA-USDT,0.102537665094531,0.102532185110912,
2021-12-22 15:00:00,0.1039099999999999,0.10751,0.10236,0.10627,67399173,7118632.8335,28264,34924062,3690599.87304,-0.001221804511278,ARPA-USDT,0.1039723379319196,0.103309276498446,
2021-12-22 16:00:00,0.10626,0.10779,0.1052599999999999,0.10622,35589328,3795327.03207,13007,16747833,1786820.5810500002,-9.413536665736633e-05,ARPA-USDT,0.106201586198943,0.1064325092184241,-7.025e-05
2021-12-22 17:00:00,0.1062299999999999,0.1065,0.10424,0.10439,11591435,1221145.15927,5418,4244447,447106.50186,-0.0005744375299187,ARPA-USDT,0.1061648470816479,0.1062238755998562,
2021-12-22 18:00:00,0.10436,0.1061599999999999,0.1040599999999999,0.10519,13164884,1385237.78987,5240,6212986,653777.58896,0.0001901682989446,ARPA-USDT,0.104292832288463,0.1044426711590397,
2021-12-22 19:00:00,0.10518,0.1059799999999999,0.10477,0.10589,9603642,1012329.34889,3810,4633359,488401.53206,-0.0003776078542433,ARPA-USDT,0.1050096732152739,0.1049393944783992,
2021-12-22 20:00:00,0.1059,0.1059799999999999,0.10413,0.1046599999999999,7835426,823760.90686,3665,3094397,325317.21755,-0.0002865603209485,ARPA-USDT,0.1057876885215959,0.1055886092330699,
2021-12-22 21:00:00,0.10464,0.10592,0.10413,0.10475,19204536,2016619.98781,5548,9352394,981841.15789,-0.0010490177379363,ARPA-USDT,0.1046146768887649,0.1046997103531782,
2021-12-22 22:00:00,0.10475,0.1053,0.1046599999999999,0.1047599999999999,4860131,510217.41776,2185,2013736,211285.73193,-0.0013346043851296,ARPA-USDT,0.1047559993566373,0.1048870524349157,
2021-12-22 23:00:00,0.10477,0.10477,0.1020799999999999,0.10255,9249843,953946.67527,5760,3326330,343009.7541,-0.0001949887881446,ARPA-USDT,0.1045376325317666,0.1044471559249069,
2021-12-23 00:00:00,0.10254,0.1030799999999999,0.10107,0.10211,11548450,1175689.35352,4598,5240977,533701.5103,-0.0001958288455888,ARPA-USDT,0.1027013567366433,0.102856835109429,4.429e-05
2021-12-23 01:00:00,0.10214,0.10317,0.1013,0.10295,5125054,523840.15862,2810,2826342,289095.23198,-0.0004854368932037,ARPA-USDT,0.1020116716612764,0.1020428864067876,
2021-12-23 02:00:00,0.10296,0.10419,0.10244,0.1025099999999999,7299486,754574.6805199999,3450,3244302,335667.65832,-0.0004875195007809,ARPA-USDT,0.1028828737844611,0.10296234077821,
2021-12-23 03:00:00,0.10252,0.10295,0.10102,0.1029099999999999,5227733,533557.40732,3100,2807830,286713.46554,9.718172983386177e-05,ARPA-USDT,0.1026387267239491,0.1024520166811492,
2021-12-23 04:00:00,0.10293,0.10319,0.10216,0.1022,4229684,434765.96609,2909,1874576,192733.51691,-0.0003912363067292,ARPA-USDT,0.1028927301479611,0.1029830120638732,
2021-12-23 05:00:00,0.10227,0.1030599999999999,0.10226,0.10234,2327170,238887.09192,2315,1153399,118394.06814,-0.0004883289383728,ARPA-USDT,0.1023004528887689,0.1024227262534331,
2021-12-23 06:00:00,0.10234,0.10338,0.102,0.10322,3711143,381571.646,2398,1854239,190646.31642,-0.0004841677156967,ARPA-USDT,0.1021948255981957,0.1021882049515326,
2021-12-23 07:00:00,0.1032,0.10414,0.10139,0.10169,6255728,643416.4932200001,3731,2710399,279229.57398,-0.0006878930817609,ARPA-USDT,0.1033224572602685,0.1032664029246283,
2021-12-23 08:00:00,0.10172,0.10407,0.1015399999999999,0.10352,7374428,761123.24568,5028,3717425,383408.89902,-0.0013505691684352,ARPA-USDT,0.1016666649871069,0.101883543173378,0.0001
2021-12-23 09:00:00,0.1035099999999999,0.10384,0.10265,0.10285,3239636,334404.76211,2641,1373888,141848.74818,9.723842862685572e-05,ARPA-USDT,0.1035426926723997,0.1035334723813224,
2021-12-23 10:00:00,0.10278,0.10439,0.10253,0.1041,5931157,613755.18106,3155,3248736,336209.10069,-0.000671978496688,ARPA-USDT,0.1028758989873734,0.1030714675790317,
2021-12-23 11:00:00,0.10415,0.10464,0.10213,0.1035799999999999,9467487,978244.21483,4642,4317902,446196.75754,-0.0010608544700559,ARPA-USDT,0.1043651306455236,0.1043238731614907,
2021-12-23 12:00:00,0.10364,0.10504,0.10355,0.10447,6458880,673424.07332,3578,3248579,338657.19495,-0.0007651841224295,ARPA-USDT,0.1037258712945862,0.1039132353179904,
2021-12-23 13:00:00,0.10447,0.10504,0.1038,0.1039,5138588,536896.639,2621,2145086,224137.93652,0.0002888225666699,ARPA-USDT,0.1044247590080344,0.1044078210805642,
2021-12-23 14:00:00,0.10388,0.10455,0.10364,0.10385,4063458,423021.86834,2614,1667148,173667.93224,0.0001926225561013,ARPA-USDT,0.1038208707895425,0.103922743123739,
2021-12-23 15:00:00,0.10387,0.10567,0.10387,0.105,9135541,958952.42223,4048,4401235,461882.77465,-0.0002856326763781,ARPA-USDT,0.1039521771443115,0.104000781620316,
2021-12-23 16:00:00,0.1050099999999999,0.10629,0.10435,0.10605,9012312,949106.07299,4734,4910086,517371.31328,-0.0005654509471302,ARPA-USDT,0.1050070870967742,0.1053354777659475,0.0001
2021-12-23 17:00:00,0.10608,0.11129,0.10605,0.10889,71156433,7763132.60541,27552,36086957,3935997.9743,-0.0007341470129392,ARPA-USDT,0.1065202527183983,0.1066831740300478,
2021-12-23 18:00:00,0.10889,0.10991,0.1084,0.1090599999999999,32592945,3557822.94782,14922,14588068,1592914.44871,-0.0010991023997078,ARPA-USDT,0.1090918487968094,0.1091061897261487,
2021-12-23 19:00:00,0.10907,0.11141,0.10874,0.11001,26975341,2962727.74606,10287,12207715,1340900.64315,-0.0013616557734204,ARPA-USDT,0.1091846960373361,0.1092078301512631,
2021-12-23 20:00:00,0.1100599999999999,0.11485,0.10819,0.11337,45815704,5110298.52305,17425,20987409,2344892.07881,-0.0041286015460294,ARPA-USDT,0.1099907863442022,0.1096475540599483,
2021-12-23 21:00:00,0.11339,0.11548,0.1120099999999999,0.11218,47608863,5398169.60666,16925,20178534,2289225.33847,-0.0008016389062082,ARPA-USDT,0.1134594846773224,0.1133240614674899,
2021-12-23 22:00:00,0.11218,0.11239,0.10942,0.10983,23864148,2646807.6306,10085,8507659,943324.42749,-0.0002730748225013,ARPA-USDT,0.1122960146561034,0.1120540195343967,
2021-12-23 23:00:00,0.10982,0.11158,0.10959,0.1115,10974441,1210622.1408,4350,5765164,635780.54988,-0.0008960573476702,ARPA-USDT,0.1099235661534861,0.1098740331893005,
2021-12-24 00:00:00,0.11157,0.1116099999999999,0.10985,0.10999,7288670,804662.48315,4130,2796052,308610.94806,-0.0015432098765431,ARPA-USDT,0.1113683973419566,0.1111072918535296,-0.00030822
2021-12-24 01:00:00,0.1099599999999999,0.11105,0.10987,0.11052,6063553,670283.53582,3072,2994713,331083.90123,-0.0018965050121918,ARPA-USDT,0.1100192045609324,0.1100711843966878,
2021-12-24 02:00:00,0.1105299999999999,0.11054,0.10972,0.10982,4482558,493753.79706,2894,1838745,202588.97494,-0.0004550832802402,ARPA-USDT,0.110441908427746,0.110448409440014,
2021-12-24 03:00:00,0.10982,0.11054,0.1094,0.1102799999999999,5550815,610700.75683,2776,2677628,294577.30053,-0.0008154389779839,ARPA-USDT,0.1097346900158774,0.1096780337582387,
2021-12-24 04:00:00,0.1102799999999999,0.1106099999999999,0.10967,0.1100599999999999,3082585,339705.63644000003,2005,1623750,178954.02749,-0.0019044164323942,ARPA-USDT,0.1102664203755441,0.1101024296187167,
2021-12-24 05:00:00,0.11005,0.11005,0.1086299999999999,0.1098099999999999,7288985,797490.6399600001,3759,2934359,321314.16574,-0.000909835319808,ARPA-USDT,0.110035623402896,0.1099273072145093,
2021-12-24 06:00:00,0.1098099999999999,0.1103799999999999,0.10818,0.11029,6271232,684734.86842,3656,2795438,305619.74041,-0.0019907700660573,ARPA-USDT,0.1097566467717765,0.1095423266440418,
2021-12-24 07:00:00,0.1103,0.1117,0.10989,0.11122,7113620,787945.90305,3569,3829324,424041.3726,-0.0011674898967221,ARPA-USDT,0.1102876902997389,0.1102849939839961,
2021-12-24 08:00:00,0.1112,0.11344,0.11079,0.11122,16190688,1816198.07791,6778,8076481,906203.95053,-0.0010777797736661,ARPA-USDT,0.1112849048155346,0.1115836156502024,-0.00016408
2021-12-24 09:00:00,0.11125,0.1115599999999999,0.10975,0.1115599999999999,13437254,1488137.13927,5106,5361925,594226.41894,0.0005381165919273,ARPA-USDT,0.1113343524445049,0.1110447286538897,
2021-12-24 10:00:00,0.1115599999999999,0.1115599999999999,0.1105599999999999,0.11064,6221391,690932.78129,3463,2502779,277961.40514,0.0002712232167074,ARPA-USDT,0.1114887485076893,0.1113994238550198,
2021-12-24 11:00:00,0.11064,0.11135,0.10941,0.10993,4947821,546593.21811,3336,2140558,236536.87191,-0.0010904134484325,ARPA-USDT,0.1105620446150354,0.1104935603776009,
2021-12-24 12:00:00,0.1099599999999999,0.11066,0.10919,0.1106299999999999,4145122,455757.31176,3108,1830452,201302.22076,-0.0013540350243735,ARPA-USDT,0.1098498824307516,0.1096521297816073,
2021-12-24 13:00:00,0.11064,0.11079,0.10957,0.10969,4485868,494476.85241,3373,2074093,228821.4204,-0.0007287965746561,ARPA-USDT,0.1105437186305467,0.110583942940854,
2021-12-24 14:00:00,0.10967,0.11043,0.10818,0.1084599999999999,5823439,637653.92801,3630,2443037,267734.86628,-8.881784197001252e-16,ARPA-USDT,0.1097701206087926,0.1099112113428028,
2021-12-24 15:00:00,0.1084599999999999,0.10892,0.10429,0.1089,27231442,2911505.97466,8589,12035531,1287020.90661,-0.0001836210062431,ARPA-USDT,0.1071770508858665,0.1063284259329973,
2021-12-24 16:00:00,0.1089099999999999,0.10954,0.10777,0.10832,7821872,851009.28851,4301,3291721,358192.89925,-9.231053263170086e-05,ARPA-USDT,0.1088362934347129,0.1089495616275689,0.0001
2021-12-24 17:00:00,0.10829,0.1094,0.10754,0.1094,4920589,533745.82555,3185,2626524,285062.16428,-0.0009132420091324,ARPA-USDT,0.1082204967985484,0.1085156658923894,
2021-12-24 18:00:00,0.1094,0.11315,0.10935,0.11029,32889355,3652728.43006,14611,15545491,1725839.05732,-0.0024421128798842,ARPA-USDT,0.1094993699485039,0.1097028462718876,
2021-12-24 19:00:00,0.11025,0.1110599999999999,0.10801,0.10811,11466907,1257278.0042,5575,4680217,513222.85259,-0.0014777870139466,ARPA-USDT,0.1103218435199103,0.1103575427362383,
2021-12-24 20:00:00,0.10811,0.10957,0.10767,0.10932,7842181,852168.77525,4490,3264054,354714.37722,-0.0007312614259598,ARPA-USDT,0.1078783512231276,0.1080723158402158,
2021-12-24 21:00:00,0.10933,0.10972,0.1087099999999999,0.1088099999999999,5547569,606402.61824,2907,2475998,270688.8751,0.0001838404265088,ARPA-USDT,0.1093475199724122,0.1092115807665851,
2021-12-24 22:00:00,0.10882,0.10887,0.10568,0.10672,8012288,859470.0966800001,4017,3463399,371170.26993,-0.0025236003364801,ARPA-USDT,0.1088460012184263,0.1087073284637085,
2021-12-24 23:00:00,0.10674,0.10994,0.10554,0.10844,13304684,1439023.0433,6861,6459289,698218.2885,-0.0002765741679727,ARPA-USDT,0.1068919339901195,0.1070981720933379,
2021-12-25 00:00:00,0.10844,0.11039,0.1076,0.1097799999999999,6951189,761845.9057,5362,3188198,349527.15208,-0.0012736535662308,ARPA-USDT,0.1081560514026675,0.1081768622312116,-0.00031358
2021-12-25 01:00:00,0.10982,0.11008,0.10895,0.10942,3582953,392460.59228,2177,1491820,163311.25669,-0.0008218427540863,ARPA-USDT,0.1098992756596569,0.1098928077625317,
2021-12-25 02:00:00,0.10941,0.11033,0.1085599999999999,0.1085599999999999,3790183,415872.62159,2467,2020286,221627.7869,-0.0002762685330149,ARPA-USDT,0.1093911545644914,0.1098482097207795,
2021-12-25 03:00:00,0.10854,0.10901,0.10795,0.108,2371653,257543.0322,2505,1160787,126066.24962,-0.0005552470849528,ARPA-USDT,0.1085343369495067,0.1085037701178314,
2021-12-25 04:00:00,0.10799,0.10857,0.1079099999999999,0.10819,2126131,230269.36069,1925,1125517,121894.15109,-0.0016609762849496,ARPA-USDT,0.1079690995130019,0.1080405873222887,
2021-12-25 05:00:00,0.1082099999999999,0.10889,0.10802,0.10887,1860183,201856.17723,1640,1118251,121356.95978,-0.001467486013024,ARPA-USDT,0.1082246349745331,0.1082003237078506,
2021-12-25 06:00:00,0.1089,0.10987,0.10817,0.10985,3981094,433797.49267,2605,2035634,221982.97549,-0.0008186283427323,ARPA-USDT,0.1089975686563497,0.1090652048902292,
2021-12-25 07:00:00,0.10985,0.1107,0.10935,0.10993,5315245,584158.34542,2907,3059847,336256.34121,0.0005460999362882,ARPA-USDT,0.109754069234635,0.1097166737538448,
2021-12-25 08:00:00,0.10989,0.11339,0.10989,0.11306,39077656,4377582.18889,15102,20838578,2335304.84185,8.845643520571933e-05,ARPA-USDT,0.1100403251000113,0.1101330763617595,9.542e-05
2021-12-25 09:00:00,0.11306,0.11339,0.11209,0.11214,15344995,1732603.75969,7055,6117222,690688.83742,-0.0002674511901578,ARPA-USDT,0.1129362487826295,0.1130834191807402,
2021-12-25 10:00:00,0.11214,0.1132,0.1107,0.11164,16395587,1838988.82957,8113,7049960,791433.23413,-0.0001791151710549,ARPA-USDT,0.1121428503596598,0.1119517633839997,
2021-12-25 11:00:00,0.11164,0.11218,0.11019,0.11082,9188565,1021373.4883,5142,4344138,482859.43129,0.0005417118093173,ARPA-USDT,0.1115871905837593,0.1115996869978234,
2021-12-25 12:00:00,0.11082,0.11199,0.1105,0.1109599999999999,6843165,761416.1801100001,3560,2978481,331494.37278,-0.0011702223422458,ARPA-USDT,0.1109110596919401,0.1108179842115311,
2021-12-25 13:00:00,0.11095,0.1118,0.11066,0.1113099999999999,3726424,414541.13856,3034,1693876,188431.10131,-0.0007181973247158,ARPA-USDT,0.1109164121799716,0.1108117833854543,
2021-12-25 14:00:00,0.11132,0.11145,0.11043,0.11068,3037094,336591.53811,2768,1374398,152334.91188,-9.034239768723752e-05,ARPA-USDT,0.1113512128514056,0.1112947918304676,
2021-12-25 15:00:00,0.11069,0.11188,0.11068,0.11143,4518389,502911.63733,3002,2108304,234595.16653,0.0001795170990037,ARPA-USDT,0.1108005572471597,0.1108845513011038,
2021-12-25 16:00:00,0.11144,0.1116099999999999,0.10939,0.11064,8091737,893032.7282,4468,3350086,369827.32074,-0.0006322825399692,ARPA-USDT,0.1113359784905684,0.1112859069288044,0.0001
2021-12-25 17:00:00,0.11064,0.11079,0.10811,0.1104,9377413,1026124.1967,4791,4207254,460721.77458,-0.0003621876131836,ARPA-USDT,0.1107059562516521,0.1106829341838493,
2021-12-25 18:00:00,0.11041,0.11085,0.10995,0.11045,5889286,650011.9386,3965,3036343,335241.53172,-0.0002715423606081,ARPA-USDT,0.1103576184318289,0.1101188166513297,
2021-12-25 19:00:00,0.11048,0.11069,0.10955,0.11047,6132446,675909.80675,3421,2569074,283266.78173,-0.0002714932126697,ARPA-USDT,0.1105978927014279,0.1104753941928636,
2021-12-25 20:00:00,0.11048,0.1109,0.11004,0.11055,4458996,492654.81165,2703,2076340,229423.68815,-0.0003616963559092,ARPA-USDT,0.1105347938646789,0.1105495707582867,
2021-12-25 21:00:00,0.1105599999999999,0.11114,0.11037,0.111,4223467,467990.24039,3056,2008368,222593.32955,-0.0011698011338072,ARPA-USDT,0.1106096355016119,0.1105681484822393,
2021-12-25 22:00:00,0.11101,0.11108,0.1097,0.11022,3131442,345587.85285,2234,1127396,124399.97872,-0.0009970089730807,ARPA-USDT,0.1110311845408119,0.1110045122191484,
2021-12-25 23:00:00,0.11022,0.1113,0.1101,0.1108599999999999,3520500,390244.46352,2671,1705364,188996.11023,-0.0011712766915947,ARPA-USDT,0.1101855522617479,0.1102646460450408,
2021-12-26 00:00:00,0.1108599999999999,0.11168,0.11058,0.11147,3350476,372729.86684,2749,1374007,152879.72402,0.0002692031586504,ARPA-USDT,0.1108382959411655,0.1107546531900508,0.0001
2021-12-26 01:00:00,0.11152,0.11323,0.11134,0.1123,6345243,713467.57872,3664,2999513,337220.85235,-0.0005339978640085,ARPA-USDT,0.1114897639474577,0.1115103770752701,
2021-12-26 02:00:00,0.11233,0.1131799999999999,0.1104,0.1113099999999999,5670408,634550.47477,3074,2405398,268890.17864,-0.0008078994614012,ARPA-USDT,0.112289328988298,0.1124829085481816,
2021-12-26 03:00:00,0.1113099999999999,0.1113099999999999,0.1083,0.10859,6372434,698986.95633,3505,2546105,279212.68713,-0.0015630746598013,ARPA-USDT,0.1112718417000308,0.110927214987233,
2021-12-26 04:00:00,0.10858,0.11044,0.1083,0.1103,4312881,472554.57612,3141,2020087,221372.17763,-0.0004531037607612,ARPA-USDT,0.1084761543593631,0.1086075162117082,
2021-12-26 05:00:00,0.11035,0.11209,0.1099599999999999,0.11191,4726015,524301.7465,2271,2333161,258638.8868,-0.0001786831055123,ARPA-USDT,0.1102257477872446,0.1102168325722146,
2021-12-26 06:00:00,0.11191,0.1149299999999999,0.11027,0.11045,33885796,3816275.05811,14043,17228840,1941035.7678,-0.0002715423606081,ARPA-USDT,0.112148546091569,0.1132200212130042,
2021-12-26 07:00:00,0.11045,0.11167,0.11026,0.1105599999999999,8931968,990069.74932,5650,3856549,427605.85254,-0.0005423973964934,ARPA-USDT,0.1106284977766013,0.1105309347051488,
2021-12-26 08:00:00,0.11051,0.11085,0.1095599999999999,0.1103099999999999,7517567,828041.97575,4797,3131030,344956.50434,-0.0004530627038791,ARPA-USDT,0.1103605712193175,0.1100757536538789,0.0001
2021-12-26 09:00:00,0.11032,0.11199,0.1098,0.1116,5436810,603634.79141,3759,2581832,286704.48346,-0.0002687449610319,ARPA-USDT,0.1102496694753503,0.1099877706066457,
2021-12-26 10:00:00,0.1116099999999999,0.11199,0.11102,0.11188,4749993,529756.24322,2886,2096989,233925.1337,-0.0002680725583058,ARPA-USDT,0.111646667048448,0.1113787596777342,
2021-12-26 11:00:00,0.11188,0.11297,0.11008,0.11267,10361460,1158710.91998,5956,4606348,515365.33809,0.0002663352272727,ARPA-USDT,0.1118860287390193,0.1119539016301337,
2021-12-26 12:00:00,0.11268,0.11297,0.11108,0.11179,7109268,797651.51346,4247,3073137,344915.73312,-0.0003576857730483,ARPA-USDT,0.1122206667263868,0.112505265337916,
2021-12-26 13:00:00,0.11183,0.1141,0.1117099999999999,0.11262,8844002,997291.1124,5110,4704731,530494.57433,0.0,ARPA-USDT,0.1118981339919173,0.1118857859974339,
2021-12-26 14:00:00,0.11264,0.11487,0.11238,0.11352,11541519,1310075.98273,5382,5736402,651348.92921,-0.0004402571101523,ARPA-USDT,0.1126269665144596,0.1126901192809767,
2021-12-26 15:00:00,0.11347,0.11365,0.1127599999999999,0.1129,6428570,728631.62744,3255,2821833,319942.81073,-0.0006196335310258,ARPA-USDT,0.113459913512025,0.1133435805793171,
2021-12-26 16:00:00,0.1129,0.1136,0.11284,0.11314,4605982,521825.66399,3092,2237470,253526.51771,-0.0006183199364013,ARPA-USDT,0.1130242036217556,0.1131702115524225,0.0001
2021-12-26 17:00:00,0.11314,0.1136799999999999,0.1126,0.1134,7180287,812636.53303,4013,3636848,411612.38937,0.0,ARPA-USDT,0.1133430682029362,0.1131984549295058,
2021-12-26 18:00:00,0.11341,0.11375,0.11306,0.11344,6392768,725496.71892,3488,2935598,333187.9705,-0.0013205387798221,ARPA-USDT,0.1134116099240823,0.1132074349881415,
2021-12-26 19:00:00,0.11345,0.11442,0.11185,0.11356,19511056,2208282.11126,8345,10409550,1178684.98585,-8.805142203049954e-05,ARPA-USDT,0.1125671762941944,0.113260803987855,
2021-12-26 20:00:00,0.11355,0.11358,0.1123599999999999,0.1124599999999999,5112434,578191.44202,3011,2087268,236106.32834,-9.992007221626409e-16,ARPA-USDT,0.1135383725736216,0.1135300777239506,
2021-12-26 21:00:00,0.11245,0.11307,0.1106,0.11254,11861351,1326755.50338,6623,5279576,591104.38474,-8.884940026654409e-05,ARPA-USDT,0.1121581108756795,0.1121451093726856,
2021-12-26 22:00:00,0.1125099999999999,0.1135299999999999,0.11237,0.11295,5025951,568462.2115,3065,2359947,266856.10637,0.0007087800124037,ARPA-USDT,0.1126411196995775,0.1126829382292734,
2021-12-26 23:00:00,0.11295,0.11337,0.11268,0.11304,2339620,264473.14146,2231,1364400,154273.54236,0.0010626992561104,ARPA-USDT,0.1128817990082644,0.1129966933234102,
2021-12-27 00:00:00,0.11306,0.11366,0.11269,0.11332,3749455,424414.95976,2939,1703590,192827.42298,0.000794842356266,ARPA-USDT,0.1132433410155659,0.1131862988512946,0.0001
2021-12-27 01:00:00,0.11332,0.1135299999999999,0.11244,0.11323,3951483,446586.61972,2754,2051140,231819.66516,-8.830801836801072e-05,ARPA-USDT,0.1132091259072121,0.1129907288670232,
2021-12-27 02:00:00,0.1132799999999999,0.1145299999999999,0.1129,0.11433,3448329,392114.51693,3286,2066235,234941.52934,0.0002624671916011,ARPA-USDT,0.1133025195742885,0.1131634222842302,
2021-12-27 03:00:00,0.11427,0.11494,0.1142599999999999,0.11441,3779556,433081.03653,2673,1647957,188848.9563,0.0,ARPA-USDT,0.1143296018260772,0.1145005481177279,
2021-12-27 04:00:00,0.11441,0.11621,0.11419,0.1145099999999999,8530530,982280.21257,5418,4463678,514113.33816,8.73362445406034e-05,ARPA-USDT,0.114398669066111,0.114428150077575,
2021-12-27 05:00:00,0.1145,0.11463,0.11313,0.11349,5724911,651744.9553200001,3581,2335037,265922.81491,0.000440761636107,ARPA-USDT,0.1145955235840153,0.1144690678520505,
2021-12-27 06:00:00,0.11348,0.11389,0.11288,0.11377,6337630,718818.97411,3131,3398310,385580.2792,0.0,ARPA-USDT,0.113482508830487,0.1134871605739663,
2021-12-27 07:00:00,0.11377,0.1143,0.1132599999999999,0.11374,3520460,400534.5961,2414,1499727,170619.38104,0.0012323943661971,ARPA-USDT,0.1137211574697173,0.1137245795149901,
2021-12-27 08:00:00,0.11374,0.1147099999999999,0.1130299999999999,0.11312,7701106,877765.06854,4109,3090897,352392.42106,-0.0002651347768448,ARPA-USDT,0.1137551608207967,0.1141251259088646,0.0001
2021-12-27 09:00:00,0.11313,0.11389,0.11263,0.1136099999999999,3334971,378152.465,2561,1509570,171298.35537,0.0011455763130059,ARPA-USDT,0.113054008157907,0.1132221133406458,
2021-12-27 10:00:00,0.11364,0.11416,0.11335,0.11388,3403736,387151.67447,3193,1455291,165544.5021,0.001054852320675,ARPA-USDT,0.1137018515671407,0.1136289635532052,
2021-12-27 11:00:00,0.1138599999999999,0.11454,0.1135299999999999,0.11439,2810463,320424.54818,2717,1155889,131791.28278,0.0006998512816027,ARPA-USDT,0.1138642187316844,0.1137690681520312,
2021-12-27 12:00:00,0.1144,0.1146099999999999,0.1134599999999999,0.11404,4008496,457706.06121,3176,1965320,224451.86209,0.0005264081417792,ARPA-USDT,0.1143811344906189,0.1142969036182982,
2021-12-27 13:00:00,0.1140299999999999,0.1148599999999999,0.1138599999999999,0.1147599999999999,3750006,428858.24084,3356,1756258,200904.83201,-0.0001742463843883,ARPA-USDT,0.1141509425238675,0.1141527770088624,
2021-12-27 14:00:00,0.1147599999999999,0.1154299999999999,0.1145099999999999,0.11497,6153169,707441.94313,4032,2846325,327354.99453,-0.0009558567952728,ARPA-USDT,0.1146657083846844,0.1147845695336033,
2021-12-27 15:00:00,0.1149599999999999,0.11572,0.1149599999999999,0.11558,5569473,642386.3246,3868,2933458,338460.61479,0.0,ARPA-USDT,0.1152086064558857,0.1153218498872765,
2021-12-27 16:00:00,0.11557,0.11799,0.11513,0.11706,15672118,1828187.9809,8754,7323709,854377.60444,-0.0002562131693569,ARPA-USDT,0.1155195174060382,0.1157119930879177,0.0001
2021-12-27 17:00:00,0.11705,0.1199,0.11665,0.1191599999999999,10975725,1299684.86136,7608,5548920,657262.19711,-7.771561172376097e-16,ARPA-USDT,0.1171027675707634,0.1172068410320319,
2021-12-27 18:00:00,0.1191599999999999,0.11947,0.1175,0.1180799999999999,9875314,1169462.5389,5690,3848595,455996.12614,0.0010172939979644,ARPA-USDT,0.1192330867005825,0.1190266282284463,
2021-12-27 19:00:00,0.1180799999999999,0.1180799999999999,0.11592,0.1166599999999999,7690097,899110.50323,4876,3198865,373940.19296,0.0003429943405925,ARPA-USDT,0.1178605552104899,0.117808191209297,
2021-12-27 20:00:00,0.1166599999999999,0.12744,0.1165799999999999,0.12567,92909859,11569608.46995,40848,46394669,5775354.70613,-0.0007951021706288,ARPA-USDT,0.1167448156030027,0.1168624359278247,
2021-12-27 21:00:00,0.12567,0.12583,0.12,0.12067,68414878,8372406.45112,29639,31188142,3815788.7167,0.0,ARPA-USDT,0.1254433114543355,0.1247527522979266,
2021-12-27 22:00:00,0.12068,0.12109,0.11523,0.11647,37695894,4440826.15919,17023,14723885,1734244.41333,-0.0014574759945129,ARPA-USDT,0.1207392312028517,0.1203952100286827,
2021-12-27 23:00:00,0.11646,0.11654,0.1145099999999999,0.11603,14812424,1708518.36234,6889,7087670,817840.77551,-0.0005168403824619,ARPA-USDT,0.1164076158423888,0.1160494490133052,
2021-12-28 00:00:00,0.11602,0.11628,0.11066,0.11191,27131839,3054421.23717,13005,10846423,1220141.75936,-0.0008035714285714,ARPA-USDT,0.1159347698946053,0.1158192516672387,0.0001
2021-12-28 01:00:00,0.11187,0.1120599999999999,0.1096,0.11054,9102617,1008286.37828,5930,3775719,418422.17912,-0.0012649078424286,ARPA-USDT,0.1118368206804647,0.1115894849956144,
2021-12-28 02:00:00,0.1105299999999999,0.1111,0.10894,0.1100299999999999,7114449,782047.38967,4563,2841036,312341.68593,-0.0009080177971497,ARPA-USDT,0.1104692341970365,0.1105214012424843,
2021-12-28 03:00:00,0.1100299999999999,0.11005,0.10776,0.1093599999999999,6644152,723179.702,4889,3167414,345034.24476,-0.00100484150909,ARPA-USDT,0.1097860998646926,0.109688336061249,
2021-12-28 04:00:00,0.10934,0.10945,0.10603,0.10853,9213809,992064.03966,5807,4032180,434365.03545,-0.0007365804253751,ARPA-USDT,0.1092097191381904,0.1090836879902728,
2021-12-28 05:00:00,0.10852,0.10983,0.1075599999999999,0.10974,5719355,621134.82156,3698,3016953,327651.90261,-0.0010013654984069,ARPA-USDT,0.1084808364469085,0.1086760234653391,
2021-12-28 06:00:00,0.10972,0.11144,0.10958,0.11087,6703940,741139.06486,3939,3918497,433418.20055,-0.0007210455159981,ARPA-USDT,0.1097991428039189,0.109955423325502,
2021-12-28 07:00:00,0.11089,0.1113599999999999,0.1091099999999999,0.11001,6560566,723362.21048,3929,2830190,312142.79383,0.0005457025920871,ARPA-USDT,0.1107618496838301,0.1108664024585585,
2021-12-28 08:00:00,0.11001,0.1109,0.10925,0.11025,7706538,849328.64393,4140,3372999,371712.05304,-0.0006345177664974,ARPA-USDT,0.1098923481731402,0.109654033761834,0.0001
2021-12-28 09:00:00,0.11025,0.1103,0.10908,0.1091,4116739,451847.70783,2876,1823342,200170.63848,-0.0011901492264029,ARPA-USDT,0.1101905977719838,0.1101062000315843,
2021-12-28 10:00:00,0.10912,0.10976,0.10851,0.10895,3997963,436337.33683,3464,1863817,203481.79059,-0.0003670061473529,ARPA-USDT,0.1093649690688401,0.1095515467342124,
2021-12-28 11:00:00,0.10892,0.1103099999999999,0.1089,0.11026,3682236,403907.49949,3064,1852937,203271.89761,-0.0013585725930621,ARPA-USDT,0.1089189894366197,0.109015128806187,
2021-12-28 12:00:00,0.11026,0.11029,0.1089599999999999,0.10908,5411850,593337.00167,3772,2235566,245158.74776,-0.0014646649578909,ARPA-USDT,0.1101272877022559,0.1100766741088699,
2021-12-28 13:00:00,0.10909,0.11,0.10877,0.1091,5201067,568900.04294,3530,2516372,275318.73954,0.0,ARPA-USDT,0.1091416505750156,0.1093706060760375,
2021-12-28 14:00:00,0.1091,0.1097099999999999,0.10679,0.1083599999999999,9518976,1031906.41348,5383,4140885,448885.04345,-0.0010141052825675,ARPA-USDT,0.1092304600100374,0.108871360203191,
2021-12-28 15:00:00,0.10834,0.10902,0.10725,0.10784,6350804,686396.86451,3910,2449859,264969.0577,-0.000741289844329,ARPA-USDT,0.1084201707514139,0.1087885846726601,
2021-12-28 16:00:00,0.1078099999999999,0.1081,0.105,0.1076,10979544,1168232.5361,6248,4684070,498794.40097,-0.0006501346707532,ARPA-USDT,0.1078965764583022,0.1075963580942307,0.0001
2021-12-28 17:00:00,0.10761,0.1078799999999999,0.1029,0.1048099999999999,11668712,1224421.44667,7293,5007748,526563.3259,-0.0008579599618693,ARPA-USDT,0.1077459196337114,0.107464379956441,
2021-12-28 18:00:00,0.1048099999999999,0.10485,0.10332,0.10415,6422008,668652.1915,4414,3253094,338565.913,-0.0008633921719108,ARPA-USDT,0.104690627852846,0.104453536839992,
2021-12-28 19:00:00,0.10414,0.10425,0.1016,0.10368,9466304,975128.3194,5426,4655265,479880.6458,-0.0009635767970707,ARPA-USDT,0.1041257556266575,0.1034995486370202,
2021-12-28 20:00:00,0.10369,0.10627,0.1030599999999999,0.10511,10450620,1097036.01519,5293,5278073,554145.09157,-0.0018043684710352,ARPA-USDT,0.1035658315148158,0.1033510623750991,
2021-12-28 21:00:00,0.10513,0.10593,0.1043299999999999,0.10464,6367267,670043.48152,3578,2835907,298456.64107,-0.0018124582657637,ARPA-USDT,0.1051493592743603,0.1051634487039667,
2021-12-28 22:00:00,0.10462,0.10504,0.10285,0.10432,8120885,843817.04841,4039,4033806,419398.79634,-0.0005748227629814,ARPA-USDT,0.1047554404023573,0.1048060361534236,
2021-12-28 23:00:00,0.10432,0.10469,0.10378,0.10444,6884342,716936.62013,3180,3678981,383169.31592,-0.0019113149847094,ARPA-USDT,0.1045442410860115,0.1042205822461527,
2021-12-29 00:00:00,0.10445,0.10624,0.10238,0.10399,12803382,1338461.91262,6178,6187681,647202.31182,-0.0003845044698644,ARPA-USDT,0.1054571859820864,0.1054337740442125,-0.00023291
2021-12-29 01:00:00,0.10399,0.10479,0.1036599999999999,0.10397,4304809,448715.77541,2545,2010580,209591.22133,-0.0007688611244593,ARPA-USDT,0.1040751853843224,0.103968690725959,
2021-12-29 02:00:00,0.10395,0.1046599999999999,0.1037599999999999,0.10449,2249346,234485.70634,2065,1238420,129071.07818,-0.0011471178663606,ARPA-USDT,0.1038640255962769,0.1041049059849328,
2021-12-29 03:00:00,0.10447,0.10511,0.10367,0.1040599999999999,4187195,436792.68617,2288,2060350,215094.47498,-0.0007681966583454,ARPA-USDT,0.1045143556243195,0.1046431982352764,
2021-12-29 04:00:00,0.10407,0.1044099999999999,0.1031,0.10313,3071271,318076.60475,2660,1345543,139444.02206,-0.0029969064191802,ARPA-USDT,0.1040665606137735,0.1040992292416214,
2021-12-29 05:00:00,0.10312,0.1038299999999999,0.10259,0.10288,3346724,345827.01575,2448,1775520,183501.68289,-0.0004857670261342,ARPA-USDT,0.1032213679591462,0.103243684708145,
2021-12-29 06:00:00,0.10289,0.10353,0.1026599999999999,0.10353,3239318,334166.31129,2289,1687476,174107.07757,-0.0005792064871127,ARPA-USDT,0.102901652414156,0.1029315355824605,
2021-12-29 07:00:00,0.10352,0.10362,0.10222,0.10321,3760805,387007.86697,2823,1849676,190464.85384,-0.0007745183464034,ARPA-USDT,0.1034301076145442,0.1034136381489395,
2021-12-29 08:00:00,0.10321,0.1038299999999999,0.10273,0.10339,2976174,307553.65186,2576,1316852,136118.97183,-0.0008697332817936,ARPA-USDT,0.1031915445913869,0.1033660062279243,-0.00051787
2021-12-29 09:00:00,0.10339,0.10475,0.10282,0.10405,4883190,505688.39529,2783,2672309,276761.40829,-0.0003842828321644,ARPA-USDT,0.1033154608277623,0.1034075026685593,
2021-12-29 10:00:00,0.10403,0.10414,0.1023299999999999,0.10286,7863014,812093.57525,3658,3525241,364284.73653,-0.0002915735251239,ARPA-USDT,0.1038806743802644,0.1036065109301536,
2021-12-29 11:00:00,0.10285,0.10302,0.1017,0.1024,7260444,741916.50982,3512,3144076,321285.67804,-0.0011705033164259,ARPA-USDT,0.10284388112463,0.1027294372580093,
2021-12-29 12:00:00,0.1024,0.1025099999999999,0.09923,0.0999,12475842,1252938.56916,7549,5263128,528734.8104,-0.0011997600479903,ARPA-USDT,0.102301009870715,0.1022779280528487,
2021-12-29 13:00:00,0.0998899999999999,0.10074,0.09809,0.10022,9355671,929176.56719,4874,4168163,413888.01807,0.0011988011988013,ARPA-USDT,0.0999034822212642,0.100089241848099,
2021-12-29 14:00:00,0.10022,0.10187,0.10001,0.10141,6954029,701295.26922,3805,3694400,372273.35248,-0.0006897910918407,ARPA-USDT,0.1002092817121558,0.1004284193378235,
2021-12-29 15:00:00,0.1014299999999999,0.10211,0.10096,0.10178,4857032,493320.09491,2733,2146326,218011.42202,-0.0001964636542239,ARPA-USDT,0.1013652188124563,0.1014934888383618,
2021-12-29 16:00:00,0.1017899999999999,0.10205,0.10045,0.101,3665704,370714.48381,2672,1823496,184545.96702,-9.900009900010164e-05,ARPA-USDT,0.1018375206037136,0.1017399939693748,-0.00018702
2021-12-29 17:00:00,0.101,0.101,0.0997,0.10007,3149201,316052.79266,2548,1490808,149673.08941,-0.002591448220871,ARPA-USDT,0.1009779811776768,0.1008785381395501,
2021-12-29 18:00:00,0.10006,0.10116,0.10004,0.10091,4016169,404497.0569,2832,2188406,220418.14698,-0.0002972062611452,ARPA-USDT,0.1000710195217006,0.1002796264369743,
2021-12-29 19:00:00,0.10091,0.10095,0.0996399999999999,0.09987,3158863,316707.23316,2384,1190487,119250.0231,-0.0012001200120012,ARPA-USDT,0.1009039598846985,0.1007733041342152,
2021-12-29 20:00:00,0.09984,0.10125,0.09951,0.10064,4210668,423179.1998,2827,2354372,236728.73241000003,-0.0004965736418711,ARPA-USDT,0.0997001923835218,0.0996461391960576,
2021-12-29 21:00:00,0.10064,0.1006799999999999,0.09952,0.10013,3625582,362851.31791,2985,1547292,154782.31101,-0.0018939393939394,ARPA-USDT,0.1006409172912383,0.1003572602370117,
2021-12-29 22:00:00,0.10012,0.10113,0.09979,0.10051,4735055,475794.10286,2311,2554464,256576.27866,-0.000397812033814,ARPA-USDT,0.1001376872536136,0.1001297687717432,
2021-12-29 23:00:00,0.10052,0.1008299999999999,0.098,0.09862,8887584,880736.13402,4581,4281692,424133.49707,0.0001014095933475,ARPA-USDT,0.1006852862024473,0.1005271210592717,
2021-12-30 00:00:00,0.09861,0.09895,0.09542,0.09775,11464372,1113760.72029,6770,5009688,486968.0375,-0.0009198691741618,ARPA-USDT,0.0987480409347195,0.0985499302859704,-0.00015603
2021-12-30 01:00:00,0.09776,0.09822,0.09696,0.09744,4159181,405519.72746,2851,2297038,223889.40585,-0.0018438844499077,ARPA-USDT,0.0977440486896273,0.0973236229347294,
2021-12-30 02:00:00,0.09745,0.09767,0.09664,0.09759,3858888,374909.37958,2686,1790584,173920.36596999998,-0.0015346838551257,ARPA-USDT,0.0974925641734896,0.0974654232405989,
2021-12-30 03:00:00,0.09759,0.09797,0.09657,0.09675,2959731,287517.5992,2218,1237050,120256.1566,-0.0014449375580555,ARPA-USDT,0.0975656066314996,0.0977563520034908,
2021-12-30 04:00:00,0.0967399999999999,0.09845,0.0967,0.09804,3425146,335495.13044000004,2708,1825856,178777.07873,-0.0013242334725475,ARPA-USDT,0.0967856602711828,0.0969075269985608,
2021-12-30 05:00:00,0.09802,0.09838,0.0972,0.0978899999999999,3750438,366950.56385,2402,1834217,179417.39494,-0.0009185548071045,ARPA-USDT,0.0979884040296924,0.0980873414255695,
2021-12-30 06:00:00,0.0978899999999999,0.0984299999999999,0.09701,0.09809,5148182,502794.70557,3003,2053339,200466.76966,-0.0012218714998473,ARPA-USDT,0.0978753914153816,0.0977465383579471,
2021-12-30 07:00:00,0.09811,0.09949,0.0979299999999999,0.09916,4636020,458022.85725,3314,2299522,227009.90838,-0.0012087026591458,ARPA-USDT,0.0980703381349507,0.0982201437283582,
2021-12-30 08:00:00,0.0991399999999999,0.09963,0.09756,0.0976799999999999,4787698,472039.27757,3275,1990211,196549.62949,-0.0010227040294549,ARPA-USDT,0.0994112008948122,0.0993308118289857,-7.67e-05
2021-12-30 09:00:00,0.09767,0.09895,0.09767,0.09833,3750226,368693.42027,2754,1875628,184388.83751,0.0007123956849175,ARPA-USDT,0.0978954167344633,0.0979957110271107,
2021-12-30 10:00:00,0.09834,0.09861,0.09779,0.09824,3838385,377087.09871,2906,2008343,197297.34246,-0.0010168802115111,ARPA-USDT,0.0984153606100305,0.0983255744041884,
2021-12-30 11:00:00,0.09824,0.09973,0.09794,0.09934,4653182,460514.53484,2862,2012543,198965.50302,-0.0001006542526421,ARPA-USDT,0.0983218088333551,0.0983929333532784,
2021-12-30 12:00:00,0.0993899999999999,0.10039,0.09898,0.10009,5798146,578107.4575199999,3575,2811253,280258.15515,-0.0010978043912175,ARPA-USDT,0.0993378147418312,0.0993149528971994,
2021-12-30 13:00:00,0.10009,0.10026,0.09897,0.09902,4147519,413283.52376,2612,1680943,167663.0542,-0.002417892403788,ARPA-USDT,0.1002160600797084,0.1000971702188971,
2021-12-30 14:00:00,0.0990299999999999,0.09952,0.09865,0.0993899999999999,3817320,378163.80566,2833,1765888,174989.89383,-0.000603318250378,ARPA-USDT,0.0990126937734341,0.0991545329406208,
2021-12-30 15:00:00,0.09938,0.09995,0.09871,0.09877,3446266,342808.50408,2410,1722212,171415.99456,-0.0009103783127656,ARPA-USDT,0.0994207813769293,0.0994577759219364,
2021-12-30 16:00:00,0.0987799999999999,0.0998,0.09872,0.09973,3483376,345734.30742,2918,1583061,157130.28367,0.0004012438559535,ARPA-USDT,0.0989498483255086,0.0989819990615351,0.0001
2021-12-30 17:00:00,0.09974,0.09979,0.09911,0.0994,3569272,354904.80158,2503,1739687,172990.84152,-0.0010050251256281,ARPA-USDT,0.0997209229944392,0.0995788467079666,
2021-12-30 18:00:00,0.09938,0.0995,0.09871,0.09921,2746861,272116.26838,2327,1109406,109900.23531,-0.0019114688128771,ARPA-USDT,0.0993067052752191,0.0991900722225948,
2021-12-30 19:00:00,0.0992,0.09947,0.09858,0.09908,5082539,503599.48708,2480,2745522,272098.66425000003,0.0001009387301906,ARPA-USDT,0.0992263507699226,0.0991222755700772,
2021-12-30 20:00:00,0.09906,0.09922,0.0973,0.0979299999999999,7212423,710303.72254,3465,3083889,303765.64645,-0.0025463434508056,ARPA-USDT,0.0988372115044488,0.0987848512308607,
2021-12-30 21:00:00,0.09795,0.09846,0.0975299999999999,0.09824,2579046,252891.26826,2301,1024860,100512.97185,-0.0001017811704835,ARPA-USDT,0.0980590913227792,0.0979365383153116,
2021-12-30 22:00:00,0.09823,0.09837,0.09655,0.09755,4594129,448023.42354,2320,2589782,252716.52489,0.0007180960196964,ARPA-USDT,0.098203982207548,0.0981548201658677,
2021-12-30 23:00:00,0.09752,0.0983,0.09726,0.09801,2995297,292808.31823,2232,1632464,159602.71898,-0.0015281173594131,ARPA-USDT,0.0975717656052245,0.0975205154934695,
2021-12-31 00:00:00,0.09804,0.09859,0.09701,0.09761,2782543,272505.12919,2158,1349629,132083.64496,-0.0015343698854336,ARPA-USDT,0.0979224198016646,0.0982398595507813,-7.638e-05
2021-12-31 01:00:00,0.09758,0.09867,0.09692,0.09781,2622525,256427.22623,2168,1291462,126178.76637,-0.0006130581383467,ARPA-USDT,0.0976605923919444,0.0975584599857848,
2021-12-31 02:00:00,0.09781,0.09787,0.09724,0.0977,2601657,253796.59691,3141,1177089,114857.3212,0.0001023646227862,ARPA-USDT,0.0976042580054714,0.0975009409669835,
2021-12-31 03:00:00,0.09769,0.09809,0.09714,0.09804,2156007,210591.08598,1563,1014494,99091.463,-0.0004078303425775,ARPA-USDT,0.0975832901992329,0.0974537121445613,
2021-12-31 04:00:00,0.09801,0.09849,0.0977799999999999,0.09831,1583829,155564.34294,1976,707571,69508.56933,-0.0007115267330758,ARPA-USDT,0.0980666301379216,0.097998585555144,
2021-12-31 05:00:00,0.09835,0.09874,0.09795,0.09807,2221295,218509.5345,1773,956257,94107.08756,-0.001120391118354,ARPA-USDT,0.0984124409430439,0.0984789699426969,
2021-12-31 06:00:00,0.09804,0.09926,0.09765,0.09867,2759885,271985.74991,2232,1605794,158206.55549,-0.0002026547775864,ARPA-USDT,0.0980361630470472,0.0980004515669034,
2021-12-31 07:00:00,0.09867,0.09881,0.09737,0.09826,2930250,287219.30822,2705,1219315,119530.9805,0.0003054056805456,ARPA-USDT,0.0987308033348499,0.0986727192404211,
2021-12-31 08:00:00,0.09827,0.10026,0.09799,0.09995,7498329,746149.76143,4585,3880762,386154.51396,0.0006006607267994,ARPA-USDT,0.098204600155121,0.0982088979475304,5.414e-05
2021-12-31 09:00:00,0.09995,0.10007,0.09911,0.0993,4986383,496833.31355,3365,2375900,236667.09541,0.0,ARPA-USDT,0.099927668060488,0.099906190081994,
2021-12-31 10:00:00,0.09931,0.10247,0.09921,0.09984,18254603,1838544.6285,7411,9905132,996278.59441,-0.0007006305675107,ARPA-USDT,0.0993867359489168,0.0995770644778539,
2021-12-31 11:00:00,0.09984,0.10216,0.09958,0.1006799999999999,28213403,2849004.09166,12194,14688731,1483151.69018,-0.0011904761904772,ARPA-USDT,0.1000038776658245,0.1000237954339918,
2021-12-31 12:00:00,0.1007,0.10088,0.0996,0.09987,12958711,1297758.34051,8197,5559540,556916.47152,-0.0012001200120012,ARPA-USDT,0.100721321445749,0.100452018341363,
2021-12-31 13:00:00,0.09987,0.10037,0.09976,0.10015,3795411,379774.65254,2860,2190771,219207.61028,0.0007994403917257,ARPA-USDT,0.0998691634068571,0.0999320168009742,
2021-12-31 14:00:00,0.1001399999999999,0.1001799999999999,0.09967,0.10003,4620917,461845.35226,2607,1832511,183179.30484,-0.0008989212944466,ARPA-USDT,0.1001422309602649,0.1000757629766176,
2021-12-31 15:00:00,0.09998,0.10077,0.09991,0.1003299999999999,5835975,585376.584,2996,2643362,265189.22949,-0.0004981071926687,ARPA-USDT,0.1000939991362008,0.100055469139372,
2021-12-31 16:00:00,0.10035,0.10048,0.09831,0.09871,6982546,694778.75826,3642,2827949,281608.75489,-0.0007086454747924,ARPA-USDT,0.1003539685064418,0.1002843801914683,0.0001
2021-12-31 17:00:00,0.0987,0.09909,0.09623,0.09745,20156562,1961793.06167,9313,8629391,840524.32635,-0.0022524828504147,ARPA-USDT,0.0986797637575059,0.0988493346973175,
2021-12-31 18:00:00,0.09746,0.098,0.09701,0.09749,4413511,430919.35936,3080,2257752,220480.13906,-0.0020472924557273,ARPA-USDT,0.0975583045063798,0.0977214418946596,
2021-12-31 19:00:00,0.09754,0.09759,0.0943,0.0945,9733046,931739.00733,5739,3335801,319626.19213,-0.001690259877456,ARPA-USDT,0.0974396225871506,0.097425586117113,
2021-12-31 20:00:00,0.0945,0.09604,0.09406,0.0949899999999999,5201085,495214.84644,4139,2727797,259920.3183,-0.0024154589371991,ARPA-USDT,0.0944791788755095,0.0950256100250341,
2021-12-31 21:00:00,0.09501,0.09755,0.09492,0.09726,4976125,479443.75982,3050,2711153,261100.60597,-0.0019497178040019,ARPA-USDT,0.0951655566911863,0.0953304568910656,
2021-12-31 22:00:00,0.09726,0.09819,0.097,0.09715,5174755,505032.51939,3076,1758673,171619.35336,-0.0002058248430586,ARPA-USDT,0.097257850047736,0.0973252334018407,
2021-12-31 23:00:00,0.09715,0.09798,0.09706,0.09717,2622836,255854.75854,2280,1254990,122409.19803,-0.0006170934896635,ARPA-USDT,0.0972868939546701,0.0973376597202942,
2022-01-01 00:00:00,0.0971799999999999,0.09894,0.0971799999999999,0.09855,3855053,378995.59763,2969,1653579,162542.38701,-0.0008111122376558,ARPA-USDT,0.0973194646369622,0.0974307069773313,-0.00043378
2022-01-01 01:00:00,0.09856,0.09911,0.09822,0.09858,2812901,277661.61415,2227,1124982,111069.09374,-0.0010133765707337,ARPA-USDT,0.0985938550683506,0.098504049448649,
2022-01-01 02:00:00,0.09858,0.09951,0.09848,0.09929,3165910,313144.21943,2349,1622562,160509.12946,-0.0009056148118332,ARPA-USDT,0.0985827435766583,0.0987010878338361,
2022-01-01 03:00:00,0.09928,0.09949,0.0985,0.09857,3022848,298912.0448,2229,1087759,107607.35367,-0.0002028603306623,ARPA-USDT,0.0992961519921669,0.0991035499020785,
2022-01-01 04:00:00,0.09858,0.09881,0.09758,0.09785,3302481,323680.75834,2554,1306598,128026.99556,-0.0011229073091056,ARPA-USDT,0.0987379397972399,0.098666090404064,
2022-01-01 05:00:00,0.09791,0.09969,0.09782,0.09881,5289706,524041.16251,2927,2267502,224561.80861,-0.0015157639450283,ARPA-USDT,0.0978641026277161,0.0979861143800033,
2022-01-01 06:00:00,0.09882,0.09942,0.09852,0.09861,2764287,273596.66316,1803,1293851,128048.08571,-0.0011142625607779,ARPA-USDT,0.0988241026899666,0.0988467743939202,
2022-01-01 07:00:00,0.0986399999999999,0.09931,0.09849,0.09901,2258276,223191.66524,1683,850135,84020.63689,-0.0009081735620584,ARPA-USDT,0.0986493399605291,0.0986589653632091,
2022-01-01 08:00:00,0.09902,0.09959,0.0989299999999999,0.09904,3033261,301007.10316,2236,1259981,125026.189,-0.0003028161905723,ARPA-USDT,0.0991193111323007,0.0990836102668068,0.0001
2022-01-01 09:00:00,0.09904,0.09912,0.09774,0.09834,2913912,286791.18964,2130,851218,83804.69288,0.0,ARPA-USDT,0.0990424005005363,0.0987496944827736,
2022-01-01 10:00:00,0.09829,0.09855,0.09692,0.09781,4150391,405676.53352,2457,1674876,163653.80945,-0.0003066230580539,ARPA-USDT,0.0983934218004197,0.0984125333038522,
2022-01-01 11:00:00,0.09784,0.0981799999999999,0.0976,0.09781,2836379,277688.95991000003,1978,1400417,137100.92165,-0.0002044362669938,ARPA-USDT,0.0978253814373249,0.0977893228606497,
2022-01-01 12:00:00,0.09782,0.0986799999999999,0.09764,0.09859,1720482,169143.0152,1605,812907,79947.83701,-0.000304197931454,ARPA-USDT,0.0978415261044176,0.097829175802772,
2022-01-01 13:00:00,0.09859,0.09884,0.0980299999999999,0.09813,2156658,212505.50049,1923,598141,58980.30386,-0.0003056234718826,ARPA-USDT,0.0986600770634759,0.0986620519218426,
2022-01-01 14:00:00,0.09817,0.09842,0.09783,0.09801,1831886,179736.70449,1197,644199,63235.67341,-0.0008155775308389,ARPA-USDT,0.0981335720714928,0.0982046231667367,
2022-01-01 15:00:00,0.0980299999999999,0.09962,0.0979299999999999,0.09934,4193076,414640.91909,2128,2612146,258358.94265,0.0002013693113169,ARPA-USDT,0.0979959779258228,0.0979707464523338,
2022-01-01 16:00:00,0.09929,0.09952,0.09873,0.09873,3182727,315330.90735,2546,1387558,137474.66741,-0.0009107468123862,ARPA-USDT,0.0993800305796778,0.0990458218701854,0.0001
2022-01-01 17:00:00,0.09875,0.09977,0.09875,0.09932,3143622,312068.52385,2429,1326983,131722.9199,0.0003021452311411,ARPA-USDT,0.0987844201539357,0.0988865320725265,
2022-01-01 18:00:00,0.09935,0.09947,0.09888,0.09906,3568532,353999.04415000003,1886,1339892,132906.04975,0.0,ARPA-USDT,0.0994061540019853,0.0992934743351668,
2022-01-01 19:00:00,0.09906,0.0993899999999999,0.09888,0.09901,2590681,256667.0666,1443,984724,97562.21593,0.0,ARPA-USDT,0.0991189998850295,0.0992121269625935,
2022-01-01 20:00:00,0.09901,0.09948,0.09901,0.09923,2264674,224686.0173,1437,1099910,109117.15432,0.0003024193548386,ARPA-USDT,0.0990485326692477,0.0991108076399115,
2022-01-01 21:00:00,0.0992,0.09966,0.09879,0.09904,2812302,279051.67995,1315,1426159,141602.99826,0.0002019793981014,ARPA-USDT,0.0992369445983379,0.0991386116678039,
2022-01-01 22:00:00,0.09902,0.09915,0.09876,0.09887,2490023,246335.61771,1683,984266,97374.52109,0.0002023267577138,ARPA-USDT,0.0989588232892176,0.0989678040646502,
2022-01-01 23:00:00,0.09887,0.10013,0.09861,0.09998,4158710,413057.18631,2027,1858634,184698.40051,0.0,ARPA-USDT,0.0989122498785615,0.098765644785642,
2022-01-02 00:00:00,0.09998,0.10013,0.09869,0.09974,4308204,428028.89615,2593,2128503,211549.28242,-0.0002004811547715,ARPA-USDT,0.0999879082641923,0.099936541072694,0.0001
2022-01-02 01:00:00,0.09971,0.0998,0.09881,0.09892,1906507,189296.54962,1507,806039,80024.45,-0.0008080808080809,ARPA-USDT,0.0996916737513283,0.0996104440074141,
2022-01-02 02:00:00,0.0989299999999999,0.09941,0.09883,0.09925,2006447,198945.23562,1319,632606,62724.03729,-0.0002014707363754,ARPA-USDT,0.0989350962830273,0.0989189377136188,
2022-01-02 03:00:00,0.09926,0.09944,0.09892,0.09911,1332113,132179.64665,1453,530789,52661.49361,0.0001009081735621,ARPA-USDT,0.099239381607587,0.0992752411505541,
2022-01-02 04:00:00,0.09911,0.09971,0.09831,0.0986399999999999,5064981,501838.79416,2020,2515964,249369.86388,0.0004056795131834,ARPA-USDT,0.0990526145772594,0.0990921545227798,
2022-01-02 05:00:00,0.09863,0.0994299999999999,0.09835,0.09919,3443767,340400.4001,1755,1984904,196221.85119,0.0001008267795925,ARPA-USDT,0.0985504738774842,0.0987394659683038,
2022-01-02 06:00:00,0.09915,0.09923,0.09882,0.09901,1549593,153425.98713,1776,879809,87099.50744,-0.0004038364462392,ARPA-USDT,0.0991499587091856,0.0990819478513003,
2022-01-02 07:00:00,0.099,0.09945,0.09892,0.09909,1552481,153911.45361,1292,682963,67723.56375,0.0002018774603813,ARPA-USDT,0.0989840594517322,0.0990336841429282,
2022-01-02 08:00:00,0.09908,0.09985,0.0986,0.09975,3900863,387134.86829,2032,1588225,157534.02563,-0.0003006614552013,ARPA-USDT,0.0990487295081967,0.0989533190906141,0.0001
2022-01-02 09:00:00,0.09975,0.102,0.0997,0.10074,12197360,1231533.32865,5831,5805869,585961.44794,9.927529038011862e-05,ARPA-USDT,0.0997538495801607,0.0997362792501751,
2022-01-02 10:00:00,0.10075,0.1010799999999999,0.1001799999999999,0.10037,6395092,643336.86831,4065,2696468,271256.95367,-0.0011941486715095,ARPA-USDT,0.1007315735610569,0.1007267949821451,
2022-01-02 11:00:00,0.10038,0.10087,0.1001799999999999,0.10032,2482600,249556.54517,1862,1055730,106152.21332,-0.0001993223041657,ARPA-USDT,0.1003992246012113,0.1005370154456938,
2022-01-02 12:00:00,0.10031,0.10067,0.09974,0.10031,3365610,337135.00532,1870,1110047,111243.26234,-0.0001993421708362,ARPA-USDT,0.1003044098538515,0.1002086934383637,
2022-01-02 13:00:00,0.1003,0.10039,0.09945,0.09984,3385696,338212.86488,1987,1381310,138015.02129,0.0003005710850616,ARPA-USDT,0.1003712756961656,0.1003382459495648,
2022-01-02 14:00:00,0.09982,0.10115,0.0996399999999999,0.10106,3998067,400277.03819,1764,2253247,225749.37629,-0.0005933544303797,ARPA-USDT,0.0998450066568565,0.0998719968014036,
2022-01-02 15:00:00,0.10109,0.10409,0.10105,0.10312,34738376,3573934.98142,16695,18104259,1862117.2404,-0.0005815080441945,ARPA-USDT,0.1013255238562626,0.1021639962465805,
2022-01-02 16:00:00,0.10311,0.10444,0.10253,0.10293,15296537,1583184.68011,8479,8060291,834508.76373,-0.002229546335789,ARPA-USDT,0.1030985684315363,0.1033911643460776,0.0001
2022-01-02 17:00:00,0.10293,0.10361,0.10212,0.1025,8459460,869451.04761,5437,3915321,402698.00509,-0.0005850234009361,ARPA-USDT,0.1033597397803995,0.103250789700656,
2022-01-02 18:00:00,0.1025,0.1025099999999999,0.1,0.10149,12365738,1251831.77839,6689,4777380,483317.58178,0.0004929022082018,ARPA-USDT,0.1024544995311967,0.1023502096675487,
2022-01-02 19:00:00,0.10149,0.10175,0.1006799999999999,0.10091,4681398,473512.3207,3662,1668874,168825.93419,-0.0014842667722144,ARPA-USDT,0.1012380428854692,0.1013614286791002,
2022-01-02 20:00:00,0.10092,0.10147,0.10055,0.1010799999999999,3887389,392362.10791,2182,2005751,202470.64677,-0.0001978239366972,ARPA-USDT,0.1009311615581517,0.1009044958310534,
2022-01-02 21:00:00,0.1010799999999999,0.1010799999999999,0.10024,0.1003,2926039,294577.96557,1730,1168703,117700.16591,-0.0007969715082685,ARPA-USDT,0.1010470543205473,0.1008862686246266,
2022-01-02 22:00:00,0.10027,0.10235,0.10027,0.10198,7799612,788971.2128399999,3236,4254158,430207.16072,0.0012763868433971,ARPA-USDT,0.1003661169947047,0.1004703279235378,
2022-01-02 23:00:00,0.102,0.10214,0.09969,0.09996,14376543,1448500.92751,6128,6080348,612923.65618,-0.0021960471151927,ARPA-USDT,0.10195828715663,0.1016989896033837,
2022-01-03 00:00:00,0.09995,0.10037,0.09912,0.0997,6404903,639710.04258,3593,2671225,266958.01602,-0.0011020939785592,ARPA-USDT,0.0998636730997004,0.1000310434664699,0.0001
2022-01-03 01:00:00,0.0997,0.10008,0.09879,0.09892,5502712,546975.99517,2553,1679630,167264.61059,-0.0002021427127553,ARPA-USDT,0.0996566186502891,0.099735954329951,
2022-01-03 02:00:00,0.09891,0.09898,0.0983,0.09852,4253080,419426.60051,2924,1966338,193896.561,0.0,ARPA-USDT,0.098893876030828,0.098900887914998,
2022-01-03 03:00:00,0.09851,0.09856,0.0977799999999999,0.09807,4554362,447133.23944,2535,1978309,194181.36029,0.0,ARPA-USDT,0.0983991303013971,0.0984561308074001,
2022-01-03 04:00:00,0.09808,0.09891,0.0979299999999999,0.09851,2805558,276494.86089,1800,1254554,123702.1597,-0.0004058853373921,ARPA-USDT,0.0979976921390999,0.0981511848770505,
2022-01-03 05:00:00,0.09857,0.09957,0.09854,0.09935,2546485,252395.45848,1905,1494492,148140.77062999998,0.0,ARPA-USDT,0.0985750672645739,0.0986395521870218,
2022-01-03 06:00:00,0.09936,0.09953,0.09875,0.0987799999999999,3259269,322877.81382,2485,1472795,145922.95602,-0.000708143651999,ARPA-USDT,0.0992545825891123,0.0990671615008919,
2022-01-03 07:00:00,0.09881,0.0991399999999999,0.09835,0.09885,2626830,259553.77785,1766,859053,84939.14699,-0.000505561172902,ARPA-USDT,0.0987552586295723,0.0987775873929087,
2022-01-03 08:00:00,0.0989,0.10008,0.0988899999999999,0.09999,4034267,401351.54383,2513,2241573,223068.21354,-0.0011986814504046,ARPA-USDT,0.0989115473583885,0.0990134193162719,0.0001
2022-01-03 09:00:00,0.09999,0.10036,0.09885,0.0994299999999999,3501703,348575.14177,2825,1402200,139657.88139,0.000100583383624,ARPA-USDT,0.1002144821653001,0.0999655427791659,
2022-01-03 10:00:00,0.0993899999999999,0.1019299999999999,0.0993899999999999,0.10073,9130894,922383.28978,5024,4660037,470723.73454,-0.0006944444444444,ARPA-USDT,0.0996528083932394,0.0997262813947445,
2022-01-03 11:00:00,0.10074,0.10185,0.10055,0.10098,10045192,1015483.42805,4834,5243276,530087.50038,-0.0005938242280285,ARPA-USDT,0.1009199960205236,0.1011655973231983,
2022-01-03 12:00:00,0.10098,0.1016,0.1004299999999999,0.10052,4722866,476877.26707,2820,1883827,190237.65974,-0.0004971661529283,ARPA-USDT,0.1011119385376763,0.1009553146537065,
2022-01-03 13:00:00,0.10051,0.10192,0.10051,0.10152,4360010,442093.59431,3005,2125808,215566.46355,-0.0008857395925598,ARPA-USDT,0.1005679302834754,0.1006882121734216,
2022-01-03 14:00:00,0.10152,0.1017,0.1005799999999999,0.10087,5988163,605985.7336,3069,2819086,285328.9556,-0.0001982357022498,ARPA-USDT,0.1013431791992657,0.101447530692393,
2022-01-03 15:00:00,0.10088,0.10116,0.09981,0.1001399999999999,3691618,371344.29613,2968,1489770,149897.03848,-0.0007982438635013,ARPA-USDT,0.1009466898419546,0.1010366205596991,
2022-01-03 16:00:00,0.1001399999999999,0.10084,0.09838,0.0995,14104833,1400668.99835,7022,6038469,600044.23459,-0.0013048278630933,ARPA-USDT,0.1001245388737269,0.1005058208369068,0.0001
2022-01-03 17:00:00,0.0995,0.10144,0.09944,0.10027,9110845,916301.63703,5618,4543498,456874.7777,-0.0004984051036683,ARPA-USDT,0.0997856119788142,0.1005536918893442,
2022-01-03 18:00:00,0.10027,0.10219,0.0998899999999999,0.10194,22656207,2294688.48249,7641,11552465,1169791.19658,-0.001077902988731,ARPA-USDT,0.100286532897375,0.1005001279905906,
2022-01-03 19:00:00,0.10192,0.10203,0.09933,0.09956,16112626,1625879.57642,6894,6994816,705664.38784,-0.0011036420186615,ARPA-USDT,0.1018354180976534,0.1015738766813989,
2022-01-03 20:00:00,0.09953,0.09973,0.0975,0.0983899999999999,12297896,1210607.82067,6819,4867578,479028.42942,-0.0023321841411488,ARPA-USDT,0.0993805418095271,0.0994154278469528,
2022-01-03 21:00:00,0.09838,0.09967,0.09838,0.0989,4848825,479877.90312,3654,2101193,207828.55045,-0.0003032447184878,ARPA-USDT,0.0986915694395891,0.0989912509723549,
2022-01-03 22:00:00,0.09891,0.10015,0.09885,0.09999,4538252,452487.82528,2775,1775239,176988.44706,-0.000499800079968,ARPA-USDT,0.0988779849526921,0.0990779085587439,
2022-01-03 23:00:00,0.10002,0.10052,0.09963,0.1003,3632373,363853.56412,2456,1639926,164280.97312,0.0001994415636219,ARPA-USDT,0.1002115758396803,0.1000596769477723,
2022-01-04 00:00:00,0.10029,0.1008,0.09892,0.09925,6242574,623512.67828,3231,2584314,258303.48569,-0.0008053961542333,ARPA-USDT,0.1003306281366953,0.1004705676769941,1.183e-05
2022-01-04 01:00:00,0.09928,0.09984,0.09882,0.09937,2879521,285930.15014,1883,1347528,133844.24182,-0.000804424333836,ARPA-USDT,0.099276573424119,0.0991468407113295,
2022-01-04 02:00:00,0.09932,0.09953,0.09833,0.0994299999999999,3003577,296980.1272,2302,1500963,148433.8726,-0.0007035175879408,ARPA-USDT,0.0994550865051903,0.099265772049452,
2022-01-04 03:00:00,0.09942,0.0995,0.09861,0.09923,3962139,393107.6188,1961,2194753,217714.40258,-0.001207851031706,ARPA-USDT,0.0993459708431836,0.0992180929093742,
2022-01-04 04:00:00,0.09923,0.09984,0.0989,0.0994299999999999,2968752,294902.35434,1898,1815430,180353.70186,-0.0004021312958691,ARPA-USDT,0.0991508279895198,0.0992824327780292,
2022-01-04 05:00:00,0.09942,0.10003,0.09886,0.09979,2139654,212986.46855,1914,920977,91666.61898,-0.0009010812975569,ARPA-USDT,0.0993103765020026,0.0993223031371481,
2022-01-04 06:00:00,0.09985,0.10126,0.0991399999999999,0.1010799999999999,7457130,747807.3174,4561,3583843,359732.47992,-0.001185770750989,ARPA-USDT,0.0998048549048067,0.0997240787934146,
2022-01-04 07:00:00,0.10106,0.10162,0.1004,0.1013299999999999,7216121,729139.52195,4396,3089652,312209.72118,9.869719699873158e-05,ARPA-USDT,0.1009535688883156,0.101029459630732,
2022-01-04 08:00:00,0.10134,0.10304,0.10086,0.1026599999999999,24343652,2486252.47157,10439,13867004,1416844.84139,0.0004872819413301,ARPA-USDT,0.1012397392478987,0.1011952979929359,0.0001
2022-01-04 09:00:00,0.10267,0.10297,0.10112,0.10173,17597080,1796278.41559,8410,7651110,781380.9849,-0.0002948113207547,ARPA-USDT,0.1024731991459736,0.1024044528536652,
2022-01-04 10:00:00,0.10172,0.10303,0.10153,0.1019,12617303,1290592.43912,6452,5926899,606490.42144,0.0,ARPA-USDT,0.101815044254243,0.1016792230755446,
2022-01-04 11:00:00,0.10191,0.1027599999999999,0.10191,0.10216,6030200,617215.88309,3644,2275176,232855.87672,-0.0002935707994912,ARPA-USDT,0.1020182876574274,0.102266081942505,
2022-01-04 12:00:00,0.10219,0.10234,0.10105,0.10202,7809422,793800.52425,5131,2896076,294374.23732,0.0001960784313725,ARPA-USDT,0.1022689276933533,0.1021563366672552,
2022-01-04 13:00:00,0.10202,0.10238,0.10112,0.10209,6261612,637306.44191,4236,2857795,290916.41702,-0.0003916576911778,ARPA-USDT,0.1020782615461695,0.1020173785528102,
2022-01-04 14:00:00,0.1021,0.103,0.10161,0.10228,11066609,1132658.81324,5297,4761389,487342.40003,-0.0001955034213099,ARPA-USDT,0.1021957795320525,0.1020608684902537,
2022-01-04 15:00:00,0.10227,0.10293,0.1010399999999999,0.10148,9179096,936344.76877,5186,3593817,366821.66859,0.0016780179646629,ARPA-USDT,0.1024210528976068,0.1025819032549405,
2022-01-04 16:00:00,0.10148,0.1021799999999999,0.1010399999999999,0.102,7490966,760907.63317,4902,3512437,356830.56086,0.0001961168856636,ARPA-USDT,0.1013226134005191,0.1012905656316697,0.0001
2022-01-04 17:00:00,0.102,0.1022899999999999,0.10151,0.10175,6023594,614438.56662,3660,2706578,276096.84574,0.0,ARPA-USDT,0.1019731893068075,0.1019819883106168,
2022-01-04 18:00:00,0.10175,0.10224,0.09831,0.09915,14618830,1461487.63571,7933,5907141,590338.50143,-0.0008062078000604,ARPA-USDT,0.1017506714429606,0.1019281759878467,
2022-01-04 19:00:00,0.0991399999999999,0.10073,0.0984299999999999,0.09942,13701909,1366705.54614,6601,6118765,610619.72033,0.0008053150795248,ARPA-USDT,0.0987369811445883,0.0989265971644275,
2022-01-04 20:00:00,0.0994299999999999,0.10069,0.0992,0.10024,6085514,609586.65134,4196,2573940,257829.88258,0.0,ARPA-USDT,0.0996054749346549,0.0995432824750501,
2022-01-04 21:00:00,0.10025,0.10321,0.10002,0.10113,31478434,3183719.38151,12263,15742942,1592401.82922,-0.0002965599051008,ARPA-USDT,0.1002559113513513,0.1001865418749943,
2022-01-04 22:00:00,0.10111,0.10111,0.09899,0.09953,10851477,1085092.74491,5619,4209092,420810.00865,-0.0003013258336681,ARPA-USDT,0.1008288805535041,0.1007600266978271,
2022-01-04 23:00:00,0.09952,0.09979,0.0987,0.09913,7752694,768997.28473,3760,4294109,426021.87298,-0.000201714573878,ARPA-USDT,0.0993788784810959,0.0994149345951154,
2022-01-05 00:00:00,0.09911,0.0999299999999999,0.0985,0.09974,8282863,822005.34431,3623,3896331,386753.64495,0.0002005615724025,ARPA-USDT,0.0991244927885129,0.0988621531851995,0.0001
2022-01-05 01:00:00,0.09974,0.09997,0.099,0.09922,4614711,458992.49457,2846,2194353,218227.21299,0.0003024498437342,ARPA-USDT,0.0997702002049591,0.0997230686587145,
2022-01-05 02:00:00,0.09922,0.10048,0.09922,0.10031,3886923,388369.81334,2461,1891493,188925.66422,-0.0002989834562487,ARPA-USDT,0.099395372749014,0.099420027497622,
2022-01-05 03:00:00,0.10035,0.10147,0.10035,0.10132,3896271,393347.86258,2974,1881555,189860.13867,0.0004937296336524,ARPA-USDT,0.1004901357887778,0.1004832944116567,
2022-01-05 04:00:00,0.10134,0.10139,0.10078,0.10121,3276095,331157.59139,2315,1386441,140123.70922,0.0002965012848388,ARPA-USDT,0.1013372776452923,0.10117281281081,
2022-01-05 05:00:00,0.1012,0.1012,0.10037,0.1008,3176620,319763.66162,2231,1539590,154995.46581,-0.0007930214115781,ARPA-USDT,0.1011652793758917,0.1010616537988557,
2022-01-05 06:00:00,0.10082,0.10169,0.1007,0.10159,4089397,413831.26489,2746,1993159,201610.4713,9.844457570373776e-05,ARPA-USDT,0.1008020174489869,0.1008292518644669,
2022-01-05 07:00:00,0.1016,0.10173,0.10114,0.10151,4817080,488563.3695,3269,2315313,234864.36502,0.0008873989351212,ARPA-USDT,0.1015972886723942,0.1013900564419421,
2022-01-05 08:00:00,0.1015,0.10188,0.1011,0.10146,6538770,663166.07338,3386,2996134,303946.50037,0.0011841326228536,ARPA-USDT,0.1014944261931815,0.1014002926067146,0.0001
2022-01-05 09:00:00,0.10144,0.10247,0.10121,0.10238,7409865,755021.2767,4194,4271324,435364.68059,0.0003908540160248,ARPA-USDT,0.1013643861571365,0.1014721958447637,
2022-01-05 10:00:00,0.10238,0.10274,0.10132,0.10186,7433701,757790.92549,3156,2834768,289023.58478000003,0.0001963864886096,ARPA-USDT,0.1023937903303709,0.1024256277580583,
2022-01-05 11:00:00,0.10189,0.10213,0.10023,0.10075,8133749,821572.37834,3585,3012084,304314.43171,-0.0001984717673909,ARPA-USDT,0.1018818551790843,0.1018412000601397,
2022-01-05 12:00:00,0.10077,0.10171,0.10023,0.10171,6863950,691614.57794,3281,3167485,319134.13323,9.83284169124854e-05,ARPA-USDT,0.1007709030059205,0.1009598875267633,
2022-01-05 13:00:00,0.10174,0.10236,0.10106,0.10164,7337843,747105.64416,3604,3316484,337781.47389,0.0006891798759476,ARPA-USDT,0.1018664256381476,0.1018402897695142,
2022-01-05 14:00:00,0.10164,0.1019,0.1005799999999999,0.10122,6879799,697199.69208,3852,2830808,286953.83529,0.0003953350464518,ARPA-USDT,0.1015875934822174,0.1016553657780897,
2022-01-05 15:00:00,0.10134,0.10148,0.10063,0.1011,5166658,521830.69431,2444,2621419,264808.05918,0.0005938242280283,ARPA-USDT,0.1013225628213242,0.1013533979560588,
2022-01-05 16:00:00,0.10111,0.10111,0.10003,0.10013,4518867,454647.5722,2652,1843597,185471.34907,0.0,ARPA-USDT,0.1010109539750969,0.1009860664640675,0.0001
2022-01-05 17:00:00,0.1001399999999999,0.10062,0.09858,0.0987,7935130,790740.12266,4647,3394231,338489.61322,0.000101327388793,ARPA-USDT,0.1004227327806955,0.1004927388197691,
2022-01-05 18:00:00,0.0987,0.0999,0.09787,0.09917,11106569,1095971.38857,6219,4778814,471942.85471,0.0001008471157724,ARPA-USDT,0.0983497051006308,0.0982249408473944,
2022-01-05 19:00:00,0.09917,0.0993899999999999,0.09302,0.09457,22795956,2190739.37202,10111,8962714,863193.96454,-0.0020050654284508,ARPA-USDT,0.09912340847169,0.0990938020443731,
2022-01-05 20:00:00,0.0945299999999999,0.09548,0.09065,0.09373,27745986,2589266.46448,11153,13345358,1246514.99943,-0.0001066780456583,ARPA-USDT,0.0945475919338629,0.0948917038527191,
2022-01-05 21:00:00,0.09368,0.09476,0.0922,0.0922,11253250,1051201.38136,5036,5348705,500076.49704,-0.0028120268224096,ARPA-USDT,0.0940593218545612,0.094187777505246,
2022-01-05 22:00:00,0.09216,0.09305,0.08581,0.09126,19867081,1789829.85161,10112,8183045,740593.73876,-0.0008758484782134,ARPA-USDT,0.0925727151459854,0.0923520529157044,
2022-01-05 23:00:00,0.09128,0.09235,0.0904799999999999,0.0913799999999999,7831835,717712.90904,5213,3962310,363233.4753,-0.0004375410194715,ARPA-USDT,0.0912548117175071,0.0912158729558525,
2022-01-06 00:00:00,0.09139,0.09216,0.09046,0.09189,7421017,678625.59586,4373,3962941,362718.12796,-0.0008698488637598,ARPA-USDT,0.0910882069216235,0.0909007054245589,-0.00031563
2022-01-06 01:00:00,0.09191,0.09232,0.08988,0.09064,4962002,452412.26433,3775,2106674,192137.96241,-0.0023115024766098,ARPA-USDT,0.0920053654532011,0.091783298632087,
2022-01-06 02:00:00,0.09051,0.09121,0.08951,0.08983,4273297,386181.7039,3157,2016088,182177.04461,-0.0013340744858255,ARPA-USDT,0.0904213372314345,0.0905735009084366,
2022-01-06 03:00:00,0.08983,0.0903,0.08855,0.0885799999999999,5383383,482129.74435,3162,2437089,218290.74377,-0.0014654492165494,ARPA-USDT,0.0897745034912088,0.0899195226639426,
2022-01-06 04:00:00,0.08863,0.09079,0.08828,0.0904399999999999,6664938,595539.7198,5345,3075814,275039.59337,-0.0015455950540969,ARPA-USDT,0.08878710365586,0.0887540311908112,
2022-01-06 05:00:00,0.09043,0.09151,0.08964,0.09026,5978945,541204.9922,4867,2986951,270451.71527,-0.0008855435023245,ARPA-USDT,0.0902497504182933,0.0901504785209444,
2022-01-06 06:00:00,0.0903,0.09145,0.08955,0.0901,6445868,582133.1788,3571,2894702,261362.55877,0.000111000111,ARPA-USDT,0.0902308282188051,0.0900756403524926,
2022-01-06 07:00:00,0.09011,0.09082,0.08964,0.09063,4211131,380319.05393,3358,1848372,166866.74957,0.0,ARPA-USDT,0.0899640052538131,0.0900212632072352,
2022-01-06 08:00:00,0.09061,0.09154,0.08961,0.08991,10065839,909298.16,5395,5146979,464685.3319,-0.0037673130193904,ARPA-USDT,0.0905845714657867,0.0903785957709691,-7.386e-05
2022-01-06 09:00:00,0.08991,0.09011,0.08759,0.08814,9337049,831304.19096,5669,4038842,359720.62942,-0.0027155465037339,ARPA-USDT,0.0899635470566509,0.0896467351543151,
2022-01-06 10:00:00,0.08814,0.09122,0.08814,0.0907299999999999,8474826,760711.97671,4344,4203939,377632.31373,-0.0015406624848697,ARPA-USDT,0.0883351133173371,0.0885218720135397,
2022-01-06 11:00:00,0.09074,0.09103,0.08937,0.08993,5373591,483945.3774,3652,2392793,215520.05151,-0.0018867924528301,ARPA-USDT,0.0908396417533569,0.0902985999720547,
2022-01-06 12:00:00,0.08992,0.09028,0.0885799999999999,0.09005,6507709,581245.39028,3992,3259113,291068.41327,0.0001110617503332,ARPA-USDT,0.0901710616408242,0.0898890723088845,
2022-01-06 13:00:00,0.09005,0.09096,0.08947,0.0909,4538116,409473.64172,3224,2151377,194220.49186,-0.0002199736031677,ARPA-USDT,0.0902140494286766,0.0902250836417498,
2022-01-06 14:00:00,0.09087,0.09145,0.09005,0.09013,5640614,511505.37351,3818,2528325,229301.86679,-0.0011082788429569,ARPA-USDT,0.0908487073710851,0.0907052027829942,
2022-01-06 15:00:00,0.09015,0.09117,0.08943,0.09079,5102203,460826.67675,3822,2519815,227561.73347,-0.0013199868001321,ARPA-USDT,0.0902160103113226,0.0901526028412331,
2022-01-06 16:00:00,0.09079,0.09179,0.09022,0.09108,6484774,590368.88231,4120,3123828,284536.96312000003,-0.0013157894736842,ARPA-USDT,0.0909918926728586,0.0908900818418964,2.022e-05
2022-01-06 17:00:00,0.09109,0.09167,0.0908,0.09104,4840576,441719.00624,3013,2149723,196225.91603,-0.0004391743522178,ARPA-USDT,0.0911602169349195,0.0912532607809999,
2022-01-06 18:00:00,0.09103,0.09311,0.09093,0.0928399999999999,6221620,572946.51409,4286,3191572,293959.53997,-0.0011834319526639,ARPA-USDT,0.0910348582384383,0.091167766972523,
2022-01-06 19:00:00,0.0928799999999999,0.09289,0.09197,0.09235,4376230,404482.02228,2668,1908963,176453.96989,-0.0018374405533938,ARPA-USDT,0.0926914545958042,0.0924690681578035,
2022-01-06 20:00:00,0.09235,0.09289,0.09177,0.09221,5401657,498558.9933,3140,2563664,236611.09591,-0.0012996859092385,ARPA-USDT,0.0925571085385557,0.0925812138576526,
2022-01-06 21:00:00,0.0922299999999999,0.09246,0.09177,0.09211,3064848,282361.80744,1955,1497876,137976.19395,-0.000325591491209,ARPA-USDT,0.0922322697751631,0.0922594904606985,
2022-01-06 22:00:00,0.09208,0.09281,0.09185,0.09253,3790836,350013.02714,2146,1866539,172306.2849,-0.0004321054337258,ARPA-USDT,0.0923174738279957,0.0921992398829149,
2022-01-06 23:00:00,0.09254,0.09295,0.0920899999999999,0.09215,3136970,290222.50911,2129,1269993,117471.95229,-0.0016251354279522,ARPA-USDT,0.0924216261563756,0.0924044058722675,
2022-01-07 00:00:00,0.09215,0.09271,0.09027,0.0908,6624618,604383.62751,3577,2885781,263376.81186,0.0002203128442388,ARPA-USDT,0.0924132899996081,0.0923714473414524,0.0001
2022-01-07 01:00:00,0.09075,0.09187,0.0901899999999999,0.09166,4600895,419598.50291,2584,2494033,227511.78114,-0.0005451968160505,ARPA-USDT,0.0908579925166362,0.0911145742056972,
2022-01-07 02:00:00,0.09166,0.09208,0.09026,0.0904799999999999,5309696,484856.74626,2874,2310228,211100.98761,-0.0003314550878367,ARPA-USDT,0.0916293608525145,0.0917349078802708,
2022-01-07 03:00:00,0.0905,0.09067,0.08721,0.08755,11556650,1023548.26735,5966,5321478,471229.94433,-0.0023928896991796,ARPA-USDT,0.0904815555555555,0.0904810224809302,
2022-01-07 04:00:00,0.08753,0.08771,0.0849,0.08744,15754884,1360879.94247,8285,7248628,626184.58579,-0.001256424900057,ARPA-USDT,0.0870342380001967,0.0873465179358072,
2022-01-07 05:00:00,0.08744,0.08821,0.08692,0.08769,5375606,470540.29303,3315,2474508,216549.15467,-0.0012528473804099,ARPA-USDT,0.0876207267658678,0.0874534371534454,
2022-01-07 06:00:00,0.08767,0.08774,0.08611,0.08673,5031875,437048.58194,3306,2354162,204491.91372,-0.0005761696243373,ARPA-USDT,0.0876165412844036,0.0875884112474534,
2022-01-07 07:00:00,0.08672,0.08796,0.08556,0.08789,6179068,536273.01236,3863,3105829,269635.03043,-0.0017037710131757,ARPA-USDT,0.0866822211445198,0.0864249688073175,
2022-01-07 08:00:00,0.08791,0.08929,0.08725,0.0883299999999999,10017199,885014.30969,5325,4755277,420015.23828,0.0003397508493758,ARPA-USDT,0.0875858747380469,0.0876801030681927,-8.595e-05
2022-01-07 09:00:00,0.08832,0.0895799999999999,0.08824,0.08895,3530725,313935.59605,2622,1659702,147609.4443,-0.0007863401482812,ARPA-USDT,0.0883351302050572,0.0883671280967161,
2022-01-07 10:00:00,0.08895,0.08932,0.0879,0.08795,3338700,296519.43555,2478,1395120,123909.82947,0.0,ARPA-USDT,0.0889415792798483,0.0889604348774656,
2022-01-07 11:00:00,0.08795,0.08872,0.08786,0.08832,3094772,273255.01506,2072,1478820,130583.99277,0.0003397893306149,ARPA-USDT,0.0879922701226797,0.0881714727500777,
2022-01-07 12:00:00,0.0883,0.08918,0.0882,0.08852,4786581,424440.81338,2779,2379520,211057.54498,0.0004520795660036,ARPA-USDT,0.088457303426585,0.0884447012134371,
2022-01-07 13:00:00,0.08857,0.08956,0.08502,0.0867899999999999,12169780,1066227.83308,5718,5641647,494154.6306,-0.0003455425017289,ARPA-USDT,0.0886682952167129,0.0886505432278023,
2022-01-07 14:00:00,0.08682,0.08835,0.08642,0.08789,4967215,434879.65127,3833,2442780,213831.7931,0.0001137915339097,ARPA-USDT,0.0868269229128306,0.0867073391088247,
2022-01-07 15:00:00,0.08791,0.0879799999999999,0.08444,0.08628,10105587,871707.73831,5267,5010560,432381.51255,0.0,ARPA-USDT,0.0877766148937796,0.0876839358625525,
2022-01-07 16:00:00,0.08623,0.08864,0.08515,0.08831,10898545,948284.66782,7542,5435923,473166.31112,-0.0016956816640288,ARPA-USDT,0.0866229584875814,0.0866798623231771,0.0001
2022-01-07 17:00:00,0.08834,0.08835,0.08696,0.0877899999999999,4914141,430687.7079,2967,2246203,196955.00123,-0.0005692167577425,ARPA-USDT,0.0882478424617265,0.0881176645236779,
2022-01-07 18:00:00,0.0878,0.08785,0.08646,0.08699,4572802,398138.51308,3005,2257925,196585.55851,0.000344986200552,ARPA-USDT,0.0877949264228521,0.0877046467381545,
2022-01-07 19:00:00,0.087,0.08785,0.08642,0.08751,4679155,407816.00065,2585,2285356,199142.35803,-0.0003427004797806,ARPA-USDT,0.0871955215630544,0.0871053552765435,
2022-01-07 20:00:00,0.0875799999999999,0.08802,0.08655,0.08742,4251186,370903.12653,3306,2115690,184600.2461,0.0003432887058016,ARPA-USDT,0.0876446464194214,0.0877671722715173,
2022-01-07 21:00:00,0.08742,0.08781,0.08703,0.08706,3575367,312578.28872,2211,1817050,158920.85636,-0.0006887052341598,ARPA-USDT,0.0874762401235128,0.087551023126282,
2022-01-07 22:00:00,0.08706,0.08707,0.08509,0.0855,3170673,272979.31738,1964,1797673,154823.16532,-0.0009347978499648,ARPA-USDT,0.0870034734035279,0.0868635155334633,
2022-01-07 23:00:00,0.08549,0.0856799999999999,0.08489,0.08562,2991999,255209.54686,2535,1227552,104656.10019,0.0005843169335049,ARPA-USDT,0.0853977646449931,0.0854853882338601,
2022-01-08 00:00:00,0.08562,0.08772,0.08528,0.08753,5383953,465868.63674,3641,2652247,229572.85186,0.0005715592135344,ARPA-USDT,0.0857016268267588,0.0857230524450708,0.0001
2022-01-08 01:00:00,0.08751,0.08815,0.08712,0.08725,3059384,268125.45639,2448,1557251,136478.42552,-0.0002291738283488,ARPA-USDT,0.0873779408561818,0.0875156814477335,
2022-01-08 02:00:00,0.08724,0.08736,0.0863299999999999,0.0870799999999999,2392908,207862.91434,1906,1119577,97246.93553,-0.0001148237455518,ARPA-USDT,0.0872456371248207,0.0871037522567542,
2022-01-08 03:00:00,0.08706,0.08741,0.0861799999999999,0.08711,3268208,283772.51016,2541,1593327,138402.00691,-0.001032110091743,ARPA-USDT,0.0869930754426482,0.0869711722681683,
2022-01-08 04:00:00,0.08712,0.08775,0.08699,0.08738,1630382,142551.38952,1896,909168,79486.5285,-0.0004575611988103,ARPA-USDT,0.0871895794979079,0.087288251527472,
2022-01-08 05:00:00,0.08738,0.0875,0.08705,0.0873299999999999,1513421,132108.77376,1542,647017,56485.07705,-0.0004578230513918,ARPA-USDT,0.087305975770562,0.0872269280995309,
2022-01-08 06:00:00,0.08739,0.08775,0.08677,0.08765,1969934,171913.8884,1701,1069559,93339.24687,-0.0004561523548864,ARPA-USDT,0.0872706445463026,0.0873196090162989,
2022-01-08 07:00:00,0.08765,0.0879799999999999,0.0874,0.0877,2073952,181886.31043,1598,987612,86610.07506,-0.0001140120852809,ARPA-USDT,0.0876117822277013,0.0877043783471937,
2022-01-08 08:00:00,0.0877299999999999,0.08845,0.08762,0.088,2594075,228332.22551,2423,1452456,127911.48348,-0.0010216823703032,ARPA-USDT,0.0878172683962508,0.0878852699347995,0.0001
2022-01-08 09:00:00,0.08802,0.08821,0.08756,0.08813,1606480,141287.9141,1774,835369,73479.64682,0.0001134816159782,ARPA-USDT,0.0881294242836747,0.0880863932380836,
2022-01-08 10:00:00,0.08812,0.0882,0.08675,0.08728,2329152,203786.23026,2019,1000573,87569.16241,-0.0004580852038479,ARPA-USDT,0.0881578428945835,0.0879865456461374,
2022-01-08 11:00:00,0.0872899999999999,0.08755,0.08691,0.08744,1993187,173705.96678,1918,788957,68765.01136,-0.0009140767824497,ARPA-USDT,0.0872355688531113,0.0871841861930759,
2022-01-08 12:00:00,0.08744,0.0879,0.08685,0.08714,3723568,325269.74309,2057,1754181,153315.06836,-0.0011462631820265,ARPA-USDT,0.0874753198302778,0.0874635863159844,
2022-01-08 13:00:00,0.08715,0.08763,0.08663,0.08725,3480663,303089.79589,1964,1493574,130066.69553,0.0,ARPA-USDT,0.0870941420047158,0.0872225391555227,
2022-01-08 14:00:00,0.08722,0.0875399999999999,0.08666,0.08668,2198087,191430.0878,1635,867202,75521.81499,-0.0005765017871556,ARPA-USDT,0.0872073547576677,0.0872460431729449,
2022-01-08 15:00:00,0.0867,0.08692,0.08567,0.08634,4065864,350811.28297,3076,1650308,142413.55996,-0.0016188714153562,ARPA-USDT,0.0866914096495987,0.0866935990815706,
2022-01-08 16:00:00,0.08634,0.087,0.08472,0.08495,5988637,512940.34034,4194,2781763,238033.56756,-0.0012932047966141,ARPA-USDT,0.0862197486537355,0.0862339092840463,7.973e-05
2022-01-08 17:00:00,0.08491,0.08507,0.0815,0.08161,11914666,991787.64797,6756,4190380,348391.41925,-0.0020787478601125,ARPA-USDT,0.0848976833612678,0.0847044310709857,
2022-01-08 18:00:00,0.08166,0.08311,0.08047,0.0806,14147200,1155938.44747,7098,6897659,564114.86665,-0.0018575851393188,ARPA-USDT,0.0819919589601647,0.0819104994366607,
2022-01-08 19:00:00,0.0806,0.08172,0.07958,0.08026,11950652,961567.51456,6034,5237654,421765.75279,-0.0004981320049812,ARPA-USDT,0.0806807111157883,0.0807487987312685,
2022-01-08 20:00:00,0.08026,0.08121,0.07954,0.08011,5825321,467428.37462,3700,3234756,259575.26114,-0.0021175884404583,ARPA-USDT,0.0805264886182306,0.0804462641983921,
2022-01-08 21:00:00,0.08011,0.08256,0.08008,0.0817,9002453,733654.06534,3664,4302357,350439.67484,-0.0014666340747984,ARPA-USDT,0.0801259290178155,0.0803862575083876,
2022-01-08 22:00:00,0.08167,0.08321,0.08155,0.08224,7118096,587925.9477499999,2897,3547531,292918.87349,-0.0007290400972054,ARPA-USDT,0.0816658296323831,0.081893720407394,
2022-01-08 23:00:00,0.08223,0.0824,0.08108,0.08119,4248918,347370.92957,2326,1860491,152046.38571,-0.0006154603643526,ARPA-USDT,0.0822540675965089,0.0822070345210177,
2022-01-09 00:00:00,0.08119,0.08231,0.08035,0.08212,6216249,505352.60451,2775,2965380,241186.30509,0.0007311723129417,ARPA-USDT,0.0811548910780322,0.0809894179582358,-0.00022115
2022-01-09 01:00:00,0.0821,0.08258,0.08114,0.08222,9227099,754390.0607,3010,4553165,372353.52673,-0.0014573718727227,ARPA-USDT,0.0820514267068273,0.0818954163358401,
2022-01-09 02:00:00,0.08222,0.08309,0.08199,0.08294,5773013,476497.34382,2309,2574818,212618.78198,-0.0009636232233196,ARPA-USDT,0.0822923046178238,0.0821809146844325,
2022-01-09 03:00:00,0.0829,0.08291,0.08212,0.08234,3321695,274096.89,1874,1603308,132260.37515,-0.0009706381946129,ARPA-USDT,0.082825057608015,0.0827137976594829,
2022-01-09 04:00:00,0.08234,0.08344,0.0822799999999999,0.08333,2263342,187508.2515,1819,1099698,91147.19233,-0.0005996641880545,ARPA-USDT,0.082305376230661,0.0824227083803272,
2022-01-09 05:00:00,0.08331,0.08344,0.08252,0.08269,3207571,265850.13954,1938,1641942,136012.05284,-0.000845819236346,ARPA-USDT,0.0833940376327535,0.0832592092879325,
2022-01-09 06:00:00,0.08269,0.08311,0.08244,0.08279,2446152,202621.215,1874,1023364,84766.64905,-0.0007242003621,ARPA-USDT,0.0828091446256737,0.082679480784863,
2022-01-09 07:00:00,0.0827799999999999,0.08315,0.08241,0.08242,1944906,161046.13428,1607,1209216,100189.06128,-0.001937515136837,ARPA-USDT,0.0828974186469051,0.0828287600997024,
2022-01-09 08:00:00,0.08241,0.08299,0.0819299999999999,0.08208,2909356,239841.86614,2320,1272292,104843.65269,-0.0015813161415886,ARPA-USDT,0.0825238526107356,0.0826444752738873,5.54e-06
2022-01-09 09:00:00,0.08211,0.08246,0.08159,0.08181,3680112,301904.69304,2297,1902029,156032.36517,-0.0001222195062333,ARPA-USDT,0.0822733562888485,0.0822917588307764,
2022-01-09 10:00:00,0.08179,0.08255,0.08114,0.0821,3197003,261423.83451,2544,1493160,122155.64465,0.0,ARPA-USDT,0.0818935936038618,0.0819142606248603,
2022-01-09 11:00:00,0.0821,0.0831,0.08207,0.08285,3822556,316072.55201,2327,2021160,167115.01451,-0.0006031363088059,ARPA-USDT,0.0822738235294117,0.082353911215303,
2022-01-09 12:00:00,0.08284,0.08299,0.08215,0.08255,2772374,228955.83238,2133,1413683,116743.03806,-0.0012099213551119,ARPA-USDT,0.0828852436671182,0.0828355205654026,
2022-01-09 13:00:00,0.08255,0.08307,0.08183,0.08184,4817995,396528.95473,2590,2451177,201781.96329,-0.0014641288433383,ARPA-USDT,0.082517455659713,0.0824756935585817,
2022-01-09 14:00:00,0.08184,0.08284,0.08175,0.08231,5067407,416988.67578,2572,2383099,196131.52133,-0.0010922330097088,ARPA-USDT,0.0820448261031168,0.0819964278194631,
2022-01-09 15:00:00,0.0822799999999999,0.08247,0.08127,0.08234,5651450,463169.47377,2703,2783033,227965.56586,-0.0003642102707296,ARPA-USDT,0.0823321609162284,0.082394860007397,
2022-01-09 16:00:00,0.08233,0.0841,0.08197,0.08392,11214213,930011.50847,3685,5846002,484999.21924,-0.0011901928112354,ARPA-USDT,0.0823745568660979,0.0823690542779882,0.0001
2022-01-09 17:00:00,0.08394,0.0849,0.08366,0.08451,7172530,605320.60981,3291,3965175,334687.47995,-0.0014179369018078,ARPA-USDT,0.0840469713681124,0.0840636390200169,
2022-01-09 18:00:00,0.08456,0.08499,0.08376,0.08395,5370690,453162.69847,2707,2679724,226150.70756,0.0003574833174451,ARPA-USDT,0.0845868347312307,0.0845250646904385,
2022-01-09 19:00:00,0.08394,0.08511,0.08376,0.0847,5582511,471747.46425,2474,2673521,225804.86495,-0.001061445925227,ARPA-USDT,0.0838810210771676,0.0839893702281387,
2022-01-09 20:00:00,0.08469,0.0849299999999999,0.08417,0.08423,3202680,270486.02779,1842,1800309,152030.71906,-0.0013042447237372,ARPA-USDT,0.0848105865976748,0.0846992887762187,
2022-01-09 21:00:00,0.08422,0.08453,0.0836,0.08378,2709543,227754.40454,1657,1194057,100412.28799,-0.0014302741358761,ARPA-USDT,0.0842531402107952,0.0843408789047551,
2022-01-09 22:00:00,0.08378,0.08407,0.0828899999999999,0.0831399999999999,2795156,233782.70325,2078,1380179,115505.01241,-0.0008412450426644,ARPA-USDT,0.0838356028397456,0.0837792124589312,
2022-01-09 23:00:00,0.0831399999999999,0.08342,0.08226,0.08325,6211533,514724.55938,3019,3166264,262367.12924,0.0,ARPA-USDT,0.0832388787477132,0.0833023664972894,
2022-01-10 00:00:00,0.08326,0.08456,0.08286,0.0841799999999999,8885510,744013.73168,4220,4036958,338060.17274,-0.0004749465685123,ARPA-USDT,0.0830921407028507,0.0832641588267147,0.0001
2022-01-10 01:00:00,0.08417,0.08469,0.08257,0.08347,13246545,1104486.81217,4568,6633405,553089.14919,-0.0016744408563569,ARPA-USDT,0.0841620051251804,0.0843234826243067,
2022-01-10 02:00:00,0.08347,0.08401,0.0827,0.0837,4206163,350735.01865,2218,2229325,185895.09735,-0.0009548818333731,ARPA-USDT,0.0833909204505965,0.0834493942102554,
2022-01-10 03:00:00,0.08371,0.08383,0.08331,0.0838,1763814,147316.73277,1151,934939,78073.17981,-0.0004770992366411,ARPA-USDT,0.0835324656027294,0.0835105990973471,
2022-01-10 04:00:00,0.08379,0.0845,0.08345,0.0843,4649294,390287.27468,2020,2196275,184364.46699,-0.0003557452863749,ARPA-USDT,0.0837824502242152,0.0837320511920697,
2022-01-10 05:00:00,0.08431,0.08442,0.08398,0.08422,2061734,173500.128,1423,1039440,87462.01816,-0.0013043993833747,ARPA-USDT,0.0843542366069317,0.0842566436948139,
2022-01-10 06:00:00,0.08422,0.0843,0.08355,0.0841799999999999,2999017,251676.91745,1593,1649018,138374.5972,-0.0008308605341259,ARPA-USDT,0.0841365864725124,0.0841845817044516,
2022-01-10 07:00:00,0.08417,0.08485,0.08406,0.0843899999999999,3516156,296766.15986,1828,1698587,143370.17839,-0.000236938751334,ARPA-USDT,0.0843428976949732,0.0844696128937476,
2022-01-10 08:00:00,0.08436,0.0845799999999999,0.0834,0.08373,3733242,313501.26807,2154,1835136,154112.29496,-0.0011928903733746,ARPA-USDT,0.0844467545916373,0.0844489400119385,2.052e-05
2022-01-10 09:00:00,0.08376,0.08406,0.0835,0.08365,2216298,185602.74384,1910,1095919,91745.66019,0.0007177892092355,ARPA-USDT,0.0836865809388672,0.0838050580485258,
2022-01-10 10:00:00,0.08362,0.08459,0.08309,0.0839,9247129,776704.04253,4407,4409656,370594.13965,-0.0021408182683159,ARPA-USDT,0.0835216177424512,0.083389384962422,
2022-01-10 11:00:00,0.08387,0.0857899999999999,0.08277,0.0831399999999999,24904406,2104565.2935,10795,12747042,1077253.37407,-0.0021603456553062,ARPA-USDT,0.0838653004052746,0.0840519866304905,
2022-01-10 12:00:00,0.08315,0.08341,0.08047,0.08068,14266535,1167899.22887,7701,6935085,568324.40169,-0.0017322444939371,ARPA-USDT,0.0832336100787161,0.0830662147457202,
2022-01-10 13:00:00,0.08068,0.08109,0.08007,0.08027,8444513,680018.98689,4445,3882890,312725.94767,-0.0023614218245091,ARPA-USDT,0.0805907267272008,0.0805522315977408,
2022-01-10 14:00:00,0.08027,0.0804,0.07646,0.07933,27234676,2135838.60892,10489,12786503,1002595.75056,-0.0010074297947361,ARPA-USDT,0.0803010561712037,0.0802843467649097,
2022-01-10 15:00:00,0.07933,0.0901899999999999,0.0792399999999999,0.0797,220663857,18525009.45273,58274,108328217,9113324.53811,-0.0051179628011485,ARPA-USDT,0.0799211901982406,0.0845241607701133,
2022-01-10 16:00:00,0.07971,0.08216,0.07906,0.0821,40031683,3242075.76045,13754,18783633,1521933.3883,-0.0013380367351903,ARPA-USDT,0.0793035224981688,0.0796298443335937,-0.00070967
2022-01-10 17:00:00,0.08209,0.08286,0.07844,0.07986,30876243,2476309.05422,10183,14361706,1152529.30804,-0.0019995001249686,ARPA-USDT,0.0822077902740924,0.0821851933136285,
2022-01-10 18:00:00,0.07984,0.08105,0.0796299999999999,0.08066,19580314,1574684.67383,6980,9402097,756133.268,-0.0003717932829346,ARPA-USDT,0.0798668732118891,0.0799329427769269,
2022-01-10 19:00:00,0.08066,0.08068,0.07915,0.07973,15344940,1228634.06378,4618,7518753,601997.5354,-0.0001254075746176,ARPA-USDT,0.0805207337607836,0.0802289657514091,
2022-01-10 20:00:00,0.07973,0.08122,0.0792,0.0809,14226608,1140561.90278,5902,6971055,558983.50935,-0.0023430755950177,ARPA-USDT,0.0799899742888942,0.0798858166534467,
2022-01-10 21:00:00,0.08095,0.08136,0.07945,0.0799,13104457,1052154.362,4483,5664225,454795.43271,-0.0006253908692932,ARPA-USDT,0.0808842432064921,0.0810226832184729,
2022-01-10 22:00:00,0.07989,0.0802399999999999,0.07855,0.07879,11551258,917387.70634,3901,6262303,497448.96349,0.0002539037704709,ARPA-USDT,0.0800377366499258,0.0800454756215778,
2022-01-10 23:00:00,0.07873,0.07954,0.07818,0.07917,9791173,773170.84152,3406,4594955,363056.33386,-0.0013874873864783,ARPA-USDT,0.0786950865424391,0.0784612491890421,
2022-01-11 00:00:00,0.07916,0.07939,0.07826,0.07891,10166503,801278.6412300001,3743,4873676,384227.53365,-0.0008863003291972,ARPA-USDT,0.07926567259327,0.0790399101803945,-4.732e-05
2022-01-11 01:00:00,0.0789,0.07982,0.07874,0.07955,7919159,627385.1018,2381,3330198,263838.44513,-0.0003769791404876,ARPA-USDT,0.0789754654709989,0.0788726193476913,
2022-01-11 02:00:00,0.07955,0.08094,0.07933,0.08063,10020280,803780.6425000001,3143,5261235,421645.84016,-0.000124007936508,ARPA-USDT,0.0796171944928466,0.0795158001682624,
2022-01-11 03:00:00,0.08066,0.08072,0.0802,0.08066,4547853,366055.30219,2011,2340290,188370.22328,0.0001239925604463,ARPA-USDT,0.0806831063364128,0.080472311247648,
2022-01-11 04:00:00,0.08066,0.08088,0.08022,0.0804,6389561,514419.37199,2431,3110669,250444.24675,0.0001243935812911,ARPA-USDT,0.0806487967815987,0.0807396936287471,
2022-01-11 05:00:00,0.08041,0.08048,0.0798,0.0801299999999999,4967199,398009.95414,2043,2257544,180965.47184,-0.0002495321272626,ARPA-USDT,0.080406196432002,0.0803803022346041,
2022-01-11 06:00:00,0.08012,0.0805299999999999,0.07971,0.0801,5131394,411354.87283,2194,2513035,201483.45896,0.0001248595330254,ARPA-USDT,0.0801717053328898,0.0803110779384786,
2022-01-11 07:00:00,0.08009,0.0802,0.07936,0.08,7192823,574022.65155,2514,3000452,239442.21883,-0.0007494379215589,ARPA-USDT,0.0801443761611599,0.0801447261243738,
2022-01-11 08:00:00,0.08,0.08083,0.07955,0.07971,9202888,738215.51155,3621,4432629,355799.34499,-0.0007521624670927,ARPA-USDT,0.0801482540907826,0.0805183097007641,0.0001
2022-01-11 09:00:00,0.07972,0.08006,0.0794,0.07968,5444646,433834.3061,2387,2580267,205529.43396,-0.0003763643206624,ARPA-USDT,0.0798199890296676,0.0798508685441206,
2022-01-11 10:00:00,0.07968,0.0799899999999999,0.0792,0.07933,8304899,660775.11716,3503,3189653,253737.63585,-0.0003780241935483,ARPA-USDT,0.0796482461573429,0.0797012373949562,
2022-01-11 11:00:00,0.07934,0.0803,0.07925,0.07996,5597238,446593.58618,2416,2876528,229632.39821,-0.0017478152309613,ARPA-USDT,0.0792926351166201,0.0793582622099771,
2022-01-11 12:00:00,0.07991,0.0805,0.07976,0.08036,6164338,494287.48413,2740,2910236,233376.96961,-0.0009945300845349,ARPA-USDT,0.0799724332547803,0.0798650328290335,
2022-01-11 13:00:00,0.08034,0.08066,0.0797799999999999,0.08036,7643727,613981.51221,3028,3853826,309615.51442,-0.0006218132073124,ARPA-USDT,0.0803495516506394,0.0803579053780058,
2022-01-11 14:00:00,0.08036,0.08101,0.07932,0.0803,9242271,740681.58395,3993,4380968,351126.72073,-0.0018645121193286,ARPA-USDT,0.080284735056839,0.0803989116596324,
2022-01-11 15:00:00,0.08034,0.08165,0.08006,0.08062,13638962,1101710.1977,5714,6620234,534864.31678,-0.0018571251702363,ARPA-USDT,0.0804170811356806,0.0807953275228364,
2022-01-11 16:00:00,0.08065,0.08269,0.08052,0.08207,12453665,1018313.26473,5623,5797968,474146.09677,-0.0008522035549062,ARPA-USDT,0.080692881212608,0.0808573458364989,0.0001
2022-01-11 17:00:00,0.08209,0.08323,0.08183,0.08246,15294925,1264530.35321,4919,6673068,551349.13704,-0.0012112403100773,ARPA-USDT,0.0821341840158467,0.0823558355091983,
2022-01-11 18:00:00,0.08244,0.08296,0.08164,0.08259,6418512,528661.06107,3303,3033370,250197.50577,-0.0002421014405036,ARPA-USDT,0.0823608380520951,0.0821184095678706,
2022-01-11 19:00:00,0.08259,0.08331,0.08233,0.08291,7879676,652119.67304,3689,3762339,311317.06078,-0.0012046741356462,ARPA-USDT,0.0826201202504184,0.0825141805966043,
2022-01-11 20:00:00,0.08288,0.0839,0.08258,0.08286,9763397,812166.12712,4226,4583249,381342.74906,-0.0002413127413126,ARPA-USDT,0.0830108405766177,0.0829912945374818,
2022-01-11 21:00:00,0.08285,0.0828899999999999,0.08162,0.08226,14926332,1225237.56165,4333,5874830,481989.30943,-0.0012141816415736,ARPA-USDT,0.082808301347101,0.0821684055319876,
2022-01-11 22:00:00,0.08227,0.08246,0.08185,0.08197,3426288,281471.9768,2356,1704804,140075.07538,-0.0013401559454191,ARPA-USDT,0.0823281800870511,0.0823363164703805,
2022-01-11 23:00:00,0.08197,0.08261,0.08192,0.08234,3838739,315954.27762,2546,1839786,151445.30725,-0.0015763307869528,ARPA-USDT,0.0819603919625439,0.0821218640875223,
2022-01-12 00:00:00,0.08238,0.08284,0.08208,0.0824,5673568,467925.43885,3284,2814176,232122.20922,-0.0019379844961239,ARPA-USDT,0.0823429476160752,0.0826119076862517,-7.716e-05
2022-01-12 01:00:00,0.08241,0.08292,0.08232,0.08271,3344019,276426.33437,2012,1597717,132008.31394,-0.0008456148828219,ARPA-USDT,0.0824235560065392,0.0825131413399071,
2022-01-12 02:00:00,0.0827,0.08279,0.08195,0.0822799999999999,4955041,408561.49214,1924,2059767,169794.3882,-0.0013351134846475,ARPA-USDT,0.0827241377186499,0.0826650401617072,
2022-01-12 03:00:00,0.08229,0.08284,0.08216,0.0827,3162246,260997.136,1853,1952650,161179.45557000002,-0.0007249879168681,ARPA-USDT,0.0823370251456553,0.0823520173922067,
2022-01-12 04:00:00,0.0827,0.08305,0.08235,0.08286,3473894,287302.84234000003,1996,1787577,147849.01567,-0.0009645526886905,ARPA-USDT,0.082707787446261,0.0826903666786531,
2022-01-12 05:00:00,0.08284,0.08286,0.08248,0.08263,2013977,166513.71334000002,1847,786676,65022.39482,-0.0015708071532142,ARPA-USDT,0.0827685059491961,0.0826597137202746,
2022-01-12 06:00:00,0.0826799999999999,0.08397,0.08265,0.08312,5224935,434972.98377,2671,2683144,223361.09642,0.0,ARPA-USDT,0.0827087787822326,0.0828507102324319,
2022-01-12 07:00:00,0.08309,0.08309,0.0821399999999999,0.08285,3288824,271574.59174,2168,1509449,124662.67907,-0.0007236762754795,ARPA-USDT,0.083021791817556,0.0829696882889931,
2022-01-12 08:00:00,0.08285,0.08331,0.08266,0.08276,2697591,223806.03353,2229,920102,76330.71503,-0.0010863005431501,ARPA-USDT,0.0828776452685743,0.0828543168868992,-0.00027004
2022-01-12 09:00:00,0.08275,0.08355,0.08266,0.08309,3109047,258230.48063,2080,1394778,115854.1228,-0.0014421343588512,ARPA-USDT,0.0827131631919482,0.082862874741877,
2022-01-12 10:00:00,0.08313,0.08361,0.083,0.08302,4219162,351405.39181,2422,1824933,151995.48002,-0.0014433485686794,ARPA-USDT,0.0831723648559994,0.0831835799631369,
2022-01-12 11:00:00,0.08301,0.08409,0.08282,0.08325,6434451,536690.25073,2754,2777793,231751.0301,-0.000960038401536,ARPA-USDT,0.0830048796563182,0.0831225243934623,
2022-01-12 12:00:00,0.08326,0.08469,0.08312,0.08438,6591262,554042.76769,4107,3819278,321149.56982,-0.0017745179226309,ARPA-USDT,0.0832665984850762,0.0834132625372327,
2022-01-12 13:00:00,0.08436,0.08602,0.08384,0.08565,9153626,777089.85155,4148,4831535,410686.62667,-0.0015155047796687,ARPA-USDT,0.0843765347807594,0.0843873552481268,
2022-01-12 14:00:00,0.08561,0.08638,0.08494,0.08599,7289274,624981.83093,4225,3245711,278364.89609,-0.0020888940466519,ARPA-USDT,0.0856508575565889,0.0854559247552341,
2022-01-12 15:00:00,0.08605,0.08673,0.08496,0.08578,9645907,828087.4162,3789,4414184,378933.65572,-0.0013969732246799,ARPA-USDT,0.0859641305967723,0.0858446827937947,
2022-01-12 16:00:00,0.08584,0.08854,0.08527,0.08791,21649952,1890172.98523,8759,11963837,1045773.68674,-0.0009091942266166,ARPA-USDT,0.0859858363057796,0.086028113859821,-0.00018769
2022-01-12 17:00:00,0.08791,0.08835,0.08721,0.08787,13814407,1212626.3329,5703,6436230,564987.74648,-0.0005686988171064,ARPA-USDT,0.0877203898410443,0.0876527133209301,
2022-01-12 18:00:00,0.08787,0.088,0.08682,0.08699,8211062,717009.74057,4380,3295581,287873.02349,-0.0005744485294119,ARPA-USDT,0.0879004205809962,0.0876152099186585,
2022-01-12 19:00:00,0.08699,0.08771,0.08666,0.08757,5739951,500146.5637,2755,2873829,250549.68288,-0.0011406410402646,ARPA-USDT,0.0869939871713516,0.0870069806429525,
2022-01-12 20:00:00,0.0875799999999999,0.08766,0.08707,0.08731,4121591,360279.99048,3024,1656808,144819.75282,-0.0004579278763594,ARPA-USDT,0.0875266604234786,0.087384560303878,
2022-01-12 21:00:00,0.0873,0.08801,0.08705,0.08726,6234517,545614.11566,2608,2821953,247053.3469,-0.0018302447952412,ARPA-USDT,0.0873246780781949,0.0873417662984793,
2022-01-12 22:00:00,0.08732,0.08765,0.08678,0.08694,3042545,265135.80679,1785,1241470,108185.73709,-0.0002299908003678,ARPA-USDT,0.0873853569192235,0.0874936387015126,
2022-01-12 23:00:00,0.08695,0.0875399999999999,0.08693,0.08735,2503873,218469.57257,1754,1275324,111315.54888,0.0001144950767115,ARPA-USDT,0.0870499640772339,0.0870137387823095,
2022-01-13 00:00:00,0.08732,0.08817,0.0868,0.08694,3208266,281021.31526,2463,1297699,113724.23707,-0.0001150086256468,ARPA-USDT,0.0872638942839582,0.0873901697769342,0.0001
2022-01-13 01:00:00,0.08696,0.0875799999999999,0.08613,0.0865399999999999,2632257,228487.71824,2054,1039206,90309.20446,-0.0005774338838214,ARPA-USDT,0.0871018064462396,0.0870368874656943,
2022-01-13 02:00:00,0.08656,0.08759,0.08656,0.08707,1857945,161829.87952,1569,843092,73413.84802,-0.0004591895304788,ARPA-USDT,0.0866475762917263,0.0866871757998884,
2022-01-13 03:00:00,0.0870799999999999,0.08749,0.08659,0.08726,1647546,143460.50651,1348,856187,74548.41242000001,-0.0002291475710356,ARPA-USDT,0.0870025689465696,0.0870945348164028,
2022-01-13 04:00:00,0.08726,0.08785,0.087,0.08701,2603512,227642.11324,1762,1089294,95226.79375,-0.0006891007235556,ARPA-USDT,0.0872317211512435,0.0872024171077192,
2022-01-13 05:00:00,0.08703,0.08774,0.08669,0.08753,2450937,213725.22577,1713,1391355,121371.01636,0.0003428571428572,ARPA-USDT,0.0870426193058568,0.0870572635831923,
2022-01-13 06:00:00,0.0875399999999999,0.08793,0.08712,0.0873,3150438,275674.5882,2441,1441433,126191.70443,-0.0009155413138017,ARPA-USDT,0.0876195480281246,0.0876674108331384,
2022-01-13 07:00:00,0.08731,0.0877299999999999,0.08707,0.08756,3919116,342654.62401,1810,2065323,180644.95632,0.000342739632126,ARPA-USDT,0.0873124617888254,0.0872796665646834,
2022-01-13 08:00:00,0.08756,0.08828,0.0875,0.08807,4003739,351898.6541,2954,1685623,148113.89273,0.0004543905486764,ARPA-USDT,0.0875491252961411,0.0875828022488396,0.0001
2022-01-13 09:00:00,0.08809,0.08811,0.08736,0.08776,3609413,316512.98777,2149,1677949,147162.4967,0.0002279462046956,ARPA-USDT,0.0880708536083264,0.0879454836504542,
2022-01-13 10:00:00,0.08778,0.08816,0.08738,0.0877,6643560,583115.38922,3017,3042496,267178.27432,-0.0009113693324219,ARPA-USDT,0.0876896314429484,0.0876884981199436,
2022-01-13 11:00:00,0.08771,0.08792,0.0858299999999999,0.08603,8909917,772193.98007,3805,3648615,316113.92896,-0.000232423009878,ARPA-USDT,0.0878421038652407,0.0877382853279535,
2022-01-13 12:00:00,0.08602,0.08674,0.0859299999999999,0.08674,4903807,423289.22156,2553,2315138,199904.57202,0.000115300357431,ARPA-USDT,0.0860362211232214,0.0861224928980916,
2022-01-13 13:00:00,0.08673,0.0869,0.08619,0.0868299999999999,3786146,327854.90368,2483,1754384,151957.87097000002,0.0006914832315303,ARPA-USDT,0.0866933960522266,0.0866341774648837,
2022-01-13 14:00:00,0.08682,0.0881,0.08663,0.08738,8860068,774524.9174,4169,3836455,335370.87106,0.0001144557628476,ARPA-USDT,0.0867808288525024,0.0867243532922674,
2022-01-13 15:00:00,0.0874,0.0875,0.08334,0.08472,14616285,1238930.26274,5773,5742767,486830.01454,-0.0012967110691971,ARPA-USDT,0.0873191605914179,0.087197801456386,
2022-01-13 16:00:00,0.08475,0.08592,0.08438,0.08525,5574907,474537.29533,3937,2796096,237861.9072,0.0,ARPA-USDT,0.0846716499747957,0.0845781058136033,0.0001
2022-01-13 17:00:00,0.08525,0.08525,0.0831399999999999,0.0844,7314482,615344.3618,4641,3261030,274346.47373,-0.0001184693756663,ARPA-USDT,0.0851593772212676,0.0850180592455382,
2022-01-13 18:00:00,0.0843899999999999,0.08476,0.08369,0.08411,4013449,338286.41736,3076,1644186,138606.34119,0.0,ARPA-USDT,0.0843233100172065,0.0844031591347573,
2022-01-13 19:00:00,0.08413,0.08453,0.08305,0.08366,4504776,377541.463,3277,2136259,179106.12686,0.0,ARPA-USDT,0.0840861928073585,0.0841664691001466,
2022-01-13 20:00:00,0.08365,0.08404,0.08262,0.08403,4241087,353675.21749,3265,1878231,156760.43363,-0.0008323424494649,ARPA-USDT,0.0836059293458595,0.0834324828302683,
2022-01-13 21:00:00,0.08408,0.08432,0.08378,0.08399,2178378,183011.61758,2022,989148,83106.59422,-0.0004760204688801,ARPA-USDT,0.0840963435198453,0.0840989673718475,
2022-01-13 22:00:00,0.08401,0.0841,0.08265,0.08287,3075277,256173.46635,1685,1291169,107337.83995,0.0001206854936035,ARPA-USDT,0.0840188790536068,0.0840356114417403,
2022-01-13 23:00:00,0.08287,0.08333,0.08223,0.08262,3135461,259815.97531,1991,1522151,126241.20041,-0.0010881392818281,ARPA-USDT,0.08285812230342,0.0828382767617691,
2022-01-14 00:00:00,0.0826,0.08366,0.0817,0.08344,4531415,374527.94602,2839,2312550,191250.80387,0.0003596691044238,ARPA-USDT,0.0826452204804045,0.0823630485104569,0.0001
2022-01-14 01:00:00,0.08344,0.08358,0.08307,0.08338,1950527,162464.02399,1832,727180,60555.73623,-0.0003596691044239,ARPA-USDT,0.0833580893487669,0.0833945695902111,
2022-01-14 02:00:00,0.08338,0.08357,0.08276,0.0834,1570004,130564.05467,1260,902277,75043.25443,-0.0009583133684714,ARPA-USDT,0.0833706582104902,0.0832777212469103,
2022-01-14 03:00:00,0.0833899999999999,0.08384,0.08302,0.08365,1806859,150816.09456,1064,973401,81238.02969,-0.000477954355359,ARPA-USDT,0.0834270386172191,0.083338115590862,
2022-01-14 04:00:00,0.08361,0.08449,0.08359,0.08394,4251694,357501.32667,1825,2301849,193565.4029,0.0,ARPA-USDT,0.0836635512226306,0.0836596120094003,
2022-01-14 05:00:00,0.08394,0.08456,0.08358,0.08455,3735884,313817.8164,1445,1916125,161015.50271,-0.0009452912678719,ARPA-USDT,0.083951396051011,0.0838730643803315,
2022-01-14 06:00:00,0.08455,0.08494,0.08422,0.08429,2037825,172269.09449000002,1522,836315,70711.33107,-0.0002372197841299,ARPA-USDT,0.0846085174173201,0.0845774836308305,
2022-01-14 07:00:00,0.08431,0.08466,0.08329,0.0836399999999999,4099771,343878.83653,1930,1972673,165389.94292,0.0007178750897331,ARPA-USDT,0.0842813697349016,0.0842754292577785,
2022-01-14 08:00:00,0.08365,0.08375,0.08219,0.08312,7889999,654200.36678,3317,3542901,293726.60006,0.0001203224642041,ARPA-USDT,0.0836585949883117,0.0834696700345378,0.0001
2022-01-14 09:00:00,0.0831399999999999,0.08356,0.0828899999999999,0.08325,3555494,295997.15147,1808,2186807,182097.27203,-0.0008401344215074,ARPA-USDT,0.0832814494860837,0.0832152746089538,
2022-01-14 10:00:00,0.08325,0.08397,0.08189,0.08221,6393263,531819.42506,3521,3258350,270882.70659,-0.0013362487852283,ARPA-USDT,0.0833523108932864,0.0832748045020425,
2022-01-14 11:00:00,0.0822,0.0831,0.08188,0.0830299999999999,5139413,423627.6914,2971,2682572,221163.91702,-0.0007221085569876,ARPA-USDT,0.0821016977353258,0.0821344703586847,
2022-01-14 12:00:00,0.08299,0.08345,0.08204,0.0829,4118623,341386.51846,2568,1684768,139634.12179,-0.0006027727546714,ARPA-USDT,0.0827930844682592,0.083012549366615,
2022-01-14 13:00:00,0.08288,0.08435,0.08276,0.0831,6744401,563144.19729,2657,3652350,304745.34750000003,-0.0008416496332812,ARPA-USDT,0.0828664875484521,0.0829503253547836,
2022-01-14 14:00:00,0.08306,0.08438,0.08267,0.08392,6742868,562480.66928,3075,3125939,260790.91612,-0.0008334325514942,ARPA-USDT,0.082986379463332,0.0830746846452182,
2022-01-14 15:00:00,0.08394,0.08472,0.08353,0.08469,6242877,525416.98508,3119,3390790,285506.32778,-0.0008258612553091,ARPA-USDT,0.0838967189888301,0.0837333015615664,
2022-01-14 16:00:00,0.0847,0.08588,0.08421,0.08511,10702374,910726.94389,6158,5066782,431197.45617,0.000117508813161,ARPA-USDT,0.0847483290592901,0.0848808282362916,9.111e-05
2022-01-14 17:00:00,0.08515,0.0852899999999999,0.08442,0.08466,5835658,495491.67787,2820,2599700,220776.00241,-0.0002361832782239,ARPA-USDT,0.0851335973746353,0.085013914391876,
2022-01-14 18:00:00,0.0846399999999999,0.08526,0.08454,0.08506,3859687,327537.55834,2289,1961485,166452.12547,-0.00082227181957,ARPA-USDT,0.084603965788004,0.0847126997470076,
2022-01-14 19:00:00,0.0850799999999999,0.08573,0.085,0.08504,4022059,342945.31358,1677,1513129,129047.71189,-0.0007050528789658,ARPA-USDT,0.0850760804318237,0.0851999961489545,
2022-01-14 20:00:00,0.08506,0.0853299999999999,0.08476,0.08509,3260065,277297.03407,1759,1612264,137172.09172,0.0001175364362953,ARPA-USDT,0.0850593256990607,0.085198164242531,
2022-01-14 21:00:00,0.08511,0.08582,0.0851,0.0856799999999999,3928659,335273.43556,1320,2223989,189771.28058,-1.3322676295501878e-15,ARPA-USDT,0.0851220508568269,0.0852120464399921,
2022-01-14 22:00:00,0.08564,0.08635,0.08536,0.08621,3836839,329147.30366,2510,1542554,132327.33138,-0.00185249507931,ARPA-USDT,0.0855049491706362,0.0854659722546571,
2022-01-14 23:00:00,0.08619,0.08745,0.08487,0.08621,12371010,1066649.47689,7287,5549960,478087.76952,-0.0011586142973004,ARPA-USDT,0.0861383092552089,0.0861683827053354,
2022-01-15 00:00:00,0.08621,0.08701,0.0849,0.08655,12662178,1088510.53933,6524,6344549,544806.15741,-0.0020754064337599,ARPA-USDT,0.0867660467611826,0.0864921280724328,0.0001
2022-01-15 01:00:00,0.08659,0.08672,0.08552,0.08617,9180784,789597.17912,3373,4842679,416349.50601,0.0003482702577199,ARPA-USDT,0.0863629342468032,0.0860148637251059,
2022-01-15 02:00:00,0.08616,0.08617,0.0856,0.08581,2060894,177033.54467,2002,857112,73605.56685,-0.0004659289458357,ARPA-USDT,0.0861592450453817,0.0860069425831882,
2022-01-15 03:00:00,0.0858,0.08587,0.0852899999999999,0.08544,1795601,153568.37619,1466,776888,66438.90504,0.0,ARPA-USDT,0.0858220874766935,0.0857951431721454,
2022-01-15 04:00:00,0.08545,0.08553,0.08491,0.08524,2552293,217600.21268,1742,1359075,115889.44111,-0.0005862351975614,ARPA-USDT,0.0853973699879058,0.0853631828890957,
2022-01-15 05:00:00,0.08525,0.08553,0.085,0.08549,1400744,119491.43061,1260,656140,55984.70906,-0.0007013442431327,ARPA-USDT,0.0852075159184972,0.0852581756618631,
2022-01-15 06:00:00,0.08549,0.0855799999999999,0.08505,0.08539,3235884,276085.26812,2367,1614714,137757.93802,-0.0009360009360011,ARPA-USDT,0.085476209161807,0.0855036741605535,
2022-01-15 07:00:00,0.08538,0.08572,0.08491,0.08541,3848034,328229.96123,1587,2063903,176168.62499,0.0,ARPA-USDT,0.0854198165268098,0.0855046861263969,
2022-01-15 08:00:00,0.08541,0.08567,0.08517,0.08542,2998279,255983.29985,1911,1615241,137937.72095000002,0.0003513291954562,ARPA-USDT,0.0853059958821376,0.0852670022724551,0.0001
2022-01-15 09:00:00,0.0854,0.08597,0.0851,0.08588,3797174,324675.40268,1503,1775692,151796.08105,0.0,ARPA-USDT,0.0853888672627235,0.0854242872653876,
2022-01-15 10:00:00,0.0859,0.08635,0.0856799999999999,0.0860399999999999,4045092,348284.1414,1566,1703059,146679.0252,-0.0006968641114993,ARPA-USDT,0.0857612452096156,0.0857862166399514,
2022-01-15 11:00:00,0.08602,0.0876,0.08589,0.08741,10988485,953976.77117,3096,5687828,493730.18104,-0.0008001828989483,ARPA-USDT,0.0860616044653606,0.0860747136072361,
2022-01-15 12:00:00,0.08736,0.08795,0.08559,0.08664,12863946,1115575.37745,5204,5396128,468114.81156,-0.0003461405330564,ARPA-USDT,0.0875313482712858,0.0876355232730484,
2022-01-15 13:00:00,0.0866,0.08789,0.08641,0.0870799999999999,9473409,826022.29816,3516,5155897,449550.33522,-0.001376146788992,ARPA-USDT,0.0865811679976275,0.0867205490898933,
2022-01-15 14:00:00,0.08706,0.08845,0.0868,0.08736,13849483,1213355.83989,4842,6645088,581968.46328,-0.0009149130832571,ARPA-USDT,0.086957806722689,0.087151742529457,
2022-01-15 15:00:00,0.08736,0.08849,0.0873299999999999,0.08832,13459257,1183740.55013,3945,7360920,647354.41573,-0.0012439217460137,ARPA-USDT,0.0873631290882061,0.0876978343458483,
2022-01-15 16:00:00,0.0883299999999999,0.0891,0.08765,0.08784,13153363,1162904.68221,4290,6003695,530924.77705,-0.0004551661356394,ARPA-USDT,0.0884934393178533,0.0882292098459771,0.0001
2022-01-15 17:00:00,0.0878299999999999,0.08804,0.08716,0.0873,6986769,612066.7195,2546,2865905,251065.54913,0.0002291475710358,ARPA-USDT,0.087812043919915,0.0878813129079949,
2022-01-15 18:00:00,0.0873,0.08755,0.08705,0.08732,3656074,319195.01056,1745,1673841,146151.39756,-0.0008010069802036,ARPA-USDT,0.0873082267489375,0.0872203555443291,
2022-01-15 19:00:00,0.08732,0.08766,0.08685,0.08762,7433713,648634.34647,2669,3532444,308275.33656,-0.0010261087675292,ARPA-USDT,0.08732,0.0871921965095214,
2022-01-15 20:00:00,0.08763,0.08846,0.0875399999999999,0.08759,7390848,649246.843,3363,3372536,296229.47965,-0.0005705157462345,ARPA-USDT,0.0877177907058515,0.0876915588294579,
2022-01-15 21:00:00,0.0876,0.08767,0.08665,0.08694,5969054,520434.15068,2338,2423165,211322.58743,0.0,ARPA-USDT,0.0875358745005677,0.0874995962690372,
2022-01-15 22:00:00,0.08694,0.08738,0.08678,0.08695,4137634,360383.0972,2660,2076237,180801.55312,-0.0002299643555249,ARPA-USDT,0.0869863874583645,0.0869638031803918,
2022-01-15 23:00:00,0.08696,0.0876,0.08673,0.08678,4389877,382679.93976,2303,1901448,165798.69922,0.0005765017871555,ARPA-USDT,0.0869506165013802,0.0869561567248936,
2022-01-16 00:00:00,0.08673,0.08684,0.086,0.08668,4919053,425221.90378,2636,2049045,177158.90605,0.0001153801776854,ARPA-USDT,0.0867483694717559,0.0864966031454334,0.0001
2022-01-16 01:00:00,0.08672,0.08694,0.08636,0.08636,2216273,192226.81384,2076,1158600,100487.58813,0.0,ARPA-USDT,0.0867498865137971,0.0868450654783355,
2022-01-16 02:00:00,0.08635,0.08666,0.08461,0.08513,5373069,459760.371,2155,1668216,142975.25117,-0.0002348796241926,ARPA-USDT,0.0862808162044589,0.0863015721631191,
2022-01-16 03:00:00,0.08507,0.08563,0.08482,0.0854299999999999,2759994,235232.7269,1752,1578218,134527.28773,0.0003512880562048,ARPA-USDT,0.0850453449696657,0.0851352017244355,
2022-01-16 04:00:00,0.0854299999999999,0.08586,0.0850799999999999,0.08566,2424137,207424.06412,1532,1296963,111014.52621,-0.0008165169718884,ARPA-USDT,0.0855269520194997,0.0853958017388163,
2022-01-16 05:00:00,0.0856799999999999,0.08616,0.0856,0.0856,2193942,188507.88928,1238,1263242,108525.63268,-0.0002335902826443,ARPA-USDT,0.0856803199338506,0.085792543298079,
2022-01-16 06:00:00,0.08559,0.0864,0.08535,0.08637,4084699,350308.80923,1741,2129343,182737.27014,-0.0005785697755148,ARPA-USDT,0.0855146315760736,0.0855622125064998,
2022-01-16 07:00:00,0.08632,0.0867,0.08616,0.08634,2585409,223375.42313,1195,1430030,123564.94411,0.0001158345882079,ARPA-USDT,0.086363246601374,0.086335261070261,
2022-01-16 08:00:00,0.08634,0.0875,0.08634,0.0864299999999999,4324561,375571.25443,2434,2043065,177409.11482,0.0005788376939095,ARPA-USDT,0.0863781551987841,0.0864135685770904,0.0001
2022-01-16 09:00:00,0.08644,0.08695,0.0864299999999999,0.08674,1907875,165405.32258,1701,709242,61482.13399,0.000115300357431,ARPA-USDT,0.0865104036200657,0.0865711443031128,
2022-01-16 10:00:00,0.08678,0.08711,0.0863,0.08634,2663363,231187.32284,2199,1089111,94500.55522,0.0005794414184725,ARPA-USDT,0.0868556826834036,0.0868435601531988,
2022-01-16 11:00:00,0.08639,0.08668,0.08584,0.08665,3692540,318634.60556,1859,1645064,141956.11224,0.0001154201292705,ARPA-USDT,0.0862509421062706,0.0860778483104222,
2022-01-16 12:00:00,0.08664,0.08724,0.08659,0.08674,4044259,351424.66131,1703,1932738,167895.07021,-0.000230520977409,ARPA-USDT,0.086640460706498,0.0867255508061727,
2022-01-16 13:00:00,0.08671,0.08686,0.08548,0.08666,4276757,368689.21634,2179,1810183,155972.84578,0.0005773005426623,ARPA-USDT,0.0867331032553373,0.0867796614285945,
2022-01-16 14:00:00,0.08665,0.087,0.08606,0.08677,4820493,417814.02938,2545,2373704,205763.37012,-0.0001152339248674,ARPA-USDT,0.0867924656165021,0.0868118283488458,
2022-01-16 15:00:00,0.08681,0.08688,0.0857,0.08613,9409341,810859.67042,2800,4549205,391936.09145,0.0005808550185872,ARPA-USDT,0.0867974876989869,0.0866812031590525,
2022-01-16 16:00:00,0.08613,0.08692,0.08589,0.08676,6039534,522241.27584,3154,2543102,219799.69011,-0.00034566194262,ARPA-USDT,0.0861540134312852,0.0861537024010219,0.0001
2022-01-16 17:00:00,0.08675,0.08695,0.08603,0.08621,4035575,349391.60358,1943,1773387,153551.86115,-0.000463768115942,ARPA-USDT,0.0867991496928548,0.0867184475127234,
2022-01-16 18:00:00,0.08621,0.08651,0.0861799999999999,0.0863,3405547,294020.79362,2237,1495651,129135.42771,-0.0006947660954146,ARPA-USDT,0.0861908457616886,0.0862422762818999,
2022-01-16 19:00:00,0.08631,0.0864,0.08546,0.08548,4264326,366218.48655,1626,2069547,177742.31624,0.0001170001170001,ARPA-USDT,0.0863768115884825,0.0862771569022791,
2022-01-16 20:00:00,0.08546,0.0860399999999999,0.08521,0.08581,3756261,321866.36039,1903,1739172,149084.7861,-0.000116522955022,ARPA-USDT,0.0854566396086633,0.0853650319818092,
2022-01-16 21:00:00,0.08582,0.08595,0.0856,0.08586,1518860,130303.14566,874,683106,58609.21272,-0.0008146165483533,ARPA-USDT,0.085812542426147,0.0858406898307528,
2022-01-16 22:00:00,0.08589,0.08628,0.08589,0.08611,1510070,130046.35776,971,827131,71226.48185,-0.0006962980155506,ARPA-USDT,0.0859168887694787,0.0859640438759407,
2022-01-16 23:00:00,0.08611,0.08622,0.08565,0.0857,1864614,160195.08060000002,960,830552,71397.69919,-0.0001166725002916,ARPA-USDT,0.0861176049378111,0.086103341624418,
2022-01-17 00:00:00,0.0857,0.08611,0.0854,0.08545,3092248,265233.47819,2075,1311898,112597.44663,-0.0004678909814013,ARPA-USDT,0.0857330218888833,0.085833826309781,0.0001
2022-01-17 01:00:00,0.08545,0.08567,0.08526,0.08552,2046696,174937.20065,1301,896844,76650.5726,-0.0007010983874737,ARPA-USDT,0.0853994268573571,0.0855157452267741,
2022-01-17 02:00:00,0.08552,0.08561,0.08474,0.08513,2611984,222296.72224,1547,1295149,110237.01101,-0.0001174536058256,ARPA-USDT,0.0854898482459598,0.0854970466076021,
2022-01-17 03:00:00,0.08514,0.0852899999999999,0.08361,0.08371,5126334,433166.80203,2034,2001490,169436.2485,-0.001193175038778,ARPA-USDT,0.0851123218988587,0.0851535828256176,
2022-01-17 04:00:00,0.08371,0.08449,0.08353,0.08388,3635014,305418.50869,2219,1498466,125893.55152,0.0007158196134573,ARPA-USDT,0.0836353343065693,0.0838806436257701,
2022-01-17 05:00:00,0.08388,0.08388,0.08262,0.08356,6322492,526085.22085,2336,2512670,209150.69174,-0.0013146886578223,ARPA-USDT,0.0834713311608408,0.0831133906067891,
2022-01-17 06:00:00,0.08354,0.08419,0.08354,0.08382,3461624,290453.95872,1308,1992916,167179.1541,0.0003580379520229,ARPA-USDT,0.0836892176386913,0.0836644713585079,
2022-01-17 07:00:00,0.08382,0.08441,0.08371,0.08374,2191049,184151.50518,1041,1115772,93791.58452,0.0,ARPA-USDT,0.0837534437531528,0.0838734893644928,
2022-01-17 08:00:00,0.08376,0.08421,0.08341,0.08409,2131197,178729.0509,1894,940925,78913.33525,-0.0013064133016627,ARPA-USDT,0.0838154184872235,0.0836643502778807,0.0001
2022-01-17 09:00:00,0.0841,0.08438,0.08395,0.0843,1956789,164696.73363,1176,757138,63734.45653,0.0004747211013529,ARPA-USDT,0.0841754380230125,0.0841177740744889,
2022-01-17 10:00:00,0.08425,0.08436,0.08354,0.0841399999999999,1786104,150035.64657,1485,853284,71688.45898,-0.0002376425855525,ARPA-USDT,0.0842537524097327,0.0841939598583109,
2022-01-17 11:00:00,0.0841399999999999,0.08432,0.08359,0.08377,1797968,151094.4595,1318,926553,77865.47135,-0.0002386919680154,ARPA-USDT,0.0841207658735745,0.0841734951522592,
2022-01-17 12:00:00,0.08378,0.08388,0.08252,0.08299,4398377,365480.03344,2242,1817965,151213.61196,-0.0002409348271292,ARPA-USDT,0.0836248088048691,0.0837013219652112,
2022-01-17 13:00:00,0.08294,0.08347,0.08294,0.08333,1565524,130225.23104,1136,821890,68359.8038,-0.0008393285371702,ARPA-USDT,0.0830973544507312,0.0831469169298288,
2022-01-17 14:00:00,0.08332,0.0839,0.08324,0.0835,2950032,246613.82786,1752,1282141,107177.42801,-0.0005984440454817,ARPA-USDT,0.0833023253426725,0.0834473800567589,
2022-01-17 15:00:00,0.08351,0.08354,0.08231,0.08263,3784163,313765.82402,1735,1570923,130246.79168,0.0002421014405034,ARPA-USDT,0.0834789850902432,0.083369106584274,
2022-01-17 16:00:00,0.08261,0.08279,0.08123,0.08205,5391549,442039.6307,2834,2579802,211484.18024,-0.0013388510223952,ARPA-USDT,0.0825790973244968,0.0826901985702588,0.0001
2022-01-17 17:00:00,0.08208,0.08224,0.08127,0.08196,2790880,228232.18663,1725,1423986,116516.71022,0.0001220256253815,ARPA-USDT,0.0821630364507858,0.0819350353798849,
2022-01-17 18:00:00,0.082,0.08267,0.08146,0.08255,2380054,195498.96864,1567,1095204,89891.60709,0.0,ARPA-USDT,0.0818370845945515,0.0818193680063279,
2022-01-17 19:00:00,0.08252,0.08262,0.0821399999999999,0.08249,2135357,175858.46077,1426,1142470,94089.26215,-0.000242394861229,ARPA-USDT,0.0825117091918437,0.0824795451590699,
2022-01-17 20:00:00,0.08247,0.08261,0.08219,0.08241,1675836,138114.94347,1596,767974,63293.86179,-0.0007275372862859,ARPA-USDT,0.082537403912367,0.0825313328436837,
2022-01-17 21:00:00,0.0824,0.08255,0.08105,0.08138,3510044,286689.99611,1842,1568582,128228.66381,-0.001227295041728,ARPA-USDT,0.0824055102040816,0.0824294681251114,
2022-01-17 22:00:00,0.08142,0.08295,0.08107,0.08187,3139275,257588.25252,1714,1445082,118624.39033,-0.0013417906806537,ARPA-USDT,0.0813769901015889,0.0813804906785963,
2022-01-17 23:00:00,0.08187,0.08267,0.08187,0.08237,1852553,152616.37528,1299,941606,77546.00673,-0.0007278903311901,ARPA-USDT,0.0819130584354382,0.0821802662477592,
2022-01-18 00:00:00,0.08238,0.08326,0.0821,0.0831399999999999,3740444,309274.06353,2135,1998913,165292.88862,-0.0001202645820819,ARPA-USDT,0.0824432271154869,0.0825269157268469,0.0001
2022-01-18 01:00:00,0.08316,0.08326,0.08267,0.0828899999999999,3046959,252828.54955,1650,1235152,102490.94592,-0.0001206272617624,ARPA-USDT,0.0830473994617688,0.0828970077801372,
2022-01-18 02:00:00,0.08292,0.08297,0.08249,0.0827799999999999,1286871,106430.63914,1474,636477,52642.66422,0.0010884024670443,ARPA-USDT,0.0829133836226079,0.0828189527246146,
2022-01-18 03:00:00,0.08275,0.08287,0.08151,0.08174,1892114,155212.71959,1276,786271,64502.52686,-0.000489117143556,ARPA-USDT,0.0827474076348377,0.0827162744746235,
2022-01-18 04:00:00,0.08173,0.08202,0.0813,0.08181,2124179,173504.06401,1465,1258839,102822.44026,-0.0019519336342564,ARPA-USDT,0.0818007312194399,0.0818118007981795,
2022-01-18 05:00:00,0.0818,0.08215,0.0816,0.08164,3033972,248330.61957,1241,1447884,118533.66554,0.0,ARPA-USDT,0.0818612336418297,0.0818367679283607,
2022-01-18 06:00:00,0.08163,0.0828899999999999,0.08162,0.08271,1970827,162286.95245,1380,1038210,85553.60787,-0.0001208897485492,ARPA-USDT,0.0816458221998755,0.0818045977027492,
2022-01-18 07:00:00,0.08273,0.08287,0.08204,0.0824,2033118,167427.73432000002,1450,782211,64433.14265,-0.000121344497027,ARPA-USDT,0.0827967422599092,0.0827890688944563,
2022-01-18 08:00:00,0.0823899999999999,0.08242,0.081,0.08117,4045106,329845.24559,2470,1788507,145850.68634,-0.0003694581280786,ARPA-USDT,0.0822878916605411,0.0822473719491232,0.0001
2022-01-18 09:00:00,0.08121,0.08137,0.07911,0.07998,9350612,749334.13347,4066,3258763,261121.10387,-0.0008744534665834,ARPA-USDT,0.0812257073486565,0.081241318059797,
2022-01-18 10:00:00,0.08002,0.08034,0.07972,0.07989,2601948,208313.82257,1841,1477054,118241.53948,-0.0005004378831476,ARPA-USDT,0.0800309980891436,0.0798815594762149,
2022-01-18 11:00:00,0.07995,0.08037,0.07962,0.08025,1733696,138538.17475,1411,914371,73088.04521,-0.0007471049682481,ARPA-USDT,0.0799246814939742,0.0799522314002846,
2022-01-18 12:00:00,0.08025,0.08043,0.07931,0.08007,2059052,164297.62248,1864,874922,69777.46388,-0.0006240639041437,ARPA-USDT,0.0803255171127123,0.0803639418013572,
2022-01-18 13:00:00,0.08008,0.08015,0.0787799999999999,0.07967,4271498,338966.40105,2371,2033975,161552.25762,-0.0010031347962382,ARPA-USDT,0.0801095863746958,0.0800022802974668,
2022-01-18 14:00:00,0.0797399999999999,0.07986,0.07875,0.07929,4342344,344061.22063,2834,2105648,166897.75211,0.0005047318611988,ARPA-USDT,0.0796860077001442,0.0796900372502638,
2022-01-18 15:00:00,0.0793,0.08027,0.07896,0.07932,2844330,226556.96141,1889,1155001,92041.53888,-0.0010075566750629,ARPA-USDT,0.0792033112723261,0.0791845960244139,
2022-01-18 16:00:00,0.07931,0.07979,0.0787799999999999,0.0796,4179953,331570.70286,2467,1677648,133109.90836,0.0001256439251162,ARPA-USDT,0.079255299461245,0.0793689390693708,0.0001
2022-01-18 17:00:00,0.07956,0.07958,0.07876,0.07882,3690718,291941.53914,1978,1351096,106908.45092,-0.0006339546088499,ARPA-USDT,0.0794368822209447,0.0792101672290521,
2022-01-18 18:00:00,0.07882,0.07919,0.07851,0.0788,2356211,185641.9743,2080,1366304,107655.36956,-0.0006341154090045,ARPA-USDT,0.0786608287727863,0.0786790028903161,
2022-01-18 19:00:00,0.07881,0.07966,0.0788,0.07943,2573851,203952.93694,1262,1360953,107747.39322,0.0,ARPA-USDT,0.0788568234039936,0.0789074027921236,
2022-01-18 20:00:00,0.07944,0.0797,0.07869,0.07933,3667367,290066.75961,1526,1954963,154662.88684,0.0008831693161746,ARPA-USDT,0.0794147156182869,0.0794835938870328,
2022-01-18 21:00:00,0.07929,0.0810299999999999,0.07905,0.08082,4151843,333566.74832,2229,1974166,158756.83176,0.0002475247524753,ARPA-USDT,0.0792556468115892,0.0791358323220898,
2022-01-18 22:00:00,0.08083,0.08207,0.0805,0.08145,7190347,584127.91745,2165,4201278,341108.09666,-0.001103752759382,ARPA-USDT,0.0809936287398005,0.0807900925163591,
2022-01-18 23:00:00,0.08143,0.08144,0.08066,0.08079,6050097,490082.35005,1633,2175267,176178.44036,-0.0011127596439167,ARPA-USDT,0.081427022708529,0.081248763758717,
2022-01-19 00:00:00,0.0808,0.08089,0.07964,0.07971,4276476,343501.78841000004,2109,1669244,134131.52477,-0.0006268806419257,ARPA-USDT,0.0808188911468457,0.0806512740034759,0.0001
2022-01-19 01:00:00,0.07972,0.08036,0.0797,0.08023,2296856,183939.73329,1229,1486118,118990.62408,-0.0011205179282869,ARPA-USDT,0.0797516147146844,0.0797736891381017,
2022-01-19 02:00:00,0.08023,0.08041,0.08001,0.08019,1499953,120347.16397,1370,704219,56497.94266,0.0013736263736263,ARPA-USDT,0.0802374626424425,0.0801972793621529,
2022-01-19 03:00:00,0.08019,0.08019,0.07795,0.0785,4495839,354806.70108,2059,1732765,136676.19197,0.00050981391792,ARPA-USDT,0.0801804480874317,0.0801129279296366,
2022-01-19 04:00:00,0.07849,0.0788799999999999,0.0781299999999999,0.07835,10232602,802399.86103,2749,4035591,316410.28572,-0.0006377551020407,ARPA-USDT,0.078513415805955,0.0786305664878766,
2022-01-19 05:00:00,0.07836,0.07868,0.07811,0.0783799999999999,2344771,183853.58259,2167,968677,75948.20182,-0.0007649158592567,ARPA-USDT,0.0783930886303714,0.0784438163735088,
2022-01-19 06:00:00,0.0783799999999999,0.07852,0.07779,0.07783,2771226,216557.67251,2408,1293648,101067.55961,-0.0016675218060544,ARPA-USDT,0.0783576566901992,0.0782236789664182,
2022-01-19 07:00:00,0.07782,0.07789,0.07599,0.07646,9404320,721785.81758,4121,4151701,318917.5638,-0.000130770236694,ARPA-USDT,0.0778247048033154,0.0777419195756075,
2022-01-19 08:00:00,0.0765,0.07722,0.07608,0.0769799999999999,4846009,371316.64879,2524,2311164,177233.31338,-1.4432899320127037e-15,ARPA-USDT,0.0763219286915316,0.0763747015837315,7.98e-06
2022-01-19 09:00:00,0.07696,0.07756,0.07687,0.07739,6436732,496820.2529,1839,3562196,274871.63691,-0.0018057526118921,ARPA-USDT,0.0769795586394299,0.0769952702275004,
2022-01-19 10:00:00,0.07741,0.07762,0.07656,0.07699,3302321,254452.77633,1934,1307389,100743.94576,0.000910036401456,ARPA-USDT,0.0774149856682982,0.0774782174190829,
2022-01-19 11:00:00,0.07699,0.07829,0.07699,0.07797,4015099,312246.60172,2071,2179182,169454.06683,-0.0008969759097898,ARPA-USDT,0.0771167864150577,0.0771927824817833,
2022-01-19 12:00:00,0.07798,0.07844,0.07767,0.0778399999999999,3915687,305657.21555,1928,2065139,161228.0487,-0.0017953321364465,ARPA-USDT,0.0779707721086371,0.0780680706686934,
2022-01-19 13:00:00,0.07786,0.07874,0.07786,0.0786,3827240,300320.08782,1986,2004907,157327.73047,-0.0011437285550894,ARPA-USDT,0.0779359066247858,0.0780824321466004,
2022-01-19 14:00:00,0.0786,0.07979,0.07855,0.07951,12685883,1006126.58509,4508,6927702,549251.22476,-0.000879617994471,ARPA-USDT,0.078558617441683,0.0790656959643048,
2022-01-19 15:00:00,0.07956,0.07968,0.07819,0.07879,5782779,456326.69951,2474,2648408,209073.19945,-0.0005074210326018,ARPA-USDT,0.0793849753975495,0.0794814587347125,
2022-01-19 16:00:00,0.07877,0.07898,0.07778,0.07832,5401904,422262.35466,2957,2609634,203934.8379,-0.0022929936305732,ARPA-USDT,0.0787611484554446,0.0788427589206701,4.933e-05
2022-01-19 17:00:00,0.07835,0.0796299999999999,0.0783399999999999,0.0791,6549142,517578.52672,2525,3371058,266318.52676,-0.001010356150543,ARPA-USDT,0.0787091738266505,0.0790895114039326,
2022-01-19 18:00:00,0.07909,0.07914,0.07846,0.07875,6247167,492467.3651,2121,2779115,219155.02548,-0.000253903770471,ARPA-USDT,0.0789685624948475,0.0789925421448944,
2022-01-19 19:00:00,0.07874,0.07885,0.07819,0.0787,5482203,430325.71534,2038,3014703,236729.43267,-0.0008886631966484,ARPA-USDT,0.078794033416508,0.0786758709138039,
2022-01-19 20:00:00,0.07866,0.07867,0.0777,0.07782,3792063,296407.32692,1870,1424388,111346.21752,-0.0007704160246533,ARPA-USDT,0.0786550098343226,0.0785172811515243,
2022-01-19 21:00:00,0.0778399999999999,0.07833,0.07782,0.07802,2578376,201375.78361,1058,1351311,105532.6159,-0.0010243277848911,ARPA-USDT,0.0780722554254339,0.0780589389195257,
2022-01-19 22:00:00,0.07802,0.07843,0.07754,0.0784,1570935,122649.51002,1531,814546,63587.80126,-0.0012738853503184,ARPA-USDT,0.0780031141785685,0.0779433180936137,
2022-01-19 23:00:00,0.0784,0.07846,0.07731,0.0773399999999999,2789267,217350.94064,1185,1459179,113739.50787,-0.0005169294391329,ARPA-USDT,0.0783940652615835,0.0783780160751193,
2022-01-20 00:00:00,0.07737,0.0781,0.0771299999999999,0.07808,3777077,293301.93056,2062,1946997,151225.54711,0.0,ARPA-USDT,0.0775576769716927,0.0773949317786046,8.379e-05
2022-01-20 01:00:00,0.07805,0.07816,0.07739,0.07802,1783100,138688.76031,871,992648,77215.61105,-0.0007684426229507,ARPA-USDT,0.0781227556198726,0.078001874523922,
2022-01-20 02:00:00,0.07802,0.07893,0.07802,0.07831,2341681,183777.59587,1870,1071780,84117.00012,-0.000382946132244,ARPA-USDT,0.0780791171328671,0.0783182517508991,
2022-01-20 03:00:00,0.07829,0.0786,0.07815,0.07858,1058847,83016.13751,824,570512,44739.84872,-0.0012709710218606,ARPA-USDT,0.0782730943375837,0.0783988509285922,
2022-01-20 04:00:00,0.07859,0.07873,0.07833,0.07848,1338782,105150.97382,1478,530536,41674.67085,-0.000509424350484,ARPA-USDT,0.0786127866318941,0.0786263943222892,
2022-01-20 05:00:00,0.0785,0.07884,0.07833,0.07867,2523134,198306.89718,936,824353,64817.80522,-0.0003811944091487,ARPA-USDT,0.078506349587912,0.0785836715720707,
2022-01-20 06:00:00,0.07868,0.07917,0.07868,0.07909,3623442,286077.39774,1249,2065953,163082.65746000002,-0.000252812539502,ARPA-USDT,0.078777707198048,0.0788107598651719,
2022-01-20 07:00:00,0.07909,0.0792799999999999,0.07885,0.07914,1869703,147741.97233,1203,863393,68244.44787,-0.0005051780752715,ARPA-USDT,0.0790766442690325,0.0789879888192265,
2022-01-20 08:00:00,0.0792,0.07921,0.07876,0.07909,2031068,160411.268,1349,905640,71516.00395,-0.000252812539502,ARPA-USDT,0.079175477402928,0.079151579118994,0.0001
2022-01-20 09:00:00,0.07908,0.07954,0.07865,0.07948,2878941,227505.80468,1347,1534025,121382.53892,-0.0010055304172952,ARPA-USDT,0.0790444663805436,0.079049632330504,
2022-01-20 10:00:00,0.0794899999999999,0.08118,0.07946,0.0804,45375669,3657322.12365,11019,23243946,1873545.24789,0.0011206574523718,ARPA-USDT,0.0794981796722015,0.0796368016643886,
2022-01-20 11:00:00,0.08039,0.08071,0.07964,0.08039,25303571,2029049.79665,7055,12396340,994401.00918,-0.0008699975142928,ARPA-USDT,0.0802897413456278,0.080153276821888,
2022-01-20 12:00:00,0.08041,0.08117,0.07935,0.07987,29636470,2374428.429,8018,13590011,1088828.56172,-0.0006256256256257,ARPA-USDT,0.0802339539109869,0.0800611397760341,
2022-01-20 13:00:00,0.07986,0.08071,0.07968,0.08033,11465651,919792.49323,3985,5528438,443363.5137,-0.0002489110143124,ARPA-USDT,0.0798793315395146,0.0799803974871547,
2022-01-20 14:00:00,0.08034,0.08156,0.08029,0.08144,16137134,1307804.55558,4746,6894028,558965.89732,-0.0011038881393352,ARPA-USDT,0.0804447377449682,0.080487452515648,
2022-01-20 15:00:00,0.08144,0.0824,0.08102,0.08154,18591156,1518748.70375,5653,8351962,682257.34561,-0.0019583843329252,ARPA-USDT,0.081393331771493,0.0816047976215627,
2022-01-20 16:00:00,0.08154,0.08199,0.08117,0.08141,8227038,670780.94406,3137,4215590,343830.41648,-0.0001228199459593,ARPA-USDT,0.0816446233766233,0.0818039779950683,2.277e-05
2022-01-20 17:00:00,0.08147,0.08147,0.0805,0.08077,6663179,539681.08663,2108,2603686,210999.06518,0.0001238236750866,ARPA-USDT,0.081442163094883,0.0813842325327774,
2022-01-20 18:00:00,0.08077,0.08089,0.08044,0.08044,6818112,550157.84901,2341,3560687,287354.78907,-0.0006211951795255,ARPA-USDT,0.0808116399739856,0.0807781098972744,
2022-01-20 19:00:00,0.08042,0.08068,0.07968,0.08002,11160346,894476.53797,3023,5224812,418943.95981,-0.0004996252810394,ARPA-USDT,0.079928945404733,0.0800339061335302,
2022-01-20 20:00:00,0.08001,0.08031,0.07927,0.07959,8807455,702138.99546,2895,3730189,297434.72448000003,0.0003770739064854,ARPA-USDT,0.0800823051110429,0.0801537450192167,
2022-01-20 21:00:00,0.0796,0.0796,0.0753,0.07532,14814834,1144748.98606,5212,5491819,424459.61491,-0.0021197668256492,ARPA-USDT,0.0795385516051087,0.0794023389479596,
2022-01-20 22:00:00,0.07534,0.07605,0.0737,0.07485,16995845,1271143.21069,6249,7642928,572492.78196,-0.000400641025641,ARPA-USDT,0.0747297887122164,0.075060541442946,
2022-01-20 23:00:00,0.07475,0.07488,0.07285,0.07345,11599571,855658.3669200001,4575,4988950,368150.02025,-0.0029862902131124,ARPA-USDT,0.0747899642250788,0.0745299555716686,
2022-01-21 00:00:00,0.07345,0.0746,0.07253,0.07422,7655237,563132.76017,3864,3948103,290608.9634,-0.0020169423154499,ARPA-USDT,0.0734791017212015,0.0731416497007177,-3.443e-05
2022-01-21 01:00:00,0.07422,0.07431,0.07021,0.07084,13440444,966828.11059,4769,5265208,379068.97943,0.0001411831144995,ARPA-USDT,0.0741969076011635,0.0741037472271337,
2022-01-21 02:00:00,0.07087,0.0732299999999999,0.07056,0.07203,10831258,778803.7761,4788,5646219,406173.43758,-0.0009708737864078,ARPA-USDT,0.0708571876347395,0.071413779488,
2022-01-21 03:00:00,0.07203,0.07236,0.06959,0.0702899999999999,10072216,712161.6807,4344,4088720,289481.24425,-0.0005687473339984,ARPA-USDT,0.0719408535926526,0.0721022040213982,
2022-01-21 04:00:00,0.07028,0.07155,0.07026,0.07123,6862036,487952.20618,2943,3645204,259170.87342,-0.0018217488789238,ARPA-USDT,0.0704652818719293,0.0708250143306321,
2022-01-21 05:00:00,0.07127,0.07156,0.07063,0.0713299999999999,4296616,305237.66179,2235,1940754,137914.81109,-0.0018191995521984,ARPA-USDT,0.0711145441880055,0.0710005704199386,
2022-01-21 06:00:00,0.0713,0.07147,0.07047,0.0707,5121194,363432.49798,1770,2636231,187161.55644,-0.0022579734688118,ARPA-USDT,0.0713536549966046,0.071215255838174,
2022-01-21 07:00:00,0.07063,0.0719,0.07048,0.0717899999999999,5933543,422740.04687,1824,3468243,247266.24622,-0.0012520868113536,ARPA-USDT,0.0706661138862714,0.0706970833070523,
2022-01-21 08:00:00,0.07178,0.07191,0.07131,0.0715,4059312,290643.47178,2040,1920198,137528.28867,-0.0012571588210644,ARPA-USDT,0.0716287175909482,0.0715490245776038,-0.00032398
2022-01-21 09:00:00,0.0715399999999999,0.07157,0.0707899999999999,0.0708299999999999,3968393,282396.02152,1532,1513806,107744.9471,-0.0009873060648815,ARPA-USDT,0.071523163395768,0.0714176933403875,
2022-01-21 10:00:00,0.07081,0.07156,0.07064,0.07134,5009641,356286.26504,2194,2358950,167831.53972,-0.0001401541695864,ARPA-USDT,0.0707634538970893,0.0707674185587051,
2022-01-21 11:00:00,0.07134,0.0714,0.07038,0.07073,2894712,204934.68428,1541,1220719,86428.18629,0.0,ARPA-USDT,0.0712598550191986,0.0712796551273291,
2022-01-21 12:00:00,0.07074,0.07087,0.06688,0.06851,16655010,1140479.53733,7333,6942993,475721.8409,-0.0010207057451152,ARPA-USDT,0.0707878849242771,0.070717922543776,
2022-01-21 13:00:00,0.06853,0.06947,0.06788,0.06897,6896589,474395.08555,2782,3628295,249650.06539,-0.0013032145960033,ARPA-USDT,0.068655992352179,0.0688442380011767,
2022-01-21 14:00:00,0.06897,0.06976,0.06825,0.06867,6974698,480744.3291,2818,3384047,233287.25891,0.0010204081632652,ARPA-USDT,0.0691030533175056,0.0689751596077896,
2022-01-21 15:00:00,0.06867,0.07022,0.06816,0.06972,6293807,435611.40619,2900,3069001,212433.43322,-0.00028677946659,ARPA-USDT,0.0687328819228769,0.0686078917619542,
2022-01-21 16:00:00,0.06975,0.0703,0.0688,0.06929,8512394,592589.88523,3911,3796914,264596.83032,0.001011268419532,ARPA-USDT,0.0696601823019016,0.0696593720607988,0.0001
2022-01-21 17:00:00,0.06922,0.06942,0.06857,0.06881,3726583,256709.58179,1960,1748416,120481.44584,-0.0002905709719599,ARPA-USDT,0.0691968194141125,0.0692881883863575,
2022-01-21 18:00:00,0.06883,0.06939,0.06797,0.06855,7143830,490934.91758,2705,3517113,241610.90622,-0.0016020972909991,ARPA-USDT,0.0688596478238169,0.0689133729141459,
2022-01-21 19:00:00,0.06856,0.06895,0.06769,0.06777,4268557,292157.74956,1873,2031140,139019.80555,-0.0005898834980091,ARPA-USDT,0.0686358719700082,0.0686727145586468,
2022-01-21 20:00:00,0.0678,0.06823,0.06639,0.06729,9980913,670020.80513,4834,4753219,319143.43325,-0.0010391923990499,ARPA-USDT,0.0678547702201156,0.0679833494123091,
2022-01-21 21:00:00,0.0672799999999999,0.06815,0.06047,0.0627799999999999,27229542,1736426.66692,8516,11162746,712258.69584,-0.0007957981855816,ARPA-USDT,0.0673927084777734,0.0676038855603404,
2022-01-21 22:00:00,0.06277,0.06398,0.0605799999999999,0.06189,12128005,759576.14687,5000,6224313,390423.5049,-0.0011297611362168,ARPA-USDT,0.0630479000123128,0.063464010876152,
2022-01-21 23:00:00,0.0619399999999999,0.06292,0.06054,0.06179,10502708,650560.85443,3516,4930259,305230.91798,-0.0009700889248182,ARPA-USDT,0.0620204042776633,0.0621598246270003,
2022-01-22 00:00:00,0.06177,0.0630299999999999,0.0612799999999999,0.06235,7533424,468638.05679,2912,3617526,225149.73919,-0.0004809233728758,ARPA-USDT,0.0618347090084173,0.062411089518932,0.0001
2022-01-22 01:00:00,0.06232,0.063,0.06166,0.06281,5136666,320017.33843,2015,2756364,171718.58663,0.00015923566879,ARPA-USDT,0.0621014089029401,0.0620585394403878,
2022-01-22 02:00:00,0.0628,0.06287,0.0619299999999999,0.06237,4569071,285142.27908,2208,2479801,154706.15087,-0.0035149384885765,ARPA-USDT,0.0627755722434269,0.0625882069055181,
2022-01-22 03:00:00,0.06236,0.0632,0.06127,0.0621,8530842,530738.21132,3010,4292458,267549.50635,-0.0012865873271147,ARPA-USDT,0.062760537130894,0.062932650584448,
2022-01-22 04:00:00,0.06212,0.06251,0.0612,0.0618,6417750,396995.27463,2686,3065077,189632.164,-0.0041894940380277,ARPA-USDT,0.062162974287013,0.062216529625321,
2022-01-22 05:00:00,0.06177,0.0621,0.0572,0.05802,16807322,1002910.7023,4298,6968575,417181.28286,0.0001723840717118,ARPA-USDT,0.061716135038029,0.0616734809090693,
2022-01-22 06:00:00,0.05802,0.05912,0.05591,0.05746,17276712,995998.1935,5090,8440731,487383.07457,-0.0012167564748827,ARPA-USDT,0.0581125614237023,0.0581429063470195,
2022-01-22 07:00:00,0.0574799999999999,0.05814,0.05406,0.0556399999999999,20943780,1174888.28743,5559,10644889,597557.89261,-0.0050071530758243,ARPA-USDT,0.0576051347809809,0.0571543789332319,
2022-01-22 08:00:00,0.05566,0.05705,0.0556,0.0559,12768618,718597.18722,3349,6457597,363687.2391,-0.0007150518412584,ARPA-USDT,0.0559864373845576,0.0563923704374345,-0.0003197
2022-01-22 09:00:00,0.05587,0.05687,0.05236,0.05334,23409737,1273949.86403,5659,11537777,628649.80966,-0.0026178010471203,ARPA-USDT,0.0558675628379731,0.0561849934504629,
2022-01-22 10:00:00,0.05321,0.05634,0.04925,0.05517,36531793,1924336.49882,9061,18094171,955810.82107,0.0007255577725375,ARPA-USDT,0.0535732813743569,0.0530020129049364,
2022-01-22 11:00:00,0.05517,0.05579,0.05316,0.05482,15048572,821530.93261,4050,7540596,412128.4312,-0.0005469462169553,ARPA-USDT,0.0550276217036231,0.055118941350664,
2022-01-22 12:00:00,0.05484,0.0568399999999999,0.05466,0.05666,14032045,784115.43192,4282,7927767,442912.12727,-0.0021134202183866,ARPA-USDT,0.0549469484275028,0.0549139858488825,
2022-01-22 13:00:00,0.05662,0.0577,0.0557299999999999,0.05583,9557694,541825.62451,2738,4249708,241250.70254,-0.0019663925634608,ARPA-USDT,0.0564670818072486,0.0563002776214081,
2022-01-22 14:00:00,0.05587,0.0561299999999999,0.05426,0.05432,9249033,511567.73276,3152,4508085,249889.26351,-0.0018375597206909,ARPA-USDT,0.0560094617699539,0.055835462470742,
2022-01-22 15:00:00,0.0544,0.05487,0.05329,0.05357,6911976,373070.62411,2992,3408506,183992.01652,-0.0024208566108007,ARPA-USDT,0.0545581660043488,0.0545848100360041,
2022-01-22 16:00:00,0.05354,0.05629,0.0527,0.05487,18579804,1021495.67816,5861,10108499,554716.30843,-0.0016375545851528,ARPA-USDT,0.0536121598221699,0.0532299135957407,-0.00045508
2022-01-22 17:00:00,0.05485,0.05552,0.0532299999999999,0.05362,12906613,699958.49362,4759,6146967,333789.42059,-0.0018615040953089,ARPA-USDT,0.0549009053815318,0.0551876102114713,
2022-01-22 18:00:00,0.0535799999999999,0.0547,0.05292,0.05307,12791425,686969.53838,4466,6402200,343224.89838,-0.0028184892897408,ARPA-USDT,0.0534907710062098,0.0533474626772695,
2022-01-22 19:00:00,0.05309,0.0546,0.0525399999999999,0.05368,8570369,459027.7067,3682,3872901,207182.51644,-0.0022304832713755,ARPA-USDT,0.0532794659672051,0.0534652008200422,
2022-01-22 20:00:00,0.0537,0.05625,0.05313,0.05529,16880450,926317.10987,5492,8101987,444045.29572,-0.001985559566787,ARPA-USDT,0.0537943447999391,0.0534563039617197,
2022-01-22 21:00:00,0.05531,0.05611,0.05479,0.05545,8660272,479620.95543,3131,4530512,250999.00106,-0.0021594385459781,ARPA-USDT,0.05541166255627,0.0553136588445858,
2022-01-22 22:00:00,0.0554399999999999,0.0554799999999999,0.05319,0.0535299999999999,8942573,485503.18702,2641,4304023,233629.81055,-0.0020507084265493,ARPA-USDT,0.0553042338362865,0.0552979754612873,
2022-01-22 23:00:00,0.05355,0.05467,0.05336,0.05435,8131622,439139.05776,2189,4708931,254422.98787,-0.0007354293068578,ARPA-USDT,0.0535132488725649,0.0536043854013098,
2022-01-23 00:00:00,0.05435,0.05605,0.05385,0.05586,12799487,705250.53426,3577,5748931,316793.0167,-0.000894294401717,ARPA-USDT,0.0543352555912165,0.0541576566404345,-0.00014279
2022-01-23 01:00:00,0.05585,0.05605,0.05504,0.05506,6260688,347587.27708,2000,3064138,170296.66415,-0.0012697261019408,ARPA-USDT,0.0558422270978926,0.0557264598100183,
2022-01-23 02:00:00,0.05509,0.05527,0.05277,0.05301,8886753,481494.1303,2840,4007646,217440.34547,-0.0015068751177245,ARPA-USDT,0.0550594359288184,0.0551217778189164,
2022-01-23 03:00:00,0.05301,0.05397,0.05282,0.05375,10690748,570540.96425,2608,5448417,290740.88493,-0.0018570102135562,ARPA-USDT,0.0529925537588343,0.0531459304703288,
2022-01-23 04:00:00,0.05371,0.05524,0.05352,0.05471,10743053,585067.55487,3294,5946251,324187.97928,-0.0007305936073058,ARPA-USDT,0.0537177762518487,0.0536539397074338,
2022-01-23 05:00:00,0.0546899999999999,0.05606,0.05361,0.0556799999999999,10947420,598610.91055,3091,5271530,288354.07369,-0.0023293316609943,ARPA-USDT,0.0547109021635263,0.0547437644520163,
2022-01-23 06:00:00,0.05567,0.05647,0.05521,0.05609,9625363,536919.94469,3002,4451049,248139.95226,-0.0021348514499199,ARPA-USDT,0.0557709288117584,0.0558256071511302,
2022-01-23 07:00:00,0.05611,0.05836,0.05525,0.05717,28357030,1617068.05516,7504,15398828,878695.8974,-0.0020946063885495,ARPA-USDT,0.0558320839028123,0.0558200763621223,
2022-01-23 08:00:00,0.0571799999999999,0.0580799999999999,0.0567,0.05805,13785967,789863.19826,4390,6656946,381475.45497,-0.0036045314109166,ARPA-USDT,0.0572600542909471,0.0570537436366475,-0.00028608
2022-01-23 09:00:00,0.05806,0.05873,0.05752,0.0578399999999999,13859082,804441.22944,3955,7838810,455122.33155,-0.0008637070305769,ARPA-USDT,0.0583897572001385,0.0581294646972244,
2022-01-23 10:00:00,0.05785,0.05836,0.05716,0.05827,10475460,605880.57592,2694,4999927,289456.01886,-0.0015421521590129,ARPA-USDT,0.0578790683429182,0.0578697818125992,
2022-01-23 11:00:00,0.05825,0.05828,0.05685,0.05755,11038770,635803.30247,2797,5459290,314218.43435,-0.0017346053772767,ARPA-USDT,0.0581829054066976,0.0581233507605711,
2022-01-23 12:00:00,0.05754,0.0576799999999999,0.05655,0.05736,11332545,646779.90595,3932,5326193,303895.38649,-0.0026082420448617,ARPA-USDT,0.0575269910525076,0.057510047553567,
2022-01-23 13:00:00,0.05735,0.0581299999999999,0.05706,0.05782,7266753,417904.05785,2092,3983388,229126.32719,-0.0025875452820424,ARPA-USDT,0.0573293440267541,0.0572657633514716,
2022-01-23 14:00:00,0.0578399999999999,0.05806,0.05446,0.05563,17209601,965293.95086,4750,8571935,480563.79971,-0.0007185198491107,ARPA-USDT,0.0578848941560305,0.0579096103931373,
2022-01-23 15:00:00,0.05563,0.05619,0.05501,0.05607,8221505,457074.80836,2728,3962527,220393.52908,-0.0021356113187398,ARPA-USDT,0.0556143724614134,0.0556249474570392,
2022-01-23 16:00:00,0.05608,0.05676,0.05581,0.05609,7270565,409336.81903,2967,3388969,190721.89603,-0.0008906305664411,ARPA-USDT,0.0561563981246912,0.0562483338767376,-0.00032084
2022-01-23 17:00:00,0.05609,0.0569299999999999,0.05599,0.05628,8139130,459213.33392,2018,4354080,245684.14757,-0.0003552397868562,ARPA-USDT,0.0561222323886239,0.0562495356282684,
2022-01-23 18:00:00,0.05624,0.05647,0.0545,0.0548,8883923,492418.24457,2565,3946376,218807.96877,-0.0010936930368209,ARPA-USDT,0.0562770457771042,0.0563016054217973,
2022-01-23 19:00:00,0.05479,0.0555,0.05415,0.05482,11891447,652064.93203,2947,5897885,323432.26938,-0.0010932944606413,ARPA-USDT,0.0551600836577397,0.0552657990705833,
2022-01-23 20:00:00,0.05475,0.05641,0.0544299999999999,0.05546,10604301,587066.03315,3212,5606928,310235.83711,-0.0017998560115189,ARPA-USDT,0.0547827098750676,0.0547312098524954,
2022-01-23 21:00:00,0.05541,0.05597,0.05459,0.05545,8787858,485862.88642,2380,4413714,243993.15948,-0.0018001800180018,ARPA-USDT,0.0554047492527399,0.0552328422841353,
2022-01-23 22:00:00,0.05541,0.0557299999999999,0.0546899999999999,0.05536,6631543,366678.11073,2608,3494284,193124.21827,-0.0010826416456152,ARPA-USDT,0.0553090539516049,0.0553315847362647,
2022-01-23 23:00:00,0.05536,0.05792,0.05504,0.05742,9415565,535290.57135,3204,4617254,262242.70617,-0.0003481894150417,ARPA-USDT,0.0552585011010298,0.0555477172274781,
2022-01-24 00:00:00,0.0573799999999999,0.0573799999999999,0.05637,0.05652,7372075,418960.20678,3303,3465026,196923.11762,0.0005310674455656,ARPA-USDT,0.0573177906251462,0.0571571906995922,-0.00045896
2022-01-24 01:00:00,0.05647,0.05683,0.05575,0.05591,6708413,376808.69607,1883,3354470,188253.46468,-0.0023197715917201,ARPA-USDT,0.0564676035057533,0.056538558958327,
2022-01-24 02:00:00,0.0558899999999999,0.05608,0.055,0.05513,5868777,326325.46212,1722,2438332,135483.5426,-0.0027134587554269,ARPA-USDT,0.0559297967047416,0.0559503753930832,
2022-01-24 03:00:00,0.05513,0.05576,0.055,0.0556899999999999,3722496,206243.55805,1450,1932899,107061.16331,-0.0017924359204176,ARPA-USDT,0.0550753432032301,0.0551092065350816,
2022-01-24 04:00:00,0.05566,0.05683,0.05405,0.05413,18347419,1021750.84736,4329,9568537,533300.70849,-0.0022119815668203,ARPA-USDT,0.0559884372550917,0.0560125459037156,
2022-01-24 05:00:00,0.0541799999999999,0.0541799999999999,0.05315,0.0537399999999999,7758552,415946.52413,2283,3645631,195422.30275,-0.0025983667409075,ARPA-USDT,0.0540576248360682,0.0538880134537762,
2022-01-24 06:00:00,0.05371,0.05466,0.0535799999999999,0.0543,6420102,347898.00296,2241,3181484,172241.43126,-0.0011037527593819,ARPA-USDT,0.0537292645821648,0.0537329807082858,
2022-01-24 07:00:00,0.0543299999999999,0.0543299999999999,0.05322,0.0534799999999999,9866935,530420.75664,2357,5028624,270119.30447000003,-0.000186950831933,ARPA-USDT,0.0542679093659841,0.0540045981467468,
2022-01-24 08:00:00,0.0534799999999999,0.05475,0.05269,0.05346,14812720,794798.01387,4139,8131500,436150.87212,-0.0035414725069897,ARPA-USDT,0.0534747991400968,0.0535564460090451,-0.00080372
2022-01-24 09:00:00,0.0534399999999999,0.05366,0.0515299999999999,0.05197,15120174,792656.6475,4378,8208821,430028.08234,-0.000769082868679,ARPA-USDT,0.053527105501264,0.05344368680529,
2022-01-24 10:00:00,0.05197,0.05223,0.04968,0.04985,17329856,879502.23976,5253,8614993,437649.93489,-0.0039960039960039,ARPA-USDT,0.0521200016150207,0.0520003205874412,
2022-01-24 11:00:00,0.04986,0.0521,0.04958,0.05049,12704366,646248.94675,3385,6264392,318913.55521,-0.0021739130434782,ARPA-USDT,0.0500248773022693,0.0499198238430354,
2022-01-24 12:00:00,0.05042,0.05111,0.04906,0.04969,15132413,761095.65212,4345,7486409,377008.51899,-0.0026093938177439,ARPA-USDT,0.0504529654956756,0.0505266737059778,
2022-01-24 13:00:00,0.04976,0.05123,0.04945,0.05002,14583438,734725.69885,4488,7364802,370978.65176,-0.0011980830670925,ARPA-USDT,0.0496334486917332,0.0499571697048858,
2022-01-24 14:00:00,0.04995,0.0523,0.04944,0.05103,14356263,729514.46253,4662,6592051,335091.9339,-0.0050692142717879,ARPA-USDT,0.0499477021880925,0.049967764498838,
2022-01-24 15:00:00,0.051,0.05319,0.05002,0.05284,19111364,995061.45065,5249,9416305,490613.12526,-0.0003783579265985,ARPA-USDT,0.0511643833933977,0.0510674713943242,
2022-01-24 16:00:00,0.05284,0.05287,0.05146,0.05242,12129100,633647.28888,4404,5652039,295251.43302,-0.0001907304978064,ARPA-USDT,0.0527906387748694,0.0525503110257582,-0.00075148
2022-01-24 17:00:00,0.0524,0.05389,0.0512799999999999,0.0537299999999999,12338142,649439.65186,3580,5493645,288865.97035,-0.0005580357142875,ARPA-USDT,0.0523060157090326,0.0521448921501302,
2022-01-24 18:00:00,0.05375,0.05513,0.05336,0.05471,15310119,832466.43459,4710,7677311,417174.72992,0.0007316627034936,ARPA-USDT,0.0537996750688999,0.0535741926875871,
2022-01-24 19:00:00,0.05476,0.05507,0.05387,0.05486,9686434,527989.24638,2748,4594575,250448.69581,-0.0010924981791696,ARPA-USDT,0.0547024108670036,0.0547420388591649,
2022-01-24 20:00:00,0.05484,0.05666,0.05434,0.05607,12413532,687295.45898,4072,6361316,352194.9351,-0.0001783166904421,ARPA-USDT,0.0549586514884922,0.0548721664631702,
2022-01-24 21:00:00,0.05608,0.05612,0.05508,0.0554799999999999,6405534,355371.0078,2216,3042186,168834.00026,-0.0017992083483285,ARPA-USDT,0.0559927284352883,0.0555360207590313,
2022-01-24 22:00:00,0.05549,0.05572,0.0547,0.05508,7131896,393289.24985,2595,3825865,211005.72043,-0.0003629764065337,ARPA-USDT,0.0553735199287274,0.0554936234522767,
2022-01-24 23:00:00,0.05509,0.05596,0.05507,0.0557299999999999,6183904,343259.94919,2016,3123790,173305.79973,0.0003590019745089,ARPA-USDT,0.0551345155580805,0.0552811243555611,
2022-01-25 00:00:00,0.05571,0.05595,0.0542,0.05431,9956867,550010.23233,3732,4485012,247765.53737,-0.0009197939661516,ARPA-USDT,0.0556219747152169,0.0556234900097048,5.379e-05
2022-01-25 01:00:00,0.05427,0.0548899999999999,0.05427,0.05467,5069728,277068.31102,2048,2579173,140927.75507,0.0,ARPA-USDT,0.0543927382471612,0.0546219416151018,
2022-01-25 02:00:00,0.0546899999999999,0.05563,0.05464,0.0554399999999999,6233086,344164.63839,1719,3329968,183847.60875,-0.0009010632546422,ARPA-USDT,0.0546957739042383,0.0547262009150686,
2022-01-25 03:00:00,0.05546,0.0556399999999999,0.05496,0.0554399999999999,5462438,302052.79517,1488,2670342,147688.93234,-0.0014409221902035,ARPA-USDT,0.0553280021371034,0.0553010320734363,
2022-01-25 04:00:00,0.0554299999999999,0.0556399999999999,0.05439,0.0546,5875397,322621.61409,1848,3137947,172489.73045,-0.0009149130832569,ARPA-USDT,0.0554335692123263,0.0554343447370709,
2022-01-25 05:00:00,0.05458,0.05508,0.05435,0.0550299999999999,3683319,201292.68634,1082,1763668,96408.70079,-0.000726348284004,ARPA-USDT,0.0545724187397857,0.0546014220214358,
2022-01-25 06:00:00,0.05501,0.05516,0.05417,0.0542299999999999,3507290,191858.78882,1275,1703458,93263.85076,-0.0011051759071669,ARPA-USDT,0.0551033460192357,0.0550355296139089,
2022-01-25 07:00:00,0.05421,0.0549299999999999,0.05391,0.0548899999999999,3448089,187612.3382,1404,1745954,95012.05589,0.000911743253098,ARPA-USDT,0.0543197800855792,0.0542812214411057,
2022-01-25 08:00:00,0.05485,0.05555,0.0544799999999999,0.0546799999999999,13260682,730434.70924,3945,6756739,372237.04165,-0.0010960906101588,ARPA-USDT,0.0547840049140049,0.0550440606247296,2.103e-05
2022-01-25 09:00:00,0.0546899999999999,0.05558,0.05459,0.05547,6945642,383851.19674,1980,3182024,175855.08985,-0.0021586616297896,ARPA-USDT,0.0546861946557745,0.0546594760084608,
2022-01-25 10:00:00,0.05549,0.05658,0.0554,0.05566,7575462,422897.6483,2383,3832869,214108.75541,-0.0005386963548213,ARPA-USDT,0.0555304675727315,0.0555482431740018,
2022-01-25 11:00:00,0.05566,0.0560299999999999,0.0551399999999999,0.05533,5281148,293590.54283,1726,3008428,167239.76564,-0.0014437827107021,ARPA-USDT,0.0556032484674089,0.0557134847722901,
2022-01-25 12:00:00,0.05535,0.05617,0.05479,0.05561,7907584,438944.56477,2726,4098758,227617.11799,-0.000898311174991,ARPA-USDT,0.055399537744802,0.0553158949904766,
2022-01-25 13:00:00,0.05567,0.0558,0.05454,0.05492,6870751,377869.01934,1737,3020703,166167.83168,-0.0014545454545454,ARPA-USDT,0.0556063242630385,0.055692303173197,
2022-01-25 14:00:00,0.05491,0.05607,0.05462,0.0546799999999999,10118822,560010.90313,3156,5191811,287518.27742,-0.0007309941520485,ARPA-USDT,0.0548950045149401,0.0548367874019882,
2022-01-25 15:00:00,0.0547,0.0556799999999999,0.0539899999999999,0.05524,8071268,443480.48145,2481,3518514,193389.52878,0.0003621876131836,ARPA-USDT,0.0547883399313005,0.0544154380483401,
2022-01-25 16:00:00,0.05524,0.05615,0.05508,0.05585,7864891,438105.21491,2449,4135046,230302.27172,-0.0008944543828265,ARPA-USDT,0.0552546846398191,0.0552733301852369,4.962e-05
2022-01-25 17:00:00,0.05583,0.0568899999999999,0.05571,0.05661,9581027,540812.94305,2130,4440514,250684.76586,0.0021242697822623,ARPA-USDT,0.0558355702045013,0.0558679729049915,
2022-01-25 18:00:00,0.05662,0.05728,0.0562299999999999,0.0571799999999999,6202604,352386.73415000003,2127,2973292,168930.19583,-0.0017458100558677,ARPA-USDT,0.0565480714677737,0.0564172725676851,
2022-01-25 19:00:00,0.0572,0.05729,0.05634,0.0566299999999999,5703885,324254.9687,1706,3010955,171041.65441,-0.0008821453775599,ARPA-USDT,0.0571505658619293,0.0571403861361965,
2022-01-25 20:00:00,0.0565899999999999,0.05662,0.05579,0.056,6523262,366694.82374,2139,3494789,196437.58842,-0.0007137758743753,ARPA-USDT,0.0566032877311071,0.0564971082598797,
2022-01-25 21:00:00,0.056,0.05604,0.05521,0.05542,5490464,305495.0356,1363,2269389,126331.26629,-0.0007212405337181,ARPA-USDT,0.0559846606355978,0.0559503815219435,
2022-01-25 22:00:00,0.05545,0.0561,0.05532,0.0557299999999999,5756636,320278.83473,1625,2871416,159687.50579,-1.887379141862766e-15,ARPA-USDT,0.0555881427528006,0.0556826726401904,
2022-01-25 23:00:00,0.05574,0.05691,0.05551,0.05657,8589679,484263.33392,2197,4657281,262417.7028,-0.0014121800529567,ARPA-USDT,0.0555804063895545,0.0556614949542253,
2022-01-26 00:00:00,0.05661,0.0569,0.05609,0.05637,5603511,316328.68536,1890,2753609,155483.73786,-0.0003546728143287,ARPA-USDT,0.0565951484388833,0.0563650112276278,0.0001
2022-01-26 01:00:00,0.05637,0.05672,0.05607,0.05661,5205928,293564.81994,1469,2183399,123098.5483,0.0001766784452297,ARPA-USDT,0.0563662223650385,0.0564816511913401,
2022-01-26 02:00:00,0.0566,0.05699,0.05636,0.05642,2658890,150811.48752,1177,1417414,80403.00336,-0.000885425889853,ARPA-USDT,0.0565925844235515,0.0566868923894764,
2022-01-26 03:00:00,0.05641,0.0572,0.05637,0.05702,7261540,412733.89112,1672,3853869,219054.00757,-0.0015759061460339,ARPA-USDT,0.0564439579294168,0.056453744277515,
2022-01-26 04:00:00,0.05702,0.05807,0.05702,0.05795,7517139,432435.81981,2336,3875013,222922.2985,-0.0008620689655172,ARPA-USDT,0.0571291303618499,0.0571015628124539,
2022-01-26 05:00:00,0.05796,0.05805,0.0574,0.05742,5037716,290315.71147,1537,2022004,116548.39312,-0.001043841336117,ARPA-USDT,0.057977136949909,0.0579194046071304,
2022-01-26 06:00:00,0.05742,0.05762,0.05655,0.0567,6153511,351823.72689,1698,2823061,161501.02354,0.0,ARPA-USDT,0.0574747363662197,0.0574657555270922,
2022-01-26 07:00:00,0.0566799999999999,0.0568899999999999,0.05637,0.05678,5384735,305186.12095,1294,2638223,149490.91751,-0.0010555946516538,ARPA-USDT,0.0567234258209039,0.0566585582480303,
2022-01-26 08:00:00,0.05676,0.0575799999999999,0.0567299999999999,0.05741,6281441,359645.07961,2153,3256278,186457.0589,-0.0012178148921364,ARPA-USDT,0.0568060692896183,0.0569530401470855,0.0001
2022-01-26 09:00:00,0.05742,0.05791,0.05705,0.05732,6948858,399549.17436,1784,3634551,209023.15411,-0.00052310374891,ARPA-USDT,0.0574022521703776,0.0575127721384967,
2022-01-26 10:00:00,0.05728,0.05825,0.05706,0.0579299999999999,5832390,336002.48776,1888,2892185,166670.72996,-0.000517598343687,ARPA-USDT,0.0572706555584535,0.0572136879531672,
2022-01-26 11:00:00,0.05798,0.05837,0.05754,0.05807,5303320,306920.36977,1562,2547455,147497.4141,-0.001203990368077,ARPA-USDT,0.0581683084873171,0.0579732093821979,
2022-01-26 12:00:00,0.0580399999999999,0.0580799999999999,0.0574799999999999,0.0575,3979991,229896.37566,1717,1850414,106827.79814,-0.0008688097306689,ARPA-USDT,0.0579703694013823,0.0579002760305455,
2022-01-26 13:00:00,0.0575,0.0594,0.0575,0.05937,8131257,473943.37188,2466,4438815,258978.31889,-0.0013456686291001,ARPA-USDT,0.0575591348612056,0.0576879693989733,
2022-01-26 14:00:00,0.05937,0.0609,0.05923,0.0608,14565804,877117.23689,4227,7315158,440568.39146,-0.0022973416475221,ARPA-USDT,0.0592850853939011,0.0596586399801507,
2022-01-26 15:00:00,0.06081,0.0675,0.0607,0.06486,185964546,12054119.07201,40331,95380316,6178805.87584,-0.0033804548248309,ARPA-USDT,0.0625957786407103,0.0643621869924449,
2022-01-26 16:00:00,0.06488,0.0667799999999999,0.06387,0.06552,79695869,5204856.89923,19193,41684184,2721980.18718,-0.0039525691699606,ARPA-USDT,0.0647648179933997,0.064764989604549,-0.00063726
2022-01-26 17:00:00,0.06554,0.06605,0.06406,0.06466,42031619,2731588.3192600003,9906,21119887,1372415.35499,-0.0013899613899615,ARPA-USDT,0.0655994256881764,0.0656705088853473,
2022-01-26 18:00:00,0.06464,0.06481,0.06252,0.0635299999999999,50081562,3175934.686,12188,25703836,1630757.94035,-0.0034509803921584,ARPA-USDT,0.0647292674521382,0.064048967594468,
2022-01-26 19:00:00,0.06355,0.06626,0.06253,0.06396,54051825,3478570.92013,14683,25541180,1644550.54893,0.0007823501799406,ARPA-USDT,0.0640611575184127,0.0648525985449907,
2022-01-26 20:00:00,0.06396,0.06547,0.06238,0.06455,43897823,2806054.91603,12722,21766996,1392126.54952,-0.0020098948670378,ARPA-USDT,0.0637114077014279,0.0630482813202155,
2022-01-26 21:00:00,0.06456,0.06587,0.06283,0.06341,54558746,3501612.80764,15341,25849751,1659715.42444,-0.001888871399339,ARPA-USDT,0.0645443580333569,0.0650008948297038,
2022-01-26 22:00:00,0.06341,0.06521,0.06319,0.06435,57199858,3666937.89821,15106,33062862,2119511.66671,-0.0012416576129131,ARPA-USDT,0.0633159174721933,0.0638551453603738,
2022-01-26 23:00:00,0.06433,0.0673,0.06368,0.0643,96424057,6269436.0882,22246,48730821,3169047.68148,-0.0054137664346481,ARPA-USDT,0.0642085448747798,0.0640452413300477,
2022-01-27 00:00:00,0.06431,0.0652399999999999,0.06274,0.0648,81505765,5205397.976,17365,38687258,2472565.25477,-0.0024630541871922,ARPA-USDT,0.064197792432034,0.0633918861893904,-0.00069469
2022-01-27 01:00:00,0.0648,0.072,0.06452,0.06829,254557050,17512304.27793,56745,133087171,9155562.24693,-0.0030656934306569,ARPA-USDT,0.0646310812383889,0.0656651288089002,
2022-01-27 02:00:00,0.06829,0.07,0.06761,0.06837,155391824,10700504.93986,31150,80567796,5549002.50128,-0.0030621172353456,ARPA-USDT,0.0680580113046413,0.0683483911125443,
2022-01-27 03:00:00,0.06838,0.0697,0.06763,0.06849,116656661,8018898.80115,25147,61023145,4195035.39955,-0.0050842533410807,ARPA-USDT,0.0686232970085315,0.0689890847855098,
2022-01-27 04:00:00,0.06849,0.06867,0.0659,0.06611,130498524,8771322.21697,27346,69522349,4673129.97015,-0.0003024345985179,ARPA-USDT,0.0682900992501776,0.0683644290334145,
2022-01-27 05:00:00,0.06606,0.06825,0.06512,0.06687,136040999,9042385.41066,30877,67329390,4478929.58821,-0.0037246722288438,ARPA-USDT,0.0661338259212729,0.0658010690896571,
2022-01-27 06:00:00,0.0669,0.06969,0.06625,0.0695,123324371,8383652.19278,30517,62328950,4238742.737,-0.0171121482110024,ARPA-USDT,0.0670367540362759,0.0669956151969515,
2022-01-27 07:00:00,0.06948,0.0699,0.0683899999999999,0.06887,110830421,7661922.77931,25006,55880711,3864573.46893,-0.0008704482808646,ARPA-USDT,0.0692934013387132,0.0690596574995169,
2022-01-27 08:00:00,0.06882,0.06887,0.06682,0.06845,136447108,9259699.94463,31594,70669326,4796619.153609999,-0.0020411138649949,ARPA-USDT,0.0685243038824472,0.0682794698538078,-0.00472949
2022-01-27 09:00:00,0.06842,0.06882,0.0675,0.06774,78530292,5351294.4346900005,19472,40473360,2758357.35162,-0.0032371983519718,ARPA-USDT,0.0683800144798559,0.0682589095650699,
2022-01-27 10:00:00,0.06775,0.06835,0.06631,0.06663,97142181,6526511.01464,24310,48696178,3272282.7840400003,-0.0035890533871691,ARPA-USDT,0.0677415224574491,0.0679031171471033,
2022-01-27 11:00:00,0.0666399999999999,0.06773,0.066,0.0665299999999999,82614621,5518254.77697,19686,43706837,2920342.54848,-0.0022495500899836,ARPA-USDT,0.0667806150238514,0.0664288174286901,
2022-01-27 12:00:00,0.06652,0.06685,0.06568,0.0659,71729871,4759228.61019,16238,35284435,2341966.42228,-0.0028748676047812,ARPA-USDT,0.0666288422602461,0.0666774531539378,
2022-01-27 13:00:00,0.06591,0.06699,0.06557,0.06677,60930354,4024019.27907,14560,30289014,2001235.58023,-0.0026885735623599,ARPA-USDT,0.0657243932141475,0.0657605873943871,
2022-01-27 14:00:00,0.06676,0.06869,0.06604,0.0674,119343144,8055138.38901,26932,60456300,4083442.98981,-0.0011855364552459,ARPA-USDT,0.0665072563707459,0.0665573002859836,
2022-01-27 15:00:00,0.06738,0.06745,0.06534,0.06558,77014500,5120612.28182,19817,39794661,2646447.55239,-0.0015225334957369,ARPA-USDT,0.067066047647789,0.0669972884226283,
2022-01-27 16:00:00,0.0656,0.0662,0.0645,0.06518,53241463,3476258.37429,14679,24788116,1619325.25582,0.0,ARPA-USDT,0.0655945802981254,0.0655365300878495,-0.00119342
2022-01-27 17:00:00,0.06516,0.06676,0.064,0.06565,60121635,3922251.32479,14478,30955030,2020530.9206,-0.0034911961141468,ARPA-USDT,0.0651366731129682,0.0652386505304542,
2022-01-27 18:00:00,0.06564,0.06842,0.0656,0.06769,88958342,5988090.0862300005,21466,42978905,2892998.8677,-0.000738116327133,ARPA-USDT,0.065710724275619,0.0660205354961213,
2022-01-27 19:00:00,0.06767,0.06799,0.06613,0.06651,45563426,3050173.61346,12582,24682206,1652352.57376,-0.0007512019230768,ARPA-USDT,0.0677920539690752,0.0676516279542315,
2022-01-27 20:00:00,0.06648,0.06724,0.06493,0.0653,40031813,2639437.9734,10296,19993955,1319254.43402,0.0,ARPA-USDT,0.0665948396649764,0.066616148500619,
2022-01-27 21:00:00,0.06531,0.0669299999999999,0.06493,0.06569,42197225,2788118.71048,9977,23409772,1546800.92905,-0.0019750835612276,ARPA-USDT,0.0651352135920892,0.0658892507014233,
2022-01-27 22:00:00,0.06568,0.06568,0.06358,0.06381,42383725,2729249.92591,10329,22444561,1445008.45911,-0.0017209011264079,ARPA-USDT,0.0655349516480659,0.065431321730065,
2022-01-27 23:00:00,0.06382,0.06507,0.06373,0.06489,29384911,1893773.97981,6549,13548977,873094.82439,-0.000769941484447,ARPA-USDT,0.0639490638859199,0.0639920242239333,
2022-01-28 00:00:00,0.06487,0.06566,0.06366,0.06515,43200856,2791073.08232,8909,21238871,1372408.74732,-0.0007668711656441,ARPA-USDT,0.0646641010588187,0.0648030292468962,-0.00033974
2022-01-28 01:00:00,0.06515,0.06515,0.06225,0.06302,38327180,2432633.94188,8530,17647191,1120592.14472,-0.0004758128469466,ARPA-USDT,0.0650910431627526,0.0648736804805677,
2022-01-28 02:00:00,0.06302,0.0632799999999999,0.06226,0.06295,28912899,1812541.82962,6344,15484606,970706.31871,-0.0004763416957762,ARPA-USDT,0.063064394345859,0.0629273700264138,
2022-01-28 03:00:00,0.06296,0.06379,0.0627799999999999,0.06319,32082402,2028366.43209,6814,16982693,1073816.51023,-0.0018954351603223,ARPA-USDT,0.0629842759203039,0.0630626432662323,
2022-01-28 04:00:00,0.0632,0.0639,0.06281,0.06325,25715431,1629823.58638,5774,12938421,819863.80755,-0.002365930599369,ARPA-USDT,0.0633493775699091,0.0635756188060199,
2022-01-28 05:00:00,0.06326,0.06404,0.0630299999999999,0.06346,19719060,1251527.26357,4497,10189410,646737.91413,-0.0003150598613735,ARPA-USDT,0.0632584209625161,0.0633505773359497,
2022-01-28 06:00:00,0.06347,0.0649,0.0632799999999999,0.0634899999999999,41405484,2645918.55134,9715,19599456,1251979.18496,-0.0012584552461869,ARPA-USDT,0.0634814648004377,0.0636748143259504,
2022-01-28 07:00:00,0.06348,0.0638,0.06225,0.06272,113268706,7130567.04981,24352,54759074,3448178.4065,0.0001594642002868,ARPA-USDT,0.0632197734150408,0.0627791062978882,
2022-01-28 08:00:00,0.06272,0.06348,0.06246,0.06319,73166009,4613348.6725200005,14619,38682142,2439324.8415,-0.0020530638029059,ARPA-USDT,0.0627542115314092,0.062776103226524,-0.00073988
2022-01-28 09:00:00,0.0632,0.0634,0.06265,0.06293,36126340,2277055.33418,8777,20819168,1312168.34899,-0.0015865460891639,ARPA-USDT,0.0631878778929554,0.0631031942419408,
2022-01-28 10:00:00,0.0629,0.0631299999999999,0.06245,0.06281,33448863,2100888.97268,7796,19714811,1238378.96898,-0.0012720623310541,ARPA-USDT,0.0629385913075745,0.0628954034311371,
2022-01-28 11:00:00,0.06281,0.06293,0.0616,0.06212,39130555,2431935.56562,10216,20365740,1266333.93937,-0.0012861736334404,ARPA-USDT,0.0628481351969266,0.062731936435513,
2022-01-28 12:00:00,0.06213,0.06245,0.0611899999999999,0.0615799999999999,34679332,2143063.7088,9508,19496076,1205232.41702,-0.0004869339392972,ARPA-USDT,0.0621488039224805,0.0621331946280282,
2022-01-28 13:00:00,0.0615799999999999,0.063,0.06137,0.06292,44845495,2789577.97894,11848,27059369,1684359.04954,-0.0001589067217542,ARPA-USDT,0.0615136840553189,0.061517944552963,
2022-01-28 14:00:00,0.06293,0.06299,0.06177,0.062,30343750,1890847.91381,9239,15805445,984946.95326,-0.001610305958132,ARPA-USDT,0.062861670140667,0.0626499204598428,
2022-01-28 15:00:00,0.06202,0.06305,0.0617399999999999,0.06264,28657665,1792708.34142,7594,14850027,929440.14706,-0.0012755102040815,ARPA-USDT,0.0619867941151176,0.0620011191693848,
2022-01-28 16:00:00,0.0626299999999999,0.06466,0.06222,0.06314,41059916,2598147.0024,11811,22192175,1405445.66648,-0.0012654223347041,ARPA-USDT,0.0625424984455863,0.0625281262215216,-0.00037495
2022-01-28 17:00:00,0.06316,0.06343,0.06224,0.06253,22659045,1423560.28425,5741,11444195,718885.80754,-0.0004795396419438,ARPA-USDT,0.0632423514936863,0.0631568880210087,
2022-01-28 18:00:00,0.06253,0.06345,0.0625,0.06295,17761689,1117658.55293,5412,10060720,632958.17353,-0.001269236871331,ARPA-USDT,0.0626009130978572,0.0626558074779882,
2022-01-28 19:00:00,0.06295,0.06316,0.0621,0.0628799999999999,13773195,863315.57079,4509,6943905,435223.87911,-0.0014292520247753,ARPA-USDT,0.0630648482840416,0.0629138051271755,
2022-01-28 20:00:00,0.06289,0.0637799999999999,0.06274,0.06362,19842204,1255024.53256,5179,10288458,650878.27887,-0.0003142677561283,ARPA-USDT,0.0629441917858219,0.0630676762409191,
2022-01-28 21:00:00,0.06357,0.0646,0.06352,0.06385,23912327,1532330.55081,5513,12773137,818728.4983,-0.0009388202159285,ARPA-USDT,0.0636334127965014,0.0636511417443194,
2022-01-28 22:00:00,0.0638799999999999,0.06435,0.06292,0.06295,17886637,1142289.93046,3900,8894961,568300.99571,-0.0006350214319732,ARPA-USDT,0.0639348546339116,0.0639517817627568,
2022-01-28 23:00:00,0.06291,0.06366,0.06283,0.06286,17780122,1124406.12139,4033,9018764,570477.84444,-0.0014297061159651,ARPA-USDT,0.0630570597461195,0.0632004003254239,
2022-01-29 00:00:00,0.06286,0.06451,0.06275,0.0637399999999999,23774982,1517006.2029,5670,13090812,834727.34786,-0.002191609267378,ARPA-USDT,0.0628596380943201,0.063293389647824,-0.00033995
2022-01-29 01:00:00,0.06377,0.06435,0.06343,0.06396,14925230,954637.09827,4037,7533882,481889.5157,-0.0006249999999999,ARPA-USDT,0.0637733196782128,0.0637466886804471,
2022-01-29 02:00:00,0.06397,0.06594,0.06384,0.06431,32173223,2079657.5521,7223,18136252,1172543.6966,-0.0021722265321952,ARPA-USDT,0.0639695349647648,0.063980350455833,
2022-01-29 03:00:00,0.06433,0.06472,0.06408,0.0645299999999999,16121360,1039297.14818,4100,7303874,470904.72853,0.0003100294527966,ARPA-USDT,0.0642628669478835,0.0642436215472877,
2022-01-29 04:00:00,0.06455,0.06518,0.06442,0.06477,15585645,1010126.27365,3704,6954482,450560.74403,-0.001695437731196,ARPA-USDT,0.0644895803825215,0.0644770110273023,
2022-01-29 05:00:00,0.0648,0.0653,0.06446,0.06526,13410407,869742.71284,3491,6463304,419462.62412,-0.0009185548071035,ARPA-USDT,0.0647973711135674,0.0648035274300168,
2022-01-29 06:00:00,0.06527,0.06527,0.06464,0.06511,10431197,677515.84565,3273,5149823,334569.70116,-0.0010739490641301,ARPA-USDT,0.0652110989933247,0.0650279938172717,
2022-01-29 07:00:00,0.06511,0.0652799999999999,0.06485,0.06504,10019802,651828.0777200001,3415,5263441,342402.46653000003,-0.0009216589861751,ARPA-USDT,0.0650904179825537,0.0650957069261145,
2022-01-29 08:00:00,0.06504,0.06521,0.0646,0.06469,15642777,1014300.01323,3280,7526756,488277.03974,-0.0007723200494286,ARPA-USDT,0.0651096897393137,0.065110676551653,-0.00024217
2022-01-29 09:00:00,0.06467,0.06495,0.0638,0.06481,15173193,977273.27035,4190,7995294,515085.76023,-0.0006168080185041,ARPA-USDT,0.06465147388116,0.064552565563674,
2022-01-29 10:00:00,0.06479,0.0648,0.0642399999999999,0.06437,8450132,544432.60797,2919,3931265,253256.82986,-0.0013962147067949,ARPA-USDT,0.0647621428571428,0.0644986677281464,
2022-01-29 11:00:00,0.06436,0.06467,0.0641299999999999,0.0642399999999999,8754484,563463.32178,3125,4851244,312246.77428,-0.0004667807686339,ARPA-USDT,0.0643295488025499,0.0643046745079665,
2022-01-29 12:00:00,0.06423,0.06445,0.06375,0.0642799999999999,12600822,808195.97057,3766,6140357,393832.97752,-0.0021732381248075,ARPA-USDT,0.06426602469974,0.0643077456782371,
2022-01-29 13:00:00,0.0643,0.065,0.064,0.0649899999999999,15574138,1005316.6228,5094,8505949,549153.72087,-0.0007687576875784,ARPA-USDT,0.0643750379307876,0.0644294512083728,
2022-01-29 14:00:00,0.065,0.06519,0.06258,0.0631,16025781,1026226.45801,4544,7331896,469833.49217,-0.0015822784810126,ARPA-USDT,0.0650108312379615,0.0650500380714726,
2022-01-29 15:00:00,0.06307,0.06351,0.0625,0.06323,18093795,1140707.2236,5133,8821484,556274.26142,-0.0015790304752881,ARPA-USDT,0.0628096738768139,0.0627993217220795,
2022-01-29 16:00:00,0.06322,0.06369,0.06294,0.06359,10190104,646137.98084,3153,5595360,354919.69921,-0.0025098039215687,ARPA-USDT,0.0632196972732737,0.0632267160040158,-0.00010738
2022-01-29 17:00:00,0.06357,0.0642,0.06356,0.06382,7344419,469296.22424,2621,4256028,271934.36813,-0.001095633119424,ARPA-USDT,0.0636323142966755,0.0637423199470045,
2022-01-29 18:00:00,0.06384,0.06417,0.06356,0.06398,8509845,543187.55942,2737,3926409,250681.96771,-0.0018720748829954,ARPA-USDT,0.0637814351488515,0.0638264491194918,
2022-01-29 19:00:00,0.06398,0.06421,0.06357,0.0636299999999999,5595949,357544.67395,2690,2903365,185502.31608,-0.0007851758793986,ARPA-USDT,0.0639668289506636,0.0639569041370776,
2022-01-29 20:00:00,0.0636299999999999,0.0646299999999999,0.06345,0.06404,14320732,917007.12343,3890,7257638,464883.86714,-0.0012476606363068,ARPA-USDT,0.0636709815294903,0.0636249262255953,
2022-01-29 21:00:00,0.06407,0.06476,0.06369,0.06397,10761639,690292.58906,3452,5148346,330152.35694,-0.0014049328754294,ARPA-USDT,0.0640775506288637,0.0641663969269127,
2022-01-29 22:00:00,0.06397,0.06405,0.06331,0.06344,5953868,378300.37308,2034,3020836,191896.08521,-0.0018879798615483,ARPA-USDT,0.0640075732200565,0.063885616117395,
2022-01-29 23:00:00,0.06344,0.06364,0.06285,0.06356,10743906,678233.43181,2294,5212494,328992.38667000004,-0.0004717722912406,ARPA-USDT,0.0632340679043851,0.0631615291209344,
2022-01-30 00:00:00,0.06356,0.0640299999999999,0.06275,0.06286,8882550,562550.81853,2417,4753885,301252.21771,-0.0017468635858345,ARPA-USDT,0.0634698773121342,0.0634296702422081,-0.00040356
2022-01-30 01:00:00,0.06284,0.06336,0.06279,0.06312,4655245,293922.17694,1793,2016319,127300.7397,-0.0015817779183803,ARPA-USDT,0.0628882125423928,0.0629604461847101,
2022-01-30 02:00:00,0.06311,0.06367,0.06298,0.06354,5564171,352577.76403,1739,3726606,236151.06308,-0.0011004559031598,ARPA-USDT,0.063099925967639,0.0632325922599411,
2022-01-30 03:00:00,0.06359,0.06382,0.06345,0.06377,5192526,330609.92801000003,2048,2703265,172131.33739,-0.0017219787100816,ARPA-USDT,0.0636961672273979,0.0636556478671915,
2022-01-30 04:00:00,0.06377,0.0645,0.06352,0.06437,7650095,490266.99156,2289,3298106,211391.51181,-0.0006210215804999,ARPA-USDT,0.0638055449104471,0.0637949423870227,
2022-01-30 05:00:00,0.06442,0.06459,0.06404,0.06417,7022080,451365.82145,2525,3521978,226398.70063,-0.0003115750116839,ARPA-USDT,0.0643641046298184,0.0643006023806183,
2022-01-30 06:00:00,0.06416,0.06423,0.06376,0.06406,6802563,435517.15877,2040,3506690,224478.08241,-0.0007799095304943,ARPA-USDT,0.0641527113127527,0.0641190961755508,
2022-01-30 07:00:00,0.0640299999999999,0.06455,0.064,0.0644,6174469,396955.64582,1751,3615889,232461.7791,-0.0007757951900697,ARPA-USDT,0.0641078346058608,0.0641251553129634,
2022-01-30 08:00:00,0.06441,0.06461,0.0635,0.06368,9346889,597009.42372,2446,4391112,280551.01562,-0.0006277463904582,ARPA-USDT,0.0645281306184083,0.0642689355121667,-5.5e-06
2022-01-30 09:00:00,0.06368,0.06383,0.06329,0.0633,5497809,349131.58043000003,2294,2323020,147502.2401,-0.001577287066246,ARPA-USDT,0.0636771273118457,0.0636569978937055,
2022-01-30 10:00:00,0.06331,0.06416,0.0633,0.06412,4927366,313989.73886,2059,2641337,168343.1868,-0.0009348706762232,ARPA-USDT,0.0633283361819127,0.0633724408671288,
2022-01-30 11:00:00,0.06412,0.06412,0.06354,0.06391,7898787,503655.25431,2634,3832628,244293.85481,-0.0003128421711248,ARPA-USDT,0.0641092248242199,0.0639614107618223,
2022-01-30 12:00:00,0.06392,0.0641299999999999,0.06333,0.06362,5592925,356480.0743,2059,2646688,168678.05617,-0.0018826482585505,ARPA-USDT,0.0638951384266298,0.0638703838038768,
2022-01-30 13:00:00,0.06364,0.06371,0.06323,0.06361,4407821,279863.409,1738,2221327,141049.0948,-0.0007854225573357,ARPA-USDT,0.063625756704506,0.0636349367608554,
2022-01-30 14:00:00,0.06359,0.06372,0.06229,0.06292,13666221,858875.88179,3326,6459152,405886.7753,-0.001586797841955,ARPA-USDT,0.063601271993288,0.0636495708853076,
2022-01-30 15:00:00,0.06292,0.06358,0.06291,0.06318,7288055,461165.65362,1956,3314378,209731.27997,-0.0011067193675889,ARPA-USDT,0.0629669774472169,0.0630266558208104,
2022-01-30 16:00:00,0.06324,0.0636,0.06279,0.06291,6257996,395450.60297,1889,3375500,213363.1373,-0.0004766444232602,ARPA-USDT,0.0632414261345403,0.0632363961436777,-0.00024921
2022-01-30 17:00:00,0.06293,0.06316,0.06262,0.0630299999999999,4330879,272364.96001,1978,2068288,130113.6953,-0.0012676279511978,ARPA-USDT,0.0628872221493511,0.0627369672963836,
2022-01-30 18:00:00,0.0630299999999999,0.06312,0.06265,0.06273,4050034,254833.20853,2440,1912648,120316.39578,-0.0015915963711603,ARPA-USDT,0.0630394197618454,0.0630047970541938,
2022-01-30 19:00:00,0.06273,0.06273,0.06109,0.0612799999999999,15467166,956434.28897,4882,6986442,432425.17381,-0.0016291951775838,ARPA-USDT,0.0627223591561655,0.0626880345000298,
2022-01-30 20:00:00,0.06127,0.06216,0.061,0.0615299999999999,10347577,637570.55765,3183,5604993,345453.83731,-0.0016225864027276,ARPA-USDT,0.0612768023370314,0.061266982994981,
2022-01-30 21:00:00,0.0615299999999999,0.0616,0.06113,0.06131,5811612,356513.77152,2096,2978095,182678.8536,-0.0009776763891151,ARPA-USDT,0.0615521857398361,0.0615022436775828,
2022-01-30 22:00:00,0.0613,0.06196,0.06115,0.0619299999999999,3979479,244751.17541,1597,2152398,132437.23451,-0.0006454736162674,ARPA-USDT,0.0613550049030883,0.0613832090750083,
2022-01-30 23:00:00,0.0619399999999999,0.06255,0.06165,0.06176,6508950,404399.38779,2160,3013830,187283.33609,-0.0027450347166154,ARPA-USDT,0.0620559647296302,0.0620946888018698,
2022-01-31 00:00:00,0.06175,0.0619299999999999,0.05976,0.06044,15972904,972099.33686,4226,7882163,479751.86413,-0.0029693170570768,ARPA-USDT,0.0617857509533227,0.061814390574651,-0.00044174
2022-01-31 01:00:00,0.06046,0.06069,0.06009,0.06009,5381967,325257.24451,2216,2267938,137108.43909,-0.0021587512454335,ARPA-USDT,0.06049042899934,0.0603974300600435,
2022-01-31 02:00:00,0.0600799999999999,0.06051,0.05931,0.0603,6452210,386619.84842,2298,3195421,191492.45972,-0.0009940357852882,ARPA-USDT,0.0600090961614952,0.0596500631155332,
2022-01-31 03:00:00,0.0603,0.0603,0.0599,0.06017,3019926,181463.99189,1897,1396786,83908.07318,-0.0006643414715162,ARPA-USDT,0.0602779102202576,0.0600707599549188,
2022-01-31 04:00:00,0.06014,0.06035,0.05943,0.05997,9862749,591133.46046,2853,4566688,273560.43806,-0.0011658894070619,ARPA-USDT,0.0600994413385591,0.0600046075930357,
2022-01-31 05:00:00,0.05997,0.06,0.05965,0.05985,3340629,199932.43248,1851,1709592,102316.32835,-0.0013348907058233,ARPA-USDT,0.0599407418751907,0.0598682809497699,
2022-01-31 06:00:00,0.05986,0.05994,0.05915,0.05915,5147983,306723.35838,2120,2517937,150064.52203,-0.001856226797165,ARPA-USDT,0.0598488622454656,0.0598717284151987,
2022-01-31 07:00:00,0.05915,0.06044,0.0591,0.06027,8348250,500291.50318,2414,4603788,275833.84328000003,-0.0014910536779324,ARPA-USDT,0.0591331457103546,0.0592700842821998,
2022-01-31 08:00:00,0.06027,0.0603299999999999,0.05956,0.05967,6205010,371746.95989,1974,2843962,170328.99795,-0.0015060240963855,ARPA-USDT,0.0602182120845491,0.0601300197390526,-0.00036731
2022-01-31 09:00:00,0.05968,0.05973,0.05931,0.05961,4681667,278787.72667,1946,2023392,120509.31388,-0.0011729222520105,ARPA-USDT,0.0597009241616324,0.0596888778164258,
2022-01-31 10:00:00,0.05962,0.06,0.05941,0.05992,3597399,214684.20555,1732,2196675,131110.92547000002,-0.0010003334444814,ARPA-USDT,0.0596066142506142,0.0596173700720506,
2022-01-31 11:00:00,0.05991,0.05996,0.0588799999999999,0.05973,7071248,420528.18153,2398,3344653,198934.33002,-0.0013375689683999,ARPA-USDT,0.0599173705754731,0.0598661872174535,
2022-01-31 12:00:00,0.05969,0.06007,0.05911,0.0596,8270081,491315.59184,3206,3806966,226412.32095,-0.0001677570877369,ARPA-USDT,0.0598400609937165,0.0598897206927674,
2022-01-31 13:00:00,0.0596,0.06057,0.0593799999999999,0.05971,15989125,957306.4264,4774,7505396,449423.3028,-0.0015050167224079,ARPA-USDT,0.0594995804838755,0.0596228196266391,
2022-01-31 14:00:00,0.05973,0.06094,0.05968,0.06092,10727878,646689.54515,3036,6781786,408708.02086,-0.0003281916639317,ARPA-USDT,0.0597198676575722,0.0598702351532222,
2022-01-31 15:00:00,0.0609,0.063,0.0609,0.06224,43985486,2733870.9155,11001,21880222,1359221.32498,-0.0008026970621287,ARPA-USDT,0.0622204399226281,0.0622701138477248,
2022-01-31 16:00:00,0.06224,0.06448,0.0619299999999999,0.0634899999999999,17565596,1109769.82385,5481,8848043,558784.70597,-0.0009441384736443,ARPA-USDT,0.0623148926735289,0.062108404791102,-0.00019229
2022-01-31 17:00:00,0.0635,0.06422,0.06326,0.06348,11724296,746778.85949,4379,5991281,381631.36245,-0.0017298317345494,ARPA-USDT,0.0634422892213509,0.0635269842692692,
2022-01-31 18:00:00,0.0634899999999999,0.06386,0.0631299999999999,0.06317,8733903,553959.80152,3259,3750356,237889.66504,-0.0012648221343872,ARPA-USDT,0.0634564060832987,0.0636292103507333,
2022-01-31 19:00:00,0.06316,0.06364,0.0627799999999999,0.0627799999999999,9908682,625804.66264,3412,4989617,315114.5418,-0.0009548058561439,ARPA-USDT,0.0631178808626529,0.0632246785235099,
2022-01-31 20:00:00,0.06279,0.06295,0.06215,0.06253,9027282,564001.87382,2858,4739983,296205.22083,-0.000159897665494,ARPA-USDT,0.0628085514583986,0.0628526113176989,
2022-01-31 21:00:00,0.0624799999999999,0.06254,0.0619799999999999,0.06225,5316030,331014.6074,2173,2728152,169833.38211,-0.0008025682182986,ARPA-USDT,0.0624450146136298,0.0623921791641495,
2022-01-31 22:00:00,0.06225,0.06258,0.0617,0.06184,5294147,328928.05823,1759,2409245,149706.45027,-0.0003233107015842,ARPA-USDT,0.0622312031741767,0.0623203308894894,
2022-01-31 23:00:00,0.0618299999999999,0.0619799999999999,0.06152,0.0618299999999999,5769539,356406.58290000004,1718,3413096,210867.30137,-0.0014534883720946,ARPA-USDT,0.0618649678974054,0.0618669622708238,
2022-02-01 00:00:00,0.0618299999999999,0.0625,0.0615,0.06234,7233055,448880.77801,2741,4091677,254132.59122,0.0003209242618742,ARPA-USDT,0.0617704727153671,0.0617366437540372,1.056e-05
2022-02-01 01:00:00,0.06234,0.06276,0.06224,0.06257,7409129,463166.5236,2053,3446114,215509.87973,-0.000479233226837,ARPA-USDT,0.0623480775031195,0.0623570077211466,
2022-02-01 02:00:00,0.06256,0.06302,0.06234,0.0627799999999999,4275128,267819.58023,1734,2254981,141266.13281,-0.0006367398917557,ARPA-USDT,0.0625838951736787,0.0624831610527535,
2022-02-01 03:00:00,0.06279,0.0632799999999999,0.06266,0.06317,6916020,435638.61145,1867,3800635,239292.121,-0.0009489166534871,ARPA-USDT,0.0627525479618171,0.0627158708366633,
2022-02-01 04:00:00,0.06318,0.06329,0.06262,0.06279,3415397,214772.59781,1772,953894,59960.57028,0.0003186235462799,ARPA-USDT,0.0631828653920184,0.0631275863425653,
2022-02-01 05:00:00,0.0627799999999999,0.06285,0.0622799999999999,0.0622799999999999,4319755,270431.68021,1822,1869865,117122.07568,-0.0020829995193094,ARPA-USDT,0.0627854713430282,0.0627395597257714,
2022-02-01 06:00:00,0.06224,0.06241,0.0618299999999999,0.06213,5754222,357185.18974,2362,2448806,152025.83354,-0.0004826254826255,ARPA-USDT,0.0621931929665758,0.062240804155887,
2022-02-01 07:00:00,0.06214,0.06277,0.06213,0.06265,6760147,422185.16454,2538,4117061,257159.50748,-0.0011160714285713,ARPA-USDT,0.0621684616914485,0.062176987823213,
2022-02-01 08:00:00,0.0626299999999999,0.06315,0.06253,0.06297,6671650,418955.74024,2029,2688995,168911.06046,-0.0009519276534983,ARPA-USDT,0.0626629525048383,0.0626181607270383,1.969e-05
2022-02-01 09:00:00,0.06298,0.06385,0.06191,0.06202,15941774,1003641.97386,4384,6875796,433471.88601,-0.0011273957158962,ARPA-USDT,0.062942881172654,0.063202727659751,
2022-02-01 10:00:00,0.06201,0.06245,0.0617399999999999,0.06217,6177418,383643.31814,2294,3144427,195352.77963,-0.0008036001285759,ARPA-USDT,0.0619416136633013,0.0620182854924409,
2022-02-01 11:00:00,0.06217,0.06279,0.06201,0.06267,6455399,402438.94714,2016,2974305,185411.14804,-0.0014340344168258,ARPA-USDT,0.0621028967928722,0.0621201529648202,
2022-02-01 12:00:00,0.06264,0.063,0.06241,0.06282,6929260,434853.84785,2007,3446084,216264.53497,-0.0015893197711379,ARPA-USDT,0.062660103980237,0.0626068073424403,
2022-02-01 13:00:00,0.06282,0.06312,0.06227,0.06289,6879530,431590.20133,2423,3832523,240446.43062,-0.0012704462442432,ARPA-USDT,0.0628204912373537,0.0628164866458352,
2022-02-01 14:00:00,0.0629,0.0632,0.06201,0.06247,10128269,634433.24366,3266,4949515,310086.11198,-0.0011192836584585,ARPA-USDT,0.0628367958482965,0.0628813152581018,
2022-02-01 15:00:00,0.0624799999999999,0.06274,0.06201,0.0627,9005523,561303.03222,2737,4597325,286595.58208,-0.000159464200287,ARPA-USDT,0.0623906498071883,0.0622281306598093,
2022-02-01 16:00:00,0.06268,0.06346,0.0622799999999999,0.06335,10426573,655514.0812,3010,5110403,321387.00048,0.0011061946902655,ARPA-USDT,0.0628552660407455,0.0628346955327919,-1.629e-05
2022-02-01 17:00:00,0.06333,0.06333,0.06229,0.06267,5649183,354426.14327,2444,2528463,158566.15495,0.0,ARPA-USDT,0.0631223345994714,0.0631793885294443,
2022-02-01 18:00:00,0.0627,0.06287,0.0620299999999999,0.06221,7192405,449283.33739,2284,3280235,204924.57821,0.0,ARPA-USDT,0.0626984517812233,0.0626121780576921,
2022-02-01 19:00:00,0.0621899999999999,0.06229,0.06156,0.06163,6880273,425808.41316,1955,2777315,171927.50660999998,-0.0006486135884548,ARPA-USDT,0.0621151302488401,0.0621670968680955,
2022-02-01 20:00:00,0.0616,0.0622799999999999,0.06151,0.0620299999999999,6243856,386807.3215,1951,2922772,181020.36996,-0.0017701963308673,ARPA-USDT,0.0616411481487111,0.0617083864989022,
2022-02-01 21:00:00,0.0620299999999999,0.0627,0.0620299999999999,0.0627,4834350,301743.11989,1496,2323791,144992.39335,-0.0006375518010838,ARPA-USDT,0.0620683382109543,0.0622388849883444,
2022-02-01 22:00:00,0.06268,0.0628,0.0619299999999999,0.06214,4066558,253148.09879,1251,1713217,106633.05098,-0.0014462477904547,ARPA-USDT,0.0627358425722892,0.0626674123267352,
2022-02-01 23:00:00,0.06215,0.06242,0.0619799999999999,0.062,4548358,282993.10416,1400,2663778,165752.57114,-0.0006447453255963,ARPA-USDT,0.0621366699693129,0.0621045687170623,
2022-02-02 00:00:00,0.06201,0.06318,0.0619299999999999,0.06271,8749688,546686.07645,2590,3717037,232299.39305,-0.0015921031682853,ARPA-USDT,0.0620746198084092,0.0621241368528486,-0.000158
2022-02-02 01:00:00,0.06271,0.06412,0.06261,0.06383,6645260,420914.35362,2401,3394784,215124.73993,-0.0020325203252032,ARPA-USDT,0.0627225706648775,0.0627292843590962,
2022-02-02 02:00:00,0.06381,0.06395,0.06315,0.06364,7186576,456806.61963,2241,3278626,208358.4913,-0.0009419152276295,ARPA-USDT,0.063806668082151,0.0636507462975851,
2022-02-02 03:00:00,0.06366,0.06414,0.06358,0.06367,6313687,403382.65734,2175,2905297,185576.24082,0.0001570845114673,ARPA-USDT,0.0637540553084579,0.0637992917732036,
2022-02-02 04:00:00,0.06367,0.06367,0.06266,0.06292,11115182,700902.70499,3273,5658803,356685.97066,-0.0014283447071892,ARPA-USDT,0.0635547095582637,0.0633102781025298,
2022-02-02 05:00:00,0.06293,0.06316,0.06273,0.06312,4028838,253680.63878,2072,2311759,145565.02015,-0.0003167564143174,ARPA-USDT,0.06292242806405,0.0630026510713236,
2022-02-02 06:00:00,0.06312,0.06405,0.063,0.0634,10917172,693129.9013,3157,5202140,330472.26596,0.0001577535888941,ARPA-USDT,0.0631143367816421,0.0630931642844586,
2022-02-02 07:00:00,0.06339,0.0643,0.06321,0.06336,11227324,715004.96886,3474,5351359,341038.23071000003,-0.0009460737937559,ARPA-USDT,0.0634777983380559,0.0633707257051545,
2022-02-02 08:00:00,0.06339,0.06346,0.06275,0.06304,9792539,616854.90996,3271,4506246,283817.38585,-0.0003171582619728,ARPA-USDT,0.0632510701096635,0.0632769834138258,0.0001
2022-02-02 09:00:00,0.0630299999999999,0.06322,0.06282,0.06311,4114361,259129.68299,1669,2069997,130391.76657,-0.000475134621476,ARPA-USDT,0.0630179439521648,0.063029222418332,
2022-02-02 10:00:00,0.06309,0.06322,0.06287,0.06315,3139594,197996.61676,1849,1566232,98766.28468,-0.0006330115524607,ARPA-USDT,0.06308508819387,0.0630412790792555,
2022-02-02 11:00:00,0.06317,0.06346,0.06295,0.06342,4742314,299775.1001,2395,2204369,139364.82524,-0.0001576541068893,ARPA-USDT,0.0631618249660787,0.0631174392170059,
2022-02-02 12:00:00,0.06339,0.06385,0.06331,0.06372,6508706,413922.53215,2663,3085050,196178.46455,-0.0001569119723834,ARPA-USDT,0.0633674289754584,0.0634060203423377,
2022-02-02 13:00:00,0.06372,0.06377,0.0632,0.06326,6963967,441633.03804,2873,3289226,208523.64895,-0.0004740085321536,ARPA-USDT,0.0637220969351389,0.0637446263325125,
2022-02-02 14:00:00,0.06326,0.06344,0.06075,0.0610799999999999,15554702,968157.10658,4450,6042464,375903.87667,-0.0013080444735137,ARPA-USDT,0.0632171199985403,0.0633071731076074,
2022-02-02 15:00:00,0.06107,0.06143,0.06039,0.0604899999999999,11182237,681293.09591,3436,5244539,319724.28655,-0.0014856388246963,ARPA-USDT,0.0611925512311358,0.0611150343837503,
2022-02-02 16:00:00,0.06045,0.0607399999999999,0.05946,0.0607299999999999,11838213,711977.85247,4154,5456353,328165.07486,-0.0009870044415215,ARPA-USDT,0.0603200838046088,0.0601760665839281,0.0001
2022-02-02 17:00:00,0.0607299999999999,0.0612,0.0604899999999999,0.06117,5599562,340681.51398,2358,2471698,150433.2744,-0.0006534879921581,ARPA-USDT,0.0606223353939487,0.060607937343581,
2022-02-02 18:00:00,0.06118,0.06143,0.061,0.06122,4842443,296381.05477,1822,2602024,159264.48207,0.0003267973856209,ARPA-USDT,0.061160363945076,0.0611628319528864,
2022-02-02 19:00:00,0.06122,0.06162,0.061,0.06127,3103879,190239.92592,1690,1441346,88348.5526,-0.0008153946510111,ARPA-USDT,0.0612289897883328,0.0612748546087261,
2022-02-02 20:00:00,0.0612799999999999,0.06167,0.06088,0.0614399999999999,6104648,374398.9188,2580,3134603,192262.79591,-0.0013003901170367,ARPA-USDT,0.0612506895722476,0.0611758318152711,
2022-02-02 21:00:00,0.06145,0.06155,0.05932,0.06014,7916340,477630.83968,3423,3835458,231321.86315,-0.0016600265604249,ARPA-USDT,0.0614993957268613,0.0613455848777285,
2022-02-02 22:00:00,0.06014,0.06081,0.05969,0.06025,4018495,242323.46076,1696,2205498,132983.25585,-0.0018223989396951,ARPA-USDT,0.0602546837648742,0.0602851339352297,
2022-02-02 23:00:00,0.06025,0.06061,0.0596,0.05991,4811433,289277.83665,1825,2142421,128897.86681,0.0003339455668724,ARPA-USDT,0.060294186106791,0.0602906678945238,
2022-02-03 00:00:00,0.05992,0.06026,0.0591,0.05994,7930410,473721.84238,2152,3619856,216381.39995,-0.0021641418345264,ARPA-USDT,0.0598998380781922,0.0598714651245622,-0.00029271
2022-02-03 01:00:00,0.05992,0.06026,0.05842,0.05892,7561599,449157.59113,2520,3852308,228787.18972,-0.0028769673379589,ARPA-USDT,0.0599496431481179,0.0600693243323985,
2022-02-03 02:00:00,0.0589299999999999,0.0591,0.05807,0.05877,7724067,451596.37543,2811,3519801,205850.34543,-0.0008500510030601,ARPA-USDT,0.0589852052012148,0.0589653060991574,
2022-02-03 03:00:00,0.05877,0.05905,0.0584,0.05851,5048697,296833.33953,2158,2446860,143869.15328,-0.0005124701059104,ARPA-USDT,0.0587335787184948,0.0587932806289326,
2022-02-03 04:00:00,0.05849,0.05905,0.05839,0.0589,3769356,221805.67247,2342,1913226,112565.22309,-0.0011870442597931,ARPA-USDT,0.0584458842461759,0.058533789224709,
2022-02-03 05:00:00,0.0588799999999999,0.05955,0.0587899999999999,0.05934,6912382,408353.31589,2916,3881946,229227.08915,-0.0016823687752355,ARPA-USDT,0.0588785900159977,0.0588800346040922,
2022-02-03 06:00:00,0.05936,0.05941,0.0589299999999999,0.0592,4433567,262360.57867,2197,2243947,132732.6024,-0.0011810359372363,ARPA-USDT,0.0593491612915048,0.0593497894165644,
2022-02-03 07:00:00,0.0592,0.05956,0.05916,0.0594,4439806,263583.15063,1983,2195992,130292.86615,-0.0008410428931875,ARPA-USDT,0.0591779691342474,0.0592162394739806,
2022-02-03 08:00:00,0.05937,0.0595399999999999,0.05914,0.05941,3860796,229278.53549,1852,1584655,94118.54717,-0.0005047106325707,ARPA-USDT,0.0593881244014365,0.0593538481323812,-0.00032593
2022-02-03 09:00:00,0.05941,0.05947,0.05792,0.05803,6335954,372570.32973,2556,2879503,169432.97731,-0.0020636285468615,ARPA-USDT,0.0594409525614899,0.0593333090308341,
2022-02-03 10:00:00,0.0580399999999999,0.05824,0.0574299999999999,0.0580799999999999,8563473,496041.267,2927,4179362,242049.56568,-0.0024046719340449,ARPA-USDT,0.0580493281060302,0.057771236687547,
2022-02-03 11:00:00,0.05807,0.05924,0.05803,0.0591799999999999,7357032,431346.51812,2052,3773250,221257.47872,-1.7763568394002505e-15,ARPA-USDT,0.0581210434037885,0.0581249094715395,
2022-02-03 12:00:00,0.0592,0.05939,0.05806,0.0592799999999999,7224059,423565.1479,2655,3401385,199436.94443,-0.0028595458368393,ARPA-USDT,0.0591589278498989,0.0589603074826838,
2022-02-03 13:00:00,0.05931,0.05946,0.05878,0.05931,4088222,241972.62944,2244,2050850,121361.28824,-0.0006739679865206,ARPA-USDT,0.0592574543022737,0.0593051921976725,
2022-02-03 14:00:00,0.05932,0.05982,0.05895,0.05919,6352660,376989.78476,2664,3260896,193621.12538,-0.0011812352345595,ARPA-USDT,0.059436840627441,0.0593471987974816,
2022-02-03 15:00:00,0.0591799999999999,0.0607299999999999,0.0591799999999999,0.06062,8212337,493922.02516,3017,4218453,253678.25495,-0.0016469038208168,ARPA-USDT,0.0592548911945542,0.0595113213244894,
2022-02-03 16:00:00,0.0606299999999999,0.06394,0.06046,0.06081,65183195,4065726.14617,15254,32308370,2014291.35278,-0.0016417665407978,ARPA-USDT,0.0605910346849931,0.0605890979177753,-0.00019993
2022-02-03 17:00:00,0.06081,0.0619299999999999,0.05968,0.06142,60198904,3655352.96155,13460,28859855,1752540.05625,-0.0046994004213255,ARPA-USDT,0.0608994262415651,0.0605973056440254,
2022-02-03 18:00:00,0.06146,0.06197,0.06039,0.06059,27402342,1673282.36212,6948,12698241,774802.06235,-0.0013186088676446,ARPA-USDT,0.0614526052795051,0.061426724008696,
2022-02-03 19:00:00,0.0605799999999999,0.0607399999999999,0.06001,0.06011,18990377,1146857.85746,5500,8131540,490924.18978,-0.0014950166112956,ARPA-USDT,0.060493328679536,0.0604802699191385,
2022-02-03 20:00:00,0.06011,0.06135,0.05986,0.06117,28395004,1725243.34098,7516,13220712,803119.21575,-0.0001634521085321,ARPA-USDT,0.0601256341176733,0.0600089216477505,
2022-02-03 21:00:00,0.06117,0.0619899999999999,0.06115,0.06159,20586110,1268339.46629,7038,8906001,548647.45432,0.0003248335228196,ARPA-USDT,0.0614188382207539,0.0616147363999306,
2022-02-03 22:00:00,0.06159,0.06207,0.0610799999999999,0.06147,9128747,562085.21773,3759,4463988,274841.04692,0.0003254678600488,ARPA-USDT,0.0615697442053243,0.0614506005519911,
2022-02-03 23:00:00,0.06146,0.06179,0.06096,0.06163,9486770,581725.53577,3548,5236885,321062.65665,0.0008119519324454,ARPA-USDT,0.0614357112205858,0.0613550553229945,
2022-02-04 00:00:00,0.06163,0.0616899999999999,0.0613,0.06152,8017993,493201.07744,2813,3937013,242181.57747,-0.0014608018178866,ARPA-USDT,0.0615576689643995,0.0615069764109851,-0.00047929
2022-02-04 01:00:00,0.06152,0.06152,0.06092,0.06113,6615864,404898.11587,2322,3089025,189012.82899,0.0,ARPA-USDT,0.0614297389189601,0.0613106012262229,
2022-02-04 02:00:00,0.06114,0.06151,0.06102,0.06126,6962092,426500.99288,2136,3767237,230786.58277,-0.0011413663786075,ARPA-USDT,0.0611457476599265,0.0611062957853738,
2022-02-04 03:00:00,0.06126,0.06146,0.06112,0.06115,3719177,227808.24254,1539,1669088,102223.90425,-0.0011434171839267,ARPA-USDT,0.0612436036946168,0.0612736139327644,
2022-02-04 04:00:00,0.06114,0.06136,0.06094,0.06094,5318255,325057.72845,1846,2527248,154519.12768,-0.0013110455588331,ARPA-USDT,0.0612677758627149,0.061247144514415,
2022-02-04 05:00:00,0.06095,0.06171,0.06043,0.0616899999999999,11992977,733504.63443,3461,6070815,371387.9364,-0.0001620745542966,ARPA-USDT,0.0609436871338816,0.0609123347633952,
2022-02-04 06:00:00,0.0616899999999999,0.0622,0.0616899999999999,0.0621899999999999,8017689,497232.19596,2449,3665476,227289.70066,-0.0001607717041817,ARPA-USDT,0.0617988105811611,0.061762711130283,
2022-02-04 07:00:00,0.0622,0.06268,0.06191,0.06217,7654423,475964.71589,2276,4170867,259293.74434,0.0001608751608752,ARPA-USDT,0.0622398778847148,0.0622996292113097,
2022-02-04 08:00:00,0.0621799999999999,0.06318,0.06217,0.06301,9938418,623493.82646,2953,4544836,285177.99874,-0.0017427122940431,ARPA-USDT,0.0624247975143279,0.0624752579643171,-0.0001756
2022-02-04 09:00:00,0.06302,0.06336,0.06271,0.0631,8683280,547267.15095,2664,4935797,311141.03429,-0.0015822784810126,ARPA-USDT,0.063043378973336,0.0631707423544104,
2022-02-04 10:00:00,0.06309,0.0636,0.06253,0.06279,9419087,592967.97117,2883,4262005,268322.14202,0.0001592863969417,ARPA-USDT,0.0630441233343589,0.0631414427690857,
2022-02-04 11:00:00,0.06279,0.063,0.06256,0.0625899999999999,5190576,325839.58069,2785,2657367,166825.31931,-0.0006386715631504,ARPA-USDT,0.0628016172310118,0.0627892865731004,
2022-02-04 12:00:00,0.06258,0.06327,0.0625,0.06309,8313581,523170.64403,3133,4744263,298486.60141,-0.0003169069877991,ARPA-USDT,0.0625659106436457,0.0626563498432748,
2022-02-04 13:00:00,0.06309,0.06341,0.06134,0.06167,11827697,737194.018,3760,5385432,335762.71177,-0.0001621271076522,ARPA-USDT,0.0630913205980712,0.0629566379361605,
2022-02-04 14:00:00,0.0616899999999999,0.06242,0.06114,0.0621,16731857,1034764.59989,5137,7676782,474990.09347,-0.0006437077566784,ARPA-USDT,0.0616302233753545,0.0614047670122867,
2022-02-04 15:00:00,0.06212,0.06506,0.0619899999999999,0.06389,21196078,1351449.4567,7190,10732981,683840.01005,-0.0001564945226916,ARPA-USDT,0.0621270096209075,0.0621728537917962,
2022-02-04 16:00:00,0.06389,0.06559,0.06379,0.06489,15593128,1010575.58157,5535,7878629,510597.64668,-0.0003081189339083,ARPA-USDT,0.0639471908387084,0.0641128229693749,0.0001
2022-02-04 17:00:00,0.06491,0.06539,0.06467,0.06512,8693861,566108.73967,3193,4228822,275397.89198,-0.0007672241829064,ARPA-USDT,0.0648432243174009,0.0649527132361863,
2022-02-04 18:00:00,0.06511,0.06534,0.0641,0.06423,10116581,653649.58445,3985,4674287,302134.84889,0.0,ARPA-USDT,0.0652373019332873,0.0651367189112167,
2022-02-04 19:00:00,0.06423,0.06532,0.06412,0.06504,8270622,533894.87538,4017,4903929,316530.95963,-0.0003074085459576,ARPA-USDT,0.0642540248543502,0.0642798259554525,
2022-02-04 20:00:00,0.06504,0.06521,0.06445,0.0646,7281341,471771.59745,3533,3180707,206035.80264,-0.0004641807210273,ARPA-USDT,0.0651332359446095,0.065066908103938,
2022-02-04 21:00:00,0.0646,0.06516,0.06448,0.06516,5961567,386235.70952,3035,3089474,200188.29067,0.0003070310101318,ARPA-USDT,0.0646099918522542,0.0645904513457044,
2022-02-04 22:00:00,0.06513,0.06537,0.0646,0.0653,5059343,329021.50622,2663,2394795,155807.63967,-0.0001531159087431,ARPA-USDT,0.0651229136501941,0.064975389066166,
2022-02-04 23:00:00,0.06529,0.06644,0.06522,0.06622,8153273,535748.15899,3628,4526576,297501.97737,0.0007556294393229,ARPA-USDT,0.0653332726803103,0.0653560490237314,
2022-02-05 00:00:00,0.06621,0.0668899999999999,0.0656,0.06597,13191038,871116.87696,4572,5747262,379614.5657,0.0001516070345664,ARPA-USDT,0.0661493986967722,0.0659525064622409,0.0001
2022-02-05 01:00:00,0.06597,0.06683,0.06556,0.06656,6451343,426395.60619,3221,3922201,259178.86498,-0.0006006006006007,ARPA-USDT,0.0659553640672124,0.0660176569760361,
2022-02-05 02:00:00,0.06655,0.06748,0.06571,0.06732,11093414,739001.5819999999,4087,4899462,326231.2563,0.000297176820208,ARPA-USDT,0.0664989431854392,0.0661786307907229,
2022-02-05 03:00:00,0.06735,0.06809,0.06707,0.06809,8003136,539955.68396,2964,4490462,302794.89161,0.0,ARPA-USDT,0.0673943971846585,0.0672873430530009,
2022-02-05 04:00:00,0.06809,0.06923,0.06796,0.0686,9006233,618342.73485,3741,4101792,281473.8498,0.000583430571762,ARPA-USDT,0.0681589040705023,0.068232648381417,
2022-02-05 05:00:00,0.06861,0.07023,0.06856,0.06957,6872362,476518.44869,3548,3481766,241218.78012,-0.0010051694428487,ARPA-USDT,0.0686443217542963,0.068671091535597,
2022-02-05 06:00:00,0.0695799999999999,0.07035,0.06934,0.06939,8510388,594204.19905,3565,4136098,288826.24939,-0.0001440922190203,ARPA-USDT,0.0696519957063911,0.0698211950824066,
2022-02-05 07:00:00,0.06939,0.07039,0.06857,0.06914,17641853,1222786.61177,5848,9007197,623917.09033,-0.0007226477814714,ARPA-USDT,0.0693503302958042,0.0691323794527752,
2022-02-05 08:00:00,0.06915,0.06973,0.06911,0.0695,7121741,493687.00442,3031,3816905,264625.71957,0.0008640552995391,ARPA-USDT,0.0691504831240463,0.0693111209058816,0.0001
2022-02-05 09:00:00,0.0695,0.0717899999999999,0.0690799999999999,0.07059,26997897,1904016.87761,7534,14563843,1026675.35959,0.0,ARPA-USDT,0.0695044577362955,0.069379238468862,
2022-02-05 10:00:00,0.07056,0.0705799999999999,0.0689,0.0695799999999999,20830046,1451906.58605,7834,8269157,576004.46478,0.0001437401178654,ARPA-USDT,0.0704312431749702,0.0701796247586082,
2022-02-05 11:00:00,0.0695799999999999,0.07134,0.06955,0.06994,15797738,1108975.50906,6626,7343842,515229.66888,-0.000285877644368,ARPA-USDT,0.0696072186197313,0.0695887763895934,
2022-02-05 12:00:00,0.06994,0.07136,0.06926,0.07036,16734852,1177543.69876,4650,8738864,614846.25702,-0.0001421060110842,ARPA-USDT,0.06994251762607,0.0699088156134929,
2022-02-05 13:00:00,0.07036,0.07036,0.06956,0.07001,9224526,645402.19189,3725,4146380,289986.79769,-0.000142816338189,ARPA-USDT,0.0702560456918745,0.0700018235300467,
2022-02-05 14:00:00,0.07001,0.07096,0.06965,0.07023,13440658,945194.02214,3879,6667167,468733.34335,0.00071245369051,ARPA-USDT,0.0699878726639278,0.0697963641654475,
2022-02-05 15:00:00,0.07017,0.07022,0.06931,0.07011,11316078,789930.03785,3748,5754268,401723.40009,0.0004280821917808,ARPA-USDT,0.070099969796373,0.0697615947311474,
2022-02-05 16:00:00,0.07009,0.07015,0.0674,0.06774,18728502,1286203.44816,4838,8239099,565606.828,-0.0005901445854236,ARPA-USDT,0.0700665042259523,0.0699071724433195,0.0001
2022-02-05 17:00:00,0.06774,0.06853,0.06607,0.06841,11966387,804920.36639,4971,5916294,397883.67144,-0.0001461560947091,ARPA-USDT,0.0678389352052225,0.0676981978660532,
2022-02-05 18:00:00,0.0684,0.06988,0.06813,0.0686399999999999,14946855,1030919.08322,4800,7729418,533040.71318,-0.0001456664238908,ARPA-USDT,0.0683735197772235,0.068300693677601,
2022-02-05 19:00:00,0.0686399999999999,0.0686399999999999,0.06763,0.06797,6904369,470311.58512,2921,3041106,207060.55854,0.0010309278350515,ARPA-USDT,0.0686119194345144,0.0684981447457247,
2022-02-05 20:00:00,0.06799,0.06881,0.06762,0.06879,5408985,367978.44119,2798,2831002,192660.00443,0.0014558159848596,ARPA-USDT,0.0681067315035057,0.0678830535878411,
2022-02-05 21:00:00,0.0688,0.06991,0.0684,0.06876,13406837,925476.64074,4864,5788611,399635.33093,-0.000290782204129,ARPA-USDT,0.0688861453832791,0.0687448087924338,
2022-02-05 22:00:00,0.06871,0.06915,0.06844,0.06903,6024668,414137.00429,2771,3159854,217231.44531,-0.0002896451846489,ARPA-USDT,0.0687145453444949,0.068761151836077,
2022-02-05 23:00:00,0.069,0.06938,0.06858,0.06891,6329614,436376.34475,2405,3239016,223425.86244,-0.001304347826087,ARPA-USDT,0.0688855798536055,0.0688817342794931,
2022-02-06 00:00:00,0.0689299999999999,0.06909,0.06765,0.06899,10214700,697545.54604,3752,4864295,332066.68534,0.0002899811512251,ARPA-USDT,0.0689918649545395,0.0688819835379414,0.0001
2022-02-06 01:00:00,0.06899,0.07034,0.06898,0.07034,10944693,762191.93774,3684,5002916,348607.03299,-0.0001421464108031,ARPA-USDT,0.0691052165649709,0.0691589863520142,
2022-02-06 02:00:00,0.07034,0.07096,0.06865,0.06915,19032942,1331253.94542,5627,8304247,579751.6865600001,-0.0010112684195319,ARPA-USDT,0.0705665644277321,0.0701009412340439,
2022-02-06 03:00:00,0.06914,0.06981,0.06848,0.06852,10827899,748369.66222,3565,5422679,374970.63127,-0.0005834305717619,ARPA-USDT,0.069124456074252,0.0693964111996951,
2022-02-06 04:00:00,0.06851,0.06892,0.06713,0.06855,10698780,727408.46513,3802,5469084,371639.42138,-0.0007288629737608,ARPA-USDT,0.0686531474901801,0.068754476722188,
2022-02-06 05:00:00,0.06856,0.06966,0.06825,0.06922,7101963,489890.76344,3305,3235359,223107.74815,-0.0001444460494004,ARPA-USDT,0.0685408422131147,0.0685608698040449,
2022-02-06 06:00:00,0.06919,0.06919,0.06803,0.0681399999999999,8106507,555658.08861,3136,3909936,268030.86083,-0.0010262424864405,ARPA-USDT,0.0690921666688469,0.0690299286850093,
2022-02-06 07:00:00,0.06816,0.06909,0.0679299999999999,0.0689299999999999,5334670,364927.21604,2717,2618304,179145.76298,-0.0008696912596043,ARPA-USDT,0.0681620084690636,0.0681703481414299,
2022-02-06 08:00:00,0.0689299999999999,0.07063,0.06831,0.06928,22947312,1588012.60617,7040,10404267,719713.26945,-0.0005770340450088,ARPA-USDT,0.0689089947937393,0.0689081476750144,0.0001
2022-02-06 09:00:00,0.06927,0.06945,0.06881,0.0694299999999999,6543239,451982.37877,3136,3144568,217207.36357,-0.000863433587568,ARPA-USDT,0.0692463175029271,0.0691753534038601,
2022-02-06 10:00:00,0.0694299999999999,0.0695799999999999,0.06853,0.06869,5967767,411916.17956,2687,2733598,188548.4606,-0.000291078445641,ARPA-USDT,0.0694434775985782,0.069442319241136,
2022-02-06 11:00:00,0.06869,0.069,0.06805,0.06834,5891082,403372.99099,2593,2422596,165920.65548000002,0.0,ARPA-USDT,0.0686900014967819,0.0687746835843704,
2022-02-06 12:00:00,0.06835,0.07151,0.06826,0.06897,29582639,2059480.28165,8491,15368326,1068838.29651,-0.0010139049826187,ARPA-USDT,0.0683615654368723,0.0684296470460949,
2022-02-06 13:00:00,0.06896,0.06996,0.06852,0.06905,16721818,1155274.40849,5545,7702062,531979.24282,-0.0002895613146084,ARPA-USDT,0.0689634271454174,0.0689039057522767,
2022-02-06 14:00:00,0.06905,0.07021,0.0675,0.06758,13355381,918575.6801,4958,5627683,387231.8498,-0.0007393168712108,ARPA-USDT,0.0690509776783429,0.0689904151310515,
2022-02-06 15:00:00,0.06757,0.06902,0.06673,0.06867,9383301,638453.35696,3725,4362536,296466.40665,0.0,ARPA-USDT,0.067530714612425,0.0672561089342209,
2022-02-06 16:00:00,0.06869,0.07069,0.06836,0.07026,15467571,1078646.80086,6480,7746516,540300.2911,-0.0007111363959606,ARPA-USDT,0.0686738162110936,0.0685381905021098,0.0001
2022-02-06 17:00:00,0.07026,0.07071,0.06942,0.0699299999999999,10652378,747477.93873,4523,5127937,359825.09783,-0.0001429796968845,ARPA-USDT,0.0702631542191861,0.0703402205043492,
2022-02-06 18:00:00,0.06994,0.07024,0.06852,0.06866,11137830,771990.28484,3792,5136281,355881.97689,0.0004371266210112,ARPA-USDT,0.0699622181839929,0.0700770508302302,
2022-02-06 19:00:00,0.0686399999999999,0.06897,0.0681799999999999,0.06894,8906386,611061.99261,3911,3900564,267667.89598,-0.0011590843233845,ARPA-USDT,0.0686496100297845,0.0686157863485771,
2022-02-06 20:00:00,0.06894,0.07,0.0684,0.06902,11686120,809571.18671,4372,5151218,356822.09777,-0.000723903286521,ARPA-USDT,0.0689107401484059,0.0690519711629054,
2022-02-06 21:00:00,0.06902,0.07125,0.0688899999999999,0.0696,18734807,1313082.86848,5799,8655964,606139.28251,-0.0012914334911753,ARPA-USDT,0.0690670309846087,0.0692031417745006,
2022-02-06 22:00:00,0.0696,0.07035,0.06874,0.06882,12910743,897341.85826,5416,6010724,417604.96642,-0.0017406440382941,ARPA-USDT,0.0695600286237931,0.0697715390707245,
2022-02-06 23:00:00,0.06882,0.07122,0.06855,0.07098,15482708,1085511.55198,5467,7802493,547198.16289,-0.0016877637130801,ARPA-USDT,0.0687417929610209,0.0690872815598117,
2022-02-07 00:00:00,0.07099,0.07413,0.06986,0.0707,42102727,3013363.68593,13764,19981829,1431054.89793,-0.0019762845849802,ARPA-USDT,0.0711784668317539,0.0710282805920241,0.0001
2022-02-07 01:00:00,0.0707,0.07387,0.07038,0.07096,30129826,2156626.4192,11694,14977847,1072438.7685,0.0001409443269908,ARPA-USDT,0.07069789956401,0.0710842296423128,
2022-02-07 02:00:00,0.07096,0.07182,0.0708,0.07082,13663176,974878.14253,5053,6749958,481677.032,-0.0021135691137101,ARPA-USDT,0.0710943693235349,0.0713685876653274,
2022-02-07 03:00:00,0.07082,0.0727299999999999,0.0708,0.07232,8180774,588043.87358,3693,3807085,273473.65955,-0.0006908940168579,ARPA-USDT,0.0708763294010889,0.0709530742141589,
2022-02-07 04:00:00,0.07231,0.0734,0.07147,0.07272,16448097,1191577.65994,5487,8035233,581738.97032,-0.0004123711340204,ARPA-USDT,0.0723283877438246,0.072337689213041,
2022-02-07 05:00:00,0.07272,0.07368,0.07239,0.0733,16309923,1192069.43976,5855,8454062,617927.66036,-0.0016344320348677,ARPA-USDT,0.0727764196405639,0.0726489014559597,
2022-02-07 06:00:00,0.0733,0.07466,0.0731899999999999,0.07403,27888256,2060344.76513,8672,14330801,1058699.94292,-0.0014836795252225,ARPA-USDT,0.0733022047407243,0.0734143739345785,
2022-02-07 07:00:00,0.07402,0.07497,0.07339,0.07418,27889257,2070175.77488,8976,12745601,946312.791,-0.0028229600752789,ARPA-USDT,0.0740619836964869,0.0742446515875128,
2022-02-07 08:00:00,0.0741899999999999,0.0751899999999999,0.07366,0.07426,29515223,2196204.10544,7727,13402654,997366.60263,-0.0005383580080753,ARPA-USDT,0.0741096673556446,0.0745590904042264,-0.00012234
2022-02-07 09:00:00,0.07427,0.07449,0.07202,0.07317,21959558,1613509.21161,6693,9870634,725191.13196,-0.001637331150225,ARPA-USDT,0.0742072353394331,0.0742950168648441,
2022-02-07 10:00:00,0.07317,0.07445,0.07314,0.07417,15329260,1134797.14406,5443,7540022,558069.97202,-0.0013464386697186,ARPA-USDT,0.0732774351833563,0.0737164353071497,
2022-02-07 11:00:00,0.07417,0.07675,0.07405,0.07572,49434337,3736323.67333,14005,24917246,1883524.14597,-0.0014506132137676,ARPA-USDT,0.0742652273125714,0.0742455081385595,
2022-02-07 12:00:00,0.07565,0.0788799999999999,0.07564,0.07811,78333781,6074295.57989,25489,39565410,3068825.82346,-0.0034447563153866,ARPA-USDT,0.0758150145213538,0.0759134575119025,
2022-02-07 13:00:00,0.0781299999999999,0.08118,0.07787,0.08086,115784150,9227058.56428,32907,59686326,4759724.80971,-0.0124572545188079,ARPA-USDT,0.0781692754114441,0.0784251283347896,
2022-02-07 14:00:00,0.08091,0.08756,0.08043,0.08537,482755670,40979703.77888,112758,254100301,21558443.13593,-0.0244543480745057,ARPA-USDT,0.080703649123156,0.0814720707581029,
2022-02-07 15:00:00,0.08537,0.09199,0.08451,0.08782,352722640,30702696.66134,83827,187796837,16364008.08533,-0.0024988641526578,ARPA-USDT,0.0853118848769715,0.0854728497230314,
2022-02-07 16:00:00,0.08781,0.08855,0.0865799999999999,0.08796,131134738,11477146.96673,36765,61097026,5349066.20556,-0.00508992195453,ARPA-USDT,0.0873509723213443,0.0871736657855616,-0.0075
2022-02-07 17:00:00,0.0879799999999999,0.09433,0.0875799999999999,0.08974,341905290,31114816.39677,84592,174029348,15847120.60224,-0.0032211485060534,ARPA-USDT,0.0880647796741397,0.090594949778745,
2022-02-07 18:00:00,0.08972,0.09383,0.08877,0.09106,211052555,19262622.3996,55957,101901639,9304655.62768,0.0001098297638659,ARPA-USDT,0.0893910063656903,0.0892535273737476,
2022-02-07 19:00:00,0.09109,0.09195,0.0876,0.0914,156737082,14073735.26246,44163,70847218,6364217.75483,-0.0042488288484584,ARPA-USDT,0.0907300115072523,0.0906779227574396,
2022-02-07 20:00:00,0.0913799999999999,0.09199,0.0892299999999999,0.09036,144175817,13023096.47204,41279,71307455,6442633.36017,-0.0037486218302095,ARPA-USDT,0.0915470162917013,0.0910492875776255,
2022-02-07 21:00:00,0.09039,0.09193,0.08797,0.08946,172708512,15509159.96325,44907,86675561,7787121.94812,-0.0013395847287341,ARPA-USDT,0.0901486949546806,0.09065255679768,
2022-02-07 22:00:00,0.08946,0.09086,0.08831,0.08988,82598034,7389951.41858,24045,40640670,3637405.23672,-0.0015552099533436,ARPA-USDT,0.0892403502362447,0.0890853034205913,
2022-02-07 23:00:00,0.08988,0.09152,0.0888299999999999,0.09114,108422213,9769669.25525,31630,55103994,4966258.04895,-0.0029537249753857,ARPA-USDT,0.0897439863963807,0.0898659906042732,
2022-02-08 00:00:00,0.0911299999999999,0.09393,0.08794,0.09087,201157565,18224233.00894,58204,102119372,9265288.39224,0.0005505395287381,ARPA-USDT,0.0908988480586622,0.090757264404159,-0.00093225
2022-02-08 01:00:00,0.09089,0.09149,0.0884399999999999,0.089,75269396,6755787.93328,22884,36681029,3291877.46399,-0.0016825574873807,ARPA-USDT,0.0911107044016193,0.0906225639487807,
2022-02-08 02:00:00,0.089,0.0902299999999999,0.08717,0.09008,78901151,7000481.49532,23756,38767499,3440015.58567,-0.0011088933244621,ARPA-USDT,0.0886835590309416,0.0886900165998812,
2022-02-08 03:00:00,0.09006,0.09367,0.08891,0.0931299999999999,115764982,10572872.9373,35864,56864662,5194865.92091,-1.2212453270876722e-15,ARPA-USDT,0.0899215210394831,0.0897288664511194,
2022-02-08 04:00:00,0.09317,0.09349,0.09001,0.09028,66549415,6072395.49804,21754,35360948,3227304.0763,0.0003324099722992,ARPA-USDT,0.093203530815731,0.0926588529907659,
2022-02-08 05:00:00,0.09026,0.0905,0.08868,0.08925,57274578,5139998.07153,16281,24082377,2162335.27038,-0.0015661707126076,ARPA-USDT,0.0903058749979752,0.090045710281624,
2022-02-08 06:00:00,0.08925,0.0904799999999999,0.08752,0.08924,71010982,6328732.16439,18780,32145682,2866073.40181,-0.0012311135982092,ARPA-USDT,0.0892696683167062,0.0893665822288228,
2022-02-08 07:00:00,0.08924,0.08996,0.08766,0.08992,37114038,3287088.30196,11609,19190746,1700431.05274,0.0001112223334445,ARPA-USDT,0.0890357818283191,0.0885442003067276,
2022-02-08 08:00:00,0.08991,0.08993,0.086,0.08801,102328444,8949579.35144,33086,48867437,4273485.3723,-0.001021566401816,ARPA-USDT,0.089761693098182,0.0891258205960622,-0.00043527
2022-02-08 09:00:00,0.088,0.08881,0.08635,0.08707,75166737,6572295.41947,25757,38214213,3343525.65474,0.0002297530155082,ARPA-USDT,0.0882327392840366,0.0883029747427061,
2022-02-08 10:00:00,0.08707,0.08774,0.08536,0.08612,65767264,5683529.80261,22551,31442433,2718586.64432,-0.0015072463768115,ARPA-USDT,0.0870331352004871,0.0871623092687201,
2022-02-08 11:00:00,0.0861,0.08847,0.0861,0.0879799999999999,42461904,3699625.93235,15384,22076630,1923465.65515,-0.0010219143862846,ARPA-USDT,0.0862429429607765,0.0864484186938252,
2022-02-08 12:00:00,0.08799,0.08888,0.08467,0.08698,82642533,7159141.56033,29491,41258997,3576375.12863,-0.0006893382352941,ARPA-USDT,0.0876600249101366,0.0877292309316963,
2022-02-08 13:00:00,0.08693,0.08845,0.0863,0.08709,49131807,4281605.10102,17057,26109470,2275241.5906,-0.0005737893045673,ARPA-USDT,0.087030722855377,0.0875090775241844,
2022-02-08 14:00:00,0.0870799999999999,0.0870799999999999,0.08537,0.08541,35573234,3057404.02813,12913,16904940,1453255.14028,-0.0007020007020007,ARPA-USDT,0.0866328089830701,0.0866599049436139,
2022-02-08 15:00:00,0.08538,0.0855,0.08195,0.0848,70934790,5938729.43081,23012,33793249,2830934.41428,-0.0003536484734174,ARPA-USDT,0.0853940410830821,0.0848340028426361,
2022-02-08 16:00:00,0.08477,0.08828,0.0833,0.08394,86859289,7429526.11221,30167,45730041,3913911.12622,-0.0007142857142857,ARPA-USDT,0.0851290874303004,0.0855820743209993,0.0001
2022-02-08 17:00:00,0.08394,0.08532,0.08388,0.0839299999999999,31534017,2664896.98476,12136,17746729,1499971.8826,-0.000595379852347,ARPA-USDT,0.0843486397798597,0.0845297416304913,
2022-02-08 18:00:00,0.08394,0.08559,0.08392,0.08488,22627816,1920170.67877,9619,13137656,1114874.3512,-0.0007063809748057,ARPA-USDT,0.0840376702466995,0.084172940984277,
2022-02-08 19:00:00,0.08488,0.08589,0.08466,0.0850799999999999,24659027,2101791.84635,9922,14609882,1245545.54438,0.0011767474699917,ARPA-USDT,0.0848519955962725,0.0849258023961978,
2022-02-08 20:00:00,0.08506,0.08687,0.08445,0.0861799999999999,28262349,2421527.23876,11355,15443046,1323806.19675,-0.0010432363509922,ARPA-USDT,0.0849667576809957,0.0848375919537849,
2022-02-08 21:00:00,0.08615,0.08744,0.08578,0.08626,23611550,2041862.08904,11004,12821484,1109209.56198,0.0001159420289855,ARPA-USDT,0.0860651622572315,0.0863536730140127,
2022-02-08 22:00:00,0.08626,0.08769,0.08544,0.08706,16398479,1417622.51339,7760,9739558,842050.40551,-0.0006887052341598,ARPA-USDT,0.0862747145655209,0.08643358439319,
2022-02-08 23:00:00,0.0870399999999999,0.088,0.08636,0.0865399999999999,15167314,1321989.77557,7114,8253774,719302.81403,0.0005781015146246,ARPA-USDT,0.0870591480274622,0.0871234256159721,
2022-02-09 00:00:00,0.0865399999999999,0.08777,0.08642,0.08746,15532061,1353334.67634,6479,8283698,721875.48599,-0.0002286236854138,ARPA-USDT,0.0868585527508898,0.0867972497672905,0.0001
2022-02-09 01:00:00,0.08743,0.0899799999999999,0.08686,0.08732,35168231,3118096.86517,13963,19505885,1729000.53015,0.0010317551301157,ARPA-USDT,0.0873920178266992,0.0876233471479681,
2022-02-09 02:00:00,0.08728,0.09167,0.0851,0.09115,64364279,5739698.06989,23109,35171124,3137435.73795,-0.0008769045270197,ARPA-USDT,0.0873787761007343,0.0869951732780702,
2022-02-09 03:00:00,0.09117,0.09275,0.08763,0.08792,60454795,5484440.5823800005,20520,30908411,2804371.28092,-0.0002274277916761,ARPA-USDT,0.0910931823609236,0.0915562393659746,
2022-02-09 04:00:00,0.08791,0.08811,0.08521,0.08634,51021453,4407921.78776,15985,23497589,2029744.35013,0.0,ARPA-USDT,0.0879931614127882,0.0873265312600581,
2022-02-09 05:00:00,0.0863299999999999,0.08878,0.0847,0.08828,34764088,3007578.28994,12899,17792153,1539883.23467,-0.0003397123768542,ARPA-USDT,0.0863761733302187,0.086170517013831,
2022-02-09 06:00:00,0.08832,0.0899799999999999,0.08651,0.08957,35442123,3122116.95743,13621,15947935,1405678.63876,0.0004467776164414,ARPA-USDT,0.0881798569181961,0.0876293059528583,
2022-02-09 07:00:00,0.08954,0.09,0.08761,0.0877899999999999,26789705,2370946.72589,10423,14396757,1273727.62785,-0.0010241238051901,ARPA-USDT,0.0896463454212043,0.0896425509970418,
2022-02-09 08:00:00,0.08781,0.08809,0.08651,0.0872,18397846,1602536.36925,8953,9484342,826180.96721,0.0003441550992313,ARPA-USDT,0.0878690871031167,0.0878131646509175,0.0001
2022-02-09 09:00:00,0.08719,0.08738,0.08591,0.08665,18118862,1568076.87089,8125,9285218,803792.88214,-0.0003461005999075,ARPA-USDT,0.0872271053283529,0.0870575353979191,
2022-02-09 10:00:00,0.08662,0.08831,0.08661,0.08755,20150297,1762363.32899,8596,10552349,922872.12007,0.000457090618215,ARPA-USDT,0.0866991725526609,0.0868879939409453,
2022-02-09 11:00:00,0.08757,0.0875799999999999,0.08664,0.08677,14664123,1277659.70491,6558,6522363,568419.97233,-0.0004607764082479,ARPA-USDT,0.0873299164297079,0.0872582946488871,
2022-02-09 12:00:00,0.08677,0.08885,0.08666,0.0879,22620966,1988657.39123,9030,11247941,988525.18861,-0.0009092975676289,ARPA-USDT,0.0869088188568292,0.0870172190376626,
2022-02-09 13:00:00,0.08791,0.08899,0.0875399999999999,0.08797,16171630,1428800.22872,6993,7193880,635609.91307,-0.0011354604292038,ARPA-USDT,0.0878570220205789,0.087903326134905,
2022-02-09 14:00:00,0.08799,0.08877,0.08739,0.0881,13961842,1230782.80178,6529,6627396,584437.97818,-0.0018128257421256,ARPA-USDT,0.0879857532415857,0.0877709826257178,
2022-02-09 15:00:00,0.0880799999999999,0.08822,0.08737,0.08805,11841433,1040154.29685,6020,4528445,397989.37305,0.0001135847342117,ARPA-USDT,0.0880476657450654,0.0881070745921049,
2022-02-09 16:00:00,0.08806,0.08868,0.08744,0.0875399999999999,13204094,1161832.29607,6297,5379782,473476.31132,-0.0014828333523452,ARPA-USDT,0.0882962248200882,0.0882492273249517,0.0001
2022-02-09 17:00:00,0.0875399999999999,0.08769,0.08666,0.08692,15680540,1367090.19892,7155,5954557,519271.49392,-0.000919540229885,ARPA-USDT,0.0875178322443616,0.0874481851303152,
2022-02-09 18:00:00,0.08692,0.08727,0.0862899999999999,0.08671,17335514,1502510.24379,7257,7282092,631117.3034,-0.0006914832315316,ARPA-USDT,0.0869118595252431,0.0870835132765111,
2022-02-09 19:00:00,0.08674,0.08797,0.08636,0.08675,27984842,2440750.82672,9800,11305007,985710.91462,-0.0004608825901603,ARPA-USDT,0.0867746273854691,0.0868122088879075,
2022-02-09 20:00:00,0.08676,0.08711,0.08625,0.08693,16042598,1391610.03377,7932,6179764,536158.83142,-0.0013785180930501,ARPA-USDT,0.0869474926883233,0.0868631175682191,
2022-02-09 21:00:00,0.08693,0.0872,0.08665,0.08677,10542642,916268.54829,6538,3789971,329420.06534,-0.0013810565082287,ARPA-USDT,0.0868713997988695,0.0867973176795769,
2022-02-09 22:00:00,0.08677,0.08756,0.08651,0.08651,10551401,917919.00924,5456,4376763,380888.24323,-0.0016156953260242,ARPA-USDT,0.0868064891328264,0.0868957348843263,
2022-02-09 23:00:00,0.08653,0.08706,0.08576,0.08662,17330925,1498809.49327,7007,7410292,641030.55736,0.0,ARPA-USDT,0.0866620968987416,0.0867241037785663,
2022-02-10 00:00:00,0.08662,0.08688,0.08546,0.08614,13031788,1121345.46909,5657,5645992,485882.42999,-0.0006960556844548,ARPA-USDT,0.0866826751544762,0.0865939622463469,3.68e-06
2022-02-10 01:00:00,0.08614,0.08793,0.08601,0.08741,13759601,1196033.7747,5884,7819959,679525.15992,0.0005723443223444,ARPA-USDT,0.0861467717670183,0.0861247671187363,
2022-02-10 02:00:00,0.08741,0.08781,0.085,0.08511,17714917,1535077.72432,6833,7748777,671097.75916,0.0002350452462098,ARPA-USDT,0.0873163818111077,0.0874873567579693,
2022-02-10 03:00:00,0.0851,0.08609,0.08448,0.08585,14559981,1241148.87592,7398,6886380,586772.04247,-0.0018602488082781,ARPA-USDT,0.085213036324231,0.0848884223440629,
2022-02-10 04:00:00,0.08588,0.08665,0.08524,0.0857,10259642,881870.28313,5150,3872261,332779.45898,0.0004669624095259,ARPA-USDT,0.0858831479270991,0.0859222461701945,
2022-02-10 05:00:00,0.0857,0.08682,0.08535,0.08675,13043260,1122575.2014,5173,5632799,484952.50329,-0.0001152604887045,ARPA-USDT,0.0856706349835869,0.0855485432926433,
2022-02-10 06:00:00,0.08674,0.08782,0.08617,0.08632,13610689,1180214.53843,5571,5736073,497655.75033,-0.0012727062362607,ARPA-USDT,0.0867702835309569,0.086720348819828,
2022-02-10 07:00:00,0.0863,0.08797,0.0862899999999999,0.08716,13821933,1205403.91162,4994,6635527,578434.80311,-0.0016036655211912,ARPA-USDT,0.0863318340508506,0.0865332907813897,
2022-02-10 08:00:00,0.08719,0.08855,0.0870399999999999,0.08747,17982402,1576102.81607,6256,9267876,812399.11985,0.0002287021154945,ARPA-USDT,0.0871471324480747,0.0875135602742398,9.388e-05
2022-02-10 09:00:00,0.08751,0.08759,0.0866,0.08702,11868574,1033355.287,4305,4902673,426784.20317,-0.0009184845005739,ARPA-USDT,0.0875443961264109,0.0873218424642864,
2022-02-10 10:00:00,0.08701,0.0877,0.08681,0.0872899999999999,12668703,1105441.07527,4368,5900362,514711.71944,-1.2212453270876722e-15,ARPA-USDT,0.0869020257316067,0.0869249909119133,
2022-02-10 11:00:00,0.08727,0.08778,0.0869,0.08705,8466117,739413.14316,3324,3141655,274476.06506,-0.0013766203969255,ARPA-USDT,0.0872884444220022,0.0870729644885396,
2022-02-10 12:00:00,0.08703,0.0875,0.0853299999999999,0.0858299999999999,14865961,1284687.06989,4562,7397317,638946.49073,-0.0013961605584652,ARPA-USDT,0.0870818035092084,0.0872316816533634,
2022-02-10 13:00:00,0.08591,0.08638,0.08252,0.08463,29464052,2490239.20032,9987,13463424,1137531.59567,-0.0008264462809917,ARPA-USDT,0.0860371618253925,0.0859916114109463,
2022-02-10 14:00:00,0.0846799999999999,0.089,0.08324,0.08882,32297284,2777562.19086,12216,16848721,1448371.15927,-0.0010122595883478,ARPA-USDT,0.0842754404943152,0.0840731615052176,
2022-02-10 15:00:00,0.08885,0.09125,0.0871,0.09076,58180451,5171690.30521,20844,28527362,2534860.08935,-0.0004405286343613,ARPA-USDT,0.0878283877380752,0.0881096742564232,
2022-02-10 16:00:00,0.09077,0.1059799999999999,0.09068,0.10484,479481382,48231905.81077,128789,244531990,24588092.48756,-0.0063501089944081,ARPA-USDT,0.0909975644166569,0.0925912464503872,0.0001
2022-02-10 17:00:00,0.1048299999999999,0.1139,0.1041,0.11291,708449772,77429839.06331,168547,364190025,39823698.4185,-0.0033542236737577,ARPA-USDT,0.1049504988588308,0.1064408249710278,
2022-02-10 18:00:00,0.11291,0.11417,0.10744,0.10894,373845365,41117612.7402,100598,185706054,20418441.70926,0.00064296867824,ARPA-USDT,0.1133490946551204,0.1121670957022466,
2022-02-10 19:00:00,0.10895,0.10928,0.10515,0.10568,231597789,24818926.41673,70685,116014789,12437024.49169,0.0004733503739466,ARPA-USDT,0.1087680835674986,0.1081368658955847,
2022-02-10 20:00:00,0.10568,0.107,0.1043099999999999,0.1050799999999999,179666808,18924128.33827,60782,96718127,10190286.47203,0.0001903674090986,ARPA-USDT,0.1056712958775815,0.1055449420858454,
2022-02-10 21:00:00,0.10504,0.1053,0.10186,0.1024099999999999,186563760,19234228.69035,49939,98883376,10193515.62797,-0.000292854353769,ARPA-USDT,0.105089844526191,0.1046675648183196,
2022-02-10 22:00:00,0.10237,0.1046,0.10027,0.1041599999999999,202203108,20715297.41375,53003,99196471,10174689.65323,-0.0009591406100143,ARPA-USDT,0.1022904487542909,0.1014352535440832,
2022-02-10 23:00:00,0.10415,0.105,0.10248,0.10402,94000031,9736854.17286,30419,47134679,4883231.07095,0.0008659674781104,ARPA-USDT,0.1041185345523739,0.1037242072692195,
2022-02-11 00:00:00,0.10402,0.1077,0.10021,0.10275,213470547,22160880.34303,68472,113193266,11762542.6477,-0.0002918855808523,ARPA-USDT,0.1043097306017707,0.1049376840723699,0.0001
2022-02-11 01:00:00,0.10278,0.10293,0.09781,0.0981399999999999,116895177,11684312.19338,36731,57916245,5791898.68357,-0.0013228859265299,ARPA-USDT,0.1027647618904083,0.1023105263148935,
2022-02-11 02:00:00,0.09823,0.10059,0.0964,0.0993899999999999,125618051,12358226.85566,35321,66116082,6507551.33216,0.0016124156001198,ARPA-USDT,0.0986471887760678,0.0981451143620349,
2022-02-11 03:00:00,0.09937,0.10119,0.09701,0.1008299999999999,96917257,9589648.39519,26672,44353315,4384921.16729,-0.0014854426619141,ARPA-USDT,0.1000739368736368,0.0999224857222154,
2022-02-11 04:00:00,0.1008299999999999,0.1027,0.09738,0.0982799999999999,108810512,10818334.31691,30479,50030280,4977749.02335,-0.0008133387555927,ARPA-USDT,0.101625856189697,0.1010432020778705,
2022-02-11 05:00:00,0.0982799999999999,0.09959,0.0969,0.09707,49478598,4869304.28153,17020,24514707,2413046.76206,-0.0007206094296891,ARPA-USDT,0.0979147217483084,0.0980675032758326,
2022-02-11 06:00:00,0.09706,0.09849,0.09646,0.09798,49489865,4821533.20308,17596,25063052,2442390.75988,-0.0003060912151821,ARPA-USDT,0.0970324140123921,0.0969969844225764,
2022-02-11 07:00:00,0.098,0.1007,0.09727,0.09875,85049511,8433167.27322,27570,42947545,4261121.3042,-0.0013147249190937,ARPA-USDT,0.0977501975722763,0.0975952736878541,
2022-02-11 08:00:00,0.09874,0.10255,0.0971799999999999,0.101,115925615,11610591.82952,37218,58025613,5815277.60796,-0.000890295776041,ARPA-USDT,0.0987204205235109,0.0983851114640618,0.0001
2022-02-11 09:00:00,0.10099,0.10203,0.09801,0.10075,107875923,10775011.26289,34622,49105969,4908086.84788,-0.0009915716410509,ARPA-USDT,0.1007615933183696,0.0996678551893501,
2022-02-11 10:00:00,0.10076,0.10138,0.09874,0.0993899999999999,57026076,5686478.01356,17346,25592558,2552310.43521,-0.0009047044632097,ARPA-USDT,0.1009117486094054,0.1002750577073645,
2022-02-11 11:00:00,0.09942,0.09957,0.09719,0.09851,71425918,7029522.5716,18455,34151759,3361260.99358,-0.0011153924153315,ARPA-USDT,0.0990764109458555,0.0989684883904572,
2022-02-11 12:00:00,0.09857,0.09978,0.09769,0.0981,73992720,7304139.20901,21412,36729480,3627556.53596,-0.0010183299389,ARPA-USDT,0.0982528879338086,0.098191484250663,
2022-02-11 13:00:00,0.09816,0.09816,0.09602,0.09709,69646079,6753676.15802,21610,31479265,3053013.7023,-0.0002059520131809,ARPA-USDT,0.0975128008687728,0.0975935154451466,
2022-02-11 14:00:00,0.0971,0.09739,0.09502,0.09573,69003536,6624696.77618,22216,32767391,3146970.61225,-0.0009392611145899,ARPA-USDT,0.0971795233443821,0.0971891729278655,
2022-02-11 15:00:00,0.09579,0.0972799999999999,0.09556,0.09662,45040532,4343293.47677,14812,21613024,2084274.39659,-0.0002069536423842,ARPA-USDT,0.0962879579552362,0.0959472069197918,
2022-02-11 16:00:00,0.09665,0.09713,0.0945,0.09562,44549178,4264427.4718,16047,18360954,1758302.83308,-0.0001045696957022,ARPA-USDT,0.0969824123174294,0.0966195915647412,0.0001
2022-02-11 17:00:00,0.09559,0.09585,0.09461,0.0952399999999999,29289778,2788187.1263200003,11237,14720503,1401716.26586,-0.0001049868766415,ARPA-USDT,0.0953462238855154,0.095578616642552,
2022-02-11 18:00:00,0.0952399999999999,0.09542,0.09222,0.09298,54575633,5113627.30284,19489,23881387,2238077.3267,-0.0023605150214593,ARPA-USDT,0.0950302956377441,0.0951268891782283,
2022-02-11 19:00:00,0.09299,0.0936299999999999,0.09063,0.09219,84105456,7735327.0086,27881,43249282,3980316.93786,0.0,ARPA-USDT,0.0929283454404923,0.0927211175617705,
2022-02-11 20:00:00,0.09218,0.0926,0.08921,0.08962,67635947,6110911.70839,21051,33939738,3067067.3466,-0.0003346346904627,ARPA-USDT,0.0920684122036031,0.0922301039524521,
2022-02-11 21:00:00,0.08967,0.0904399999999999,0.08851,0.08997,45297120,4055113.56421,14489,23906076,2141405.94334,-0.0001111358079574,ARPA-USDT,0.0895977667577445,0.0899556128409716,
2022-02-11 22:00:00,0.08997,0.09009,0.08555,0.0862,76166550,6656897.45119,21085,32937785,2879807.38434,-0.000347906760988,ARPA-USDT,0.0899374839092009,0.0894933138013462,
2022-02-11 23:00:00,0.08623,0.08724,0.08511,0.08663,45100796,3894808.71818,12445,24043850,2076925.08076,-0.0017285088730122,ARPA-USDT,0.0860499260288231,0.0862180218638145,
2022-02-12 00:00:00,0.08667,0.08715,0.0859,0.08655,28881754,2497355.75236,9002,13009028,1125092.24857,-0.0008081274532441,ARPA-USDT,0.0865121108013283,0.0864200567686561,0.0001
2022-02-12 01:00:00,0.08655,0.08685,0.0859299999999999,0.0865,25800458,2228256.76719,8278,13994291,1208743.57794,-0.0003467005662776,ARPA-USDT,0.0865411397322495,0.0864607682971099,
2022-02-12 02:00:00,0.0865,0.08715,0.0856,0.0859,28211342,2440011.45563,8037,12926271,1118501.17554,0.0002328830926876,ARPA-USDT,0.0865583885929871,0.0864984123463604,
2022-02-12 03:00:00,0.08585,0.08642,0.08459,0.08541,41082499,3511303.19333,12413,18673690,1596723.92388,-0.0010526315789474,ARPA-USDT,0.0859115159047051,0.0860854888758481,
2022-02-12 04:00:00,0.08541,0.08637,0.08459,0.08537,30685102,2624096.33456,9198,15842197,1354531.92418,0.0,ARPA-USDT,0.0851445062760222,0.0850490835613117,
2022-02-12 05:00:00,0.08535,0.08599,0.08408,0.0848,25178259,2138616.47575,7078,11040897,938251.0127,-0.0003536484734174,ARPA-USDT,0.0854815659150529,0.0857029141636729,
2022-02-12 06:00:00,0.08481,0.08549,0.0813,0.08467,59199037,4948778.51506,16872,25311280,2117168.447,-0.0008260561718197,ARPA-USDT,0.0851368108464851,0.0849730752277104,
2022-02-12 07:00:00,0.08471,0.0863,0.0833899999999999,0.08465,44495034,3765237.68113,13407,20317662,1719758.41371,-0.0010620722209109,ARPA-USDT,0.085020837216044,0.085396342428911,
2022-02-12 08:00:00,0.08466,0.0872899999999999,0.0846399999999999,0.0863299999999999,42644625,3668477.07773,14039,20246557,1741692.43619,-0.0001158211721113,ARPA-USDT,0.0848052537569301,0.0850635576383385,0.0001
2022-02-12 09:00:00,0.0863299999999999,0.08839,0.08538,0.08721,48304047,4213712.89828,15182,22778020,1987007.13305,-0.0014884359972521,ARPA-USDT,0.0860282822102084,0.0860613371860774,
2022-02-12 10:00:00,0.08721,0.08749,0.08526,0.08607,29793535,2576970.46165,10047,13463146,1164228.20297,-0.0010445682451254,ARPA-USDT,0.0871138071128756,0.0870239696632088,
2022-02-12 11:00:00,0.08607,0.08717,0.08422,0.08701,31750002,2732705.20106,11108,15806687,1361618.8149,0.0003449068751437,ARPA-USDT,0.0864280695419125,0.0865467507945065,
2022-02-12 12:00:00,0.08698,0.08698,0.08462,0.08537,26457866,2269150.37438,8366,12973797,1112894.68068,-0.0005853430110044,ARPA-USDT,0.0868951341782358,0.0866542567367052,
2022-02-12 13:00:00,0.08537,0.08542,0.08398,0.08431,17410648,1477798.53838,6082,8353068,708899.6201,-0.0005926979611191,ARPA-USDT,0.0851369988966599,0.0850010030002783,
2022-02-12 14:00:00,0.08431,0.08472,0.0826399999999999,0.08373,26414840,2208338.34257,8193,12780667,1068976.52777,-0.0005968011458581,ARPA-USDT,0.0845630577117842,0.0845181181395626,
2022-02-12 15:00:00,0.08373,0.08454,0.08295,0.08431,18851270,1578733.93304,5755,9815097,821743.6432,-0.0010663507109005,ARPA-USDT,0.0839962101161845,0.0838966740008566,
2022-02-12 16:00:00,0.08433,0.08807,0.08386,0.08796,36864283,3187489.18603,12674,19207047,1660732.88474,0.000227427791676,ARPA-USDT,0.0843835552339362,0.0843340532786135,0.0001
2022-02-12 17:00:00,0.08794,0.09224,0.08761,0.0904,81602560,7379730.17134,26528,42160156,3810402.81135,-0.0003317483136127,ARPA-USDT,0.087862557708071,0.0882935153952143,
2022-02-12 18:00:00,0.09041,0.1049799999999999,0.09032,0.10305,226578484,22444445.33754,73371,114076898,11304275.56334,-0.0037703016241299,ARPA-USDT,0.0908544164883869,0.0910795189316448,
2022-02-12 19:00:00,0.103,0.10305,0.09598,0.09892,245815963,24322887.19,71604,120519728,11919859.72224,-0.0024203307785397,ARPA-USDT,0.1023430024756854,0.101477783387381,
2022-02-12 20:00:00,0.09896,0.09913,0.09416,0.09498,129189149,12383559.64358,36634,61021867,5848978.22679,-0.0003157562361857,ARPA-USDT,0.0984251006119407,0.0970556988954783,
2022-02-12 21:00:00,0.09498,0.0967,0.09446,0.09502,74974678,7157172.55018,26375,39252122,3747907.54022,0.0009480669967343,ARPA-USDT,0.095385414148537,0.0952219146635456,
2022-02-12 22:00:00,0.09501,0.0963,0.09315,0.09552,86799865,8225422.4797,29035,42177753,3998407.3461,-0.0012547051442911,ARPA-USDT,0.0946602430908603,0.0950813534625856,
2022-02-12 23:00:00,0.09551,0.09647,0.09406,0.09572,46006402,4374842.92403,15864,25070751,2384247.35721,-0.000626435581541,ARPA-USDT,0.0954035999733692,0.0956773219808156,
2022-02-13 00:00:00,0.09569,0.09779,0.09378,0.0952399999999999,112674383,10791244.7011,40827,53830246,5158615.69505,-0.0007344454936534,ARPA-USDT,0.0953605864977387,0.0965254022795979,5.298e-05
2022-02-13 01:00:00,0.09521,0.0973,0.09516,0.0962,67759391,6525625.48816,24383,33232471,3200043.2536,-0.0017640344505551,ARPA-USDT,0.0953880516131729,0.095740507385285,
2022-02-13 02:00:00,0.09623,0.10165,0.09465,0.09665,161919852,15744570.57973,55265,79241594,7710305.3004,-0.0001034554107179,ARPA-USDT,0.0964587401007748,0.0963802497839072,
2022-02-13 03:00:00,0.09666,0.09902,0.09487,0.09509,134462353,13069054.43843,45623,63573267,6183728.91597,-0.0004204772416693,ARPA-USDT,0.0966591578389165,0.096347601245849,
2022-02-13 04:00:00,0.0951,0.0984,0.09377,0.09607,134852651,12956016.62134,43208,64362492,6184887.91831,-0.0007281048470979,ARPA-USDT,0.0949589577014611,0.0945154497042998,
2022-02-13 05:00:00,0.09607,0.09668,0.09475,0.09539,85540793,8184764.00394,27506,42791988,4094903.44019,-0.0003143994969608,ARPA-USDT,0.0959188502038091,0.0957089318485169,
2022-02-13 06:00:00,0.09541,0.09595,0.0944,0.09464,69237666,6587554.73536,20859,35112004,3340912.4510500003,-0.0003168902503433,ARPA-USDT,0.0952290471237147,0.0952829685588259,
2022-02-13 07:00:00,0.09465,0.09543,0.0933,0.09391,99945705,9416740.78227,29294,50735978,4782795.504170001,-0.0008511543781254,ARPA-USDT,0.0946392834711177,0.0947303278251016,
2022-02-13 08:00:00,0.09391,0.09523,0.09355,0.09412,56219401,5304935.4988400005,17916,28951577,2731915.6924,0.0009571413378708,ARPA-USDT,0.0941132093390531,0.0943996193806523,-2.336e-05
2022-02-13 09:00:00,0.09408,0.09417,0.09175,0.09265,78973057,7322642.51428,26216,39096364,3625845.18896,-0.0006471793765505,ARPA-USDT,0.0941173975261168,0.0937904266297284,
2022-02-13 10:00:00,0.0927,0.09329,0.0918799999999999,0.09302,50411795,4667622.52535,15627,25218875,2335931.97322,-0.000751960468364,ARPA-USDT,0.0924915025518496,0.0922752749872142,
2022-02-13 11:00:00,0.09302,0.09318,0.09211,0.0926,31536444,2918997.12614,10217,15634334,1447214.54249,-0.000755368511924,ARPA-USDT,0.0930818189084901,0.0928390791595484,
2022-02-13 12:00:00,0.09258,0.0939,0.09225,0.0937,52703391,4914426.46618,15256,26396504,2461794.4026,-0.0012790449797484,ARPA-USDT,0.0925115555340722,0.092385133072027,
2022-02-13 13:00:00,0.0937,0.09652,0.093,0.09546,111987917,10611866.60091,30577,58414688,5539319.46977,-0.002612057256295,ARPA-USDT,0.0934599037907058,0.0932870019793181,
2022-02-13 14:00:00,0.09545,0.09561,0.09241,0.093,115112002,10808177.77455,31178,52501558,4929348.6549,-0.001610305958132,ARPA-USDT,0.0952268221443275,0.0948648014102135,
2022-02-13 15:00:00,0.09304,0.09374,0.09201,0.09294,61005145,5661777.022059999,16349,29561288,2743365.2789000003,0.0001076078768964,ARPA-USDT,0.0929644233670519,0.0932595935308962,
2022-02-13 16:00:00,0.09291,0.09471,0.09202,0.09228,111124285,10375534.02679,35121,52447934,4898440.52705,-0.0006497725795971,ARPA-USDT,0.0926814494461594,0.0927373285791945,3.133e-05
2022-02-13 17:00:00,0.09229,0.09237,0.08903,0.09031,90439438,8161223.18685,26618,42531729,3837216.80478,-0.002099447513812,ARPA-USDT,0.0917178333727086,0.0911302641937347,
2022-02-13 18:00:00,0.09029,0.09108,0.08755,0.08859,57366688,5127807.98393,15937,28335800,2534250.81265,-0.0009022217209878,ARPA-USDT,0.0902653330228225,0.0905382460656294,
2022-02-13 19:00:00,0.08855,0.09,0.088,0.08836,40074539,3565451.33771,12553,20400616,1814799.52797,-0.0007915865656451,ARPA-USDT,0.0883731247778275,0.0893301738308862,
2022-02-13 20:00:00,0.08838,0.08956,0.0879,0.08943,29516503,2619872.57886,8542,16728551,1484980.80595,-0.0021200624860523,ARPA-USDT,0.0884313431207376,0.0883329392640265,
2022-02-13 21:00:00,0.0894799999999999,0.08986,0.0877899999999999,0.08789,27373336,2430873.91075,7983,13703553,1216539.19663,-0.0001137656427759,ARPA-USDT,0.0894308006524136,0.0895451596922547,
2022-02-13 22:00:00,0.08791,0.08863,0.08753,0.088,25549778,2249253.84802,8043,13320754,1172966.53413,0.0003410253495508,ARPA-USDT,0.0880019564788131,0.0878987505768652,
2022-02-13 23:00:00,0.0879799999999999,0.08824,0.08603,0.08652,36954147,3216643.32944,11966,16860276,1467865.17142,-0.0004621072088724,ARPA-USDT,0.0881268969679176,0.0878493153208994,
2022-02-14 00:00:00,0.08652,0.0875,0.08622,0.08707,30327273,2633966.52292,9413,14710866,1277724.61638,-0.0011471836641046,ARPA-USDT,0.0868464497406404,0.0868622477708581,4.113e-05
2022-02-14 01:00:00,0.08707,0.08812,0.0846399999999999,0.0867,42832273,3700750.59497,14035,21168578,1830434.23096,-0.0013821700069107,ARPA-USDT,0.0870586297350439,0.0868828610253688,
2022-02-14 02:00:00,0.08669,0.08826,0.08612,0.0865399999999999,32976387,2870383.53231,12754,16893816,1470254.14312,0.0001155668554246,ARPA-USDT,0.0867747676809227,0.0867342797295808,
2022-02-14 03:00:00,0.0865399999999999,0.08772,0.08588,0.08745,23729491,2063942.20781,10031,11917194,1036132.30181,-0.0007998171846435,ARPA-USDT,0.0866361889655203,0.0863805418223252,
2022-02-14 04:00:00,0.08746,0.08768,0.08621,0.08666,20316532,1764196.2394,8392,8650073,750960.96316,-0.0005766347595432,ARPA-USDT,0.0874524036827446,0.087408547182721,
2022-02-14 05:00:00,0.08666,0.0868299999999999,0.08484,0.08492,23081410,1982364.56962,10306,9582301,823610.59521,-0.0004708097928436,ARPA-USDT,0.0864742058591722,0.0865628801026078,
2022-02-14 06:00:00,0.08492,0.08719,0.0848,0.0870399999999999,37031939,3172773.70189,13341,20047076,1718418.31731,-0.002406876790832,ARPA-USDT,0.0849637597525042,0.0851360000219029,
2022-02-14 07:00:00,0.08705,0.08719,0.08622,0.0868,23346468,2022264.0961,10051,10298198,892091.42099,-0.001150747986191,ARPA-USDT,0.0870210322661837,0.0866660559027777,
2022-02-14 08:00:00,0.08678,0.08776,0.08547,0.08557,31117134,2700397.44352,10984,15317965,1329811.30003,0.0002337814143775,ARPA-USDT,0.0868037401960916,0.0868361866906358,-0.00010375
2022-02-14 09:00:00,0.08557,0.08672,0.0854,0.08592,18239037,1568033.13809,8303,8857639,761562.73808,-0.0006978367062108,ARPA-USDT,0.0856069094244245,0.0856281714105058,
2022-02-14 10:00:00,0.08592,0.0863,0.08531,0.0858299999999999,20023267,1719485.80611,7633,9325730,800983.30269,-0.0016284750494369,ARPA-USDT,0.0857840773909976,0.0856436914918341,
2022-02-14 11:00:00,0.0858299999999999,0.08734,0.08559,0.0857,25818726,2231155.11589,8569,12789949,1105333.86993,0.0001166997315906,ARPA-USDT,0.0859301052654308,0.0859243774999704,
2022-02-14 12:00:00,0.08569,0.08817,0.08526,0.08771,28885676,2498362.45112,10473,13870890,1200128.64194,-0.0003419193070435,ARPA-USDT,0.0860913749864879,0.085941222051079,
2022-02-14 13:00:00,0.0877,0.0938,0.08756,0.0919799999999999,133538479,12234274.68334,42740,68626311,6287284.57156,-0.0016281341582558,ARPA-USDT,0.0876734884547513,0.0886096364264886,
2022-02-14 14:00:00,0.09202,0.09311,0.09055,0.09175,59920286,5498437.06587,19617,29116334,2672427.01549,-0.0004357773177905,ARPA-USDT,0.0923523979888917,0.0925903417809242,
2022-02-14 15:00:00,0.09175,0.09235,0.09032,0.09101,35064373,3197694.33364,12346,17048265,1555757.65205,0.0001098901098901,ARPA-USDT,0.0915030064587973,0.0913992449719718,
2022-02-14 16:00:00,0.09103,0.0911,0.089,0.08911,31197220,2812030.36535,10331,14586516,1315373.11953,-0.0001122082585279,ARPA-USDT,0.0909407122915377,0.0907220034768039,-2.776e-05
2022-02-14 17:00:00,0.08911,0.09175,0.0891,0.09005,42859283,3877060.85009,13890,21954990,1985868.25951,-0.0001110370863868,ARPA-USDT,0.0896658772712358,0.0903192645633277,
2022-02-14 18:00:00,0.09003,0.09009,0.0873,0.08749,45246237,4012247.62805,13916,21059719,1868730.71742,-0.0005711674663012,ARPA-USDT,0.0900172811646951,0.0895890056772645,
2022-02-14 19:00:00,0.08747,0.0883,0.08541,0.08635,54225812,4698444.03301,16372,27294328,2364918.80978,-0.001387764542616,ARPA-USDT,0.0879254193406402,0.0880003321686301,
2022-02-14 20:00:00,0.0863299999999999,0.08645,0.0857,0.08587,28306335,2434693.73646,8285,13113430,1127897.49511,-0.001859816343136,ARPA-USDT,0.0862031122531653,0.0862103777536302,
2022-02-14 21:00:00,0.08589,0.08636,0.08513,0.08551,26907017,2308191.24843,7564,12068062,1035406.80557,-0.0014013780217213,ARPA-USDT,0.0861070076195483,0.0860434514466566,
2022-02-14 22:00:00,0.08551,0.08772,0.08551,0.08669,26223690,2269535.34554,8956,13359588,1155995.24399,-0.0002306539038172,ARPA-USDT,0.085582021255065,0.0856858872561525,
2022-02-14 23:00:00,0.08672,0.08771,0.08607,0.08667,26380992,2287203.57154,8212,12732460,1103821.82495,-0.0006918021445867,ARPA-USDT,0.0866456751296932,0.0866427610556315,
2022-02-15 00:00:00,0.08668,0.08749,0.08662,0.08744,15100850,1315986.04251,5549,7643518,665961.78676,-0.0005714938850153,ARPA-USDT,0.0867325401445062,0.0869716296113651,-0.00016933
2022-02-15 01:00:00,0.08745,0.08992,0.08715,0.08983,19518168,1729747.52519,8323,9983166,883980.55737,0.0001113337786684,ARPA-USDT,0.087484121697421,0.087403784561054,
2022-02-15 02:00:00,0.08983,0.09029,0.08887,0.08971,18981200,1700328.16901,6949,8175756,732813.01824,-0.0008909678137877,ARPA-USDT,0.0898799702509898,0.0896750168412846,
2022-02-15 03:00:00,0.08971,0.08996,0.08842,0.0898,14487219,1293337.48403,5723,6129915,547377.31186,-0.0007789028596861,ARPA-USDT,0.0897030539113348,0.0895921392560122,
2022-02-15 04:00:00,0.08978,0.09052,0.0890799999999999,0.08914,17272738,1553601.41329,6449,8309448,747482.74766,-0.0010086293847361,ARPA-USDT,0.0898384555543191,0.0900630839311191,
2022-02-15 05:00:00,0.0892,0.09168,0.08905,0.09145,22639381,2043883.99192,7103,12334343,1113658.16763,-0.0006556660474263,ARPA-USDT,0.0891932650443978,0.0891634809734483,
2022-02-15 06:00:00,0.09143,0.09145,0.08984,0.09064,24523340,2218293.5584,8318,11662436,1054723.32616,-0.0007716900011024,ARPA-USDT,0.0911100778696051,0.0907358657180311,
2022-02-15 07:00:00,0.09064,0.09114,0.09026,0.09082,14279751,1294149.78254,5009,5643154,511456.70348,-0.0015391380826736,ARPA-USDT,0.0906575901509037,0.090491644385319,
2022-02-15 08:00:00,0.09085,0.09235,0.0904399999999999,0.0917299999999999,23998384,2194153.18866,7861,11533063,1054693.2968,-0.0002179836512272,ARPA-USDT,0.0908638411670974,0.0910337854746838,-0.00021618
2022-02-15 09:00:00,0.0917299999999999,0.09208,0.09079,0.09133,16408161,1500450.00795,5957,7738097,707980.87272,-0.0010937329104232,ARPA-USDT,0.0917566355438093,0.0916546563435284,
2022-02-15 10:00:00,0.09135,0.09348,0.09117,0.0923,26944256,2488054.55935,9308,13363890,1234076.59664,-0.0014064697609001,ARPA-USDT,0.091504187423353,0.0914314624086756,
2022-02-15 11:00:00,0.0923,0.09256,0.09107,0.09111,17277975,1583771.56598,6465,7058270,647017.28412,-0.0025180643748632,ARPA-USDT,0.0924316257213105,0.0922917060407765,
2022-02-15 12:00:00,0.09117,0.09161,0.09052,0.09052,14994130,1366879.11734,5501,7066870,644551.06242,-0.0009932678512304,ARPA-USDT,0.0912027928450128,0.0911277555296967,
2022-02-15 13:00:00,0.09055,0.09201,0.0905,0.09149,30584562,2792891.56659,9506,15452411,1411228.26305,-0.000218555349142,ARPA-USDT,0.0906917909481878,0.0906835093360034,
2022-02-15 14:00:00,0.09147,0.09579,0.09133,0.0930899999999999,90861359,8502936.83099,27558,44766745,4189925.38613,-0.0010730765103562,ARPA-USDT,0.0914710693982057,0.0914801268579859,
2022-02-15 15:00:00,0.09306,0.09443,0.09208,0.09286,54628288,5089603.4273,17218,24307829,2264949.54488,-0.0003229626439875,ARPA-USDT,0.0928125369401444,0.0925266656521869,
2022-02-15 16:00:00,0.09287,0.09381,0.0921299999999999,0.09364,30544307,2840115.11303,11032,13370263,1243277.98812,-0.0008536064874092,ARPA-USDT,0.0932494042912918,0.0928261332758705,-8.502e-05
2022-02-15 17:00:00,0.0936299999999999,0.09394,0.0916299999999999,0.09235,21918294,2031127.62959,10164,9901491,917605.50247,-0.0003247456159342,ARPA-USDT,0.0937282052906188,0.0932622152777834,
2022-02-15 18:00:00,0.09235,0.09316,0.0918,0.09291,20452753,1886734.14097,7881,10187875,939625.52243,-0.0006453694740238,ARPA-USDT,0.0923375111867981,0.0922544123790779,
2022-02-15 19:00:00,0.09295,0.09371,0.0918,0.0919799999999999,19141775,1775578.07775,6764,9104458,844727.39903,-0.001194483657293,ARPA-USDT,0.0931077916013311,0.0930945732303228,
2022-02-15 20:00:00,0.0919799999999999,0.0928,0.09193,0.09232,13936522,1287364.42491,5329,7023449,648712.69406,-0.0004330879168471,ARPA-USDT,0.0920325063883688,0.0921672190784253,
2022-02-15 21:00:00,0.09232,0.09272,0.09115,0.09137,15756088,1450705.87585,5909,6994702,644296.49091,-0.0021841214371518,ARPA-USDT,0.0923125937450871,0.0924305492429035,
2022-02-15 22:00:00,0.09141,0.09303,0.09141,0.09207,17293665,1596640.1969,6600,8644804,797866.32725,0.0001086248099064,ARPA-USDT,0.0916304560183045,0.0920619535308777,
2022-02-15 23:00:00,0.09208,0.0933,0.0918,0.0928,15999958,1483405.22918,5807,7783844,721678.57027,-0.0002154708037062,ARPA-USDT,0.0921953934289226,0.0919615253062434,
2022-02-16 00:00:00,0.09285,0.0931299999999999,0.09207,0.09256,13869728,1282980.99776,5131,7135765,660009.88864,-0.0001080263584314,ARPA-USDT,0.0928045576257522,0.0925540593043993,8.086e-05
2022-02-16 01:00:00,0.09256,0.09256,0.0915,0.09187,11975754,1100683.45427,4599,5835901,536450.94706,-0.000543951261967,ARPA-USDT,0.0923830438158368,0.0922906427770604,
2022-02-16 02:00:00,0.09187,0.0925899999999999,0.0915,0.0925899999999999,13146391,1208074.02825,4837,7142530,656147.98433,-0.000431825542482,ARPA-USDT,0.0917755744363426,0.0919102842508162,
2022-02-16 03:00:00,0.0926,0.09456,0.09258,0.09396,24097715,2252584.08291,8222,12189615,1139327.78519,-0.0002128112364332,ARPA-USDT,0.0926559497797439,0.0926800157124081,
2022-02-16 04:00:00,0.09397,0.0952,0.09308,0.09378,29183184,2743088.10739,9638,14392065,1353251.70276,-0.0006393861892584,ARPA-USDT,0.0938927877295663,0.0938914229358267,
2022-02-16 05:00:00,0.09374,0.09421,0.09327,0.09366,12909461,1210394.3483,5506,6178455,579282.74448,-0.0005335609860207,ARPA-USDT,0.0936574861772804,0.093853417153005,
2022-02-16 06:00:00,0.09368,0.09399,0.09293,0.09349,11385005,1063851.91354,5623,5398834,504485.66541,-0.0003207869974337,ARPA-USDT,0.0937088008836929,0.0937739050525991,
2022-02-16 07:00:00,0.09346,0.09372,0.09254,0.093,16060202,1493021.45513,6512,7339739,682351.22593,-0.0011813983460422,ARPA-USDT,0.093527905622753,0.093584997300871,
2022-02-16 08:00:00,0.093,0.09335,0.09205,0.09239,22259483,2065187.58296,7272,9992390,927414.12892,-0.0009731833910034,ARPA-USDT,0.093049484339263,0.0930406707225021,0.0001
2022-02-16 09:00:00,0.09241,0.0928,0.09164,0.0918399999999999,17211247,1587760.80252,6038,9579314,883872.8775000001,-0.0002177226213815,ARPA-USDT,0.0921173375612212,0.0923187707995678,
2022-02-16 10:00:00,0.09182,0.0918399999999999,0.09026,0.09121,24208955,2203634.60663,9369,10844205,987224.94516,-0.0004383561643835,ARPA-USDT,0.0916642035015633,0.0916432973329491,
2022-02-16 11:00:00,0.0912,0.0920899999999999,0.09115,0.09174,13903770,1276433.88927,5889,6386060,586280.95803,-0.0004358247984309,ARPA-USDT,0.0912508970775247,0.0915134766667152,
2022-02-16 12:00:00,0.09172,0.09177,0.09063,0.09086,11905741,1085613.07066,5489,5469262,498660.59081,0.0002201673271684,ARPA-USDT,0.0916610325514469,0.0914455252648334,
2022-02-16 13:00:00,0.09086,0.09104,0.08809,0.0887,27440651,2453475.09151,10068,11777365,1052953.16234,-0.0011261261261261,ARPA-USDT,0.0908708325420142,0.0908210135894309,
2022-02-16 14:00:00,0.0887,0.08942,0.08826,0.08878,17590524,1563965.39287,6928,8866503,788446.01888,-0.0005628729032984,ARPA-USDT,0.088595177798694,0.0888139792798852,
2022-02-16 15:00:00,0.08878,0.0905,0.08863,0.09013,20015517,1797398.49159,7443,9752012,875578.28368,-0.0006652622241933,ARPA-USDT,0.0888049356689714,0.0891854917666951,
2022-02-16 16:00:00,0.09014,0.09022,0.08912,0.0894799999999999,13038236,1167510.91892,4865,6891286,616888.51774,-0.0014507309452079,ARPA-USDT,0.0901028799885625,0.0900522318902646,2.443e-05
2022-02-16 17:00:00,0.08949,0.08971,0.08884,0.08907,10989865,982228.30907,3588,5222505,466782.81958,-0.0016812373907195,ARPA-USDT,0.0895919456418483,0.0895774179549302,
2022-02-16 18:00:00,0.08905,0.08959,0.08865,0.08929,14017523,1248612.59821,3783,7246783,645495.64503,-0.001900290632685,ARPA-USDT,0.0891447361836989,0.0890356703638085,
2022-02-16 19:00:00,0.08926,0.09164,0.0889,0.09107,23054049,2089805.43927,8364,10875551,984778.30997,-0.0006584000877867,ARPA-USDT,0.0896501836198069,0.0894367235370993,
2022-02-16 20:00:00,0.0911,0.09139,0.0897,0.09013,12552357,1138630.90788,4283,5512781,500048.19774,-0.0004436065210158,ARPA-USDT,0.0911850523080005,0.0912073904494488,
2022-02-16 21:00:00,0.09013,0.09097,0.08993,0.09049,11306731,1022762.47593,4175,5849041,529039.33629,-0.0003314184710561,ARPA-USDT,0.0900852054360433,0.0902739878847953,
2022-02-16 22:00:00,0.09053,0.09095,0.09011,0.0905,6643414,601207.26998,2929,3664578,331577.65702,-0.0013242109909513,ARPA-USDT,0.0904364104564149,0.09043414240621,
2022-02-16 23:00:00,0.09053,0.09099,0.08951,0.08997,10862775,982806.64516,3638,4813449,435653.43225,-0.0002222469163241,ARPA-USDT,0.0906529486017607,0.0905721958349816,
2022-02-17 00:00:00,0.09002,0.09086,0.08966,0.0908,7243232,652976.06839,3830,3720286,335426.40733,-0.0011001100110009,ARPA-USDT,0.0898548700526986,0.089931594101874,-3.508e-05
2022-02-17 01:00:00,0.09079,0.09129,0.09042,0.09076,6510748,592061.56458,3948,3312185,301148.35127,-0.0001101685578936,ARPA-USDT,0.0907418721754,0.0909034056111157,
2022-02-17 02:00:00,0.09076,0.09095,0.09021,0.09054,5211879,471865.48306,2878,2664547,241254.0668,-0.0003312355084464,ARPA-USDT,0.0907753823667328,0.0905655748944046,
2022-02-17 03:00:00,0.09055,0.0907299999999999,0.08877,0.08885,9783639,877374.84284,4320,4397840,394353.01922,-0.0015732104730868,ARPA-USDT,0.0904914024419167,0.0905128013143314,
2022-02-17 04:00:00,0.0888299999999999,0.09039,0.0881,0.08934,20591205,1838177.15141,6889,10007499,893596.8650400001,-0.0016761649346295,ARPA-USDT,0.0887383142793306,0.0885047671196689,
2022-02-17 05:00:00,0.0893299999999999,0.0911,0.08828,0.09082,25689570,2299042.4556,6787,12826892,1146649.76527,-0.0018683371799099,ARPA-USDT,0.0891840546225218,0.0888460750784011,
2022-02-17 06:00:00,0.09077,0.09297,0.09049,0.09224,28999046,2663642.99803,10499,14527832,1333802.0944,-0.0012992637505413,ARPA-USDT,0.0906067686525878,0.0909915437429559,
2022-02-17 07:00:00,0.09225,0.0925,0.09111,0.09202,14532145,1334209.78017,5236,6714650,616340.08857,-0.0001086602194936,ARPA-USDT,0.0923073277574205,0.0922478164679607,
2022-02-17 08:00:00,0.09203,0.09225,0.08982,0.09004,19680795,1786139.03048,6773,8646042,784544.39988,-0.0021057298016181,ARPA-USDT,0.0921512383951094,0.0919144518087692,9.013e-05
2022-02-17 09:00:00,0.09006,0.09013,0.08907,0.0894399999999999,25616517,2295062.83203,10314,12604419,1129497.0108,-0.0004470272686646,ARPA-USDT,0.0897739861718522,0.0894392657506203,
2022-02-17 10:00:00,0.0894399999999999,0.0901,0.08921,0.0898,11953043,1073124.34162,6012,6120449,549575.00482,-0.0004452359750667,ARPA-USDT,0.0894234013377266,0.0894760827028516,
2022-02-17 11:00:00,0.08979,0.09004,0.0894799999999999,0.08974,7725436,693708.56705,5284,4251804,381859.50298,-0.0008906702293475,ARPA-USDT,0.0898381572629533,0.0898986136402256,
2022-02-17 12:00:00,0.08975,0.0912299999999999,0.08951,0.09017,18706276,1689285.09426,7615,9616869,868544.08355,-0.0009971194327499,ARPA-USDT,0.089707988693897,0.0899062286159556,
2022-02-17 13:00:00,0.09016,0.09026,0.0887,0.08899,21421884,1913217.65224,9553,10602605,947370.61145,-0.0004492867572728,ARPA-USDT,0.0901545257253108,0.0900295030160695,
2022-02-17 14:00:00,0.08896,0.08986,0.08768,0.08777,20400829,1813979.58935,8223,9666939,860431.0356000001,-0.0020466173962478,ARPA-USDT,0.089019888885251,0.0892145113996768,
2022-02-17 15:00:00,0.0877899999999999,0.0898,0.087,0.0885,34554570,3047012.93342,11591,16901846,1491909.50058,0.0001130071194483,ARPA-USDT,0.0879259231076519,0.0881883788376684,
2022-02-17 16:00:00,0.0885,0.08868,0.08747,0.08824,15926606,1403020.46005,6105,7835445,690399.32581,-0.0003398663192477,ARPA-USDT,0.0885037172458212,0.088323688089402,0.0001
2022-02-17 17:00:00,0.08832,0.08849,0.08701,0.08751,9095725,798559.24771,3779,4416322,387818.82533,-0.0012554211367267,ARPA-USDT,0.0882368528051624,0.0882957770134009,
2022-02-17 18:00:00,0.08747,0.08785,0.08284,0.08482,44278012,3756442.10233,15178,19373311,1643072.51129,-0.001177578897786,ARPA-USDT,0.0874705367880644,0.0876347546159808,
2022-02-17 19:00:00,0.08481,0.08482,0.08387,0.08462,11344848,957211.43006,4753,5758599,485966.75316,0.0001181893393216,ARPA-USDT,0.0846639868652768,0.0845891100495569,
2022-02-17 20:00:00,0.08456,0.08456,0.083,0.08356,16745320,1401573.79353,5860,7885727,660027.30184,-0.0020303356025319,ARPA-USDT,0.084379500329618,0.0842656286163112,
2022-02-17 21:00:00,0.08356,0.08397,0.08152,0.0831799999999999,35322721,2926121.28449,10243,16958192,1405739.54424,-0.0003605335897139,ARPA-USDT,0.0835131912612971,0.0837265772241473,
2022-02-17 22:00:00,0.0831799999999999,0.08348,0.08234,0.0832799999999999,12678186,1052837.18008,6134,6827612,566772.93381,-0.0009596928982738,ARPA-USDT,0.0831110682204722,0.0831762124215301,
2022-02-17 23:00:00,0.08327,0.08365,0.0821,0.08244,13250983,1099081.92299,6160,6773937,562245.21548,-0.0006061340768577,ARPA-USDT,0.0832174666137499,0.0830961286552009,
2022-02-18 00:00:00,0.0824299999999999,0.08345,0.08166,0.08329,13451980,1111124.62765,5262,6619461,546864.82646,-0.000480019200768,ARPA-USDT,0.0823966723854843,0.0821036589566028,6.001e-05
2022-02-18 01:00:00,0.08329,0.08423,0.08235,0.08388,14004205,1167148.69029,5653,6742632,562207.81067,0.0002384927259717,ARPA-USDT,0.0832916453361213,0.0833680864077496,
2022-02-18 02:00:00,0.08387,0.08427,0.08333,0.0835,9126447,763830.00076,3825,4523394,378584.35661,-0.0008376211559172,ARPA-USDT,0.0838838115134138,0.0838629815519928,
2022-02-18 03:00:00,0.0835,0.08371,0.08266,0.0829299999999999,8542840,710457.61199,3234,3853703,320665.92423,-0.0007229786721302,ARPA-USDT,0.0835324410911608,0.0834827175295488,
2022-02-18 04:00:00,0.08294,0.08419,0.08294,0.0833,14753659,1233860.04721,5711,8309928,694720.53849,-0.000240038406145,ARPA-USDT,0.0829759828803388,0.0831079183018977,
2022-02-18 05:00:00,0.08326,0.08469,0.08324,0.08437,10304727,865578.0835899999,4667,5285357,444165.64052,-0.0004738775026655,ARPA-USDT,0.0832870096516529,0.08331919596139,
2022-02-18 06:00:00,0.08436,0.08695,0.084,0.08606,21280310,1817658.27408,6742,11109224,949193.43519,-0.0011606313834726,ARPA-USDT,0.0843482877803027,0.0841692289815437,
2022-02-18 07:00:00,0.08607,0.0874,0.0853,0.08616,31900841,2755909.99685,9631,14155553,1222632.29196,-0.0009276437847866,ARPA-USDT,0.0863122757300252,0.0862687756137861,
2022-02-18 08:00:00,0.08621,0.0868299999999999,0.08557,0.08664,15834256,1364972.25751,4603,7368611,634961.76402,-0.0013831258644537,ARPA-USDT,0.0864214446305572,0.0864172870593992,4.575e-05
2022-02-18 09:00:00,0.08664,0.08725,0.08561,0.08661,18544073,1605283.91978,5393,8668013,750498.02539,-0.0014987318422872,ARPA-USDT,0.0868953215862397,0.0869005873842046,
2022-02-18 10:00:00,0.08661,0.08675,0.08526,0.08571,11996683,1029913.5765,3849,5996065,514879.88506,-0.0004664723032071,ARPA-USDT,0.0866357098213495,0.0865580429813797,
2022-02-18 11:00:00,0.08571,0.08584,0.08317,0.0835,21078938,1775840.72617,6943,9523114,802183.20829,-0.0001197461381869,ARPA-USDT,0.0857633835815474,0.0855849288792217,
2022-02-18 12:00:00,0.08354,0.0854299999999999,0.08305,0.0846,20804321,1757487.79034,6465,10771989,909630.84832,-0.0001181893393217,ARPA-USDT,0.0835302397519685,0.0834546715410908,
2022-02-18 13:00:00,0.08462,0.08472,0.08342,0.08412,14582612,1224265.47158,4898,7296571,612616.2962399999,0.0002378121284185,ARPA-USDT,0.0846125259595504,0.0845676597202138,
2022-02-18 14:00:00,0.08408,0.08429,0.08042,0.08286,30728450,2526392.36144,10474,14905972,1226760.6245,0.0015713767677989,ARPA-USDT,0.0840037370983541,0.0841101883853272,
2022-02-18 15:00:00,0.0828,0.08334,0.08016,0.08087,25301902,2060198.02636,9522,12576613,1023598.81612,-0.0006178942165102,ARPA-USDT,0.0830977588358446,0.082785518252441,
2022-02-18 16:00:00,0.08088,0.08187,0.0792399999999999,0.08031,26807111,2163816.45808,10260,12226258,987841.58693,-0.0024841634579554,ARPA-USDT,0.0809469315242698,0.080566006834043,0.0001
2022-02-18 17:00:00,0.08032,0.08164,0.08029,0.0814899999999999,11864498,963493.38078,6952,6246397,507140.34697,0.0002454891371044,ARPA-USDT,0.080525927371147,0.0806183363307934,
2022-02-18 18:00:00,0.08148,0.08232,0.08054,0.08158,12267887,999048.4144,6226,5585369,454736.3242,-0.0008573178199632,ARPA-USDT,0.0813740023794089,0.0812508835763219,
2022-02-18 19:00:00,0.08158,0.08335,0.08141,0.08251,13719651,1128412.70801,6931,7681830,631946.4812,-0.0013313967562333,ARPA-USDT,0.0816415175612732,0.0817811819343809,
2022-02-18 20:00:00,0.08251,0.08291,0.08089,0.08151,18668035,1526203.14075,7130,8384739,686166.0412,-0.0006130456105933,ARPA-USDT,0.0825871372026389,0.0825853626043567,
2022-02-18 21:00:00,0.08148,0.0817799999999999,0.08095,0.08112,10298954,838451.0520200001,4241,4969042,404510.91762,-0.0011082379017363,ARPA-USDT,0.0815680910028053,0.0815591106908519,
2022-02-18 22:00:00,0.08113,0.08157,0.0803,0.08054,9848753,797240.6425900001,4344,4831071,391163.02886,-0.0004964010920823,ARPA-USDT,0.0811290408594849,0.0812398702413786,
2022-02-18 23:00:00,0.08055,0.08158,0.08036,0.081,7679577,622703.48919,3568,4085686,331122.87422,-0.0008634513383495,ARPA-USDT,0.0806241986861184,0.080573363129719,
2022-02-19 00:00:00,0.08102,0.08227,0.08089,0.0819299999999999,9500954,776340.90747,4012,4655849,380192.95861,-0.0008536585365865,ARPA-USDT,0.0809737818141214,0.0813892182838683,0.0001
2022-02-19 01:00:00,0.08196,0.0822799999999999,0.08157,0.08176,4979957,408127.30351,2743,2267200,185800.58728,-0.0006111722283338,ARPA-USDT,0.081896443403246,0.0819086800226809,
2022-02-19 02:00:00,0.0818,0.08211,0.08155,0.0816799999999999,4095065,334843.93732,2238,1814726,148363.6975,-0.000856269113151,ARPA-USDT,0.0818825130155647,0.0819241516513609,
2022-02-19 03:00:00,0.08167,0.08206,0.08083,0.08122,6261516,509734.06406,2820,2686441,218886.70177,-0.0006152331733726,ARPA-USDT,0.0816691178688112,0.081683900299543,
2022-02-19 04:00:00,0.0812799999999999,0.0819299999999999,0.08121,0.08184,4426586,361418.76356,2092,2550986,208304.36722,-0.0002443195699975,ARPA-USDT,0.0813202966491117,0.0812954303381104,
2022-02-19 05:00:00,0.08184,0.08306,0.08177,0.08219,7678414,632549.41488,2919,4316456,355518.17904,-0.0010938259601361,ARPA-USDT,0.0818304530262252,0.081878874857897,
2022-02-19 06:00:00,0.08219,0.08365,0.08174,0.08291,11038452,910970.68937,4680,5378882,444166.87416,0.0,ARPA-USDT,0.0820711219415072,0.0820683352315936,
2022-02-19 07:00:00,0.08291,0.08395,0.08245,0.08267,16545997,1375242.3469,6415,8445812,701832.59955,-0.001449450416717,ARPA-USDT,0.0829139167120931,0.0830922305649225,
2022-02-19 08:00:00,0.0826799999999999,0.08324,0.08151,0.08177,13764909,1134558.6296,4691,6167920,508506.82328,-0.0017091930167256,ARPA-USDT,0.0827086646233585,0.0828739543087503,0.0001
2022-02-19 09:00:00,0.0817,0.082,0.08096,0.08119,10436409,849427.4071300001,4079,4455769,362617.64421,0.0016037503084136,ARPA-USDT,0.0815983739710628,0.0817876408022218,
2022-02-19 10:00:00,0.08121,0.08145,0.08019,0.08077,9875448,797660.94299,3521,4760617,384352.99133,-0.0004949882440293,ARPA-USDT,0.0813574340176137,0.0811825884487001,
2022-02-19 11:00:00,0.08077,0.08109,0.0785299999999999,0.07904,17605488,1400395.396,5632,8546869,679992.47306,-0.0003794106487922,ARPA-USDT,0.0808840508714786,0.0808753684723495,
2022-02-19 12:00:00,0.07904,0.07916,0.0776,0.07779,23173553,1814961.27061,6343,11019910,863353.5816,-0.0014120667522464,ARPA-USDT,0.0790983728822518,0.0789631771394919,
2022-02-19 13:00:00,0.07782,0.08022,0.07727,0.08004,18149467,1431004.09121,6390,9159840,721470.46956,-0.0006242976651266,ARPA-USDT,0.0779125485212001,0.0776947086186823,
2022-02-19 14:00:00,0.08004,0.08047,0.07877,0.0794899999999999,22047267,1757456.08844,7185,9666636,770349.36266,-0.0006286145335693,ARPA-USDT,0.0800188009396585,0.0800848545720182,
2022-02-19 15:00:00,0.0795,0.08032,0.07919,0.0800299999999999,10600167,846082.8447,4546,5301358,423080.61807,-0.0014971927635694,ARPA-USDT,0.0795333160549212,0.0794683863504826,
2022-02-19 16:00:00,0.08004,0.08146,0.07957,0.0800299999999999,19781979,1596262.76057,7080,9447307,762220.70573,-1.2212453270876722e-15,ARPA-USDT,0.0801278479667779,0.0801529176355395,0.0001
2022-02-19 17:00:00,0.08004,0.08065,0.07977,0.08029,10262336,824000.98361,4028,4957926,398089.91259,-0.0008710801393728,ARPA-USDT,0.0799585171232595,0.0799713165560989,
2022-02-19 18:00:00,0.08027,0.08035,0.07976,0.0800299999999999,5527678,442786.09866,2812,2791426,223524.72201,-0.0007491571981531,ARPA-USDT,0.0802377348359297,0.0801926200924258,
2022-02-19 19:00:00,0.08004,0.0802,0.0793,0.0796299999999999,7718849,615601.58217,3260,4037032,321977.38665,0.0006282985674779,ARPA-USDT,0.0800312444602441,0.0800220482306956,
2022-02-19 20:00:00,0.07962,0.0808,0.07942,0.08021,6545757,523793.00253,2762,3801895,304225.59448,-0.0011207970112079,ARPA-USDT,0.0796358333384229,0.0795697873640724,
2022-02-19 21:00:00,0.08021,0.08057,0.079,0.0795,9373527,745987.96826,3446,3935205,312963.34353,-0.000125770343353,ARPA-USDT,0.0802021102345935,0.0802902371377994,
2022-02-19 22:00:00,0.07948,0.0804,0.07901,0.08,6948298,553722.7364,2852,3324337,264874.30422,-0.001497753369945,ARPA-USDT,0.0795318407264866,0.0795609449736047,
2022-02-19 23:00:00,0.07998,0.08109,0.0797399999999999,0.0806,11451799,922145.48236,4075,5894512,474683.24047,-0.0006199628022317,ARPA-USDT,0.0798160343566617,0.0800648771390778,
2022-02-20 00:00:00,0.08057,0.08102,0.07902,0.07918,8756579,699574.95385,3631,4108210,327888.65009,0.0001263104711379,ARPA-USDT,0.0806645498210277,0.0808232112499084,0.0001
2022-02-20 01:00:00,0.07919,0.07991,0.0784,0.07991,9346035,739347.57556,3312,4274969,338308.67091,0.0,ARPA-USDT,0.0791984680813192,0.0790178032200791,
2022-02-20 02:00:00,0.07991,0.0802799999999999,0.0787,0.07907,8600655,685386.80588,3313,4405651,350918.32142,-0.0011369378473975,ARPA-USDT,0.0801220183978185,0.0801155622790872,
2022-02-20 03:00:00,0.07904,0.0796,0.07872,0.07901,6163080,487555.87103,2850,3035021,240110.06231,-0.0010115058793779,ARPA-USDT,0.0791326237718802,0.0790491148309125,
2022-02-20 04:00:00,0.07902,0.0794,0.07736,0.0777,9606871,752447.84311,3284,4337180,339839.20083,-0.0003859513701272,ARPA-USDT,0.0790717252053816,0.0791326389578179,
2022-02-20 05:00:00,0.07776,0.07851,0.07604,0.07611,13159546,1016220.31836,4345,5843998,451769.26446,-0.0011811023622048,ARPA-USDT,0.07785131753767,0.0779498572104799,
2022-02-20 06:00:00,0.07618,0.07651,0.07445,0.07467,22786679,1718193.1904,7301,9987763,753208.76062,0.0009383378016085,ARPA-USDT,0.0763605724925834,0.0763636595680951,
2022-02-20 07:00:00,0.07465,0.07553,0.07456,0.07545,14041738,1053356.30716,5242,6670268,500359.32266,-0.0001325205406838,ARPA-USDT,0.0746214450187821,0.0748299533504913,
2022-02-20 08:00:00,0.07547,0.07562,0.07384,0.07429,15812744,1181399.55677,6137,7669615,573249.93776,0.0,ARPA-USDT,0.0754001513413451,0.0753852867857282,0.0001
2022-02-20 09:00:00,0.07427,0.0758,0.07411,0.07535,11746474,883051.80357,4978,6647430,499684.84116,0.0,ARPA-USDT,0.0742737494414656,0.0744796132877242,
2022-02-20 10:00:00,0.07534,0.07595,0.0748,0.07506,8876277,669736.25957,3725,4336658,327008.42314,-0.0015961691939344,ARPA-USDT,0.0754060190092079,0.0753854534421493,
2022-02-20 11:00:00,0.07507,0.0758799999999999,0.07505,0.07571,6576215,495895.02419,3395,3403766,256617.58052,-0.0001320655044901,ARPA-USDT,0.0750776843016128,0.0752307074055741,
2022-02-20 12:00:00,0.07572,0.07687,0.07499,0.07509,11387321,863745.93105,4589,5589483,424063.55457,-0.0003993610223642,ARPA-USDT,0.0757749711473607,0.0756381659851422,
2022-02-20 13:00:00,0.07512,0.07541,0.07482,0.07488,9169144,688642.84683,3765,4795759,360158.05754,-0.0010672358591248,ARPA-USDT,0.0752387381377823,0.0751937987262744,
2022-02-20 14:00:00,0.07488,0.07515,0.07352,0.07415,15186871,1123783.88888,5392,7251188,536584.86936,-0.0009431420102398,ARPA-USDT,0.0749067333465536,0.0749592825636264,
2022-02-20 15:00:00,0.07415,0.0757299999999999,0.07404,0.07552,11337651,848657.39841,3902,5588312,418427.99621,-0.0003970880211781,ARPA-USDT,0.0741149345929754,0.0743403811312189,
2022-02-20 16:00:00,0.07546,0.07591,0.07491,0.07516,10391975,783354.30483,3911,4452027,335508.8295,-0.000266028198989,ARPA-USDT,0.0752889130737716,0.0753032219215993,0.0001
2022-02-20 17:00:00,0.07512,0.07561,0.07493,0.0753799999999999,7716485,581270.96668,2327,3713608,279717.37298,-0.0006628662335952,ARPA-USDT,0.0751658929078014,0.075227073759024,
2022-02-20 18:00:00,0.07537,0.07571,0.07501,0.07537,9133871,688647.17563,2734,4517392,340560.78844,-0.0006629541235745,ARPA-USDT,0.0752886340145411,0.0752902348628673,
2022-02-20 19:00:00,0.07534,0.07558,0.07464,0.0747299999999999,10948340,822024.23586,3024,5433197,408015.17002,-0.0005349739200228,ARPA-USDT,0.0753793371490641,0.0753015015852727,
2022-02-20 20:00:00,0.07474,0.07477,0.074,0.07432,9030724,671653.17356,3242,4441127,330286.27541,-0.0009409866917596,ARPA-USDT,0.0747427546257167,0.0746050338255686,
2022-02-20 21:00:00,0.07434,0.07459,0.07303,0.07355,10758844,792148.4177100001,3590,5252032,386764.15208,0.0005441436539246,ARPA-USDT,0.0743787206776819,0.0744884996805512,
2022-02-20 22:00:00,0.07354,0.07592,0.07352,0.07582,14636052,1089414.56783,4455,6627612,493141.91958,-0.0003955174686882,ARPA-USDT,0.0736442357961766,0.0737091763169575,
2022-02-20 23:00:00,0.0758,0.07626,0.07414,0.07439,18926642,1424959.70791,5217,8947672,673812.65139,0.000403442711135,ARPA-USDT,0.0759612178388449,0.075808188133248,
2022-02-21 00:00:00,0.07443,0.07596,0.07397,0.07591,12368668,924336.67106,4056,6347832,474273.75503,0.0007910349373765,ARPA-USDT,0.0745537941224365,0.0743534207777628,0.0001
2022-02-21 01:00:00,0.07592,0.07886,0.07565,0.07828,18701096,1450654.45322,5577,9903478,768541.82165,-0.0005107252298263,ARPA-USDT,0.0759051758012323,0.0758567731843055,
2022-02-21 02:00:00,0.07832,0.07961,0.07808,0.07892,20418252,1610885.21251,5760,10809386,853114.68553,-0.001012658227848,ARPA-USDT,0.0787485790947757,0.0790985700790961,
2022-02-21 03:00:00,0.07891,0.07891,0.0773,0.07778,15907251,1240729.45701,4608,7031224,548166.38778,-0.0006424257998201,ARPA-USDT,0.0787297460111098,0.0784758359025394,
2022-02-21 04:00:00,0.07777,0.07864,0.07723,0.07804,24826328,1931926.63469,6896,11383098,885814.58295,0.0,ARPA-USDT,0.077782768608685,0.0775780723684222,
2022-02-21 05:00:00,0.07804,0.0786299999999999,0.0777,0.0778,13108840,1024571.41086,6174,5582754,436427.23622,-0.0012836970474968,ARPA-USDT,0.0781109782993772,0.0780616702908547,
2022-02-21 06:00:00,0.0778,0.07925,0.07757,0.07765,20149246,1577916.91316,7370,9708682,760940.76735,-0.0020562909651716,ARPA-USDT,0.0778995544222687,0.0778636722840849,
2022-02-21 07:00:00,0.07765,0.079,0.07765,0.07864,18851742,1477897.30193,6340,9601119,752561.60632,-0.0007623888182973,ARPA-USDT,0.0778024980621245,0.0779261961951186,
2022-02-21 08:00:00,0.07864,0.07969,0.07858,0.07873,16578429,1312426.95121,5360,7894801,625236.52773,-0.0007615179591319,ARPA-USDT,0.0788009420690573,0.0788806966236592,0.0001
2022-02-21 09:00:00,0.07875,0.07907,0.07841,0.07857,9317013,733157.80745,3206,4270723,336056.57465,-0.0020322621618188,ARPA-USDT,0.0788437207777224,0.0788377152350065,
2022-02-21 10:00:00,0.07854,0.07894,0.07633,0.0763399999999999,16568315,1284308.81517,5702,6676677,517992.23159,-0.0007853403141374,ARPA-USDT,0.0785069886674727,0.0787275545379354,
2022-02-21 11:00:00,0.07636,0.07686,0.07341,0.0741,25303386,1895925.65862,7451,11510306,862482.86032,-0.0008090614886732,ARPA-USDT,0.0765006231018694,0.0766838680045333,
2022-02-21 12:00:00,0.07409,0.07439,0.07215,0.07267,20184098,1478639.28747,6764,9777371,716496.28865,0.00124001102232,ARPA-USDT,0.0741232727977805,0.0739456840375882,
2022-02-21 13:00:00,0.07267,0.07286,0.07117,0.07229,17880876,1286284.34125,5859,8850037,636647.76419,-0.001657229664411,ARPA-USDT,0.0727499557709056,0.0724703686949162,
2022-02-21 14:00:00,0.07225,0.076,0.07199,0.07578,31721596,2364931.7629,9538,17802474,1325332.17203,-0.0023696682464454,ARPA-USDT,0.0721851033898496,0.0722280119601777,
2022-02-21 15:00:00,0.07576,0.07705,0.07522,0.07579,27968898,2131624.99249,8277,13928630,1060746.28694,-0.0003956739646531,ARPA-USDT,0.0753556825992705,0.0754747271596536,
2022-02-21 16:00:00,0.0758,0.07649,0.07476,0.0749399999999999,13225723,999959.60468,4638,6511770,492609.94614,-0.000533475593493,ARPA-USDT,0.075716619589888,0.0759911010421559,0.0001
2022-02-21 17:00:00,0.07499,0.07555,0.07456,0.0747299999999999,10754675,808409.63532,3686,5634181,423657.04267,-0.0006686279753959,ARPA-USDT,0.0750695829116433,0.0751079548499461,
2022-02-21 18:00:00,0.07474,0.07561,0.07249,0.07334,26303229,1935863.02195,7686,13014912,957537.17326,-0.0012256570883834,ARPA-USDT,0.0746995623182967,0.0746848243716596,
2022-02-21 19:00:00,0.0733299999999999,0.07425,0.07281,0.07385,17464159,1284453.86624,5168,9546066,702187.44888,0.0012201735357917,ARPA-USDT,0.0732870833936505,0.0733027023849658,
2022-02-21 20:00:00,0.07386,0.07463,0.07313,0.07388,17114491,1266272.84338,4858,7611681,563066.44444,0.0009483809781871,ARPA-USDT,0.0743548462892609,0.0742581387285606,
2022-02-21 21:00:00,0.07389,0.07464,0.07071,0.07084,24172183,1765473.96767,6790,11839837,864849.18713,-0.0007053180984623,ARPA-USDT,0.0736695475588845,0.0735479642783932,
2022-02-21 22:00:00,0.07084,0.07214,0.06948,0.06991,22242689,1571382.95789,8057,10352553,732242.24624,-0.0002860002860003,ARPA-USDT,0.0706685927875578,0.0708763202173215,
2022-02-21 23:00:00,0.06986,0.07062,0.06745,0.06799,26638264,1833008.7984,8263,12821764,883548.3647800001,-0.0005879758929883,ARPA-USDT,0.0698863285129089,0.0699256679726116,
2022-02-22 00:00:00,0.06799,0.0695,0.06752,0.06907,15478903,1061618.42722,4893,8212041,563109.77762,-0.0011569052783803,ARPA-USDT,0.0681306917007936,0.0683053709872275,0.0001
2022-02-22 01:00:00,0.06911,0.0702899999999999,0.06827,0.06888,25096173,1736113.80175,6323,13178123,911250.57241,-0.0011600928074245,ARPA-USDT,0.0690911696914211,0.0690342404019672,
2022-02-22 02:00:00,0.0689299999999999,0.06985,0.06782,0.06845,18114597,1246134.46711,4451,8355747,574289.84968,-0.0001460706982179,ARPA-USDT,0.069421256690566,0.0690100750730385,
2022-02-22 03:00:00,0.06855,0.06859,0.0657,0.06614,21408386,1423323.4002,5488,10385137,689636.69279,-0.0001511715797429,ARPA-USDT,0.0684394928845625,0.0681418473567596,
2022-02-22 04:00:00,0.06615,0.06729,0.06522,0.06544,41711844,2768155.63014,7472,20057444,1331301.53159,0.0001528350909367,ARPA-USDT,0.0657652678196896,0.065910255921958,
2022-02-22 05:00:00,0.06545,0.06725,0.06473,0.06591,77998265,5127388.03559,17549,39494820,2598672.80964,-0.001514921981518,ARPA-USDT,0.0655812920621911,0.0658381803355473,
2022-02-22 06:00:00,0.0659299999999999,0.07077,0.06571,0.06709,78805175,5331758.25877,18351,43089451,2915982.87681,0.0013432835820894,ARPA-USDT,0.0659149715436276,0.0661317664550359,
2022-02-22 07:00:00,0.06709,0.06727,0.06595,0.06626,33829119,2252249.74926,9170,15397436,1025026.90968,-0.0021084337349397,ARPA-USDT,0.0671522522261,0.0670149563943063,
2022-02-22 08:00:00,0.06629,0.06841,0.06622,0.06822,35640374,2402705.12371,9119,18343354,1236913.36424,-0.0020479812755997,ARPA-USDT,0.0662852969300947,0.066368836610349,1.799e-05
2022-02-22 09:00:00,0.06822,0.06879,0.06715,0.0675299999999999,37733723,2559005.33829,9376,17867167,1212553.21399,-0.0010355029585813,ARPA-USDT,0.068113948601376,0.0679573452045532,
2022-02-22 10:00:00,0.06754,0.07044,0.06715,0.06969,48470613,3336795.5965,12836,26859638,1850884.27354,-0.0014328700386875,ARPA-USDT,0.0675550364719047,0.0673622540373998,
2022-02-22 11:00:00,0.06972,0.06985,0.06822,0.06881,34529950,2379395.1573,9911,15460441,1065337.24047,-0.0008712066211703,ARPA-USDT,0.0697071415179099,0.0695434176221682,
2022-02-22 12:00:00,0.06883,0.06942,0.06787,0.06882,26490150,1819903.84368,6682,12131682,833912.25548,0.0002906976744185,ARPA-USDT,0.0687927271321138,0.0683823222116044,
2022-02-22 13:00:00,0.06882,0.06976,0.06803,0.06939,17890323,1228789.28905,5420,9310086,639564.97871,-0.0021570319240726,ARPA-USDT,0.0687814596639221,0.0686091710344912,
2022-02-22 14:00:00,0.06938,0.07044,0.06841,0.06978,33707921,2339881.85276,10119,15774931,1095129.37121,-0.0007160246312474,ARPA-USDT,0.0694897341875203,0.0693366633200237,
2022-02-22 15:00:00,0.06976,0.0702,0.0690799999999999,0.06926,24489494,1705099.4961,7477,12496255,870472.93301,0.0004333381482017,ARPA-USDT,0.0695526280148881,0.069466912475872,
2022-02-22 16:00:00,0.06924,0.06937,0.06835,0.06862,25474782,1750455.94124,6858,13696635,941016.3411,-0.0007281199941749,ARPA-USDT,0.0691726076358765,0.0692070678539297,4.785e-05
2022-02-22 17:00:00,0.06861,0.06883,0.0681,0.06835,18353176,1255168.8693,5585,10015388,684859.2677,-0.0007309941520469,ARPA-USDT,0.0684932333721816,0.0686370491447393,
2022-02-22 18:00:00,0.06835,0.06898,0.06791,0.06844,13451822,919567.85063,3712,6870053,469715.65661,-0.0016046681254558,ARPA-USDT,0.0682187596217518,0.0681307140151582,
2022-02-22 19:00:00,0.06844,0.0698,0.06813,0.06954,17376306,1197797.51857,4771,8810775,607500.00855,-0.0005748778384593,ARPA-USDT,0.0683875780153254,0.068374924329494,
2022-02-22 20:00:00,0.06948,0.06971,0.06832,0.06886,16432711,1134484.78312,4098,8513435,587870.91872,-0.0004354768471476,ARPA-USDT,0.0695221170809144,0.0695443303576683,
2022-02-22 21:00:00,0.06884,0.0691,0.06816,0.0685,13894093,954064.46163,3030,6946930,476883.94366,0.000146006716309,ARPA-USDT,0.0689492387452072,0.0689626457700912,
2022-02-22 22:00:00,0.0685,0.06885,0.06822,0.06878,8716434,596984.40364,2531,4997150,342142.19466,0.0001454122437107,ARPA-USDT,0.068366873477293,0.0684653805288774,
2022-02-22 23:00:00,0.0688,0.0709,0.06858,0.07077,29141892,2043351.38456,6462,16426217,1151911.78585,0.0001413227812323,ARPA-USDT,0.0688497881152461,0.0687285935184358,
2022-02-23 00:00:00,0.07079,0.07376,0.07041,0.07069,76696476,5504000.49333,18841,36903688,2649801.81855,-0.0001414427157,ARPA-USDT,0.0727474083278208,0.0723280148858286,-1.745e-05
2022-02-23 01:00:00,0.07073,0.07148,0.06985,0.07019,23428087,1656428.49611,5441,10570122,747222.50555,-0.0021324992891668,ARPA-USDT,0.0707795711124506,0.0711413521780837,
2022-02-23 02:00:00,0.07022,0.07164,0.07003,0.07044,13888473,981235.10446,4881,6808529,481078.79805,0.0,ARPA-USDT,0.0702385804462929,0.0704067886804011,
2022-02-23 03:00:00,0.07049,0.0713,0.07017,0.07076,10370492,733195.59926,3883,5910228,417786.01609,-0.0014112334180074,ARPA-USDT,0.0705770487546204,0.0705169430042838,
2022-02-23 04:00:00,0.07079,0.07159,0.07035,0.07104,17266311,1223989.4082,5315,8854187,627806.42986,-0.0001407459535537,ARPA-USDT,0.0707629321808675,0.0705732849574365,
2022-02-23 05:00:00,0.07104,0.07154,0.07035,0.07076,10064116,713891.34069,4251,4741480,336483.87266,-0.0005649717514124,ARPA-USDT,0.0712365656730164,0.071187780807733,
2022-02-23 06:00:00,0.07082,0.07121,0.07028,0.07051,9464102,670207.83076,3778,4763811,337333.30593,0.0,ARPA-USDT,0.0708526408153306,0.0710061668807722,
2022-02-23 07:00:00,0.07048,0.07117,0.07037,0.07106,11501518,814144.8393999999,3336,5636923,398978.14388,-0.0011245431543435,ARPA-USDT,0.0704971191663115,0.0705719381674451,
2022-02-23 08:00:00,0.07106,0.07369,0.071,0.07311,41024711,2970677.76177,10119,22945062,1661475.30742,-0.0009565455042361,ARPA-USDT,0.0711408574595739,0.0711638549423546,0.0001
2022-02-23 09:00:00,0.07311,0.07387,0.07294,0.07333,24010043,1761011.78668,6275,11659448,855373.77566,-0.0009536784741144,ARPA-USDT,0.0730646384122015,0.0731107357315035,
2022-02-23 10:00:00,0.07334,0.07345,0.07274,0.0733,18656817,1363914.40309,4190,8766707,641110.45582,-0.0004091095049775,ARPA-USDT,0.0733937358240485,0.0732601258887702,
2022-02-23 11:00:00,0.0733,0.07384,0.07285,0.07329,15532343,1139335.97138,3905,8017442,588202.39892,-0.001634654679199,ARPA-USDT,0.0732066861185202,0.0731705600295806,
2022-02-23 12:00:00,0.07333,0.07476,0.07305,0.07429,21709930,1604010.51081,5700,10466891,773205.6963600001,-0.0012100026888949,ARPA-USDT,0.0733755414596354,0.0731882831140477,
2022-02-23 13:00:00,0.07429,0.07479,0.0737,0.07395,21250339,1575860.30174,5944,8493606,630022.21677,-0.0010806429825745,ARPA-USDT,0.0741574384174309,0.07424626389043,
2022-02-23 14:00:00,0.07395,0.07564,0.07312,0.07384,36468002,2712612.49116,11136,18745776,1394989.18291,-0.0016224986479177,ARPA-USDT,0.0741003595929067,0.0741370356141541,
2022-02-23 15:00:00,0.07385,0.0745,0.07327,0.07343,26900203,1985308.98631,9767,12269537,905672.04089,-0.0008164376105592,ARPA-USDT,0.0738514285887551,0.0739132268170481,
2022-02-23 16:00:00,0.07341,0.07414,0.07192,0.07368,28718399,2101057.27361,9655,13678086,1000626.74615,-0.0023019634394042,ARPA-USDT,0.073407098862999,0.073301430849465,5.462e-05
2022-02-23 17:00:00,0.07369,0.07628,0.073,0.07326,54718305,4077712.60088,15565,27485482,2049240.28935,0.0009564148107665,ARPA-USDT,0.0738744968016738,0.0740816533640926,
2022-02-23 18:00:00,0.07324,0.07445,0.07229,0.07327,31642731,2316184.34317,9948,15928471,1166015.24768,-0.0004092769440655,ARPA-USDT,0.0732561066504058,0.0732274844511557,
2022-02-23 19:00:00,0.07324,0.07364,0.07215,0.07233,26372352,1921154.9154,7799,12287753,895503.17055,-0.0004145936981756,ARPA-USDT,0.0732522006181331,0.0731392778673271,
2022-02-23 20:00:00,0.07231,0.07361,0.07067,0.07228,43268208,3119531.11931,13052,21568492,1554602.36325,-0.0008294166436273,ARPA-USDT,0.0722482251002101,0.0716251022585858,
2022-02-23 21:00:00,0.07228,0.07304,0.07118,0.07128,27445231,1975313.3343,8069,12038917,867066.65148,-0.0007009673349223,ARPA-USDT,0.0724663081287646,0.0721645924779736,
2022-02-23 22:00:00,0.07128,0.07185,0.06964,0.07072,29072662,2050400.9819,9174,15348003,1082299.70696,0.0,ARPA-USDT,0.0714137039453934,0.0715749072817004,
2022-02-23 23:00:00,0.07072,0.07086,0.06852,0.06871,27177995,1888582.68998,7077,12699087,882498.86798,0.000145560407569,ARPA-USDT,0.0705128869625721,0.0705969144792384,
2022-02-24 00:00:00,0.06874,0.06883,0.0672,0.06776,22627673,1540315.32565,7637,11729789,798795.95828,-0.002061855670103,ARPA-USDT,0.0685145448482121,0.0684251593825674,3.385e-05
2022-02-24 01:00:00,0.06775,0.06869,0.06766,0.06859,17673855,1204837.84691,5847,9411491,641560.18679,0.0,ARPA-USDT,0.0677767404417174,0.0680672396210758,
2022-02-24 02:00:00,0.06858,0.06948,0.06671,0.06706,18662345,1275597.93585,6259,9090104,622097.70219,-0.0005961251862892,ARPA-USDT,0.0686543501976149,0.0685176187528239,
2022-02-24 03:00:00,0.06699,0.06829,0.06343,0.06529,44713189,2949271.87007,15703,22611924,1492657.3425,0.0004596996628869,ARPA-USDT,0.0667838944655726,0.0666576103611654,
2022-02-24 04:00:00,0.06529,0.06674,0.06319,0.06371,40328900,2602787.70078,11834,21846496,1410981.9148,-0.0010975227343995,ARPA-USDT,0.0649560280939197,0.0652868982786788,
2022-02-24 05:00:00,0.06371,0.06401,0.06168,0.06367,39146211,2466078.07914,11384,19874598,1252139.16321,-0.0023503603885929,ARPA-USDT,0.0635839869139851,0.0633754020358699,
2022-02-24 06:00:00,0.0637,0.06476,0.06108,0.0626,40386755,2536022.64327,12399,20429787,1283484.83112,-0.0017541062031574,ARPA-USDT,0.0635690905690101,0.0640337817289629,
2022-02-24 07:00:00,0.06266,0.06506,0.06088,0.0636,39487320,2471840.15581,11326,20338787,1273197.4511,-0.0017265735363365,ARPA-USDT,0.0626629224622669,0.062519818653854,
2022-02-24 08:00:00,0.06357,0.0656,0.06305,0.06388,28242549,1812838.13611,9942,14832062,951928.68566,-0.0020309326667706,ARPA-USDT,0.0634156254507318,0.0634943233752619,-0.00048323
2022-02-24 09:00:00,0.06389,0.06454,0.06263,0.06284,19033732,1212439.95269,6293,10870463,692958.94355,-0.0025396825396826,ARPA-USDT,0.0637985773824124,0.0636899429292144,
2022-02-24 10:00:00,0.06284,0.06315,0.0615,0.06209,22443868,1396159.59582,6600,11324815,704749.24503,-0.0004829362524146,ARPA-USDT,0.062963968093865,0.0628128579411402,
2022-02-24 11:00:00,0.06209,0.06282,0.06107,0.06256,20203991,1250529.9242,5561,9689836,600308.28549,-0.0023919630043054,ARPA-USDT,0.062187099261542,0.0618357962914559,
2022-02-24 12:00:00,0.06254,0.06256,0.06123,0.06209,18328677,1134789.53122,5102,9085824,562636.73834,-0.0014474107430041,ARPA-USDT,0.0624023506727801,0.0620723722351273,
2022-02-24 13:00:00,0.06212,0.06279,0.06188,0.06228,12248762,764346.59935,4533,6257131,390406.23397,-0.0008021819348628,ARPA-USDT,0.0621997154646557,0.0620777503209881,
2022-02-24 14:00:00,0.06231,0.06322,0.06139,0.06307,22461097,1400503.47393,7360,11427769,712768.16237,-0.0004754358161648,ARPA-USDT,0.0623695927431046,0.0621841602626116,
2022-02-24 15:00:00,0.06307,0.06442,0.06247,0.06385,16368237,1038071.54798,6172,7469666,473729.00828,-0.0007824726134584,ARPA-USDT,0.062961631873788,0.0626888313150798,
2022-02-24 16:00:00,0.06388,0.06519,0.06319,0.06421,21072130,1356065.8629,6813,11021660,709281.2568,-0.0010889856876167,ARPA-USDT,0.0639282826598793,0.0640682178871418,0.0001
2022-02-24 17:00:00,0.06425,0.0643,0.06267,0.06351,21659316,1376238.29692,5910,11528938,732267.83276,-0.0015720798616569,ARPA-USDT,0.0642457898871365,0.0640982005983197,
2022-02-24 18:00:00,0.0635,0.06564,0.06343,0.06501,20294342,1308996.37732,5332,9399282,606032.62141,-0.0001537988311288,ARPA-USDT,0.0635033012858392,0.0636357438063837,
2022-02-24 19:00:00,0.06503,0.0676,0.06483,0.06731,30595691,2027377.11395,9202,15975972,1058675.85803,-0.0010388839418224,ARPA-USDT,0.0650921009605876,0.0650925575632711,
2022-02-24 20:00:00,0.0673,0.0702,0.0673,0.06908,41840880,2875446.30774,12985,20036974,1377528.45404,-0.0005787037037037,ARPA-USDT,0.0674814079373347,0.068014300477499,
2022-02-24 21:00:00,0.06911,0.06928,0.06781,0.0689,12417139,851902.9316,4097,6612129,453744.7921,0.0010169984018597,ARPA-USDT,0.06913036517896,0.0688244762848748,
2022-02-24 22:00:00,0.06886,0.0694,0.06613,0.06663,17968783,1222169.26842,4993,7958069,541069.07053,-0.0014985763524651,ARPA-USDT,0.0689555325968798,0.0689014110781713,
2022-02-24 23:00:00,0.06663,0.06965,0.06663,0.06839,35246820,2394419.16541,9375,17557765,1192497.78552,-0.0011683949174821,ARPA-USDT,0.0668950134759077,0.067575636172231,
2022-02-25 00:00:00,0.0684,0.07118,0.06783,0.06811,33866621,2353298.51599,9369,16358980,1137200.32121,0.0,ARPA-USDT,0.068613205656365,0.0683875212124586,0.0001
2022-02-25 01:00:00,0.06811,0.07,0.06772,0.06897,13920239,957988.98645,4055,6622058,456026.03875,-0.0005796261411389,ARPA-USDT,0.06820161959382,0.0681368157951196,
2022-02-25 02:00:00,0.06895,0.07041,0.06886,0.06942,15917880,1107912.86455,5065,8101246,563802.23177,0.0008650519031141,ARPA-USDT,0.0689069213219391,0.0691690533725218,
2022-02-25 03:00:00,0.06938,0.06969,0.06868,0.06936,11860682,820521.66054,4357,5992159,414673.27608,-0.00014415453366,ARPA-USDT,0.069353485725082,0.0692591385745509,
2022-02-25 04:00:00,0.06936,0.06967,0.06819,0.06861,13609666,936298.38219,3947,6157348,423621.36219,-0.0007282260413631,ARPA-USDT,0.0693371428897017,0.0692315736107045,
2022-02-25 05:00:00,0.06859,0.06892,0.06747,0.0684,12025973,820192.38657,3886,5994867,408732.59928,-0.0007304601899196,ARPA-USDT,0.0686941518624426,0.0687145126202392,
2022-02-25 06:00:00,0.06843,0.0697,0.06785,0.06952,16495818,1134227.42197,3641,8653418,595432.70008,-0.0005750431282346,ARPA-USDT,0.068287555668777,0.0681525447999103,
2022-02-25 07:00:00,0.0695,0.06982,0.06871,0.06914,19356048,1338841.98183,4500,8626217,596792.47799,-0.0004337140378777,ARPA-USDT,0.0693189852181954,0.0695360129379471,
2022-02-25 08:00:00,0.06911,0.06912,0.0673,0.06829,21876004,1488076.23241,5787,10778295,733220.64515,-0.0007316359379572,ARPA-USDT,0.0690672762808053,0.0688520075230027,0.0001
2022-02-25 09:00:00,0.06835,0.07011,0.06694,0.06926,31394474,2157440.66418,8208,13085493,899695.83592,-0.0002886836027712,ARPA-USDT,0.0683022963545133,0.0683056512721522,
2022-02-25 10:00:00,0.06926,0.0716,0.06843,0.06985,48785071,3406210.46585,12632,23722611,1657238.65174,-0.0022853878017427,ARPA-USDT,0.0694065508024325,0.0691125585397264,
2022-02-25 11:00:00,0.06985,0.07153,0.06842,0.07015,51219847,3584817.8842,13942,22785488,1594549.65159,-0.0021337126600283,ARPA-USDT,0.0701718593554811,0.0699113408702014,
2022-02-25 12:00:00,0.07017,0.07435,0.07017,0.07286,76362442,5505467.78948,19556,38479663,2771492.28518,-0.0010967918837402,ARPA-USDT,0.0702402926420123,0.0708300495074153,
2022-02-25 13:00:00,0.07289,0.07408,0.07222,0.07283,56373852,4133237.48455,14382,24342605,1784789.06871,-0.0005489227391244,ARPA-USDT,0.0729829141535747,0.0728836469652411,
2022-02-25 14:00:00,0.0728,0.07371,0.07223,0.07245,32000553,2337180.13453,8556,16118716,1178095.46627,-0.0008274720728176,ARPA-USDT,0.0726602916266423,0.0726640917302064,
2022-02-25 15:00:00,0.07244,0.07285,0.0715,0.07268,28509603,2057631.85333,9286,12813464,924636.00662,-0.0015111965929385,ARPA-USDT,0.0723379057901398,0.0720369235610319,
2022-02-25 16:00:00,0.07272,0.07315,0.07189,0.07248,23945482,1734918.32818,7799,11371342,824258.93576,-0.0009648518263266,ARPA-USDT,0.0726582113754725,0.0728615369422227,0.0001
2022-02-25 17:00:00,0.07249,0.0725,0.0703,0.07165,35266062,2518828.62379,9261,14709348,1050910.54503,-0.0015328874024526,ARPA-USDT,0.0723869942434295,0.0723405830178263,
2022-02-25 18:00:00,0.07163,0.07193,0.07045,0.07075,20102846,1428904.61925,6656,8831242,628085.6463,-0.0004238485447867,ARPA-USDT,0.071798440505001,0.0715757595883032,
2022-02-25 19:00:00,0.07073,0.07167,0.07037,0.07107,13684847,972837.60592,5214,7028911,499797.4308,-0.00070303712036,ARPA-USDT,0.0707135438773652,0.0708657417757937,
2022-02-25 20:00:00,0.07109,0.07226,0.07063,0.07206,14805018,1057640.31612,5187,6883815,491772.25875,-0.0009704699847498,ARPA-USDT,0.0710517050279282,0.0710779453846287,
2022-02-25 21:00:00,0.07203,0.0726,0.07171,0.07253,8441158,610256.47489,3801,4514442,326336.72485,-0.0009641873278236,ARPA-USDT,0.0719790211391843,0.0718615992642844,
2022-02-25 22:00:00,0.07254,0.0745,0.07227,0.07434,16230115,1189904.99812,5767,8366306,614183.39197,-0.0004033884630899,ARPA-USDT,0.0726833454343736,0.0725515152173645,
2022-02-25 23:00:00,0.07434,0.07476,0.07304,0.07343,15830836,1169891.83726,6212,6961743,514648.39422,0.0006813845734532,ARPA-USDT,0.0742438660710832,0.0743843316233788,
2022-02-26 00:00:00,0.07344,0.07611,0.07319,0.07582,17043912,1278048.73173,6791,8443272,633077.43262,-0.0007907221929362,ARPA-USDT,0.073339666415074,0.0734323099447769,0.0001
2022-02-26 01:00:00,0.07583,0.07623,0.07497,0.07557,9742208,737117.40975,4490,4604065,348421.5583,-0.001453488372093,ARPA-USDT,0.0757141081219669,0.0759052611484448,
2022-02-26 02:00:00,0.07555,0.07607,0.07491,0.07557,6887865,519866.0108,3689,3526730,266360.7797,-0.0006612007405449,ARPA-USDT,0.0755509876776568,0.0754249037216749,
2022-02-26 03:00:00,0.07557,0.07588,0.07411,0.07455,11144506,833851.51211,4627,5324044,398370.66801,-0.0012057877813503,ARPA-USDT,0.0754977386033358,0.075712452842387,
2022-02-26 04:00:00,0.07457,0.07563,0.07454,0.07552,7711944,579560.8925900001,4394,4188201,314615.41185,-0.000132397722759,ARPA-USDT,0.0746107396838431,0.0748321949726127,
2022-02-26 05:00:00,0.07552,0.07616,0.07359,0.07437,12759395,953431.21541,5221,5110672,381508.37838,0.0008074283407348,ARPA-USDT,0.0758689153037142,0.0754233053705898,
2022-02-26 06:00:00,0.07439,0.07468,0.07313,0.07343,11948800,881002.39534,4334,5255981,387506.98438,-0.0005444399074452,ARPA-USDT,0.0743426856058552,0.0742574829999314,
2022-02-26 07:00:00,0.07345,0.074,0.07273,0.07399,10377689,760430.45809,4109,5738220,420608.29118,-0.0006753106428956,ARPA-USDT,0.0734341170607894,0.0734750360906948,
2022-02-26 08:00:00,0.07404,0.07503,0.07234,0.07252,12744386,939969.31551,5576,5345099,394981.43053,-0.0011019283746556,ARPA-USDT,0.074073232893347,0.0740618647455425,0.0001
2022-02-26 09:00:00,0.07252,0.07323,0.07193,0.07308,9144322,665071.2432,3817,4213870,306505.1117,0.0001368550704805,ARPA-USDT,0.0725417114149659,0.0726986240021074,
2022-02-26 10:00:00,0.0731,0.07395,0.07296,0.07364,10579699,778202.9376899999,3789,5569293,409798.69523,-0.0028436018957346,ARPA-USDT,0.0730511245532734,0.0732129408953565,
2022-02-26 11:00:00,0.07362,0.07398,0.07239,0.07265,9961170,728767.90192,3844,4513628,330248.42871,-0.0001376273052573,ARPA-USDT,0.0737262453405213,0.0737609387919035,
2022-02-26 12:00:00,0.07263,0.07275,0.0718,0.07251,7360810,532213.55439,2684,3580770,258861.57832,0.0001379310344828,ARPA-USDT,0.0726681477662744,0.0725105635930674,
2022-02-26 13:00:00,0.0725,0.07316,0.07222,0.07296,7168812,521786.78192,2681,3593321,261590.86115,-0.0013687380235423,ARPA-USDT,0.0725821135408185,0.0724799062927302,
2022-02-26 14:00:00,0.07298,0.07373,0.07276,0.07347,8037709,589114.98065,2856,4489516,329162.2896,-0.0004081632653061,ARPA-USDT,0.0729643587821473,0.0731239218739905,
2022-02-26 15:00:00,0.07346,0.07417,0.07333,0.07366,9879375,729429.77693,3367,4522087,333864.08694,-0.0008138903960932,ARPA-USDT,0.0734751177395785,0.0735374150656215,
2022-02-26 16:00:00,0.07367,0.07405,0.073,0.07324,8275643,608355.6768,2818,3880931,285220.1215,0.0,ARPA-USDT,0.0738083964623123,0.0736385276962652,0.0001
2022-02-26 17:00:00,0.0732,0.07376,0.07307,0.07359,6793362,498483.48097,2258,3225672,236747.69511,-0.0006789788158608,ARPA-USDT,0.0731210632921388,0.0731625929391253,
2022-02-26 18:00:00,0.07359,0.07362,0.07196,0.07303,11673914,847927.86253,3723,5058184,367376.10367,-0.0005474202819214,ARPA-USDT,0.0735908042409278,0.0734780862291366,
2022-02-26 19:00:00,0.07302,0.07373,0.07299,0.07342,7980417,585843.59522,2828,3486455,255951.32027,0.0,ARPA-USDT,0.0730587279700484,0.0731788857019159,
2022-02-26 20:00:00,0.0734,0.0745,0.07308,0.07375,10592414,781699.18304,3052,5055742,373011.59555,-0.0006775067750678,ARPA-USDT,0.0733961737072834,0.0733531914093021,
2022-02-26 21:00:00,0.07376,0.07469,0.07365,0.07395,6935684,514376.75931,3016,2997664,222345.50976,-0.0001352082206597,ARPA-USDT,0.0738181606490767,0.0737694282901408,
2022-02-26 22:00:00,0.07393,0.07412,0.07275,0.07295,7792132,571839.54568,3243,3187217,233753.27594,0.0013726835964311,ARPA-USDT,0.0740334373945372,0.0738323279060914,
2022-02-26 23:00:00,0.07291,0.07297,0.07205,0.07296,8402151,609040.90869,3034,4422608,320666.76159,-0.0006848376934667,ARPA-USDT,0.0729113326507892,0.0724909433671324,
2022-02-27 00:00:00,0.07297,0.07344,0.07047,0.07088,15124728,1087710.22225,5062,6606787,475590.68991,-0.0011273957158962,ARPA-USDT,0.0729089728197182,0.0727931363366674,0.0001
2022-02-27 01:00:00,0.07083,0.07113,0.0696,0.06963,11927131,836614.20589,3946,5364375,376269.45431,0.0004310344827587,ARPA-USDT,0.0708733978354014,0.070948302473971,
2022-02-27 02:00:00,0.0696,0.07091,0.06943,0.07073,6744161,473958.23126,2622,3637971,255693.86542,-0.0014118311449951,ARPA-USDT,0.0695465590446868,0.0697164486477449,
2022-02-27 03:00:00,0.07072,0.07183,0.07058,0.07102,6476208,461604.84978,2941,3214385,229114.68428,-0.0016868147315152,ARPA-USDT,0.0706288440703421,0.0707926199452517,
2022-02-27 04:00:00,0.07102,0.0711,0.07006,0.07036,6077566,429347.11968,2528,2798292,197689.91078,-0.0009938946471673,ARPA-USDT,0.0710075902677637,0.070980586620916,
2022-02-27 05:00:00,0.07036,0.07192,0.07005,0.07147,6345134,450833.90051,2693,3184915,226248.39215,-0.0008388088913741,ARPA-USDT,0.0703893827258805,0.0702350875854836,
2022-02-27 06:00:00,0.07142,0.07228,0.07131,0.07211,6925213,497780.47597,3279,3219702,231408.69401,-0.0017995570321152,ARPA-USDT,0.0713728027784103,0.071560242010701,
2022-02-27 07:00:00,0.07211,0.07285,0.07197,0.07204,5525329,399971.00691,2797,2363913,171164.10413,-0.0008321775312065,ARPA-USDT,0.0721876240073825,0.0723848459165426,
2022-02-27 08:00:00,0.07203,0.07253,0.07111,0.07233,8116066,583472.9915,3330,4153853,298673.67117,-0.001518498067366,ARPA-USDT,0.0720286850563216,0.0720700300419648,8.594e-05
2022-02-27 09:00:00,0.07232,0.07317,0.07216,0.07314,11100531,806728.87848,4630,5484599,398611.36627,0.0004103405826836,ARPA-USDT,0.0726029936726435,0.0726882616125042,
2022-02-27 10:00:00,0.07309,0.07445,0.07309,0.07434,11752332,865167.24523,4564,5894068,433723.54456,-0.0005377789728421,ARPA-USDT,0.0732559951006921,0.0732549007809545,
2022-02-27 11:00:00,0.07436,0.07556,0.07421,0.07502,14323988,1073422.15755,5881,6862284,514320.31118,-0.0013312034078807,ARPA-USDT,0.0745783407766942,0.0747876023331847,
2022-02-27 12:00:00,0.07506,0.0779,0.07478,0.07693,49504453,3799089.20208,15750,25892869,1986594.11678,-0.0002599090318389,ARPA-USDT,0.0753006018372477,0.0753982972330535,
2022-02-27 13:00:00,0.07693,0.07714,0.073,0.075,48550928,3654934.46578,16319,21746839,1638012.26493,-0.001198561725929,ARPA-USDT,0.0770439355316398,0.076639627942829,
2022-02-27 14:00:00,0.07499,0.07546,0.0735,0.07462,31460337,2342552.34017,10386,15132252,1126676.33073,-0.00040187541862,ARPA-USDT,0.0751129602239691,0.074969807446343,
2022-02-27 15:00:00,0.0746,0.07736,0.07443,0.0767,31657565,2402715.80718,10514,16365332,1241995.30784,-0.0003909813632216,ARPA-USDT,0.0747514259543252,0.0746638805041614,
2022-02-27 16:00:00,0.0767,0.07725,0.07542,0.07633,24960099,1904452.97154,9977,11780122,899235.34749,-0.0006546216286986,ARPA-USDT,0.0766903386485304,0.0768384552251108,0.0001
2022-02-27 17:00:00,0.07633,0.07648,0.07521,0.07545,15594544,1180852.56831,7112,7117189,538848.29001,-0.0001325205406838,ARPA-USDT,0.0762475482255213,0.0761348133445738,
2022-02-27 18:00:00,0.07543,0.07569,0.07384,0.07429,20500593,1533831.56198,7767,10147609,759086.23267,-0.0009413663259817,ARPA-USDT,0.0755008806671213,0.0754286023424613,
2022-02-27 19:00:00,0.07428,0.07466,0.07038,0.07074,38233797,2772725.42632,11297,16502567,1197850.73331,-0.0007063144511937,ARPA-USDT,0.0741897552633796,0.0743937350648927,
2022-02-27 20:00:00,0.07077,0.07198,0.06946,0.07036,37615985,2660953.69213,10000,19983287,1413752.88309,-0.0005681818181817,ARPA-USDT,0.070555460075867,0.0712519721392647,
2022-02-27 21:00:00,0.07036,0.07069,0.06822,0.06891,25879998,1792936.16306,7759,12623434,873916.77723,-0.0014490653528475,ARPA-USDT,0.0704247942931007,0.070454221354478,
2022-02-27 22:00:00,0.06893,0.07028,0.06879,0.07014,14021111,977493.77769,4298,8043684,560802.06919,-0.0009970089730807,ARPA-USDT,0.0688781182090231,0.069057921983531,
2022-02-27 23:00:00,0.07015,0.07025,0.06891,0.06989,12502125,869126.19096,4155,6779820,471048.29697,0.0011459676264145,ARPA-USDT,0.070098918499149,0.0696649659591651,
2022-02-28 00:00:00,0.06989,0.07027,0.06863,0.06897,13115430,911641.49274,5055,6946054,482992.14599,-0.0005796261411389,ARPA-USDT,0.0698069859786791,0.0695611352347933,6.025e-05
2022-02-28 01:00:00,0.06902,0.07069,0.06866,0.06998,12840566,896600.94896,4230,7070045,493019.89566,-0.0027077098475131,ARPA-USDT,0.0688699605630358,0.0689700423898611,
2022-02-28 02:00:00,0.06998,0.07047,0.06909,0.06953,9230478,644937.84201,3234,4642879,324551.97798,-0.0001438021282716,ARPA-USDT,0.0699833750073408,0.0701428042768805,
2022-02-28 03:00:00,0.06957,0.07016,0.06907,0.0699299999999999,5825492,405931.51461,2822,3186725,222072.02384,-0.0011426939008728,ARPA-USDT,0.0695351063968632,0.0695429765513388,
2022-02-28 04:00:00,0.06991,0.07053,0.06975,0.06991,6882248,482652.54829,2467,3609134,253161.31524,-0.0008575103615835,ARPA-USDT,0.070007154623828,0.0700910419881482,
2022-02-28 05:00:00,0.06987,0.07041,0.06957,0.07031,6424942,450616.63035,2304,3318831,232797.67301,-0.0012784090909091,ARPA-USDT,0.0698088513555092,0.0697890125861644,
2022-02-28 06:00:00,0.07032,0.0707899999999999,0.06905,0.07076,14165969,992779.94916,4949,6729204,471584.11487,0.0001413427561838,ARPA-USDT,0.0703517767771175,0.0704245091501158,
2022-02-28 07:00:00,0.07075,0.07211,0.07061,0.0718299999999999,13632529,975024.23586,3878,6533775,467191.94403,-0.0004174784302825,ARPA-USDT,0.0707172025190107,0.0707300998301081,
2022-02-28 08:00:00,0.07184,0.07524,0.0716,0.07253,42366925,3116763.34144,12131,21358562,1571338.02238,-0.0017891549683457,ARPA-USDT,0.0718123747151957,0.0720201804425133,2.974e-05
2022-02-28 09:00:00,0.07254,0.07371,0.07181,0.07182,17279530,1258145.22414,5534,7270963,529673.83955,-0.0006957005704746,ARPA-USDT,0.072659951190175,0.0729456801889241,
2022-02-28 10:00:00,0.0718299999999999,0.0727299999999999,0.07153,0.07227,15219862,1098714.18577,4426,6998743,505298.69601,-0.0005531738348776,ARPA-USDT,0.0719803018220207,0.0720265274023292,
2022-02-28 11:00:00,0.07225,0.07284,0.07148,0.07253,19206339,1386376.05053,4240,8156680,588819.02525,-0.0009641873278236,ARPA-USDT,0.0724001762404873,0.0723174121887732,
2022-02-28 12:00:00,0.07253,0.07288,0.07177,0.07195,14025273,1014823.91872,4153,6575792,475822.31065,0.001113120912759,ARPA-USDT,0.0726513884188321,0.0724906256381832,
2022-02-28 13:00:00,0.07192,0.07216,0.07101,0.0714,16739958,1198605.04762,5213,7595559,544111.23921,-0.0025146689019278,ARPA-USDT,0.0718870125700618,0.0718995957874656,
2022-02-28 14:00:00,0.07139,0.07466,0.07139,0.07441,24876627,1818179.89895,7150,13207177,965829.57963,0.0006724045185584,ARPA-USDT,0.0714718009401454,0.0715932605321377,
2022-02-28 15:00:00,0.0744,0.07572,0.07378,0.07539,21931006,1644003.68343,7316,10430423,782117.53828,0.0007964954201513,ARPA-USDT,0.0742877699974574,0.0740095894307527,
2022-02-28 16:00:00,0.07539,0.07625,0.0743,0.07476,18883780,1421946.09222,7469,9159768,689988.6858,0.0,ARPA-USDT,0.0755498314247289,0.0757129025182932,0.0001
2022-02-28 17:00:00,0.07476,0.07506,0.07352,0.07504,16883034,1251956.28226,4810,8968443,664842.65847,-0.0006658676255161,ARPA-USDT,0.0745447843412318,0.074646916303017,
2022-02-28 18:00:00,0.07507,0.07518,0.07433,0.0748,10285317,769170.48311,4065,5121978,383154.92341,-0.0002673082063617,ARPA-USDT,0.0749723307263291,0.07502663592606,
2022-02-28 19:00:00,0.07481,0.07486,0.0743,0.0746899999999999,8182320,610047.52623,3646,3891698,290167.47556,-0.000133868808569,ARPA-USDT,0.0748279361761427,0.0746522069420324,
2022-02-28 20:00:00,0.07468,0.07528,0.07455,0.0752,11778139,882653.45794,4858,5802374,434870.51673,-0.0002658867322519,ARPA-USDT,0.0746872081050838,0.0747369496439488,
2022-02-28 21:00:00,0.07518,0.07621,0.07478,0.07517,28596872,2159788.34345,8830,14171944,1070716.57607,-0.0001330140994945,ARPA-USDT,0.0753607117154312,0.0756216281404152,
2022-02-28 22:00:00,0.07517,0.07749,0.07517,0.0765899999999999,24999916,1913089.07763,9439,10726868,820347.70366,0.0024869109947631,ARPA-USDT,0.0752209657039122,0.0752851068657958,
2022-02-28 23:00:00,0.07657,0.078,0.07644,0.0778,12276275,949015.03065,5084,6253221,483521.06981,-0.0001285181853233,ARPA-USDT,0.0766601852829547,0.0767423575813704,
2022-03-01 00:00:00,0.0778,0.07921,0.07776,0.07875,18094011,1422561.54779,6450,8269740,650104.74681,-0.0001269680040629,ARPA-USDT,0.0778601195951909,0.0781793585376991,0.0001
2022-03-01 01:00:00,0.07877,0.0788799999999999,0.07755,0.07799,10420757,814922.36905,3864,6186591,483870.3472,0.0,ARPA-USDT,0.0787668734764235,0.0787326582642428,
2022-03-01 02:00:00,0.07797,0.07879,0.0771299999999999,0.07862,14309400,1114859.70028,4861,8776309,684092.36813,-0.001270325203252,ARPA-USDT,0.0780100864945209,0.0779889151344726,
2022-03-01 03:00:00,0.07858,0.07872,0.07785,0.07832,7339362,574539.56459,2840,3691559,289001.86565,-0.0014025245441795,ARPA-USDT,0.078522805764831,0.0783542834520143,
2022-03-01 04:00:00,0.07831,0.07985,0.07801,0.07973,12383865,977404.74155,4311,6108217,482250.76952,-0.0007519739315704,ARPA-USDT,0.0783535716277109,0.0784834644722462,
2022-03-01 05:00:00,0.07973,0.07982,0.0782,0.07844,10482209,826501.37335,3417,5073335,399873.99155,0.0007655014034191,ARPA-USDT,0.0797245159798858,0.0795628570286501,
2022-03-01 06:00:00,0.07848,0.07885,0.0771,0.07877,9460021,738650.15621,3135,4855938,379112.3017,-0.0003807106598983,ARPA-USDT,0.0784192070271517,0.0783314415583225,
2022-03-01 07:00:00,0.0788,0.08097,0.0786299999999999,0.07994,23008492,1836686.002,6918,12236107,976493.60619,-0.0006250781347669,ARPA-USDT,0.0786906521535893,0.0789438043021763,
2022-03-01 08:00:00,0.07992,0.0802399999999999,0.07868,0.07996,11209105,892328.4177400001,4510,5495034,437301.12715,0.0003753284123608,ARPA-USDT,0.079900670715059,0.0800393708983218,0.0001
2022-03-01 09:00:00,0.07995,0.08001,0.07851,0.0792799999999999,11036045,874468.33942,4142,5600404,443443.60393,0.0003785488958978,ARPA-USDT,0.0798649822581238,0.079431924089106,
2022-03-01 10:00:00,0.07926,0.0809,0.079,0.08066,48615041,3882648.01972,12848,25021010,1998651.16787,0.0007444168734489,ARPA-USDT,0.0792186923012265,0.0794541092316846,
2022-03-01 11:00:00,0.08066,0.08075,0.07915,0.07971,20924598,1672778.78853,6450,9077006,725656.89411,-0.0010026319087604,ARPA-USDT,0.080649653861008,0.0805015790983297,
2022-03-01 12:00:00,0.07971,0.08029,0.07829,0.07921,25604525,2032712.80042,8166,10621074,843247.19401,-0.000252429635239,ARPA-USDT,0.0796898665867447,0.0796956489685931,
2022-03-01 13:00:00,0.0792,0.08059,0.07901,0.08014,19592080,1564203.73322,6865,9298229,742233.66815,-0.0001247660636306,ARPA-USDT,0.0791432426623445,0.0792940028607205,
2022-03-01 14:00:00,0.0801299999999999,0.08114,0.07802,0.07845,27199923,2163814.25901,8165,13140875,1044927.03018,-0.0003822629969417,ARPA-USDT,0.0801472388555088,0.0804866087632114,
2022-03-01 15:00:00,0.0785,0.07892,0.07731,0.07822,19700845,1539719.07262,5741,9103634,712031.41637,0.0002557544757031,ARPA-USDT,0.0786742779923172,0.0780879581141363,
2022-03-01 16:00:00,0.07825,0.0788799999999999,0.07668,0.07707,17714939,1378673.52873,5479,7716585,601060.86481,-0.0001297353399065,ARPA-USDT,0.0782873358713078,0.0782040328982948,0.0001
2022-03-01 17:00:00,0.07705,0.07876,0.07697,0.07836,12012686,936340.83796,4342,6824737,531774.81372,-0.0001275998468801,ARPA-USDT,0.0771329678995765,0.0772612925016918,
2022-03-01 18:00:00,0.07835,0.0791299999999999,0.0778399999999999,0.07889,8878554,697048.32757,3277,4264791,334783.8337,-0.0010130429276939,ARPA-USDT,0.0783388397621631,0.0783187723910503,
2022-03-01 19:00:00,0.07892,0.0791,0.0782,0.07835,9076480,714452.86707,2780,4640073,365265.52975,-0.0002551996937603,ARPA-USDT,0.0789311267100977,0.0787835852168182,
2022-03-01 20:00:00,0.07836,0.07892,0.07812,0.0785299999999999,7799547,611974.76694,2411,3711985,291271.97163,0.0001273560876196,ARPA-USDT,0.078417028055765,0.0784891454764771,
2022-03-01 21:00:00,0.07856,0.079,0.0773399999999999,0.07758,8034155,626747.23279,2487,4249206,331674.65104,-0.0003865481252416,ARPA-USDT,0.0786308578737892,0.0787588160332106,
2022-03-01 22:00:00,0.07762,0.07865,0.07739,0.07845,5664673,442391.64361,2470,2828210,220707.72765,-0.0005096190597527,ARPA-USDT,0.0776426868752989,0.0775959073551104,
2022-03-01 23:00:00,0.0785,0.0786299999999999,0.07768,0.07852,7348979,574620.74286,2594,2741177,214366.14478,-0.00050916496945,ARPA-USDT,0.0783565890599512,0.0781769969834141,
2022-03-02 00:00:00,0.07855,0.07904,0.07651,0.07753,16580384,1290862.98698,5286,7406348,577100.15066,-0.0007732955277742,ARPA-USDT,0.0785138302110037,0.07846272213052,0.0001
2022-03-02 01:00:00,0.07758,0.07843,0.07654,0.07699,13474425,1040829.13099,4744,5346224,413285.09028,-0.00012987012987,ARPA-USDT,0.0775246794000138,0.0776803542836496,
2022-03-02 02:00:00,0.07697,0.07707,0.0762,0.07664,9405759,720277.38714,3505,3452736,264449.38315,-0.0007822685788787,ARPA-USDT,0.0768748688248314,0.0767670793298387,
2022-03-02 03:00:00,0.07664,0.07866,0.07654,0.07825,11382678,881689.80588,4779,5870426,454985.79089,-0.0006385696040868,ARPA-USDT,0.0766255311856967,0.0767169946180965,
2022-03-02 04:00:00,0.07828,0.0788799999999999,0.07781,0.07814,10135753,795712.0772,4290,4625306,363149.78377,0.0001279918085241,ARPA-USDT,0.0783349949499417,0.07821868554353,
2022-03-02 05:00:00,0.07814,0.07864,0.07803,0.07841,6227184,487675.08045,3658,3369663,263883.16817,-0.001400916963831,ARPA-USDT,0.0781805234095504,0.0781822132528577,
2022-03-02 06:00:00,0.07841,0.07864,0.07706,0.07711,8428697,656927.81233,4353,3641499,283834.25918,-0.0010364036792329,ARPA-USDT,0.0784006199806859,0.0783714071566281,
2022-03-02 07:00:00,0.07711,0.07777,0.07632,0.07755,7983170,614954.19402,3882,4269077,329016.53217,0.0,ARPA-USDT,0.0771326743636541,0.0771217397866247,
2022-03-02 08:00:00,0.07757,0.0786,0.07701,0.07767,8887080,692838.1617,3463,4078521,317942.63092,-0.0001287332646755,ARPA-USDT,0.0775374807729661,0.0776561401375578,0.0001
2022-03-02 09:00:00,0.0776299999999999,0.07868,0.07744,0.07862,10597855,829446.49062,3524,4657758,364600.44282,0.0006363752068219,ARPA-USDT,0.0776257481649088,0.0776163289559966,
2022-03-02 10:00:00,0.07861,0.07971,0.07845,0.07946,14243737,1125893.53308,4548,6879845,543992.39241,-0.0003774059630142,ARPA-USDT,0.0786864888245419,0.0786603292524344,
2022-03-02 11:00:00,0.07951,0.0796,0.07879,0.07899,8415331,666123.98055,3395,3461310,273950.3845,-0.0011380880121395,ARPA-USDT,0.0795577542604139,0.0794329626278353,
2022-03-02 12:00:00,0.07893,0.07981,0.07845,0.07941,14157080,1121410.06581,4872,6455717,511389.84515,0.0007561436672967,ARPA-USDT,0.0790014201456494,0.0791120595515655,
2022-03-02 13:00:00,0.0793799999999999,0.0797,0.07561,0.07691,17577261,1359257.89049,5705,7713074,596815.52061,-0.0006496881496881,ARPA-USDT,0.0793764372430511,0.0794599517410087,
2022-03-02 14:00:00,0.07685,0.07923,0.07677,0.07892,16571020,1292812.36122,5570,7892515,615161.35463,0.0011416973233542,ARPA-USDT,0.0769058946110902,0.0771416879423158,
2022-03-02 15:00:00,0.07892,0.07957,0.07694,0.07783,22208192,1733855.57628,7328,10687112,834765.40092,-0.0003853069612124,ARPA-USDT,0.0790802182569408,0.079286702276474,
2022-03-02 16:00:00,0.0778799999999999,0.07896,0.07746,0.07873,10606371,832217.17321,4018,5154372,404498.7974,-0.0012685525815044,ARPA-USDT,0.0778632828389581,0.0778577620248702,0.0001
2022-03-02 17:00:00,0.07873,0.07906,0.07786,0.07798,8924921,701634.6889599999,3766,4071496,320089.21828,-0.0012807377049181,ARPA-USDT,0.078781983973281,0.0788266100913945,
2022-03-02 18:00:00,0.078,0.07839,0.07668,0.07679,9051239,702151.4821,2863,3548234,275238.77013,0.0005211726384364,ARPA-USDT,0.0781762224372018,0.0782149510436807,
2022-03-02 19:00:00,0.0768,0.07728,0.07615,0.07683,10283786,789925.5879500001,3577,4903468,376762.62722,-0.0005203590477429,ARPA-USDT,0.0768444577114428,0.0769914014909128,
2022-03-02 20:00:00,0.0768399999999999,0.07726,0.07672,0.07715,7755733,597146.45526,2830,3913107,301252.54721,-0.0006476683937824,ARPA-USDT,0.0768229933252625,0.0769663218330836,
2022-03-02 21:00:00,0.07716,0.07833,0.077,0.07829,6614608,512696.84744,2560,3107263,240997.18033,0.0002555257442187,ARPA-USDT,0.0771721122763068,0.0771522104177659,
2022-03-02 22:00:00,0.07829,0.0787,0.07785,0.07855,10592868,830362.89508,3394,4955924,388477.48006,0.0,ARPA-USDT,0.0783423120808021,0.0783811283254981,
2022-03-02 23:00:00,0.07857,0.07859,0.0773799999999999,0.07756,7712709,600962.69619,2847,3580726,278933.14474,-0.0001289158179708,ARPA-USDT,0.0785015941008198,0.0784929429431247,
2022-03-03 00:00:00,0.07758,0.07794,0.07703,0.07779,10995748,852529.43293,3405,5016387,388975.59538,0.000514469453376,ARPA-USDT,0.0774976967474298,0.0776628863227118,0.0001
2022-03-03 01:00:00,0.07779,0.0778399999999999,0.07655,0.0768799999999999,9427648,726588.0716499999,2955,4237098,326482.81036,-0.0005200208008332,ARPA-USDT,0.0778089960029931,0.0777113424646082,
2022-03-03 02:00:00,0.0768799999999999,0.07699,0.0757299999999999,0.0761,10762210,820808.06076,3092,5404104,412299.66537,0.000131423314496,ARPA-USDT,0.0768100446109712,0.0768951838118479,
2022-03-03 03:00:00,0.0761,0.0761299999999999,0.07455,0.07537,14364086,1081304.30729,3884,6274525,472343.37937,-0.0010603048376407,ARPA-USDT,0.076097894639823,0.0760636430776394,
2022-03-03 04:00:00,0.07537,0.07594,0.07524,0.0754799999999999,8051694,608704.5689,2631,4196489,317265.48455,-0.0006619886137972,ARPA-USDT,0.0754403561160257,0.0755441078545813,
2022-03-03 05:00:00,0.0755,0.07579,0.07521,0.07545,7666943,579150.7076,3519,3320646,250807.86236,-0.000926906779661,ARPA-USDT,0.0755201545708817,0.075578527196251,
2022-03-03 06:00:00,0.07546,0.07574,0.07457,0.0757299999999999,12549135,943672.41028,4190,5944283,447078.61861,-0.0002640264026416,ARPA-USDT,0.0755413829813465,0.0755256129171064,
2022-03-03 07:00:00,0.0757,0.07656,0.07569,0.07606,11455684,871754.76209,3482,5958569,453434.9214,0.0001314924391846,ARPA-USDT,0.0757234179571575,0.075840702318093,
2022-03-03 08:00:00,0.07604,0.07624,0.07517,0.0753799999999999,8035910,608693.74325,2913,3629946,274935.43214,-1.3322676295501878e-15,ARPA-USDT,0.0759807771939243,0.0760141004296392,0.0001
2022-03-03 09:00:00,0.07539,0.07547,0.07476,0.07497,6949443,521991.55845,2137,3525500,264801.59194,-0.000133368898373,ARPA-USDT,0.0754001030870719,0.0753689574464663,
2022-03-03 10:00:00,0.07497,0.0758799999999999,0.07472,0.0757,7012527,527704.33748,2387,4040895,304082.75921,0.0003964583058015,ARPA-USDT,0.074970434369981,0.0749765773961249,
2022-03-03 11:00:00,0.07568,0.07616,0.07527,0.07529,7557104,572213.65342,2531,3932738,297808.48001,-0.000265568981543,ARPA-USDT,0.0756442511261261,0.0755530397199155,
2022-03-03 12:00:00,0.07528,0.07586,0.07514,0.07551,7633254,576369.5098,3014,3656476,276117.31824,-0.0005294506949041,ARPA-USDT,0.0752565503062772,0.0753762528639656,
2022-03-03 13:00:00,0.07552,0.0766299999999999,0.07532,0.07611,20155746,1531375.79013,6403,9185935,698226.91874,-0.0009188763454974,ARPA-USDT,0.075587590496984,0.0755239028381212,
2022-03-03 14:00:00,0.07611,0.07633,0.0749799999999999,0.0754,14526168,1100304.91172,5107,6916017,523880.66294,0.0001326435866826,ARPA-USDT,0.0761935038832698,0.0761998073924768,
2022-03-03 15:00:00,0.07537,0.07599,0.0724799999999999,0.07313,37041343,2761130.19315,13986,18047793,1347208.5471,-0.0004100601421541,ARPA-USDT,0.0753632451192519,0.075376635569293,
2022-03-03 16:00:00,0.07313,0.0737299999999999,0.07221,0.07265,16903087,1233271.21638,5893,7614446,555741.31991,-0.0006877579092158,ARPA-USDT,0.0729255205818504,0.0727861705670536,0.0001
2022-03-03 17:00:00,0.07266,0.07287,0.07168,0.07269,13275655,961832.00351,4344,6445183,467095.40935,-0.0016481252575194,ARPA-USDT,0.0726186589362238,0.0726642862825879,
2022-03-03 18:00:00,0.07268,0.07307,0.07217,0.07231,8012627,582224.10521,2654,3721171,270483.37301,-0.0009671179883945,ARPA-USDT,0.072524858158004,0.0727572883358077,
2022-03-03 19:00:00,0.0723,0.07285,0.07209,0.07234,7090953,514486.5073,2720,3488266,253093.75802,-0.0011046672190002,ARPA-USDT,0.0723524221463112,0.0724042884914605,
2022-03-03 20:00:00,0.0723299999999999,0.0725799999999999,0.07134,0.07177,8278878,596324.99747,3062,3413261,245948.0185,-0.0004178272980501,ARPA-USDT,0.0722324012012623,0.0722517716319436,
2022-03-03 21:00:00,0.07176,0.07214,0.0712,0.0715799999999999,8080271,579073.14945,3044,3863938,276897.35165,-0.0011163829193427,ARPA-USDT,0.0718194640285697,0.071661714973573,
2022-03-03 22:00:00,0.0716,0.07286,0.07152,0.07255,8538873,617973.69359,2667,4441927,321377.47316,-0.0008263324610934,ARPA-USDT,0.0716500290958982,0.0720989777249722,
2022-03-03 23:00:00,0.07255,0.07296,0.0722299999999999,0.07238,7075224,513162.53888,2679,3198083,231992.45431,-0.0008282716731088,ARPA-USDT,0.0725519488648218,0.0724051594975274,
2022-03-04 00:00:00,0.07237,0.07242,0.06949,0.07006,21082490,1496999.60641,6165,8766323,622579.63622,-0.0011405759908753,ARPA-USDT,0.0720771095266564,0.072235689054037,0.0001
2022-03-04 01:00:00,0.07006,0.07034,0.069,0.07,12609597,877361.19275,4078,5832605,406179.53037,-0.0007137758743753,ARPA-USDT,0.0699468904531001,0.069928575404072,
2022-03-04 02:00:00,0.07,0.07065,0.06978,0.07051,5129342,360124.69641,2166,2424126,170359.89735,-0.0012747875354106,ARPA-USDT,0.0699344476296129,0.0699026841441596,
2022-03-04 03:00:00,0.0705,0.07059,0.0695,0.07028,4966398,348193.22579,2274,2064807,144778.90289,-0.0005688282138793,ARPA-USDT,0.0705114149506437,0.0704649462190475,
2022-03-04 04:00:00,0.07027,0.0706799999999999,0.0698299999999999,0.07067,6640533,466049.57043,2702,3766155,264411.39647,-0.0009895391574781,ARPA-USDT,0.0702879338503949,0.0702279970998922,
2022-03-04 05:00:00,0.07067,0.07086,0.07052,0.07081,4035116,285321.43147,2410,1634001,115568.5321,-0.0012693935119888,ARPA-USDT,0.0706374913066428,0.0706051756880892,
2022-03-04 06:00:00,0.07081,0.0719,0.07081,0.07168,7195967,514261.76351,2994,3744077,267533.14331,-0.0009756097560975,ARPA-USDT,0.0708152346983493,0.0708398769911847,
2022-03-04 07:00:00,0.07169,0.07182,0.07125,0.0715799999999999,6183871,442436.4142,2676,2609071,186557.37731,-0.0009769713886965,ARPA-USDT,0.0717544321928245,0.0715461681422027,
2022-03-04 08:00:00,0.0715799999999999,0.07205,0.07061,0.07185,12292836,879459.89656,4606,5723855,409520.15424,0.0006963788300835,ARPA-USDT,0.0716637728230735,0.071657957164533,0.0001
2022-03-04 09:00:00,0.07185,0.0724,0.07146,0.07215,8874745,639231.30932,2795,4376809,315341.60511,-0.0004156275976723,ARPA-USDT,0.0718662792006235,0.0718756185477006,
2022-03-04 10:00:00,0.07213,0.0741,0.07213,0.0735,12795849,937934.27792,4403,5988654,438618.55729,-0.0002720348204571,ARPA-USDT,0.0722501541622069,0.072298524448702,
2022-03-04 11:00:00,0.07352,0.07365,0.07286,0.07313,9497912,695702.02315,3688,4490805,328854.88357,-0.0005466721333879,ARPA-USDT,0.073530244084569,0.0732771876881334,
2022-03-04 12:00:00,0.07313,0.0736,0.0727,0.07304,8681030,635101.03672,3312,3912400,286249.74134,0.0010964912280702,ARPA-USDT,0.0732645524136773,0.0733341335409745,
2022-03-04 13:00:00,0.07303,0.07382,0.07263,0.0729,10111867,739893.74057,3755,4822592,352865.69552,-0.0002742731760833,ARPA-USDT,0.0730867749819158,0.0729276774306366,
2022-03-04 14:00:00,0.07292,0.07302,0.07134,0.07219,16028181,1157135.04057,5103,7512301,542591.85024,-0.0011069600110695,ARPA-USDT,0.0729006748163686,0.0729295999879821,
2022-03-04 15:00:00,0.07216,0.0725799999999999,0.07144,0.072,11583273,835156.60857,3597,5189186,374154.4707,-0.0004164931278634,ARPA-USDT,0.0723163633481204,0.0722495637608963,
2022-03-04 16:00:00,0.07198,0.07246,0.07072,0.0720799999999999,13086108,936667.40064,4682,5919778,423940.48259,-0.0001387154945222,ARPA-USDT,0.0719047560435542,0.0717493874302658,0.0001
2022-03-04 17:00:00,0.07206,0.07329,0.0718,0.07219,12438631,901744.0751,3907,6649250,481933.38597,-0.0011069600110695,ARPA-USDT,0.0720161256549389,0.0719327371240808,
2022-03-04 18:00:00,0.07219,0.07257,0.07141,0.07147,6533646,470965.13226,2415,3661564,263955.73229,-0.0011180992313066,ARPA-USDT,0.0722310450696125,0.0722918639020172,
2022-03-04 19:00:00,0.07148,0.07168,0.0687,0.06905,27408702,1913361.11282,8300,11021464,769583.23003,-0.0002895613146084,ARPA-USDT,0.0716223365132355,0.0714772105397397,
2022-03-04 20:00:00,0.06906,0.06931,0.06815,0.06906,17544331,1207701.67145,5824,9456935,651292.71507,-0.0018788842318254,ARPA-USDT,0.0690005897765011,0.0690543930022851,
2022-03-04 21:00:00,0.06901,0.07016,0.0688899999999999,0.06929,11485847,796895.64655,4002,6689611,464365.77433,-0.001297203805131,ARPA-USDT,0.069121133971242,0.0691024855664773,
2022-03-04 22:00:00,0.0693,0.06972,0.06746,0.06877,11999384,821265.3316,4153,5920783,405627.12335,-0.0002907399331298,ARPA-USDT,0.0693337465071835,0.0693441878043604,
2022-03-04 23:00:00,0.06879,0.06975,0.0683899999999999,0.06936,12322643,849524.72938,4031,6517215,449350.0565,-0.0007203572972193,ARPA-USDT,0.0688025667145199,0.0687480995640996,
2022-03-05 00:00:00,0.06935,0.06944,0.0666799999999999,0.06687,16241439,1097759.05471,5653,7482012,505274.37808,-0.0017913121361397,ARPA-USDT,0.0693858283960004,0.0687821079843728,0.0001
2022-03-05 01:00:00,0.06691,0.06794,0.06661,0.06694,8673121,583146.5685,3622,3897035,261995.4692,0.0,ARPA-USDT,0.0669875053366736,0.0671743664806811,
2022-03-05 02:00:00,0.0669299999999999,0.06752,0.0667799999999999,0.06699,5638057,378412.10651,2305,3157039,211920.66292,-0.0007458233890216,ARPA-USDT,0.0669288559857323,0.0669827651765789,
2022-03-05 03:00:00,0.06698,0.06836,0.06692,0.0681799999999999,5611551,380190.59186,2367,3062260,207327.62761,-0.0013182950051282,ARPA-USDT,0.0669662276876039,0.0671747762398988,
2022-03-05 04:00:00,0.0682,0.06848,0.0676399999999999,0.06795,6890622,469530.83429,2607,3771364,256971.89607,-0.0007352941176471,ARPA-USDT,0.0682204394769511,0.0682481004965495,
2022-03-05 05:00:00,0.06795,0.06862,0.06786,0.06853,3694954,252308.87317,1983,1740320,118826.29744,-0.0004375729288215,ARPA-USDT,0.0679785002421668,0.0679924363070483,
2022-03-05 06:00:00,0.06855,0.07005,0.06847,0.06923,14293109,992025.98709,4837,7074424,490862.52804,-0.0012983266012696,ARPA-USDT,0.0685973691482561,0.0685973818160185,
2022-03-05 07:00:00,0.06924,0.07035,0.06899,0.0698,7817333,545944.04824,2632,3390145,236749.15225,-0.0007158196134573,ARPA-USDT,0.0693493230334779,0.0692575428250263,
2022-03-05 08:00:00,0.06976,0.07034,0.0695,0.07016,5653941,395500.04648,2327,2813866,196852.49073,-0.0004274113121527,ARPA-USDT,0.0698054075985407,0.0697874996093863,5.676e-05
2022-03-05 09:00:00,0.07019,0.07049,0.06981,0.07002,4436232,310814.16181,2072,1654685,115960.57664,-0.0011412268188302,ARPA-USDT,0.0704127233673959,0.0701146015868117,
2022-03-05 10:00:00,0.07,0.0701799999999999,0.06883,0.06957,13278105,921519.28061,4063,5947703,412817.61479,-0.0001437194596147,ARPA-USDT,0.0700099818186983,0.0700702917635233,
2022-03-05 11:00:00,0.06957,0.0696799999999999,0.0691799999999999,0.06953,6550376,454948.72297,2725,2933345,203706.73576,-0.0005749604714677,ARPA-USDT,0.0695667519286331,0.0694595082188853,
2022-03-05 12:00:00,0.06952,0.07,0.06941,0.06961,5782961,403040.45801,2503,2730146,190261.57553,-0.0005743000717874,ARPA-USDT,0.0695336903951457,0.0695376756384599,
2022-03-05 13:00:00,0.06964,0.0696799999999999,0.0686799999999999,0.06899,6148348,424963.7262,2072,3256120,225057.83642,0.0008704482808645,ARPA-USDT,0.0696609433367128,0.0695040999604292,
2022-03-05 14:00:00,0.06897,0.07045,0.06862,0.07024,10640565,740838.09114,2788,5644186,393213.24152,-0.0017055144968733,ARPA-USDT,0.0689580501668925,0.0689192636616397,
2022-03-05 15:00:00,0.07024,0.07031,0.06953,0.07005,5872693,410738.18177,2323,2233253,156194.54512,-0.0008557980316645,ARPA-USDT,0.0702278487004082,0.070087612913369,
2022-03-05 16:00:00,0.07006,0.07124,0.07,0.07069,9452579,667845.32679,3469,4475671,316291.14379,0.0007078142695358,ARPA-USDT,0.0701069095979153,0.0701182006293034,0.0001
2022-03-05 17:00:00,0.07067,0.07128,0.0706,0.07106,6087406,432226.22779,2062,2733014,194045.16231,-0.0004220002813335,ARPA-USDT,0.0706768285218016,0.0708343579413676,
2022-03-05 18:00:00,0.0710399999999999,0.07116,0.07001,0.07072,6012736,424359.43806,2443,3145064,221893.63267,-0.0007065140596297,ARPA-USDT,0.0711171672721202,0.0709844785791218,
2022-03-05 19:00:00,0.07073,0.0713299999999999,0.0705799999999999,0.07105,8017225,569169.1793900001,2331,3856565,273797.42449,-0.0005626670417779,ARPA-USDT,0.0706967404513196,0.0706906708600172,
2022-03-05 20:00:00,0.07106,0.07136,0.07076,0.07085,7913287,562343.83888,2485,3611047,256574.93279,0.0,ARPA-USDT,0.0710081641368109,0.0710402865876154,
2022-03-05 21:00:00,0.07082,0.0709,0.0701,0.07022,5688686,401626.20524,2119,2500541,176598.10873,-0.0005693139766581,ARPA-USDT,0.0707620123288731,0.0707904503858474,
2022-03-05 22:00:00,0.07025,0.07091,0.07005,0.07084,3907188,275348.12091,1815,1913236,134823.53042,-0.0008462623413258,ARPA-USDT,0.0702952954687677,0.0701902898671984,
2022-03-05 23:00:00,0.0708299999999999,0.0708299999999999,0.07044,0.07077,3895850,275251.15854,1642,1731612,122321.15923,0.0,ARPA-USDT,0.0707474401092273,0.0706648757110884,
2022-03-06 00:00:00,0.07076,0.07171,0.07067,0.07162,5818777,413148.18451,2005,3221380,228803.66888,0.0,ARPA-USDT,0.0707106498285482,0.0707386779022199,0.0001
2022-03-06 01:00:00,0.07162,0.07186,0.07069,0.07071,5962271,424735.25825,2019,2600115,185178.8178,-0.0009889799378355,ARPA-USDT,0.0717034239649401,0.0714346532358397,
2022-03-06 02:00:00,0.07069,0.07078,0.07027,0.07074,3499304,246983.19636,1590,1685221,118919.50614,-0.0011296243998869,ARPA-USDT,0.0706093438385227,0.0704799261603186,
2022-03-06 03:00:00,0.07072,0.07088,0.06974,0.06986,4355233,305463.8984,1566,1809842,126879.79304,-0.0001431229426076,ARPA-USDT,0.0707069627241803,0.0707638728947592,
2022-03-06 04:00:00,0.06986,0.06998,0.06883,0.06963,9969068,691832.47743,3206,4682640,324823.76325,-0.0018635321100918,ARPA-USDT,0.0698588752302565,0.0696137268471637,
2022-03-06 05:00:00,0.06965,0.07011,0.06956,0.06994,4856342,339743.8142,1670,2230523,156019.27481,-0.0009998571632624,ARPA-USDT,0.0695988722405665,0.069743079637694,
2022-03-06 06:00:00,0.0699299999999999,0.07048,0.06986,0.0702,4252729,298527.38395,1698,2142821,150397.61976,-0.0004271678769757,ARPA-USDT,0.0698976356727229,0.0699304148957249,
2022-03-06 07:00:00,0.0702,0.0702899999999999,0.06976,0.07003,3873012,271378.87283,1594,1848582,129519.25168,-0.0014259232853273,ARPA-USDT,0.0702075493382264,0.0701925315458665,
2022-03-06 08:00:00,0.07001,0.0701,0.06959,0.06974,4715614,329372.57558,1913,2172091,151699.99911,-0.0007164350193438,ARPA-USDT,0.0699200416453374,0.0699156699306178,0.0001
2022-03-06 09:00:00,0.06972,0.06986,0.06901,0.06901,5739577,398652.84478,2100,3130441,217368.85692,-0.0018802429852472,ARPA-USDT,0.0697038307062436,0.0696666925187247,
2022-03-06 10:00:00,0.06901,0.06905,0.06829,0.06838,8786190,602419.29241,3232,4440532,304410.48864,-0.0010226442658874,ARPA-USDT,0.0689743417304256,0.0686622363179506,
2022-03-06 11:00:00,0.06837,0.06907,0.06801,0.06897,5748831,393747.33727,1992,2703381,185175.98129,-0.0007244277021152,ARPA-USDT,0.0684396988587569,0.0683054800406024,
2022-03-06 12:00:00,0.06896,0.06949,0.06874,0.06934,6269054,433689.45327,1883,3197569,221150.91797,-0.0011524056467876,ARPA-USDT,0.0689307391790332,0.0690475285823231,
2022-03-06 13:00:00,0.06936,0.07077,0.06936,0.07,13739336,964249.72605,4874,6172462,432985.95276,-0.0017113519680547,ARPA-USDT,0.0694033339663107,0.0694692169321104,
2022-03-06 14:00:00,0.07003,0.07028,0.06931,0.0693299999999999,6848644,477009.30179,2338,3035998,211455.37223,-0.0018715807659097,ARPA-USDT,0.0700984163671228,0.0701307561150943,
2022-03-06 15:00:00,0.06935,0.06956,0.06885,0.06945,5062364,350536.39549,2255,2488451,172283.21963,-0.0014378145219267,ARPA-USDT,0.0693858720686073,0.0693479822861776,
2022-03-06 16:00:00,0.06947,0.07032,0.0694,0.07025,8850200,619061.10308,2595,3865253,270338.62351,-0.0008533636751527,ARPA-USDT,0.0694511346166626,0.0695813937307014,0.0001
2022-03-06 17:00:00,0.07026,0.0704,0.0697899999999999,0.07013,4531615,317624.72959,1943,2349300,164680.91912,-0.0004275940706955,ARPA-USDT,0.0703341181207772,0.0702913431560008,
2022-03-06 18:00:00,0.07012,0.07312,0.07011,0.07198,128059715,9196065.05679,33530,63585350,4565406.30702,-0.0026326728557571,ARPA-USDT,0.0701518997569195,0.0703091267986174,
2022-03-06 19:00:00,0.07193,0.07213,0.06963,0.0704,84832800,6013278.7956,27357,39665425,2811424.3634,-0.0021261516654854,ARPA-USDT,0.0719591612860722,0.0714168872868072,
2022-03-06 20:00:00,0.07037,0.07066,0.0694299999999999,0.07053,38012974,2664851.35189,13692,16513334,1157875.87593,-0.0021222410865875,ARPA-USDT,0.070322961517591,0.0702291168811681,
2022-03-06 21:00:00,0.0705399999999999,0.072,0.07045,0.07116,49017987,3494359.87669,16613,21266305,1516570.18478,-0.0018235376630664,ARPA-USDT,0.0704987466970674,0.0706179190814922,
2022-03-06 22:00:00,0.07115,0.0716,0.06971,0.0699,27567597,1951065.26739,11702,11219630,794638.26744,-0.0008576329331044,ARPA-USDT,0.0711700422263377,0.0711673221963584,
2022-03-06 23:00:00,0.0699,0.07017,0.0684,0.06869,31218976,2159009.33374,13129,15793627,1092439.35154,-0.0023238925199708,ARPA-USDT,0.0699807815815366,0.0699839628360407,
2022-03-07 00:00:00,0.0687,0.06891,0.06722,0.06804,29694235,2019055.04868,11312,13669222,930034.39603,-0.0023460410557183,ARPA-USDT,0.0686776175659512,0.0686174339384672,-0.00065686
2022-03-07 01:00:00,0.06804,0.0681799999999999,0.06666,0.06671,19835205,1342648.02603,7519,9671389,655357.06097,-0.0013473053892214,ARPA-USDT,0.0680744677487932,0.0679770098704624,
2022-03-07 02:00:00,0.0667,0.06726,0.06558,0.06615,17102597,1136353.95093,6798,8827413,587523.76314,-0.0009062075215224,ARPA-USDT,0.0666950998572347,0.0670087187699555,
2022-03-07 03:00:00,0.06615,0.06649,0.06561,0.06638,10612705,701856.1216899999,4326,5343217,353294.77434,-0.0003012048192772,ARPA-USDT,0.0661347533079691,0.066033523342137,
2022-03-07 04:00:00,0.06637,0.06792,0.0661,0.06702,18084122,1211857.15828,4411,10402587,697181.33237,-0.0008944543828265,ARPA-USDT,0.0664028576621148,0.0663428768542158,
2022-03-07 05:00:00,0.067,0.0678899999999999,0.06672,0.06774,13944320,939554.97058,3910,7791976,524741.52286,-0.0011795930404012,ARPA-USDT,0.0669084025623596,0.0669235472843998,
2022-03-07 06:00:00,0.0677,0.06891,0.06761,0.06863,11151331,762087.09779,3544,6383898,436268.43547,-0.0020357714119528,ARPA-USDT,0.0677423557517194,0.0677564720797979,
2022-03-07 07:00:00,0.06866,0.06891,0.06704,0.06741,15535316,1056664.14013,4415,6727859,457858.85733,0.000296779937676,ARPA-USDT,0.068797108347101,0.0687445575294889,
2022-03-07 08:00:00,0.0674299999999999,0.06847,0.06683,0.06841,14367675,970208.73875,4378,7391733,499298.08187,-0.0008762961881116,ARPA-USDT,0.0674272649466376,0.0673552746251684,-0.00011598
2022-03-07 09:00:00,0.06842,0.06861,0.06741,0.06757,13862221,942879.34099,4286,5751307,391179.67368,-0.0007394262052646,ARPA-USDT,0.0684516058930716,0.0682021324060867,
2022-03-07 10:00:00,0.06757,0.0678899999999999,0.06707,0.06724,10836561,732451.53214,2938,5314564,359202.15642,-0.0004459640255686,ARPA-USDT,0.067705558665214,0.0676365288198635,
2022-03-07 11:00:00,0.06724,0.06861,0.06706,0.06819,16457714,1118470.46555,4881,9125847,619814.72193,-0.0010254907705831,ARPA-USDT,0.0671342157198538,0.0672859731309374,
2022-03-07 12:00:00,0.06817,0.06906,0.06817,0.06874,12857005,883037.28999,3980,6015401,413130.15466,0.0002910360884749,ARPA-USDT,0.0682332489954069,0.0684330980168257,
2022-03-07 13:00:00,0.06875,0.06976,0.0685,0.06975,13868317,960339.68959,5377,6980941,483247.76416,0.0,ARPA-USDT,0.0687740620062321,0.0687002124452025,
2022-03-07 14:00:00,0.06973,0.07044,0.06896,0.06896,18100572,1263823.19959,6903,7569197,528581.12951,-0.0010140518615094,ARPA-USDT,0.0699550206112403,0.0697059099514272,
2022-03-07 15:00:00,0.06896,0.06973,0.06861,0.06946,13336655,923663.47592,4314,6535907,452533.36474,0.0002880184331797,ARPA-USDT,0.0690133805147738,0.0690846535060795,
2022-03-07 16:00:00,0.06944,0.07021,0.06853,0.06881,14678512,1019007.70316,4711,7245978,503177.20764,-0.0004357931435212,ARPA-USDT,0.0694870187223375,0.0695607085919413,0.0001
2022-03-07 17:00:00,0.06882,0.06928,0.06847,0.0686,15390486,1059858.62962,4380,8683320,597984.19473,-0.0005827505827508,ARPA-USDT,0.0687281687712137,0.0688040466559652,
2022-03-07 18:00:00,0.06862,0.06862,0.06648,0.06702,15661641,1055919.36922,4790,7270404,490090.07188,-0.00074548978679,ARPA-USDT,0.0682705919154902,0.0681271170751396,
2022-03-07 19:00:00,0.06702,0.0671799999999999,0.06532,0.06564,16474166,1091900.99203,4718,8023675,532068.36446,-0.0027347310847766,ARPA-USDT,0.0669587227645702,0.0669550360722242,
2022-03-07 20:00:00,0.0657,0.06658,0.06504,0.06623,10013173,659873.21696,3530,5088158,335385.96373,0.0001510117789187,ARPA-USDT,0.0656138888351393,0.0653629540531042,
2022-03-07 21:00:00,0.06626,0.06692,0.06569,0.06641,11056688,733185.71039,3601,5087622,337372.12465,-0.0009026628554236,ARPA-USDT,0.0663153549876538,0.0661196419471283,
2022-03-07 22:00:00,0.0664299999999999,0.06786,0.06631,0.06727,9373217,629975.23914,3007,4733304,318215.52105,-0.0001486325802617,ARPA-USDT,0.0663824863244955,0.0666536268049078,
2022-03-07 23:00:00,0.0672799999999999,0.06812,0.06688,0.0671799999999999,12407627,836688.59335,3622,5660528,381665.26392,-0.0016347154109094,ARPA-USDT,0.0671797482982923,0.0671934083169032,
2022-03-08 00:00:00,0.06716,0.06865,0.06669,0.06825,12376509,838967.16442,3438,5132426,347546.25753,0.0004397537379068,ARPA-USDT,0.0672217572100078,0.0670253853753232,-1.455e-05
2022-03-08 01:00:00,0.06825,0.06904,0.06776,0.0688,8094273,555610.7214,2956,3543954,243231.79005,-0.0007262164124908,ARPA-USDT,0.0682281563059439,0.0681827313873858,
2022-03-08 02:00:00,0.06881,0.06989,0.06851,0.06946,9645465,668365.83165,3207,4687806,324677.837,-0.0005755395683455,ARPA-USDT,0.0688285421107321,0.0687856342240971,
2022-03-08 03:00:00,0.06945,0.06991,0.06936,0.06986,7220325,502522.91914,2955,3161761,219981.15033,-0.0008581235697938,ARPA-USDT,0.0695026459448645,0.0695529120565112,
2022-03-08 04:00:00,0.06988,0.07032,0.06904,0.06906,10284226,717471.60826,3670,4762503,332302.71044,-0.0010125849848112,ARPA-USDT,0.069854443853912,0.0699071922231034,
2022-03-08 05:00:00,0.06906,0.06989,0.06854,0.06896,8517124,588597.86758,2550,4171719,288373.29218,-0.0010140518615094,ARPA-USDT,0.0691132342791685,0.0694621643562842,
2022-03-08 06:00:00,0.06897,0.06941,0.068,0.0683,7610224,522514.15636,2352,2921292,200639.97186,-0.001169932728868,ARPA-USDT,0.0690535661267355,0.0691377924884641,
2022-03-08 07:00:00,0.06829,0.06951,0.0681399999999999,0.06906,8090324,556724.49752,2678,4209477,289584.4476,-0.0002895193977997,ARPA-USDT,0.0682558149941418,0.0683706342328767,
2022-03-08 08:00:00,0.06907,0.0700799999999999,0.06901,0.06971,11450296,797713.36585,4733,5264453,366755.30648,-0.0010031527658355,ARPA-USDT,0.0691423602895785,0.0690909448464244,0.0001
2022-03-08 09:00:00,0.0697,0.0701,0.06957,0.07003,6758549,471997.61124,3602,3148734,219932.77817,0.0001428163381891,ARPA-USDT,0.0697917007431837,0.069803651251855,
2022-03-08 10:00:00,0.07003,0.07017,0.06919,0.06997,8889160,619481.03411,4013,4093438,285173.67054,0.0005720005720004,ARPA-USDT,0.0701039608928432,0.0699411123970108,
2022-03-08 11:00:00,0.06995,0.07007,0.06957,0.06974,7830428,546973.84533,3346,3149843,220034.01892,-0.0001433691756274,ARPA-USDT,0.0698934764149837,0.0699103249040166,
2022-03-08 12:00:00,0.06978,0.0700399999999999,0.06867,0.06914,10297488,714838.59935,4190,4217740,293109.1784,-0.0002891844997109,ARPA-USDT,0.069835770907204,0.0698228493038335,
2022-03-08 13:00:00,0.06913,0.06952,0.06874,0.06932,8889943,615193.32507,3774,3762338,260365.45403,0.0002886002886004,ARPA-USDT,0.0691770489122973,0.0692436343510156,
2022-03-08 14:00:00,0.06932,0.06967,0.06857,0.06897,11885436,822144.07909,4039,6330510,437799.83015,-0.0013032145960033,ARPA-USDT,0.0693421436364097,0.0694666867700359,
2022-03-08 15:00:00,0.06896,0.07105,0.06806,0.06888,30060892,2086676.08788,10249,14398952,999812.35182,-0.000435350457118,ARPA-USDT,0.0689697755766574,0.0689365301786577,
2022-03-08 16:00:00,0.0688899999999999,0.06914,0.06744,0.06792,12208719,833511.48757,4229,5615232,383324.70949,0.0,ARPA-USDT,0.0688989833921028,0.0688425997836034,0.0001
2022-03-08 17:00:00,0.0679,0.06963,0.06781,0.06942,13190351,909592.40962,4283,6936885,477831.10712,0.0001440714594438,ARPA-USDT,0.0678546636334737,0.0680145342559925,
2022-03-08 18:00:00,0.06942,0.0702,0.06904,0.06974,30565073,2132830.82202,7835,15593304,1088050.49601,-0.0014318442153493,ARPA-USDT,0.0695413744522494,0.0698046505155828,
2022-03-08 19:00:00,0.06972,0.06977,0.06874,0.06912,14656150,1014020.07697,4648,7197253,497901.66085,0.0005790387955992,ARPA-USDT,0.0696945873441402,0.0692911101280474,
2022-03-08 20:00:00,0.06912,0.06942,0.06787,0.0682,10210436,700778.31828,3136,4728594,324258.39897,-0.0019025318308211,ARPA-USDT,0.0691757341833501,0.0692099206820957,
2022-03-08 21:00:00,0.06813,0.06873,0.06766,0.06766,9419776,642163.43701,3705,4499008,306793.58139,-0.0011809861234129,ARPA-USDT,0.0681199195430753,0.0682281662229687,
2022-03-08 22:00:00,0.06766,0.0681,0.0676399999999999,0.06805,4912570,333685.85465,2416,2722188,184882.68842,-0.0001469291801351,ARPA-USDT,0.0677204585030489,0.0678930648409365,
2022-03-08 23:00:00,0.06805,0.06957,0.06782,0.06946,20925238,1440285.77907,3828,11072177,761904.95395,-0.001581141296536,ARPA-USDT,0.0678771173339752,0.0679769850467378,
2022-03-09 00:00:00,0.06951,0.0701799999999999,0.06912,0.07012,9806680,684381.7401,3586,5158760,360040.85366,0.0002853067047077,ARPA-USDT,0.0695330093897906,0.0695002977697838,9.04e-05
2022-03-09 01:00:00,0.07012,0.07074,0.06997,0.07046,9084510,638819.56535,2831,4726180,332409.01135,0.0002839295854626,ARPA-USDT,0.0702430117450449,0.0701508419908797,
2022-03-09 02:00:00,0.07045,0.07095,0.06948,0.06982,21496134,1506565.28903,6354,9558056,669686.90056,-0.000858614768174,ARPA-USDT,0.0705171307555641,0.0704901780405932,
2022-03-09 03:00:00,0.0698299999999999,0.07205,0.06924,0.07174,22688726,1603092.28163,8632,11824064,836205.5806,0.0005578800557879,ARPA-USDT,0.0698646791733237,0.0695778603214469,
2022-03-09 04:00:00,0.07175,0.07224,0.07139,0.07214,11522137,828631.21487,6261,5480269,394224.20543,-0.0009693948206619,ARPA-USDT,0.0719663347230189,0.0719771946544425,
2022-03-09 05:00:00,0.07215,0.0722,0.07111,0.0715,7930784,567805.88666,4490,3334259,238738.17303,-0.0005591277606934,ARPA-USDT,0.0721187483076089,0.0720356130268988,
2022-03-09 06:00:00,0.07155,0.072,0.07144,0.07185,7063157,506383.79664,3724,3847839,275865.19618,-0.0001391594767603,ARPA-USDT,0.0715725378128655,0.0715861397168573,
2022-03-09 07:00:00,0.07185,0.07269,0.07174,0.07243,11287760,815840.36692,4491,5435068,392628.86952,0.0001380834023749,ARPA-USDT,0.0718352919624286,0.0718713661753227,
2022-03-09 08:00:00,0.07242,0.0727,0.07157,0.07224,14625461,1054795.00862,4558,6165377,444345.20616,0.0,ARPA-USDT,0.0724092451390758,0.072298090071966,0.0001
2022-03-09 09:00:00,0.0722299999999999,0.07359,0.07185,0.07261,37519313,2738775.43856,8994,19892775,1451942.67584,-0.000550584996559,ARPA-USDT,0.0722869178346329,0.0721709541538197,
2022-03-09 10:00:00,0.07263,0.073,0.07203,0.07259,22395712,1625835.53826,8737,9816477,712675.37767,0.0001377790024799,ARPA-USDT,0.0727677013739295,0.0725359203121857,
2022-03-09 11:00:00,0.07259,0.0738299999999999,0.07235,0.07307,36891405,2694578.73973,11731,17975508,1313348.13131,-0.0019123070618768,ARPA-USDT,0.0725713186959858,0.0726446594669363,
2022-03-09 12:00:00,0.0730799999999999,0.07355,0.07163,0.07236,28830533,2096576.15783,11005,12263967,892639.30484,-0.0001381788033717,ARPA-USDT,0.0731372583481545,0.0730768073077815,
2022-03-09 13:00:00,0.07234,0.07267,0.0712,0.07215,16687613,1200980.1432,6529,7705581,554674.71998,-0.0005540933647318,ARPA-USDT,0.0725175602741133,0.0724893653401627,
2022-03-09 14:00:00,0.07216,0.07259,0.0717899999999999,0.07217,14984021,1081013.68285,4993,6746200,486776.26977,0.0,ARPA-USDT,0.0721533774910798,0.0721813084229895,
2022-03-09 15:00:00,0.07216,0.07301,0.07201,0.0728,17617040,1277355.72297,5591,8339324,604530.13025,0.0002748007694421,ARPA-USDT,0.0721134841819338,0.0722302318535072,
2022-03-09 16:00:00,0.07278,0.07297,0.07221,0.07236,12979660,942381.40416,4095,5529786,401575.97756,-0.0002763194252556,ARPA-USDT,0.0728432053417509,0.0728186342198602,0.0001
2022-03-09 17:00:00,0.07235,0.07296,0.07224,0.07261,11798270,856455.88729,3611,5976774,433849.374,0.0,ARPA-USDT,0.0723703875759194,0.0724915666848803,
2022-03-09 18:00:00,0.07262,0.07262,0.0707899999999999,0.07135,15800961,1130297.4898,4731,6885479,492641.93639,0.0,ARPA-USDT,0.0724981118476962,0.072431142506941,
2022-03-09 19:00:00,0.07137,0.0723,0.07132,0.0720799999999999,22128118,1587697.79637,6514,10951828,785945.77497,-1.5543122344752194e-15,ARPA-USDT,0.071344594540298,0.071612306206099,
2022-03-09 20:00:00,0.07206,0.07219,0.07105,0.0714,9750110,698434.75262,2825,4619288,330828.52854,-0.0004199916001678,ARPA-USDT,0.0720300145062596,0.071984307925299,
2022-03-09 21:00:00,0.07139,0.0715,0.07067,0.07106,8440595,599411.86722,2528,3691181,262168.67727,0.0005632216277104,ARPA-USDT,0.0713063204366372,0.0712476253437898,
2022-03-09 22:00:00,0.07106,0.07145,0.07074,0.07103,6981662,496900.13911,2827,3489056,248311.08329,-0.0002814919071078,ARPA-USDT,0.0710705955820895,0.0710812553003043,
2022-03-09 23:00:00,0.0710399999999999,0.07187,0.07098,0.07165,8200629,586457.1975,3844,4065978,290752.93702,0.0,ARPA-USDT,0.0710747615408663,0.0710293988277198,
2022-03-10 00:00:00,0.07165,0.07228,0.07132,0.07161,11583529,831964.78864,4729,5883553,422510.75545,-0.0006977393245884,ARPA-USDT,0.0717014499008909,0.0715313206579543,0.0001
2022-03-10 01:00:00,0.0715799999999999,0.07265,0.06972,0.0701799999999999,22027851,1566425.66674,7833,9912307,705096.84192,0.0002850627137955,ARPA-USDT,0.0716108822245643,0.0715570094086314,
2022-03-10 02:00:00,0.07019,0.07059,0.06955,0.06963,11623079,814611.1892,4759,6330528,443758.85841,-0.0010043041606886,ARPA-USDT,0.070158880283068,0.0702828320611595,
2022-03-10 03:00:00,0.06963,0.07012,0.06874,0.06929,18796364,1307276.86897,6762,8854104,616109.34594,-0.0007210845111046,ARPA-USDT,0.0694487231455084,0.0696727616307606,
2022-03-10 04:00:00,0.06927,0.06952,0.0665299999999999,0.0670299999999999,26716208,1813488.56349,8030,11539971,783491.56123,-0.0013408820023853,ARPA-USDT,0.0692065122569512,0.069223694937924,
2022-03-10 05:00:00,0.06705,0.06709,0.0659299999999999,0.06644,18124299,1206740.69895,5708,8314864,553999.49586,-0.0007519927808692,ARPA-USDT,0.0669769169561182,0.0669218691789539,
2022-03-10 06:00:00,0.06645,0.06726,0.06633,0.06719,9193793,613726.05172,3482,5028790,335734.15598000004,-0.0007436049970255,ARPA-USDT,0.0665845575753568,0.0666851003422464,
2022-03-10 07:00:00,0.06719,0.06752,0.06687,0.0673899999999999,6793393,456759.54744,2792,2982352,200543.77091,-0.0007413997627536,ARPA-USDT,0.0671466788849373,0.0671641148478584,
2022-03-10 08:00:00,0.06738,0.0675,0.0664299999999999,0.06742,12078356,808958.27895,4704,5790373,387802.50827,-0.000741070105232,ARPA-USDT,0.0672793650784608,0.0671187837715956,0.0001
2022-03-10 09:00:00,0.06744,0.06766,0.067,0.0674299999999999,9303951,626680.61126,2890,4659382,313901.17956,-0.0010370370370385,ARPA-USDT,0.0674924386408434,0.0674681679997602,
2022-03-10 10:00:00,0.06744,0.06752,0.06692,0.06696,8955784,602683.4945,2524,4412282,296875.14697,-0.0008952551477169,ARPA-USDT,0.0673840949325402,0.0673640219691999,
2022-03-10 11:00:00,0.06691,0.0671399999999999,0.06665,0.06702,6330926,423441.1103,2304,3411541,228209.37805,-0.0004474272930649,ARPA-USDT,0.0668169943868778,0.0668750002698576,
2022-03-10 12:00:00,0.06702,0.06767,0.0667799999999999,0.06735,7554489,508860.93112,2242,3603128,242694.92234,-0.0007418397626114,ARPA-USDT,0.0669648136037457,0.0669523848063961,
2022-03-10 13:00:00,0.06734,0.06863,0.06605,0.06698,16609780,1118934.25175,5103,7880834,531317.16844,-0.0014907573047108,ARPA-USDT,0.06739686366835,0.0674687846202881,
2022-03-10 14:00:00,0.06698,0.06717,0.06613,0.06699,10320396,688651.3793500001,3426,4656517,310784.43622,0.0001492982979993,ARPA-USDT,0.0668870856626109,0.0669713875244128,
2022-03-10 15:00:00,0.06701,0.06776,0.06681,0.06744,10429917,701242.8025,3113,4262389,286515.46148,0.0011876484560569,ARPA-USDT,0.0670550993781257,0.0669458925981828,
2022-03-10 16:00:00,0.0674299999999999,0.0677,0.06683,0.06715,7751888,521542.8818,2660,3573100,240389.36596,0.0002979293907345,ARPA-USDT,0.0673742018410857,0.0674437231316808,0.0001
2022-03-10 17:00:00,0.0672,0.06742,0.06687,0.06702,5169445,347083.90081,2368,2158047,144938.6202,-0.0011922503725784,ARPA-USDT,0.0671818178741963,0.0671035787521319,
2022-03-10 18:00:00,0.06702,0.06734,0.06675,0.06711,7112744,476995.77214,2008,3265050,218975.56832,0.0,ARPA-USDT,0.0669640468221119,0.0669975956175729,
2022-03-10 19:00:00,0.06713,0.06769,0.0669299999999999,0.06765,6038010,406349.07819,2273,2374331,159770.70107,-0.0004432624113475,ARPA-USDT,0.0671286597003706,0.0670711448986178,
2022-03-10 20:00:00,0.06765,0.06895,0.0675,0.06842,12977165,883691.94252,4135,6877959,468400.12162,-0.0004382761139518,ARPA-USDT,0.067640066845629,0.0677209624764,
2022-03-10 21:00:00,0.06844,0.06914,0.06783,0.06803,15142415,1036297.07662,4928,7293071,499210.72929,-0.0004407875404055,ARPA-USDT,0.0685720947110798,0.0685131240831474,
2022-03-10 22:00:00,0.06804,0.06887,0.06769,0.06883,11565709,791509.18778,4903,6659013,455703.92342,0.0001453065969194,ARPA-USDT,0.0680821351849972,0.0679947167274852,
2022-03-10 23:00:00,0.0688,0.06904,0.06835,0.0686,8101425,556946.06722,3521,4785646,329020.51722,0.000437509114773,ARPA-USDT,0.0688500410138744,0.0688307201113159,
2022-03-11 00:00:00,0.06858,0.06861,0.0676,0.06795,9035848,615023.41659,2871,4728010,321773.50491,-0.0005883218120311,ARPA-USDT,0.0685021771139096,0.0682772251931446,0.0001
2022-03-11 01:00:00,0.06797,0.06809,0.067,0.06715,10045947,677195.39153,2667,4879769,328887.3232,-0.0007440476190475,ARPA-USDT,0.0680397099492073,0.0678377558189784,
2022-03-11 02:00:00,0.06711,0.06733,0.06635,0.06701,6271704,419213.88543,2370,3168056,211802.2025,0.0001492537313432,ARPA-USDT,0.0670397287538937,0.0671837901885457,
2022-03-11 03:00:00,0.06702,0.06804,0.0668899999999999,0.06782,5077384,342198.57144,2582,2528622,170451.53195,-0.0005894488653108,ARPA-USDT,0.0669847539579536,0.0670728120381058,
2022-03-11 04:00:00,0.0678,0.06784,0.06635,0.06654,6541998,438346.28849,2253,3465892,232182.55711,-0.0010508932592704,ARPA-USDT,0.0677324250204314,0.0676432804474172,
2022-03-11 05:00:00,0.06654,0.06794,0.06644,0.0678899999999999,7274624,489481.04585,2536,3509653,236039.10243,-0.00058884145444,ARPA-USDT,0.0666384501821745,0.0666399732630783,
2022-03-11 06:00:00,0.0678899999999999,0.06895,0.06777,0.06891,10318877,706254.19045,3320,4882737,334179.06914,-0.0005801305293691,ARPA-USDT,0.0679117855758504,0.067905054059318,
2022-03-11 07:00:00,0.0689299999999999,0.07014,0.0689,0.06962,19756549,1375237.56472,5746,9141991,636412.82863,-0.0002871912693852,ARPA-USDT,0.0689771501814693,0.0693182294993491,
2022-03-11 08:00:00,0.06961,0.06963,0.06851,0.06859,13271548,915640.12699,3601,5572403,384431.96859,-0.0005828354946816,ARPA-USDT,0.069495127906328,0.0694911651555378,0.0001
2022-03-11 09:00:00,0.06861,0.0691,0.06827,0.0687,9139515,627721.8308,2913,4836719,332075.69114,0.0002912055911472,ARPA-USDT,0.0686816662713563,0.0687584431166184,
2022-03-11 10:00:00,0.06869,0.0691,0.06849,0.06852,11492249,790214.5897,3050,5492445,377708.70767,-0.0005834305717619,ARPA-USDT,0.0687891909102381,0.0687845388909932,
2022-03-11 11:00:00,0.06849,0.06974,0.06756,0.06941,20586488,1413429.72511,5558,9969129,684472.95595,-0.001294964028777,ARPA-USDT,0.0685466457742672,0.0683399497998291,
2022-03-11 12:00:00,0.06942,0.06996,0.06894,0.06923,10995969,763503.82882,4462,5662926,393134.56618,-0.00028880866426,ARPA-USDT,0.0695279805495936,0.0696488964916795,
2022-03-11 13:00:00,0.06921,0.06936,0.0682,0.06865,15710158,1079099.21719,5223,8420647,578488.19944,-0.0002912479976698,ARPA-USDT,0.0693062451330873,0.0691835567994908,
2022-03-11 14:00:00,0.0686399999999999,0.06909,0.06842,0.06853,9602298,659935.31104,3258,5286217,363330.92626,-0.0016025641025643,ARPA-USDT,0.0686447483692683,0.0685380544554078,
2022-03-11 15:00:00,0.06853,0.06854,0.06763,0.068,10867201,740117.4784,3409,5600118,381429.16621,-0.0008815750808108,ARPA-USDT,0.0684180441691728,0.0683757578512168,
2022-03-11 16:00:00,0.06801,0.06804,0.06708,0.0678899999999999,9725887,656864.11781,3635,4966143,335416.66295,-0.0013239187996484,ARPA-USDT,0.0678852014264736,0.067860637528452,0.0001
2022-03-11 17:00:00,0.0678899999999999,0.06829,0.0674,0.068,7210105,488477.2004,4311,3263826,221119.22331,-0.0010283531658586,ARPA-USDT,0.0677446037745497,0.0677425559018734,
2022-03-11 18:00:00,0.068,0.0681,0.06748,0.06755,13273553,899980.11259,5546,6188988,419511.04942,-0.0005918035212308,ARPA-USDT,0.0679119328506442,0.0679555466153469,
2022-03-11 19:00:00,0.06756,0.0678,0.06712,0.0674,10732818,724134.0969700001,5172,4402464,297026.03937,-0.0010374981473247,ARPA-USDT,0.0675144518475919,0.0675224588931266,
2022-03-11 20:00:00,0.0674,0.06779,0.06656,0.0666399999999999,11414844,766694.77051,4363,4160761,279586.88036,0.0003002101471014,ARPA-USDT,0.0673649828791125,0.0674161620452793,
2022-03-11 21:00:00,0.06665,0.06741,0.06655,0.06697,12172050,814550.6443800001,4576,5235418,350338.67284,-0.0013420817178645,ARPA-USDT,0.0665956031751838,0.066688548064905,
2022-03-11 22:00:00,0.06698,0.06748,0.06656,0.0672799999999999,13647388,916244.08908,4923,5299075,355709.29095,-0.0010393466963637,ARPA-USDT,0.0670688808998778,0.0671865597277092,
2022-03-11 23:00:00,0.06729,0.06733,0.06605,0.06606,10426192,694376.59665,3933,3725281,248104.2627,-0.0013605442176871,ARPA-USDT,0.0672626524450279,0.0672523063910661,
2022-03-12 00:00:00,0.06608,0.06798,0.06592,0.06791,12669924,850002.33611,3091,6287366,422044.86745,-0.0002944207272193,ARPA-USDT,0.0659938436137033,0.0661000053550307,5.195e-05
2022-03-12 01:00:00,0.06795,0.06828,0.06761,0.06775,7622532,517732.04996,2914,3633812,246783.83261,-0.0004426084390676,ARPA-USDT,0.0680102086500655,0.0679143008339243,
2022-03-12 02:00:00,0.06776,0.06826,0.06741,0.06755,4712078,319592.33908,2251,2078166,140958.83841,-0.0002959893443836,ARPA-USDT,0.0679296279396342,0.067988679547403,
2022-03-12 03:00:00,0.0675299999999999,0.0688,0.06697,0.06721,20506967,1392719.78519,5345,9718277,659948.42139,-0.0004461629982152,ARPA-USDT,0.0674836059134319,0.0677865243977198,
2022-03-12 04:00:00,0.06719,0.06763,0.0667799999999999,0.0673,6721852,452215.81294,2119,3416766,229854.7645,-0.0007423904974015,ARPA-USDT,0.0671736291172737,0.0671374049126305,
2022-03-12 05:00:00,0.0673,0.06804,0.06705,0.06757,9137609,617487.48986,3496,4277184,289011.31314,-0.0005916284573287,ARPA-USDT,0.0672947845746398,0.0671819790760063,
2022-03-12 06:00:00,0.06757,0.06784,0.06729,0.06733,4842071,327314.73749,1840,2206096,149181.46618000002,-0.0011867675419077,ARPA-USDT,0.0676510238243656,0.0677327125396876,
2022-03-12 07:00:00,0.0673,0.06763,0.06683,0.06717,6187303,416104.67865,2262,2361782,158905.26678,-0.0010410469958358,ARPA-USDT,0.0673432935159354,0.0674885499599518,
2022-03-12 08:00:00,0.06717,0.06756,0.06671,0.06688,8048384,539815.3794,2274,3859836,258886.27693,-0.0010455563853621,ARPA-USDT,0.0671651690992888,0.0673462729230287,0.0001
2022-03-12 09:00:00,0.06687,0.06732,0.06677,0.06704,5577604,373927.68758,1761,2522855,169126.36322,-0.0008941877794337,ARPA-USDT,0.0668389843310566,0.0668895542474124,
2022-03-12 10:00:00,0.06704,0.06746,0.06701,0.06722,7374128,495817.74706,1816,4039488,271599.28348,-0.0007432733759475,ARPA-USDT,0.0671300854075036,0.0671607425337469,
2022-03-12 11:00:00,0.06722,0.06751,0.06675,0.06681,6506326,436656.68221,1920,3106494,208631.53585,-0.0008972633467922,ARPA-USDT,0.0672529143350947,0.0672823475759811,
2022-03-12 12:00:00,0.06681,0.0677799999999999,0.0666799999999999,0.06727,8574316,576199.51175,3108,4435765,298136.91031,-0.0002972209838015,ARPA-USDT,0.0668654267101926,0.0668800124360632,
2022-03-12 13:00:00,0.06727,0.06741,0.0670299999999999,0.0672799999999999,5407054,363525.48071,1887,2843265,191166.39434,-0.000445699004607,ARPA-USDT,0.0672795886721219,0.0672192969620984,
2022-03-12 14:00:00,0.0672799999999999,0.06746,0.06627,0.06649,10139267,676933.65776,3303,4081638,272663.85429,-0.0013517572844699,ARPA-USDT,0.0672867020745452,0.0672440522101498,
2022-03-12 15:00:00,0.06649,0.06713,0.06638,0.06692,8165338,544869.13816,2656,4072162,271688.37917000003,-0.0014920919128619,ARPA-USDT,0.0665717388625038,0.0665986789107933,
2022-03-12 16:00:00,0.06692,0.06788,0.06677,0.06741,10867076,731346.65712,3496,5499407,370072.65006,-0.0004448398576513,ARPA-USDT,0.0669744095807153,0.0668753137325931,0.0001
2022-03-12 17:00:00,0.06741,0.06771,0.06721,0.06738,7684207,518428.84211,2388,4317019,291287.35197,-0.0011858879335904,ARPA-USDT,0.0674060051482446,0.0674976506673253,
2022-03-12 18:00:00,0.06742,0.0677,0.06729,0.0675,5217308,352141.53398,1814,2573284,173708.58010000002,-0.0008880994671401,ARPA-USDT,0.0674707822739261,0.0674752447949525,
2022-03-12 19:00:00,0.06747,0.0676399999999999,0.06715,0.0671799999999999,8291934,558509.62141,2729,3591051,241859.99438,-0.0008923259964319,ARPA-USDT,0.0674682008784922,0.0674359323101777,
2022-03-12 20:00:00,0.06717,0.0672799999999999,0.0669299999999999,0.06708,5410587,363155.63362,1940,2360944,158446.61965,-0.000893655049151,ARPA-USDT,0.0671567723326746,0.0671172800340694,
2022-03-12 21:00:00,0.06709,0.0673,0.06704,0.06717,3868947,259917.10985,1535,1680983,112911.90793,-0.001189591078067,ARPA-USDT,0.0670830774948341,0.0671407787804881,
2022-03-12 22:00:00,0.06717,0.0674299999999999,0.06682,0.0669,6156537,413065.37325,2186,3134554,210309.00153,-0.0007468259895443,ARPA-USDT,0.0671250590654759,0.0672078054328879,
2022-03-12 23:00:00,0.06691,0.06715,0.06641,0.0665,5667659,379228.87078,2213,2246710,150297.6295,-0.0012015620306398,ARPA-USDT,0.0669503747581952,0.0670063853118369,
2022-03-13 00:00:00,0.06649,0.06658,0.0657,0.06609,11974543,791242.45073,5010,4968732,328268.70318,-0.0007559721802239,ARPA-USDT,0.0664208815518217,0.0664259464743746,0.0001
2022-03-13 01:00:00,0.0661,0.0674,0.06608,0.06716,10216600,682085.23329,3765,5545977,370170.64098,-0.000595238095238,ARPA-USDT,0.0661064833226014,0.0661254006006529,
2022-03-13 02:00:00,0.0671399999999999,0.06828,0.06701,0.06779,11292294,764554.60694,4649,5895037,399012.56594,-0.0007370283018867,ARPA-USDT,0.0670421840633637,0.0671655851836894,
2022-03-13 03:00:00,0.0678,0.06801,0.06761,0.06785,7061174,478887.49763,3452,3561014,241500.3716,-0.0005891883929888,ARPA-USDT,0.0679249102423381,0.0678355236066889,
2022-03-13 04:00:00,0.06785,0.06824,0.0674,0.06742,5603215,380295.18585,2211,2611778,177232.56308,-0.0005929439667953,ARPA-USDT,0.067873061141877,0.0678868978496855,
2022-03-13 05:00:00,0.06744,0.06762,0.06733,0.06747,4296266,289960.6272,1866,1661579,112119.7822,0.0001482359916986,ARPA-USDT,0.0675022632816648,0.0674714007893969,
2022-03-13 06:00:00,0.06747,0.06748,0.06708,0.06731,6232127,419416.8912,1962,3078477,207165.8193,-0.0005939123979212,ARPA-USDT,0.0674615356016458,0.0674114654996603,
2022-03-13 07:00:00,0.06732,0.06779,0.0672799999999999,0.06744,7803576,527227.1322999999,2214,4254746,287457.13723,-0.0004446420631392,ARPA-USDT,0.0673339559647274,0.0674054035865053,
2022-03-13 08:00:00,0.06744,0.0676399999999999,0.0671399999999999,0.06738,7989887,538433.49963,2917,4224477,284729.38019,-0.0005932957579353,ARPA-USDT,0.0675041024898949,0.0675020568628793,0.0001
2022-03-13 09:00:00,0.06736,0.0673899999999999,0.06669,0.06683,6883519,461841.22563,2773,3119865,209340.47263,-0.0011956359288596,ARPA-USDT,0.0673567177089642,0.0673416899951023,
2022-03-13 10:00:00,0.06683,0.06711,0.06663,0.06681,5529655,369644.95099,1828,2636181,176211.19845,-0.0001496557916792,ARPA-USDT,0.0668159277046638,0.0669496948504334,
2022-03-13 11:00:00,0.06679,0.0672,0.06652,0.06701,6203687,414622.53086,1906,3227238,215671.28638,-0.0010435301132976,ARPA-USDT,0.0667997814644827,0.0668389857557458,
2022-03-13 12:00:00,0.067,0.06702,0.0655,0.0657399999999999,15919312,1052833.66506,4923,7058252,466921.88852,-0.000911854103345,ARPA-USDT,0.0669558136644539,0.0669480223652035,
2022-03-13 13:00:00,0.0657,0.0666,0.06565,0.06631,8508932,563227.87232,2915,4049028,267957.60661,-0.0003015226895825,ARPA-USDT,0.0657105363422911,0.0657310319112006,
2022-03-13 14:00:00,0.06631,0.06685,0.06624,0.0668,8022256,533822.46111,2524,3912856,260372.88418,-0.0001496781918873,ARPA-USDT,0.0663580655129077,0.0663566160009458,
2022-03-13 15:00:00,0.0668,0.0679,0.0667799999999999,0.06709,16841555,1133125.36988,4827,8452367,568483.86326,-0.0007447125409593,ARPA-USDT,0.0668506068144959,0.0670742668807823,
2022-03-13 16:00:00,0.06709,0.06729,0.0667799999999999,0.0670299999999999,7172894,480525.79253,2205,3647003,244270.4943,-0.0016383675901118,ARPA-USDT,0.0670118932605676,0.0670245126164703,0.0001
2022-03-13 17:00:00,0.06705,0.06722,0.0665,0.06673,8936292,597789.34808,2489,4204403,281280.48002,-0.0004493708807669,ARPA-USDT,0.0671276662053134,0.0671305401463605,
2022-03-13 18:00:00,0.06674,0.06716,0.06655,0.06697,5567507,372199.80528,1776,2400676,160483.40095,-0.000895121587349,ARPA-USDT,0.0667227435204325,0.0666610317537953,
2022-03-13 19:00:00,0.06697,0.06717,0.06659,0.06661,3516134,235305.4851,1561,1986566,132940.81339,-0.0003001650907997,ARPA-USDT,0.0670586542050512,0.0670223821898379,
2022-03-13 20:00:00,0.06658,0.06662,0.06605,0.06632,6708270,445143.94668,1882,3224965,213939.3844,-0.0007533524182611,ARPA-USDT,0.0664573068382118,0.0664356789742563,
2022-03-13 21:00:00,0.06632,0.06667,0.0662,0.06659,3670087,243939.3144,1437,1828934,121549.12918,-0.0001501501501502,ARPA-USDT,0.0662636337809428,0.0662555566781824,
2022-03-13 22:00:00,0.06659,0.06683,0.06354,0.06409,26735088,1741261.07327,7187,12011160,781362.23782,-0.0010910224438902,ARPA-USDT,0.0667287998586211,0.066702765250442,
2022-03-13 23:00:00,0.06408,0.06417,0.0633799999999999,0.0634899999999999,13829007,882011.71097,4512,6117414,390292.57502,-0.0006296237997813,ARPA-USDT,0.0638659710142319,0.0636717464059779,
2022-03-14 00:00:00,0.0635,0.06381,0.06285,0.06364,15766534,999638.11983,4414,6041853,383250.89165,-0.0014122077514513,ARPA-USDT,0.0634715144510156,0.0634800639185255,3.888e-05
2022-03-14 01:00:00,0.06368,0.06445,0.06312,0.06323,10633926,678168.45063,3008,4776008,304927.51245,-0.0001581277672361,ARPA-USDT,0.0637089122718459,0.0640323887497317,
2022-03-14 02:00:00,0.06322,0.06351,0.06298,0.06321,5705634,361114.43033,2494,2883317,182517.78791,-0.0020524155352066,ARPA-USDT,0.0631873946006188,0.063142118685628,
2022-03-14 03:00:00,0.06321,0.06354,0.06292,0.0634899999999999,4710111,297679.61584,2057,2044194,129212.25201,-0.0011013215859048,ARPA-USDT,0.0631854754910832,0.0631607699387565,
2022-03-14 04:00:00,0.06348,0.0650299999999999,0.06346,0.06444,10991018,707485.51847,3480,5392731,346922.41499,-0.0006203473945408,ARPA-USDT,0.0635644386491514,0.0635867801570933,
2022-03-14 05:00:00,0.06443,0.06465,0.0641,0.0641,5362707,345217.28832,1919,2613496,168319.19957,-0.0015576323987537,ARPA-USDT,0.0644984543286715,0.064403272890746,
2022-03-14 06:00:00,0.06412,0.06483,0.06411,0.0646,6101531,393371.67597,2139,3005691,193785.74823,-0.0012368583797154,ARPA-USDT,0.0641503718259239,0.0641785072597088,
2022-03-14 07:00:00,0.0646,0.06542,0.06455,0.06534,9443069,614495.18997,2909,4764646,309903.82775,-0.0004589261128958,ARPA-USDT,0.0645861947766658,0.0647402844037159,
2022-03-14 08:00:00,0.06535,0.0657399999999999,0.06527,0.0655,5908073,386763.61651,2077,2535574,165996.88707,-0.0001526484506181,ARPA-USDT,0.0653146038018724,0.0653548129388792,-1.321e-05
2022-03-14 09:00:00,0.0655,0.06582,0.0652399999999999,0.06555,4834270,316713.64884,1784,2132441,139724.04488,-0.0003050175385085,ARPA-USDT,0.0655753750489383,0.0654698650377088,
2022-03-14 10:00:00,0.06555,0.06567,0.06502,0.06521,4126891,269633.7889,1549,1632993,106678.35728,-0.0001533272002453,ARPA-USDT,0.065595731547619,0.0655596551749057,
2022-03-14 11:00:00,0.06521,0.06522,0.06455,0.06471,8675772,562788.30952,2356,4091085,265445.41194,-0.0018509949097639,ARPA-USDT,0.065219048833596,0.0651683504313879,
2022-03-14 12:00:00,0.06472,0.06492,0.06393,0.06419,9618038,619193.22202,2960,4490409,289119.4102,-0.0004671441918405,ARPA-USDT,0.0646599615884626,0.06477649630234,
2022-03-14 13:00:00,0.0642,0.06468,0.06368,0.06412,10319510,662083.81257,2784,5399175,346587.83806,-0.0001559332605646,ARPA-USDT,0.0642052528836791,0.0643870841275516,
2022-03-14 14:00:00,0.06411,0.06436,0.06382,0.06412,5713569,366276.59187,2047,2975141,190705.43661,-0.000779180302322,ARPA-USDT,0.0640240866410303,0.0640858535294016,
2022-03-14 15:00:00,0.0641299999999999,0.06443,0.06402,0.0642399999999999,6949510,446314.65323,3106,3275793,210376.545,-0.0003112356053548,ARPA-USDT,0.0641453197550206,0.0641613125580291,
2022-03-14 16:00:00,0.06423,0.06462,0.06402,0.06434,5356960,344764.35243,2146,2706105,174151.78707,0.0003109452736316,ARPA-USDT,0.0642213755857475,0.0642269185988139,0.0001
2022-03-14 17:00:00,0.06433,0.06434,0.06364,0.06394,9420254,602888.89291,2464,5295977,338920.5451,-0.0012496094970321,ARPA-USDT,0.0643256786214857,0.0641333347628972,
2022-03-14 18:00:00,0.06394,0.06408,0.06311,0.0634899999999999,12039743,764378.67133,3256,5461246,346672.05083,-0.0009441384736443,ARPA-USDT,0.0639331216864046,0.0639461533122966,
2022-03-14 19:00:00,0.0634899999999999,0.06369,0.06324,0.06368,3816605,242335.7121,2264,1380630,87663.46314,-0.0007845598619173,ARPA-USDT,0.0635566353044717,0.063547791912179,
2022-03-14 20:00:00,0.06366,0.06394,0.0635,0.0635299999999999,3553974,226416.26532,1867,1842423,117364.37657,-0.001257663889327,ARPA-USDT,0.0636994134496452,0.0637261268649415,
2022-03-14 21:00:00,0.0635299999999999,0.06394,0.06347,0.06387,3566216,227320.7848,2228,1840369,117293.84044,-0.0017192872772741,ARPA-USDT,0.063568155631046,0.0635690680743886,
2022-03-14 22:00:00,0.0638799999999999,0.0654899999999999,0.06385,0.06504,12336657,797743.953,4490,6699905,433456.38467,-0.0009216589861751,ARPA-USDT,0.0638636368185656,0.064002566911788,
2022-03-14 23:00:00,0.06504,0.06654,0.06504,0.0663,11763577,775863.45251,5166,6908356,455714.3682,-0.0006029544769369,ARPA-USDT,0.0651554182791272,0.0652249431285366,
2022-03-15 00:00:00,0.06629,0.06702,0.06564,0.06698,12671883,841761.10298,4282,6996677,464866.1647,-0.0002985074626866,ARPA-USDT,0.0663661471139624,0.0663668387365383,0.0001
2022-03-15 01:00:00,0.06698,0.06704,0.0652799999999999,0.06582,12071033,796493.78802,4990,5976691,394084.06716,-0.0013654984069184,ARPA-USDT,0.0669696584027215,0.0668509806049984,
2022-03-15 02:00:00,0.06582,0.06598,0.06547,0.0657,4873743,320453.31996,2669,2074930,136461.44448,-0.0007604562737644,ARPA-USDT,0.0657891603319861,0.0658668469532191,
2022-03-15 03:00:00,0.0657,0.06586,0.06522,0.06533,6641032,435554.94793,2871,3364229,220597.8363,-0.002443121087189,ARPA-USDT,0.0657061917143553,0.0657494997959133,
2022-03-15 04:00:00,0.06532,0.06535,0.06493,0.06529,3613847,235545.74919,2728,1542225,100519.48894,-0.0006122761365375,ARPA-USDT,0.0652779614745645,0.0652991319679504,
2022-03-15 05:00:00,0.06529,0.06532,0.06487,0.06504,3317677,215834.65152,1512,1501013,97616.9699,-0.0007681671531724,ARPA-USDT,0.0652873458022802,0.0651812381583582,
2022-03-15 06:00:00,0.06501,0.06612,0.06501,0.06517,9773558,641315.4307,3453,4276292,280554.58272,-0.0012260536398467,ARPA-USDT,0.0650252869747134,0.0650919334569475,
2022-03-15 07:00:00,0.06517,0.06521,0.06392,0.06429,9464485,609770.0334,2888,4303593,277337.17595,-0.0004664179104477,ARPA-USDT,0.0650724310091795,0.0649764707705337,
2022-03-15 08:00:00,0.0643,0.0643,0.0635299999999999,0.06361,7470673,476756.17341,3421,3234797,206413.37136,-0.0001571832756993,ARPA-USDT,0.0642720570859639,0.0641478359758955,0.0001
2022-03-15 09:00:00,0.06361,0.06435,0.06336,0.06422,5686369,363510.89183,1939,3152725,201508.41943,-0.0009334163036714,ARPA-USDT,0.0636073191846351,0.0635399985291692,
2022-03-15 10:00:00,0.06425,0.06481,0.06423,0.06475,4424240,285815.61568,1861,2040133,131774.24289999998,-0.000617379225189,ARPA-USDT,0.0642357633543406,0.0644357607970269,
2022-03-15 11:00:00,0.06476,0.06584,0.0647,0.06493,16185373,1053469.66669,4067,7957997,517944.23643,-0.0007694675284701,ARPA-USDT,0.064784078498692,0.0648230380376554,
2022-03-15 12:00:00,0.06492,0.06946,0.0647799999999999,0.06886,73803356,5005783.05434,19788,37025098,2509691.07253,-0.0036174215019534,ARPA-USDT,0.0648696334743554,0.0649683145173646,
2022-03-15 13:00:00,0.06888,0.06932,0.06482,0.06525,101926235,6850857.86764,32068,49042953,3298796.80953,-0.0009186954524575,ARPA-USDT,0.0685124340117703,0.0686616287273416,
2022-03-15 14:00:00,0.06527,0.0658,0.0648,0.06534,27357335,1784030.19292,9584,12464338,813022.07934,-0.0010701727564592,ARPA-USDT,0.0653725726385301,0.0654482782288123,
2022-03-15 15:00:00,0.06533,0.0682,0.0652399999999999,0.06561,59788027,3980762.95111,17272,27921654,1859658.63313,-0.0013698630136985,ARPA-USDT,0.0653571093197724,0.0654209089156703,
2022-03-15 16:00:00,0.06561,0.06687,0.06542,0.06605,23757524,1571364.50584,7213,11583344,765878.7148,-0.0012097383940722,ARPA-USDT,0.065618333689394,0.0655928558602354,-2.781e-05
2022-03-15 17:00:00,0.06605,0.06634,0.06559,0.06588,11600488,764591.25417,4360,5523842,364038.21091,0.0001518141794443,ARPA-USDT,0.0662049050848235,0.0662209060371363,
2022-03-15 18:00:00,0.06586,0.06656,0.06541,0.06633,13642351,899142.8512500001,3649,6655743,438756.50068,-0.0019560637977731,ARPA-USDT,0.0658598683374814,0.0657765852954311,
2022-03-15 19:00:00,0.06633,0.06744,0.06622,0.06676,22104991,1476413.49067,6142,9644157,644210.84569,-0.0011968880909634,ARPA-USDT,0.0663472179622194,0.0663198613386747,
2022-03-15 20:00:00,0.06674,0.06716,0.0659299999999999,0.06598,12055242,801040.9381200001,3934,5730438,380866.67834,-0.0004544765944554,ARPA-USDT,0.0668181138720407,0.0669808048917492,
2022-03-15 21:00:00,0.06599,0.06635,0.06567,0.06635,6677831,440903.65717,2483,3511292,231824.89694,-0.0001506931886677,ARPA-USDT,0.0659495664284127,0.0658965802676522,
2022-03-15 22:00:00,0.06633,0.06669,0.06555,0.0657,8610811,568896.38679,2703,3862532,255338.17213,-0.0012161751292187,ARPA-USDT,0.0664272322696189,0.066412500432423,
2022-03-15 23:00:00,0.0657,0.06596,0.06523,0.0654,8773782,575127.34413,3201,3975918,260721.9314,-0.0001528818223512,ARPA-USDT,0.0657903492624271,0.0658955384101671,
2022-03-16 00:00:00,0.0654,0.0657399999999999,0.0649,0.06519,8752257,571660.5483499999,3682,3613877,235992.76426,-0.0009195402298851,ARPA-USDT,0.0655002267897869,0.0654354777357995,0.0001
2022-03-16 01:00:00,0.06519,0.06617,0.06509,0.06607,8093728,531655.50571,2612,4527954,297595.43303,0.0,ARPA-USDT,0.0651255290774107,0.0651538610452202,
2022-03-16 02:00:00,0.06605,0.06779,0.066,0.06742,21224923,1424296.0813,7801,11627085,779924.48158,0.0,ARPA-USDT,0.066046389788224,0.0661134943385113,
2022-03-16 03:00:00,0.06742,0.06752,0.06563,0.0659,15960854,1061936.65219,5736,7575979,504066.31004,-0.0003033980582525,ARPA-USDT,0.0674726596062516,0.0674363191126588,
2022-03-16 04:00:00,0.06589,0.06594,0.06539,0.06567,7947272,521718.55564,2929,3873682,254269.31314,-0.00030446034404,ARPA-USDT,0.0658204452265978,0.0658101435688043,
2022-03-16 05:00:00,0.06567,0.066,0.06525,0.06591,6264920,411162.40036,2127,3299771,216557.31484,-0.0007580351728321,ARPA-USDT,0.0657606086610187,0.0656025327402151,
2022-03-16 06:00:00,0.0659,0.06724,0.06585,0.06722,11665067,776956.76199,4031,6363187,423695.22856,0.0001487873828298,ARPA-USDT,0.0658934567870423,0.0658997423591642,
2022-03-16 07:00:00,0.06722,0.06722,0.06626,0.0666799999999999,10919196,727514.61853,3213,4529857,301580.78275,-0.0005995203836944,ARPA-USDT,0.0671075295720926,0.0667468408094843,
2022-03-16 08:00:00,0.06669,0.0674299999999999,0.06652,0.06697,13682413,916839.94171,5153,6269708,420148.17284,-0.0001492982979993,ARPA-USDT,0.0668394788248658,0.0667998958547882,0.0001
2022-03-16 09:00:00,0.06701,0.0674299999999999,0.0668,0.06721,8291237,556427.92966,4599,3967923,266304.70549,0.0,ARPA-USDT,0.067064311197008,0.0670892481932706,
2022-03-16 10:00:00,0.06722,0.06755,0.06683,0.06705,9065208,609047.49027,3750,4615817,310218.00102,-0.0001491201908737,ARPA-USDT,0.0672534888763128,0.0671909239707548,
2022-03-16 11:00:00,0.06705,0.0675299999999999,0.06684,0.0674,9272147,623460.19827,3699,4658302,313188.79789,-0.0001483459427383,ARPA-USDT,0.0670301058940233,0.0669842851675098,
2022-03-16 12:00:00,0.0674299999999999,0.06756,0.06658,0.06669,9126643,612332.69257,3954,3916401,262952.82363,-0.0002998051266677,ARPA-USDT,0.067480177636252,0.0674993488245749,
2022-03-16 13:00:00,0.0666799999999999,0.06716,0.06624,0.06711,12442426,830671.19874,4221,7251188,484299.84683,-0.0001489868891536,ARPA-USDT,0.0667133587669244,0.066770469887742,
2022-03-16 14:00:00,0.06711,0.06775,0.06675,0.06721,16147105,1085145.28084,5891,8666724,582299.65906,0.0001488095238095,ARPA-USDT,0.0671250163248709,0.067063040214855,
2022-03-16 15:00:00,0.0672,0.0672799999999999,0.06679,0.06698,6688362,448267.67554,2763,3398494,227776.58995,0.0,ARPA-USDT,0.0671647025217619,0.06715339404516,
2022-03-16 16:00:00,0.06699,0.06708,0.06627,0.06671,8208412,546662.82118,2770,3669983,244397.90246,-0.0002997152704928,ARPA-USDT,0.066981187795997,0.0669859791120778,0.0001
2022-03-16 17:00:00,0.06671,0.06712,0.0664,0.06662,7088246,472924.37742,2458,3440722,229600.12507,-0.0007499625018748,ARPA-USDT,0.0666932101213376,0.0666417684371844,
2022-03-16 18:00:00,0.0666399999999999,0.06688,0.06547,0.06655,23956438,1585724.99623,6403,11590139,767400.01287,-0.0006006907944136,ARPA-USDT,0.0662247336751373,0.0661659764005329,
2022-03-16 19:00:00,0.06654,0.06856,0.0664299999999999,0.06855,19944382,1353590.46332,5833,9739266,660966.92595,-0.0002916727431822,ARPA-USDT,0.0665342442679002,0.0665748781641416,
2022-03-16 20:00:00,0.06854,0.06994,0.06848,0.06946,27644637,1916129.54319,8541,14346940,994464.66811,-0.0002878526194589,ARPA-USDT,0.0685257283533797,0.0688106812409928,
2022-03-16 21:00:00,0.06948,0.06969,0.06867,0.06911,8042799,555789.74792,2953,4374759,302315.58322000003,-0.0007229612492769,ARPA-USDT,0.0695515556150209,0.0695589461721134,
2022-03-16 22:00:00,0.06911,0.06956,0.06885,0.0693299999999999,4806573,332495.54653,2111,2576184,178210.06341,-0.0001442169022223,ARPA-USDT,0.0690954243437189,0.0692059010944361,
2022-03-16 23:00:00,0.0693299999999999,0.07066,0.06927,0.07038,7866685,550344.68233,2781,4215399,294842.41849,-0.0001420656343229,ARPA-USDT,0.0693319262877671,0.0693986698980541,
2022-03-17 00:00:00,0.07036,0.07046,0.06967,0.07037,7965486,558831.66311,2831,3708678,260122.78215,0.0004264998578333,ARPA-USDT,0.0703915289652056,0.070295883530887,0.0001
2022-03-17 01:00:00,0.07038,0.07066,0.06948,0.07062,8043778,563999.27188,3000,3698343,259249.25307,-0.0009902390720045,ARPA-USDT,0.0702951521910321,0.0702806311888446,
2022-03-17 02:00:00,0.0706,0.07064,0.06925,0.06972,11523852,803940.67118,4267,5323171,371206.74597,0.0002869440459112,ARPA-USDT,0.0704861340330523,0.0702126364939695,
2022-03-17 03:00:00,0.06972,0.06975,0.06877,0.06898,9531133,658355.26419,4213,3812678,263194.05426,-0.0005795421616922,ARPA-USDT,0.0697131564999431,0.0695756727293138,
2022-03-17 04:00:00,0.06898,0.0697899999999999,0.06861,0.06973,10771828,745566.43562,3737,5513598,381722.16238,-0.0008597220232126,ARPA-USDT,0.0689872737022924,0.0689963856528272,
2022-03-17 05:00:00,0.06972,0.06978,0.0693299999999999,0.06934,11441130,796010.42293,4584,5160256,359087.04296,-0.000144196106705,ARPA-USDT,0.0697073817494019,0.0696371617640513,
2022-03-17 06:00:00,0.0693299999999999,0.06952,0.06884,0.06916,9019649,624322.22462,3490,4672697,323516.80727,-0.0004335886688827,ARPA-USDT,0.0693337050667851,0.0692621816383299,
2022-03-17 07:00:00,0.06916,0.0696,0.06878,0.06938,8870939,614245.86339,3040,4234227,293161.84941,0.0004325883201152,ARPA-USDT,0.0691138009017752,0.0689271498794497,
2022-03-17 08:00:00,0.06941,0.0701799999999999,0.0693,0.07007,10879768,759203.42591,3599,5913188,412376.59909,-0.000142694063927,ARPA-USDT,0.0693458216750493,0.0694176375591418,0.0001
2022-03-17 09:00:00,0.0700799999999999,0.07014,0.06954,0.0697,6472862,452474.59794,2152,2675330,186976.40338,0.0004306014066313,ARPA-USDT,0.0700795230806062,0.0700131025613142,
2022-03-17 10:00:00,0.06971,0.06971,0.06902,0.06934,10691759,740837.3382,2827,5177791,358621.09265,-0.0004324636009802,ARPA-USDT,0.0694643776757476,0.0693427875300923,
2022-03-17 11:00:00,0.06935,0.06964,0.06917,0.0696,5858327,406534.90317,2575,3441520,238814.04554,0.0002874389192295,ARPA-USDT,0.0694198978979266,0.0693339764918031,
2022-03-17 12:00:00,0.0696,0.07003,0.06937,0.06951,11352348,790929.13498,3879,5509177,383740.38418,0.0,ARPA-USDT,0.0695621351763689,0.069626023830358,
2022-03-17 13:00:00,0.0695,0.06976,0.06921,0.06965,6820856,473950.48286,2787,3212238,223248.85155,-0.0005739704405223,ARPA-USDT,0.0695004611486853,0.0695095876095408,
2022-03-17 14:00:00,0.06967,0.06986,0.06894,0.06923,7356369,511116.16366,2584,3180347,220918.62067,-0.00028880866426,ARPA-USDT,0.0696880699131867,0.0696752404265526,
2022-03-17 15:00:00,0.06922,0.06964,0.06911,0.0692,6172741,427871.12916,2517,3032632,210248.44057,-0.0008663008951776,ARPA-USDT,0.069168315018315,0.0691700645636088,
2022-03-17 16:00:00,0.06925,0.06942,0.06902,0.06925,4528618,313500.27067,1761,2228979,154291.76320000002,-0.0007215007215006,ARPA-USDT,0.0692821991858773,0.0692371788000866,0.0001
2022-03-17 17:00:00,0.06926,0.06938,0.06903,0.06909,4030490,278978.49989,1531,2212203,153118.67072,-0.0002893937201563,ARPA-USDT,0.069268924437044,0.0692658385483712,
2022-03-17 18:00:00,0.0690799999999999,0.06973,0.06863,0.0687,10466178,723072.22904,2974,5087774,351583.36929,-0.0004364906154518,ARPA-USDT,0.0691193541717614,0.0691073155157478,
2022-03-17 19:00:00,0.06872,0.069,0.06871,0.06896,3581193,246615.39693,1478,1924653,132554.04949,0.0001450326323422,ARPA-USDT,0.0687275702348886,0.0688084954873779,
2022-03-17 20:00:00,0.06898,0.06902,0.0678899999999999,0.0682,9109983,622597.89736,2968,3214919,219793.19874,-0.0005861664712778,ARPA-USDT,0.0689754478134634,0.0689391303898872,
2022-03-17 21:00:00,0.06821,0.06874,0.0682,0.06863,7261651,497569.04483,2743,3464834,237352.27581,-0.0014549687181726,ARPA-USDT,0.0682210700689846,0.0684331664981933,
2022-03-17 22:00:00,0.0686399999999999,0.06874,0.0683899999999999,0.0686799999999999,3446443,236402.51838,1390,1504572,103200.29647,-0.0005820721769514,ARPA-USDT,0.0686797670092699,0.0687016616488322,
2022-03-17 23:00:00,0.06867,0.0686799999999999,0.06813,0.0683,2914165,199094.47742,1452,941542,64308.08635,-0.0010238408658768,ARPA-USDT,0.0686589987417309,0.068651882352915,
2022-03-18 00:00:00,0.06831,0.06858,0.06725,0.0675299999999999,8589387,583889.36603,2496,4360543,296722.82262,-0.0008877052818478,ARPA-USDT,0.0683239124087591,0.0683286356717879,0.0001
2022-03-18 01:00:00,0.06751,0.06804,0.06729,0.0678899999999999,7081559,479677.0789,2152,3318395,224726.93011,-0.0002945074363143,ARPA-USDT,0.0674332375029665,0.0676893177756251,
2022-03-18 02:00:00,0.0679,0.06905,0.06705,0.06804,17870666,1215243.49835,4009,8725680,593204.01644,-0.0014675667742882,ARPA-USDT,0.0679122623215728,0.0678005646555972,
2022-03-18 03:00:00,0.06804,0.06805,0.06675,0.06691,9913987,667083.48035,3434,3448274,232026.00342,-0.0007467144563919,ARPA-USDT,0.0679974031888458,0.0678719578912427,
2022-03-18 04:00:00,0.06691,0.06807,0.06687,0.068,5934735,400015.72076,1861,4013692,270411.33735,-0.0005878894767783,ARPA-USDT,0.0668870382906521,0.0669313596227416,
2022-03-18 05:00:00,0.068,0.06808,0.06761,0.0678,7293890,494771.46549,2553,2817343,191196.24781,-0.0007369196757552,ARPA-USDT,0.0679186198956421,0.0679062854909578,
2022-03-18 06:00:00,0.0678,0.06805,0.06772,0.06783,4638361,314867.07537,1609,2182090,148132.30181,-0.0013250883392225,ARPA-USDT,0.0678671225806924,0.0679568557710447,
2022-03-18 07:00:00,0.06784,0.06816,0.06731,0.0674299999999999,5185579,351406.07545,1543,2451035,166081.1011,-0.0002965159377329,ARPA-USDT,0.067911432955531,0.0680169518339419,
2022-03-18 08:00:00,0.0674299999999999,0.06811,0.06734,0.06759,6671762,451841.26223,2063,3944731,267139.72998,0.0002959893443834,ARPA-USDT,0.067444757181502,0.0675351542523016,0.0001
2022-03-18 09:00:00,0.06759,0.0677,0.06735,0.06738,4073573,275003.58493,1377,2168859,146434.76426,-0.0005932957579353,ARPA-USDT,0.0675826923076923,0.0675698607918576,
2022-03-18 10:00:00,0.06737,0.0677,0.06708,0.0671,4585108,309100.53566,1489,2459597,165950.41109,-0.0014880952380951,ARPA-USDT,0.0673371387770998,0.0673711166466721,
2022-03-18 11:00:00,0.06709,0.06735,0.06673,0.06734,5297243,355317.77935,1780,3021947,202769.30214,-0.0002969121140143,ARPA-USDT,0.0670783653590144,0.0671001880902397,
2022-03-18 12:00:00,0.06735,0.06756,0.0671,0.06715,4085009,274838.43210000003,1834,1637603,110139.26773,-0.00044656147663,ARPA-USDT,0.0673299479142974,0.0673240993490945,
2022-03-18 13:00:00,0.06713,0.06795,0.06712,0.0679,4375913,295289.60205,1945,2772387,187123.01911,-0.0001472537181563,ARPA-USDT,0.0671637319318194,0.0672132639283871,
2022-03-18 14:00:00,0.0679,0.06833,0.06779,0.06786,6171952,419535.14301,2224,3069403,208694.82146,0.0,ARPA-USDT,0.0679113311010746,0.0678819909237809,
2022-03-18 15:00:00,0.06785,0.0688,0.06773,0.06877,7143688,487872.29311,2531,3976965,271785.29038,0.0007275902211874,ARPA-USDT,0.0678489107444606,0.0677874307831076,
2022-03-18 16:00:00,0.06878,0.06974,0.06863,0.06969,10953309,757839.4489,3839,5058072,349986.53873000003,0.0001435132032145,ARPA-USDT,0.0687852973599058,0.068931127917421,0.0001
2022-03-18 17:00:00,0.06969,0.06998,0.06939,0.06974,8614358,600924.61544,3509,4190990,292395.06632,0.0,ARPA-USDT,0.0696700705430498,0.0696376526088137,
2022-03-18 18:00:00,0.06976,0.06997,0.06949,0.06967,7496593,522907.28962,3540,3784180,264015.91864,0.0,ARPA-USDT,0.0697524290859569,0.0698078990900964,
2022-03-18 19:00:00,0.06966,0.07134,0.06942,0.07128,13755984,966627.21702,5898,8290837,582253.21372,-0.0014009526478004,ARPA-USDT,0.0696348833450886,0.0696521417738519,
2022-03-18 20:00:00,0.0713,0.0719,0.07006,0.07007,13887002,983230.29694,5006,6415913,454051.55715,-0.0002853474104723,ARPA-USDT,0.0716046824789663,0.0714729698750974,
2022-03-18 21:00:00,0.07006,0.07055,0.06992,0.07055,4826294,338585.60566,2206,3351487,235174.93657,0.0004254112308565,ARPA-USDT,0.0702163197290558,0.0701270656043121,
2022-03-18 22:00:00,0.0705399999999999,0.07085,0.07026,0.07065,4671030,329136.94626,2362,2650958,186823.77336,-0.0001415227851683,ARPA-USDT,0.0705229343601398,0.0704987893322552,
2022-03-18 23:00:00,0.07065,0.07198,0.07065,0.07086,14780028,1052653.2265,4834,7270943,517615.72157,0.000282326369283,ARPA-USDT,0.0708735354702333,0.070928474627689,
2022-03-19 00:00:00,0.07086,0.07205,0.0708,0.07146,8701031,622225.73587,3185,5194186,371181.65333,-0.0001399188470688,ARPA-USDT,0.0708972703584442,0.0709058542838418,0.0001
2022-03-19 01:00:00,0.07146,0.072,0.0709,0.07096,7408171,529008.65274,2728,3866056,276247.40757,-0.0005633802816901,ARPA-USDT,0.0714529442063422,0.0715225173925508,
2022-03-19 02:00:00,0.07096,0.07203,0.07065,0.07197,9165606,654932.96089,3867,5620399,401687.34308,0.0001389660922737,ARPA-USDT,0.0709655428456483,0.0710047445435966,
2022-03-19 03:00:00,0.07197,0.07227,0.07076,0.07134,16516352,1182041.06715,6521,8212612,587612.21242,-0.0004203446826398,ARPA-USDT,0.0721080899869622,0.0718771359738419,
2022-03-19 04:00:00,0.07136,0.07266,0.07136,0.07263,10686366,768324.1549,4015,6015201,432565.70303,0.0,ARPA-USDT,0.0715734652293756,0.0715731686710377,
2022-03-19 05:00:00,0.07262,0.07347,0.0718299999999999,0.07221,24906993,1807648.52745,7649,12732571,923654.36646,0.0004156275976725,ARPA-USDT,0.0726061939690886,0.072404275915698,
2022-03-19 06:00:00,0.07221,0.07318,0.0722,0.0730799999999999,16585709,1205420.83894,5855,9154385,665254.77862,-1.5543122344752194e-15,ARPA-USDT,0.0724628103312778,0.0723937641545157,
2022-03-19 07:00:00,0.07309,0.0732,0.07235,0.07286,12640839,919502.24192,5042,6720042,488843.76826,0.0,ARPA-USDT,0.0730480848943092,0.0727646550375043,
2022-03-19 08:00:00,0.07286,0.07289,0.07228,0.07281,12021647,872710.18102,4614,6255530,454000.41538,0.0004122011541631,ARPA-USDT,0.0728010596094879,0.0727247860413785,0.0001
2022-03-19 09:00:00,0.07278,0.07543,0.0725799999999999,0.07396,36372028,2690565.73298,10846,19760993,1461495.67816,-0.0006755843804892,ARPA-USDT,0.0729298626646568,0.0728150423778287,
2022-03-19 10:00:00,0.07401,0.0744,0.07322,0.07335,16329406,1205262.71021,7386,7638903,563810.86754,0.0,ARPA-USDT,0.0740066418489279,0.0739088671721475,
2022-03-19 11:00:00,0.07335,0.0746,0.07327,0.07415,15605133,1151152.91134,4741,7355533,542517.5477700001,0.0,ARPA-USDT,0.0734511990998358,0.073509752856759,
2022-03-19 12:00:00,0.07415,0.07467,0.07366,0.0743,13864557,1028341.58153,5590,6825879,506396.3605,-0.0001345713901224,ARPA-USDT,0.0742136658856851,0.0743910424725586,
2022-03-19 13:00:00,0.0743,0.0751899999999999,0.07381,0.07417,26036174,1940069.26207,7990,12792630,953211.95725,0.0001348435814454,ARPA-USDT,0.0743027251677254,0.074331156820367,
2022-03-19 14:00:00,0.0741899999999999,0.0749799999999999,0.07378,0.0744399999999999,17498672,1301622.38629,5456,8181403,608548.90362,0.0006721333512555,ARPA-USDT,0.0743858442728147,0.0742438811733435,
2022-03-19 15:00:00,0.07443,0.07465,0.07382,0.07432,12826374,953459.91993,3808,5830324,433460.68615,-0.0005379236148467,ARPA-USDT,0.0745619678691892,0.0745395994044797,
2022-03-19 16:00:00,0.07432,0.07466,0.07388,0.07443,13425169,997704.07981,4651,6458414,480103.9014,0.0,ARPA-USDT,0.0744033298809952,0.074315017623642,0.0001
2022-03-19 17:00:00,0.07441,0.07454,0.07336,0.07379,12897081,952998.84753,4471,5766141,425981.02933,-0.000406393931184,ARPA-USDT,0.0743967021665698,0.0744546649965523,
2022-03-19 18:00:00,0.07379,0.07405,0.07328,0.07339,12511369,920860.28257,4131,4865433,358199.11323,-0.0006808278867103,ARPA-USDT,0.0737104339269323,0.0737094925798653,
2022-03-19 19:00:00,0.07337,0.07339,0.0725,0.07266,15902106,1158443.0226,5532,6629183,483003.3681,-0.0005502063273727,ARPA-USDT,0.0733774904583066,0.0732254993707749,
2022-03-19 20:00:00,0.07266,0.07305,0.07148,0.07244,26846396,1939532.20785,8976,12536732,906038.55792,-0.0004139643990617,ARPA-USDT,0.0726634627592205,0.0722035617092856,
2022-03-19 21:00:00,0.07247,0.0731,0.0722299999999999,0.07238,10407894,757062.78403,3527,4975866,361875.13975,-0.0008282716731088,ARPA-USDT,0.0724572790813987,0.0725243564737668,
2022-03-19 22:00:00,0.07241,0.07257,0.071,0.07142,14432537,1032372.43299,4403,5686017,406707.32119,-0.0005597537083682,ARPA-USDT,0.0724023905382273,0.0724637415536794,
2022-03-19 23:00:00,0.07141,0.07207,0.07116,0.07198,11407221,817509.41367,4576,5726785,410252.07943,-0.0001389081816918,ARPA-USDT,0.0713202994591943,0.0713184756590858,
2022-03-20 00:00:00,0.07197,0.07227,0.0708,0.07117,10269345,733004.8118,3600,4094507,292451.30378,-0.0004213483146068,ARPA-USDT,0.0719355740656542,0.0721052222623828,0.0001
2022-03-20 01:00:00,0.07119,0.07155,0.0704299999999999,0.07145,14615833,1037513.5384,4042,7047302,500329.2723,-0.00125803746156,ARPA-USDT,0.0711525480499293,0.0712654483869887,
2022-03-20 02:00:00,0.07144,0.07185,0.0710399999999999,0.07135,6813731,486875.91487,3142,3023945,216179.25433,-0.000140134529148,ARPA-USDT,0.0713606643223235,0.0714091801555851,
2022-03-20 03:00:00,0.07135,0.07157,0.07106,0.07121,6601569,471180.45811,3346,2189956,156276.1089,-0.0005614035087718,ARPA-USDT,0.0713398935706217,0.0713698485555942,
2022-03-20 04:00:00,0.07117,0.07128,0.0705,0.07084,7302847,517836.17595,3268,3527171,250103.40740000003,-0.0011280315848842,ARPA-USDT,0.0711987429050252,0.071153813935199,
2022-03-20 05:00:00,0.07084,0.07134,0.07053,0.07085,8022685,568707.5819,2715,3213626,227805.26863,-0.0008461429981667,ARPA-USDT,0.0709012272370015,0.0708561243311148,
2022-03-20 06:00:00,0.07085,0.07107,0.07042,0.07062,11790865,834175.9221,3982,4837618,342271.03734,-0.001131541725601,ARPA-USDT,0.0707943851653406,0.0708673545290038,
2022-03-20 07:00:00,0.07062,0.07075,0.0704,0.0706,8471951,597948.91018,3521,4101800,289536.41622,-0.0007077140835103,ARPA-USDT,0.0705925229879866,0.070550858272395,
2022-03-20 08:00:00,0.0706,0.0710399999999999,0.07041,0.07074,8847692,625983.32724,3304,4165430,294727.30883,-0.0014116318464144,ARPA-USDT,0.0705795979584765,0.0705442298240034,0.0001
2022-03-20 09:00:00,0.07074,0.07081,0.06962,0.07035,11940401,838027.25823,4215,5136951,360582.56667,-0.0007102272727274,ARPA-USDT,0.0707462018794569,0.0707575761849406,
2022-03-20 10:00:00,0.07035,0.0709,0.06974,0.07082,10305038,724704.94799,3231,5131583,361006.03389,-0.0011283497884345,ARPA-USDT,0.0702980632502308,0.0701750781929349,
2022-03-20 11:00:00,0.07078,0.07123,0.07013,0.07016,13675879,967969.48196,3901,5770429,408468.61201,-0.0012811387900356,ARPA-USDT,0.070826474978091,0.0709077757368145,
2022-03-20 12:00:00,0.07015,0.07053,0.0693,0.07051,15302941,1071397.0325,4615,7359585,515396.89067,-0.0005669737774627,ARPA-USDT,0.0703492403594375,0.0702284910531053,
2022-03-20 13:00:00,0.0705,0.0707899999999999,0.07001,0.0701,8844871,622586.65553,2546,4043986,284621.04277,-0.0005702879954376,ARPA-USDT,0.0706670395938695,0.0707044421251968,
2022-03-20 14:00:00,0.0701,0.07084,0.07007,0.07031,8516751,599711.8314,2452,4810302,338638.92632,-0.0008526360665056,ARPA-USDT,0.0701127609188135,0.0702727755471968,
2022-03-20 15:00:00,0.07032,0.07196,0.07015,0.07016,26767923,1899794.06402,8489,12355825,877074.62167,-0.0017074558907227,ARPA-USDT,0.0702532184918112,0.070289376089773,
2022-03-20 16:00:00,0.07016,0.07146,0.07009,0.0709,16261118,1152609.70093,4840,8135865,576675.36466,-0.0014084507042252,ARPA-USDT,0.0701784680041324,0.0702235056542826,0.0001
2022-03-20 17:00:00,0.0709,0.07127,0.0698,0.0703,12934595,911964.99197,4577,6158525,434228.1018,-0.0007107320540155,ARPA-USDT,0.0710751997547293,0.071071682303549,
2022-03-20 18:00:00,0.0702899999999999,0.07062,0.06994,0.07056,6925131,486836.67143,2306,2905166,204221.51613,-0.0009910802775024,ARPA-USDT,0.0702250286649855,0.0703487471706987,
2022-03-20 19:00:00,0.07056,0.07086,0.0704299999999999,0.07072,4867453,343913.40065,2122,2512095,177525.45351,-0.0001413827230312,ARPA-USDT,0.0705514901037469,0.0704924111351672,
2022-03-20 20:00:00,0.07075,0.07121,0.07032,0.07048,7047501,498158.17762,2350,2853232,201687.06828,-0.0008505812305076,ARPA-USDT,0.0707326275400159,0.0706570255323853,
2022-03-20 21:00:00,0.07048,0.07099,0.07032,0.07076,5051008,357022.13420000003,1978,3016713,213222.58545,-0.0007061149555146,ARPA-USDT,0.0704138822710396,0.0704196698602479,
2022-03-20 22:00:00,0.07077,0.07088,0.07017,0.07076,4628634,326292.84783,1700,2487858,175355.00236,-0.0002825656965242,ARPA-USDT,0.0707539626368831,0.0706878173054525,
2022-03-20 23:00:00,0.07075,0.07081,0.07019,0.0704299999999999,6158290,434230.82923,1816,3362264,237043.33348,-0.0008511845651879,ARPA-USDT,0.0706755872577037,0.0706696769559443,
2022-03-21 00:00:00,0.07042,0.07047,0.06982,0.0701799999999999,4348839,304986.18879,1808,2163753,151716.53635,-0.0001424704373857,ARPA-USDT,0.070416107209909,0.07027122588998,0.0001
2022-03-21 01:00:00,0.0701799999999999,0.07032,0.0697,0.06995,4893023,342637.2755,1589,1921689,134626.70759,-0.0004286939125465,ARPA-USDT,0.0702145292065023,0.0702025301516143,
2022-03-21 02:00:00,0.06997,0.0702899999999999,0.0694299999999999,0.0699,9145122,638521.93406,2901,4346134,303549.90427,-0.0002860411899312,ARPA-USDT,0.0699639085245403,0.0700689530270554,
2022-03-21 03:00:00,0.06989,0.0703299999999999,0.06976,0.07031,4664074,326747.2119,1852,2633951,184544.5982,0.0,ARPA-USDT,0.0698073182205098,0.0698645457994521,
2022-03-21 04:00:00,0.07031,0.07147,0.07017,0.07122,6759164,477955.45562,2690,3325146,235090.54421,-0.0004210526315787,ARPA-USDT,0.0702931651724752,0.0702967390839658,
2022-03-21 05:00:00,0.07124,0.07221,0.07088,0.07191,16832742,1204122.19013,4858,8096724,579274.40547,-0.0002780481023215,ARPA-USDT,0.0713516075650118,0.0712354358272615,
2022-03-21 06:00:00,0.07189,0.07215,0.07134,0.07153,8534499,611730.43539,3104,3951482,283178.94341,-0.0008381058807096,ARPA-USDT,0.0720542268923813,0.0718718420770879,
2022-03-21 07:00:00,0.07157,0.07198,0.0714,0.07178,7822805,561007.53834,2480,3903339,279987.04227,-0.0005569479253689,ARPA-USDT,0.0715922952733954,0.0715111444016317,
2022-03-21 08:00:00,0.07181,0.07254,0.07181,0.07231,10556229,762591.61718,3329,4549845,328570.68306,-0.0005528680027643,ARPA-USDT,0.0718762686610279,0.0720243573161216,0.0001
2022-03-21 09:00:00,0.0723,0.07272,0.0721,0.07246,8158580,591044.0892,2842,4315543,312721.06481,-0.0002759381898455,ARPA-USDT,0.0723476852314884,0.0724229137884357,
2022-03-21 10:00:00,0.07247,0.0727299999999999,0.07201,0.07216,6438159,466130.5358,2533,2248866,162803.94796,0.0001386001386001,ARPA-USDT,0.0725269158906047,0.0725878436761049,
2022-03-21 11:00:00,0.07216,0.07268,0.07174,0.07181,6461150,466567.53148,2404,2888591,208606.94998,-0.0008348406845694,ARPA-USDT,0.0721664730496623,0.0721860315759093,
2022-03-21 12:00:00,0.0718299999999999,0.07203,0.071,0.07165,7155636,512618.8928,2625,3550378,254376.53656,-0.0001395478649176,ARPA-USDT,0.0719630787442981,0.071904901121831,
2022-03-21 13:00:00,0.07164,0.0724,0.0715799999999999,0.07163,8877836,639358.76553,2786,4030210,290242.68284,0.0004189944134078,ARPA-USDT,0.0716887731875978,0.0716600185522314,
2022-03-21 14:00:00,0.07161,0.07211,0.07075,0.0712,21577673,1539123.76391,5972,10785920,769136.44988,0.0,ARPA-USDT,0.071527415943937,0.0716593167323809,
2022-03-21 15:00:00,0.07119,0.07221,0.07095,0.07202,8977804,642662.84278,3477,5324261,381502.93039,-0.0002776235424765,ARPA-USDT,0.0712085310643996,0.0711178526981329,
2022-03-21 16:00:00,0.07202,0.07282,0.07171,0.07176,15091032,1089480.51185,4787,7869438,568297.62029,0.000418235048097,ARPA-USDT,0.0719472463297243,0.0720394138713592,0.0001
2022-03-21 17:00:00,0.07174,0.07184,0.07111,0.07172,11559565,826933.61688,4068,5646801,403937.79954,0.0001394505647749,ARPA-USDT,0.0714624634080856,0.07149762087531,
2022-03-21 18:00:00,0.07172,0.07247,0.07153,0.07228,8847083,637299.34063,3162,4514465,325151.15222,0.0,ARPA-USDT,0.0718751872611878,0.0718527380222508,
2022-03-21 19:00:00,0.07225,0.07239,0.0715799999999999,0.07222,6415741,461716.65606,2106,3089080,222210.1713,-0.0001384466288245,ARPA-USDT,0.0722974872331357,0.07224374672213,
2022-03-21 20:00:00,0.07222,0.07246,0.07203,0.07205,5362150,387281.06216,1739,2581109,186414.11847,-0.0002775079783542,ARPA-USDT,0.0721899708185173,0.0722980995292079,
2022-03-21 21:00:00,0.07206,0.0724,0.07189,0.07239,4043154,291628.47103,1407,2017540,145522.61181,0.000276357606743,ARPA-USDT,0.0720934930193139,0.0720424646844238,
2022-03-21 22:00:00,0.07239,0.0733,0.07141,0.07141,24636931,1781743.47291,6543,11662338,843251.23879,-0.0004199328107502,ARPA-USDT,0.0723727317394232,0.0724012369914816,
2022-03-21 23:00:00,0.07141,0.07152,0.07091,0.07122,5312315,378532.8019,1972,2513874,179103.52422,-0.0001403902849922,ARPA-USDT,0.0714400234765744,0.0714443740667619,
2022-03-22 00:00:00,0.07124,0.07148,0.07087,0.07145,5444489,387435.64831,1456,3046583,216834.5973,0.0002799944001121,ARPA-USDT,0.071209958194384,0.0711865670509936,0.0001
2022-03-22 01:00:00,0.07143,0.07155,0.07092,0.07121,5962290,424533.49311,1803,2913578,207533.07317,-0.0005614035087718,ARPA-USDT,0.071480464490374,0.0714716961095118,
2022-03-22 02:00:00,0.07121,0.07268,0.07107,0.07242,12724628,916133.28662,3834,6844144,492555.09656,-0.0013789299503585,ARPA-USDT,0.0711141815779992,0.0714612774346059,
2022-03-22 03:00:00,0.07243,0.07416,0.07243,0.07371,15996721,1175400.88132,5028,8332235,612215.72652,0.0,ARPA-USDT,0.0725407702305515,0.0727160787503075,
2022-03-22 04:00:00,0.0737,0.07447,0.0736,0.07388,12135781,897704.58764,3963,4873628,360417.21257,-0.000676315433518,ARPA-USDT,0.0737874923963075,0.0737530188595118,
2022-03-22 05:00:00,0.0739,0.07413,0.0736899999999999,0.07404,6124351,452600.09776,2374,2867104,211921.46488,0.0005405405405405,ARPA-USDT,0.0739565480867805,0.0739868980968348,
2022-03-22 06:00:00,0.07404,0.07409,0.07286,0.0731,9915149,726583.97113,3363,4283612,313642.29654,-0.0001367801942278,ARPA-USDT,0.0740659267057837,0.0735950071399103,
2022-03-22 07:00:00,0.0731,0.07397,0.07309,0.07379,5165771,379917.10721,2057,2552909,187758.6306,0.0,ARPA-USDT,0.0731454292897905,0.0731691843802885,
2022-03-22 08:00:00,0.07378,0.07432,0.07337,0.07403,6935018,512483.47606,3141,3316645,245064.07853,-0.000135062128579,ARPA-USDT,0.0737871531137083,0.0735712210323719,0.0001
2022-03-22 09:00:00,0.07402,0.07403,0.07325,0.07368,5169908,380482.19378,2128,2327889,171380.40504,0.0,ARPA-USDT,0.0740113382366131,0.0739443562748961,
2022-03-22 10:00:00,0.0736899999999999,0.0751899999999999,0.0734799999999999,0.07484,16807276,1249006.09526,4593,9480456,704889.1938,-0.0002671653753671,ARPA-USDT,0.0737023395530933,0.0736529741984992,
2022-03-22 11:00:00,0.07487,0.0757,0.07472,0.07507,51699936,3892951.79287,13862,23239359,1750880.1742800002,-0.0005325522566901,ARPA-USDT,0.0749675995391495,0.0753351357567338,
2022-03-22 12:00:00,0.07507,0.07526,0.07456,0.0749399999999999,11286542,844699.96418,3541,4858126,363540.12955,-1.4432899320127037e-15,ARPA-USDT,0.0751317014770141,0.0750575800159608,
2022-03-22 13:00:00,0.0749399999999999,0.07532,0.07439,0.07478,12694408,949671.7599,3532,6437148,481613.65185,0.0,ARPA-USDT,0.0749700446567807,0.0748960212414066,
2022-03-22 14:00:00,0.07478,0.07532,0.07467,0.07484,12180658,913036.92303,3159,5773576,432731.41191,0.0,ARPA-USDT,0.0748179154511075,0.074809758880385,
2022-03-22 15:00:00,0.07484,0.07504,0.0741,0.07412,11661910,869209.93897,3296,5662535,422264.49669,0.0004049129437171,ARPA-USDT,0.0748239717750925,0.074742764967778,
2022-03-22 16:00:00,0.07411,0.0743,0.07362,0.07379,12982179,959550.64303,5622,5245364,387748.93929,0.0012211668928086,ARPA-USDT,0.0741786931696252,0.0740721839595264,0.0001
2022-03-22 17:00:00,0.07376,0.07402,0.07325,0.07341,7527257,554344.09934,3742,2573327,189620.75503,-0.0004084967320261,ARPA-USDT,0.0737547131176512,0.0738478598224399,
2022-03-22 18:00:00,0.07342,0.0735799999999999,0.07299,0.07328,7668619,561834.0068,2713,3441584,252185.66575,-0.0002728512960437,ARPA-USDT,0.0734119487439988,0.0733909435412534,
2022-03-22 19:00:00,0.07327,0.07353,0.07231,0.07252,8712297,636588.92843,2591,2891193,211550.58911,-0.0004135079255686,ARPA-USDT,0.0732727856025039,0.0732532941652851,
2022-03-22 20:00:00,0.07252,0.07329,0.07239,0.073,8538430,622797.62042,2491,4254939,310343.40809,0.000274047684297,ARPA-USDT,0.0725090609971165,0.0726222858037999,
2022-03-22 21:00:00,0.073,0.07378,0.07299,0.0737,6045370,444144.98424,2056,2794952,205382.38469,0.0,ARPA-USDT,0.0729994902696278,0.0730902557339649,
2022-03-22 22:00:00,0.0737,0.07372,0.07281,0.07297,5880159,430398.19853,1933,2225734,162764.74989,-0.0002740101383752,ARPA-USDT,0.0736234117260708,0.0734469985258081,
2022-03-22 23:00:00,0.07297,0.07299,0.07236,0.07246,5950238,432108.5928,2121,2630457,191077.67065,-0.0002759381898455,ARPA-USDT,0.0729675730212844,0.072867912747767,
2022-03-23 00:00:00,0.07246,0.0734399999999999,0.07244,0.07335,5714862,417110.08648,2705,3149032,229713.71136,-0.0001363140676117,ARPA-USDT,0.072452323796713,0.0724896753506603,0.0001
2022-03-23 01:00:00,0.07335,0.07335,0.0717,0.0725799999999999,14505643,1048254.18187,4496,6480897,468395.14846,0.0004135079255671,ARPA-USDT,0.0731852421250543,0.0730129792035639,
2022-03-23 02:00:00,0.07262,0.07341,0.0725,0.07256,5635441,411460.6044,2176,2314333,168898.39961,-0.0005509641873278,ARPA-USDT,0.0726009590852977,0.0725840390758441,
2022-03-23 03:00:00,0.07256,0.0728,0.07196,0.07198,3684655,266654.29506,1551,1700777,123157.112,-0.0006941552131055,ARPA-USDT,0.0725857432464042,0.0726952983232666,
2022-03-23 04:00:00,0.07197,0.07251,0.07151,0.07222,6933221,499184.42417,2272,3423111,246638.57298,0.0001384849743804,ARPA-USDT,0.0719433934310273,0.0720829332982865,
2022-03-23 05:00:00,0.0722299999999999,0.07284,0.07165,0.07281,7086149,511896.53796,2240,3523520,254596.80989,-0.0004118616144975,ARPA-USDT,0.0721310743478972,0.0721052121013225,
2022-03-23 06:00:00,0.07282,0.07335,0.07271,0.07335,5672137,414564.12217,1882,2294677,167652.92231,0.0,ARPA-USDT,0.0728335927946458,0.0728924335600307,
2022-03-23 07:00:00,0.07334,0.07366,0.07292,0.07366,4823600,353397.00572,1999,2464188,180562.69007,0.0005433306166802,ARPA-USDT,0.0733512263229838,0.073301408519173,
2022-03-23 08:00:00,0.07364,0.0744,0.073,0.07395,13535008,997726.04468,4705,6416498,473091.48458,0.0001352447930753,ARPA-USDT,0.0737087247737729,0.0735445266013761,0.0001
2022-03-23 09:00:00,0.07395,0.0746899999999999,0.0736899999999999,0.07449,18574444,1377141.75088,5434,8917421,661194.37554,-0.000670780788838,ARPA-USDT,0.073841000401641,0.0738790194249997,
2022-03-23 10:00:00,0.07449,0.07486,0.07428,0.07461,10592457,789650.17322,3576,5861562,437003.67295,0.0001340482573726,ARPA-USDT,0.0744984515123785,0.0745601465486803,
2022-03-23 11:00:00,0.07464,0.0747,0.07403,0.07453,10942965,814796.58002,4036,5367903,399607.50576,-0.0002682763246144,ARPA-USDT,0.0746334111380605,0.0746287964656971,
2022-03-23 12:00:00,0.07457,0.07653,0.0744399999999999,0.07516,39323641,2970618.00376,11156,19776855,1493527.5358,-0.0006648052120727,ARPA-USDT,0.0745854114160006,0.0746012837752265,
2022-03-23 13:00:00,0.07521,0.07597,0.075,0.0753,19047399,1436110.16244,5478,9971368,751751.36864,0.0002656748140277,ARPA-USDT,0.0756628378641688,0.0755517784838074,
2022-03-23 14:00:00,0.07529,0.07578,0.07516,0.07574,11409132,861242.6692,3249,5950067,449188.46014,0.0003962488442741,ARPA-USDT,0.0752935410261727,0.0752494958486521,
2022-03-23 15:00:00,0.0757299999999999,0.0781,0.0754799999999999,0.07719,69803414,5383285.25198,19102,35955174,2774634.82179,-0.0002590338039114,ARPA-USDT,0.0757239177066568,0.0757115202103533,
2022-03-23 16:00:00,0.07719,0.0773799999999999,0.0761299999999999,0.0763399999999999,32626466,2503423.12875,13566,14733175,1130825.80359,-0.0005236973029603,ARPA-USDT,0.0772732161819033,0.0770232582924981,0.0001
2022-03-23 17:00:00,0.0763399999999999,0.07661,0.07481,0.07579,24766072,1877418.46556,7593,9549812,724123.57542,-0.0002638174383327,ARPA-USDT,0.0763848873106669,0.0764202506052211,
2022-03-23 18:00:00,0.0758,0.0758,0.07509,0.0751,8560578,646186.78829,3317,3571665,269631.0789,-0.0001331380641724,ARPA-USDT,0.0756759009285746,0.0756523247933917,
2022-03-23 19:00:00,0.0751,0.07612,0.07509,0.0755,14427373,1091953.93917,4581,7519601,569087.22774,-0.0007940709370037,ARPA-USDT,0.0752330880465649,0.0755496699293496,
2022-03-23 20:00:00,0.0755,0.07602,0.0754,0.07566,6504642,492510.64574,2716,3484631,263863.05014,0.0001321877065434,ARPA-USDT,0.0754440796834565,0.0755294807263321,
2022-03-23 21:00:00,0.07566,0.07566,0.07526,0.07558,3988849,300906.38075,2040,1651524,124608.80675,0.0002646903123344,ARPA-USDT,0.075639877204854,0.0755430082495348,
2022-03-23 22:00:00,0.07558,0.0758,0.07513,0.07572,5420164,408941.92296,2209,2402449,181244.83718,-0.0002640612622129,ARPA-USDT,0.0755797093894273,0.0754476530312475,
2022-03-23 23:00:00,0.07572,0.07612,0.07551,0.0758799999999999,6727968,510010.31513,2418,2974538,225439.37232,-0.0003952048478474,ARPA-USDT,0.0757186498938082,0.0756606089003287,
2022-03-24 00:00:00,0.07589,0.07653,0.07503,0.07555,13453302,1019964.55837,4518,5930174,449617.06629,-0.0001323451561672,ARPA-USDT,0.0759063144691785,0.0759966823965701,0.0001
2022-03-24 01:00:00,0.07555,0.076,0.0741899999999999,0.07477,13474945,1010015.13889,4276,5960805,447159.13873,-0.0002674154298701,ARPA-USDT,0.075600961670832,0.0754805031365584,
2022-03-24 02:00:00,0.07478,0.07534,0.07456,0.07534,7286773,545473.7738,2389,3689763,276303.95244,0.0003983534723144,ARPA-USDT,0.0746824889518156,0.0747514179793731,
2022-03-24 03:00:00,0.07533,0.07584,0.0752,0.07522,7219236,544728.61588,2231,3253438,245531.88922,0.0,ARPA-USDT,0.0753522881031355,0.0753280952208296,
2022-03-24 04:00:00,0.07521,0.07622,0.07518,0.07591,10830029,820816.75924,3110,5644336,427635.64643,-0.0002634005004608,ARPA-USDT,0.0752571623096072,0.075352669522744,
2022-03-24 05:00:00,0.07594,0.07649,0.07592,0.07631,8269308,630232.86442,3267,4239558,323110.35887,0.000524452602596,ARPA-USDT,0.0760505674688893,0.0760252983884627,
2022-03-24 06:00:00,0.07628,0.0769,0.07612,0.07626,10235584,782922.69055,3846,4784464,365971.43377,0.0002623294858341,ARPA-USDT,0.0764138626295851,0.0763681053262543,
2022-03-24 07:00:00,0.07626,0.07719,0.07586,0.07717,18080453,1386534.01242,5619,8742615,670369.75415,-0.0005180676078228,ARPA-USDT,0.0763627235961265,0.0764076561333876,
2022-03-24 08:00:00,0.07718,0.0781,0.07683,0.0775,29436335,2281161.05058,9535,11905360,922858.49447,-0.0002579979360165,ARPA-USDT,0.0772115592314576,0.0770256665094667,0.0001
2022-03-24 09:00:00,0.0775,0.0778799999999999,0.07691,0.07744,16691114,1293197.42679,6861,6804701,527127.18439,-0.0003872466761327,ARPA-USDT,0.0776512584285868,0.0777750847677165,
2022-03-24 10:00:00,0.07748,0.07772,0.07691,0.07746,10465614,809830.62426,4029,3910841,302608.92599,-0.000902876305946,ARPA-USDT,0.077388616079189,0.0772410083964851,
2022-03-24 11:00:00,0.07745,0.07777,0.07707,0.07722,7841661,607276.48543,3353,3367076,260806.87809,-0.0001294833613879,ARPA-USDT,0.0774857756745367,0.0775972207188742,
2022-03-24 12:00:00,0.07722,0.07744,0.07566,0.07608,13587433,1039444.20703,5014,4926554,377076.43314,0.0003944773175541,ARPA-USDT,0.0772717058455738,0.0772876731213638,
2022-03-24 13:00:00,0.07608,0.07697,0.07545,0.07689,10935322,834568.462,4015,4960525,378702.01004,0.0,ARPA-USDT,0.0760316509841838,0.0762244299413282,
2022-03-24 14:00:00,0.07691,0.07799,0.07671,0.0778399999999999,14798573,1143638.20405,4598,7647205,591229.3303,0.0005141388174794,ARPA-USDT,0.0769869875669302,0.077219095850379,
2022-03-24 15:00:00,0.07783,0.07867,0.07695,0.07865,20847977,1621702.93834,6616,9330428,726010.52566,-0.0008892276422763,ARPA-USDT,0.0775577059035253,0.0776472657657219,
2022-03-24 16:00:00,0.07865,0.0905,0.07861,0.08899,444906159,38733258.5789,140022,226102575,19691518.44562,-0.0013466502076084,ARPA-USDT,0.0788368414939452,0.0789916314336836,0.0001
2022-03-24 17:00:00,0.08892,0.09179,0.08649,0.08667,285545271,25472325.02575,90353,142390300,12707215.86125,0.0002308136180033,ARPA-USDT,0.0887337570433757,0.0885521260665032,
2022-03-24 18:00:00,0.08667,0.0873,0.0846,0.08471,116483666,9998258.79988,34339,58912794,5056857.09591,-0.0004719764011801,ARPA-USDT,0.0864837671116424,0.0865386023897784,
2022-03-24 19:00:00,0.08471,0.0852899999999999,0.08378,0.08438,70745175,5981076.95519,20942,34937221,2954104.23749,0.0,ARPA-USDT,0.0848386422248428,0.0846012990371107,
2022-03-24 20:00:00,0.08438,0.08688,0.08438,0.08538,86707148,7431325.11328,24922,42213879,3617658.53533,0.0004687133817671,ARPA-USDT,0.0845992690243382,0.0845994168860585,
2022-03-24 21:00:00,0.08537,0.08544,0.0825,0.08267,72147152,6054104.23992,19861,33549238,2814693.64539,-0.0010874818753021,ARPA-USDT,0.0851388627636705,0.0851043069738734,
2022-03-24 22:00:00,0.08269,0.08388,0.08216,0.08265,53307888,4421711.93311,14408,26647255,2209964.61856,-0.0002419257288012,ARPA-USDT,0.0830606159058113,0.0833500457641317,
2022-03-24 23:00:00,0.08265,0.08416,0.0824,0.08379,41176417,3427603.52952,12463,20899723,1739309.31161,-0.0001193317422434,ARPA-USDT,0.0828343641493502,0.0830385913073056,
2022-03-25 00:00:00,0.0838,0.08532,0.08165,0.08478,60082074,5020611.89484,17593,30007064,2510267.00794,-0.0005894141223624,ARPA-USDT,0.0837327192919345,0.0832929703737481,0.0001
2022-03-25 01:00:00,0.0848,0.08482,0.08282,0.08394,47865874,4004737.85724,15503,21092863,1764461.70348,-0.0008332341387929,ARPA-USDT,0.0846516368722974,0.0839309173377178,
2022-03-25 02:00:00,0.08394,0.08588,0.0836,0.08544,40943772,3465708.86502,13414,20491578,1735038.12576,-0.0009354536950421,ARPA-USDT,0.0840038864753003,0.0838996986457547,
2022-03-25 03:00:00,0.08544,0.08546,0.0828,0.08438,46586180,3918481.36008,15567,19615577,1650304.20661,-0.0002369668246445,ARPA-USDT,0.0851811499444715,0.084872332511658,
2022-03-25 04:00:00,0.08436,0.08524,0.08411,0.08492,25713660,2177852.52502,9319,12505675,1059197.57516,-0.0003531489111242,ARPA-USDT,0.084276892598328,0.0844362521418385,
2022-03-25 05:00:00,0.0849299999999999,0.08876,0.0848299999999999,0.08551,129103145,11238966.21936,39982,59649366,5192562.79643,-0.0010514018691587,ARPA-USDT,0.0849198894759018,0.085129066670206,
2022-03-25 06:00:00,0.0855399999999999,0.08585,0.0837,0.08441,46806053,3968989.88722,17440,21080107,1788320.18297,-0.0002368826246595,ARPA-USDT,0.0855332525433857,0.0853965376953663,
2022-03-25 07:00:00,0.08442,0.08569,0.08383,0.08481,44943943,3810592.67751,14841,22626495,1918265.98955,0.0001179245283018,ARPA-USDT,0.0844063479670026,0.0845476283658968,
2022-03-25 08:00:00,0.08481,0.08482,0.083,0.08454,32115202,2693757.8777,10308,14847162,1246019.74707,0.0011842728564661,ARPA-USDT,0.0846123147160161,0.0841865930973955,0.0001
2022-03-25 09:00:00,0.08455,0.08472,0.0837,0.08435,19699622,1659992.88017,6743,8814960,742907.28839,-0.0001185395922239,ARPA-USDT,0.084489072385749,0.0843383515926723,
2022-03-25 10:00:00,0.08435,0.0852,0.08413,0.08481,27228532,2304024.84597,8884,13313228,1126549.96786,-0.000235765648945,ARPA-USDT,0.084383189145247,0.0845388978001153,
2022-03-25 11:00:00,0.0848,0.08503,0.08435,0.08482,21780336,1844754.09447,7182,9480741,803196.00122,-0.0002357378595001,ARPA-USDT,0.0848508012756121,0.084770501065727,
2022-03-25 12:00:00,0.0848299999999999,0.0861799999999999,0.08438,0.08497,34786319,2966052.8512,12015,15739475,1342668.89448,0.0008244994110717,ARPA-USDT,0.0849543738154203,0.08513020260768,
2022-03-25 13:00:00,0.08499,0.08524,0.08345,0.0848,30134673,2540533.75352,9303,12849318,1083772.75065,0.0002359046945035,ARPA-USDT,0.0851523919921884,0.084988117098299,
2022-03-25 14:00:00,0.0848,0.08494,0.08323,0.08381,21799251,1830720.93878,7537,9263842,777845.05105,0.0003580806875149,ARPA-USDT,0.0846925327055013,0.0847060996419654,
2022-03-25 15:00:00,0.0838,0.08394,0.0810299999999999,0.08211,43532017,3581557.86929,13343,17933552,1476457.01423,0.001341463414634,ARPA-USDT,0.0838320412655794,0.0835271357320685,
2022-03-25 16:00:00,0.0821,0.08279,0.08125,0.08166,31170850,2556896.56743,10158,15645469,1283354.38921,0.0006126700159294,ARPA-USDT,0.0820175734960066,0.081748785177233,0.0001
2022-03-25 17:00:00,0.08165,0.0821399999999999,0.07923,0.0809899999999999,39320379,3164312.52871,13013,16912291,1361613.26753,-0.0004936443292621,ARPA-USDT,0.0818757934848324,0.0819377183870484,
2022-03-25 18:00:00,0.08102,0.08147,0.08045,0.08108,15066783,1219931.02533,4920,7062178,571811.21441,-0.00110878403351,ARPA-USDT,0.0809701933753824,0.081026778637294,
2022-03-25 19:00:00,0.08108,0.08121,0.08005,0.08069,14298566,1151182.62772,3955,7071182,569357.69866,-0.0004954787563482,ARPA-USDT,0.0811188632947303,0.0810098360827533,
2022-03-25 20:00:00,0.08069,0.08106,0.08026,0.08098,13233310,1066713.36682,3863,6793091,547398.12428,-0.0003703246512776,ARPA-USDT,0.0806202772518737,0.080722689246028,
2022-03-25 21:00:00,0.0809899999999999,0.08101,0.0800299999999999,0.08027,8493854,683054.41902,3102,3746973,301163.09317,-0.0008712969878018,ARPA-USDT,0.0808813811819756,0.0807040280061069,
2022-03-25 22:00:00,0.0802799999999999,0.0804899999999999,0.07875,0.07889,16488457,1314098.34295,5574,6367786,508058.14483,-0.000759974667511,ARPA-USDT,0.0803607748906646,0.0803178841576197,
2022-03-25 23:00:00,0.07889,0.08047,0.07889,0.08026,18575687,1480495.17039,5791,10475814,834264.77389,-0.0003736455349359,ARPA-USDT,0.0790055995575521,0.0791894587854983,
2022-03-26 00:00:00,0.0802399999999999,0.08087,0.07955,0.07959,18292650,1470509.78031,5537,7480972,601838.47081,0.0002513510116877,ARPA-USDT,0.0802762134278897,0.0801858391396604,0.0001
2022-03-26 01:00:00,0.07956,0.08067,0.07936,0.08011,9305438,744644.71472,3544,4985027,398850.82239,0.0,ARPA-USDT,0.0794601651309446,0.0797129977427229,
2022-03-26 02:00:00,0.08012,0.08036,0.0790299999999999,0.0795299999999999,12109593,965900.73319,3709,5913731,471818.60854,-0.0003770739064868,ARPA-USDT,0.0798715149121691,0.0799117450071815,
2022-03-26 03:00:00,0.07952,0.08015,0.0793,0.07961,15108221,1204020.45214,4517,8066477,642728.99709,-0.0003766951280763,ARPA-USDT,0.0796627324881281,0.0796407809252016,
2022-03-26 04:00:00,0.07962,0.08034,0.07952,0.0800299999999999,8137015,650081.43921,3499,3700469,295579.75207,-0.0003747189607806,ARPA-USDT,0.0796103856056998,0.0796474602970076,
2022-03-26 05:00:00,0.0800299999999999,0.08106,0.07965,0.08094,14497158,1166311.88628,4941,7342474,590567.83631,0.0,ARPA-USDT,0.0800348162558349,0.0800389339292248,
2022-03-26 06:00:00,0.08094,0.0812399999999999,0.0804,0.08064,9874000,797757.1996800001,3534,4692628,379053.21816,-0.0001239925604463,ARPA-USDT,0.0811090223996545,0.0810233894307097,
2022-03-26 07:00:00,0.08063,0.08167,0.08029,0.08135,13196467,1068774.25816,4412,6443227,521597.66274,-0.0003686409437206,ARPA-USDT,0.0806781760423124,0.0806789714993575,
2022-03-26 08:00:00,0.08136,0.08197,0.08105,0.08141,16950503,1382078.71743,5042,7214565,588416.02965,0.0002457304337142,ARPA-USDT,0.0813330751175458,0.0812868940627646,0.0001
2022-03-26 09:00:00,0.08143,0.08156,0.08086,0.08105,7117318,578345.18788,2654,2752999,223778.38289,0.0001233958538993,ARPA-USDT,0.0813487299516467,0.0813608524968661,
2022-03-26 10:00:00,0.08107,0.08122,0.0805299999999999,0.08077,7869023,636246.29537,3291,3634156,293899.56101,-0.0004949882440293,ARPA-USDT,0.0810938281745266,0.0809962573147805,
2022-03-26 11:00:00,0.08077,0.08101,0.08021,0.08057,12590874,1015952.72326,3772,7711598,622401.19592,0.0,ARPA-USDT,0.0808257174697123,0.0808021766342933,
2022-03-26 12:00:00,0.08056,0.08096,0.07943,0.08011,15739905,1261630.57731,5044,7007337,561585.29413,0.0,ARPA-USDT,0.0805579235792858,0.0807305436455244,
2022-03-26 13:00:00,0.08011,0.08044,0.07976,0.08004,12783495,1023421.04862,4571,6335757,507400.93773,0.0001249531425715,ARPA-USDT,0.0801197201624036,0.0801095712465909,
2022-03-26 14:00:00,0.08004,0.08075,0.07957,0.08008,12660991,1015133.60352,4675,5674607,455075.65967,0.0003747657713928,ARPA-USDT,0.0800726311918245,0.0801607551418438,
2022-03-26 15:00:00,0.08008,0.0809,0.0798799999999999,0.08048,9882022,794590.9274200001,4196,5370910,431971.55695,-0.0002484472049689,ARPA-USDT,0.0801184205166782,0.0800368220073482,
2022-03-26 16:00:00,0.0805,0.08136,0.07983,0.081,13531303,1090836.31519,4889,7026891,566709.5597699999,-0.0002468526289803,ARPA-USDT,0.0804791819344644,0.0804108911441588,0.0001
2022-03-26 17:00:00,0.08101,0.08122,0.08033,0.08052,15594728,1259823.11552,5511,6126483,494987.42472,0.0002484472049688,ARPA-USDT,0.0810482845056223,0.0808132542930012,
2022-03-26 18:00:00,0.08052,0.08079,0.0799,0.08046,13463037,1081536.48316,5160,6321561,507770.74359,0.0,ARPA-USDT,0.0806109610401372,0.0807228044190762,
2022-03-26 19:00:00,0.08047,0.08061,0.0797799999999999,0.0800299999999999,10568508,847191.79937,5017,4321916,346426.08695,0.0001249687578095,ARPA-USDT,0.0804912687245041,0.0804573099615044,
2022-03-26 20:00:00,0.08004,0.08064,0.07993,0.08039,9794099,786834.60827,3830,4395943,353091.35779,-0.0001243781094526,ARPA-USDT,0.080069321041891,0.0801393848753538,
2022-03-26 21:00:00,0.0804,0.08059,0.07992,0.08029,7373032,591854.87777,2937,3587943,288041.6601,0.0,ARPA-USDT,0.0804717842099979,0.0804108069076944,
2022-03-26 22:00:00,0.0802799999999999,0.08071,0.08015,0.08031,6057636,487342.74654,2226,2507847,201741.1031,-0.0007465472191114,ARPA-USDT,0.0802897049677599,0.0802483473298199,
2022-03-26 23:00:00,0.08034,0.08151,0.0802799999999999,0.08151,7494631,607492.59134,3012,4081945,330777.88013,0.0001226993865031,ARPA-USDT,0.0803114182390391,0.080401507241581,
2022-03-27 00:00:00,0.0815,0.0826799999999999,0.08119,0.0812399999999999,14421177,1181568.52497,4838,6151242,504062.42992,0.0007390983000725,ARPA-USDT,0.0815302875980268,0.0815312678283023,0.0001
2022-03-27 01:00:00,0.08125,0.08244,0.08076,0.0823,10668233,869340.71124,4112,5445790,444286.734,-0.0001214919207872,ARPA-USDT,0.0813272423296424,0.0814831289395826,
2022-03-27 02:00:00,0.08231,0.08266,0.0817,0.0823,11870298,976083.2739,3792,5624517,462555.342,-0.0004857906242409,ARPA-USDT,0.0823860911810004,0.0822002196797907,
2022-03-27 03:00:00,0.0822799999999999,0.0822799999999999,0.08102,0.0815,9776651,798147.00348,3405,3877138,316445.14261,0.0003682337056585,ARPA-USDT,0.0821647834111601,0.0819277750124886,
2022-03-27 04:00:00,0.08151,0.08191,0.08073,0.08134,8794947,714596.5175900001,2810,3621568,294295.57376,-0.0002458210422813,ARPA-USDT,0.0815007834978005,0.0815672875173911,
2022-03-27 05:00:00,0.08131,0.08198,0.0812399999999999,0.08163,7241474,591257.97595,2560,3856570,314922.54418,0.0001225189904434,ARPA-USDT,0.0812646854517197,0.0813254093789116,
2022-03-27 06:00:00,0.08162,0.08247,0.08156,0.08186,8315258,681957.17977,2946,3652651,299495.11883,-0.0002442598925255,ARPA-USDT,0.0817558702826429,0.0817045728664934,
2022-03-27 07:00:00,0.08186,0.0821799999999999,0.0811,0.08136,8389085,684335.5141500001,2897,2987998,243724.99483,-0.0004914004914005,ARPA-USDT,0.0818580906419529,0.0819393599276254,
2022-03-27 08:00:00,0.08137,0.08234,0.0813,0.08166,9551676,780874.23787,3107,5155221,421385.52683,-0.0004895960832312,ARPA-USDT,0.0814245057385339,0.0815298974858877,0.0001
2022-03-27 09:00:00,0.08169,0.08179,0.0814,0.0814,4935912,402726.58045,1889,2122317,173165.69624,0.0,ARPA-USDT,0.0817203408674522,0.0816639723002761,
2022-03-27 10:00:00,0.08139,0.08448,0.08126,0.08436,24819261,2059273.30815,6682,16211896,1345902.06378,-0.0011839924224483,ARPA-USDT,0.0813291264036655,0.0813517365039454,
2022-03-27 11:00:00,0.08435,0.08551,0.0827799999999999,0.08297,54778972,4599090.55468,17609,24875117,2088395.00506,-0.0002409928907096,ARPA-USDT,0.0843748332538911,0.0846160649879438,
2022-03-27 12:00:00,0.08298,0.08325,0.08011,0.08054,33803164,2761242.72337,10102,13533559,1106253.77332,-0.0001241464928615,ARPA-USDT,0.0827824914984234,0.0829358271347664,
2022-03-27 13:00:00,0.0805,0.08248,0.0800299999999999,0.08201,16889352,1375431.0652,5809,8221464,669303.81833,0.000487983408564,ARPA-USDT,0.0803863831488714,0.0805173802912873,
2022-03-27 14:00:00,0.08199,0.08291,0.08161,0.082,14168319,1165253.00396,4626,6158385,506687.48719,-0.000487567040468,ARPA-USDT,0.0821087834345446,0.0818426332996493,
2022-03-27 15:00:00,0.08198,0.08392,0.0818,0.0832,24482367,2026428.54029,8155,12060100,998034.87934,0.0001202067556196,ARPA-USDT,0.0820185523427317,0.0824155037252804,
2022-03-27 16:00:00,0.08319,0.08358,0.08225,0.08279,14341336,1186465.93209,4426,6639862,549140.39378,0.0,ARPA-USDT,0.0830046177122539,0.0830222667754073,0.0001
2022-03-27 17:00:00,0.0827799999999999,0.08284,0.08133,0.08213,9717086,797785.58776,3195,4274313,351126.90863,0.0,ARPA-USDT,0.0828142612378008,0.0827745317027696,
2022-03-27 18:00:00,0.0821399999999999,0.08219,0.08152,0.0819299999999999,6655035,544999.72652,2345,3227383,264304.64266,-0.0002440512507637,ARPA-USDT,0.0821026717042884,0.081970065468604,
2022-03-27 19:00:00,0.08195,0.08275,0.08167,0.08238,8630655,709851.31334,2723,4202949,345627.13653,0.0002428363283146,ARPA-USDT,0.0819942607852641,0.0820184133269877,
2022-03-27 20:00:00,0.08238,0.08359,0.0814,0.08356,19462995,1604553.14848,5957,9005846,742780.08398,-0.000119660165131,ARPA-USDT,0.0824377701790718,0.082292641977562,
2022-03-27 21:00:00,0.08358,0.08398,0.08279,0.08354,13657956,1139643.00542,4462,5558000,463966.62256,0.0003592384145612,ARPA-USDT,0.0836170561715057,0.0834362853230747,
2022-03-27 22:00:00,0.08356,0.08437,0.0829299999999999,0.0839299999999999,14252096,1193552.5299,4787,7316425,612866.63983,-0.0004763606049792,ARPA-USDT,0.0835280146046169,0.0832645571492114,
2022-03-27 23:00:00,0.084,0.08462,0.08365,0.08447,10306829,866831.68133,3936,4468326,375991.20232,-0.0001183712121212,ARPA-USDT,0.0840158647294371,0.0841545966589791,
2022-03-28 00:00:00,0.08445,0.08499,0.08334,0.08425,11345492,954970.89711,5153,4420275,372134.08022,-0.0004745521414165,ARPA-USDT,0.0843552754198868,0.0841961707805115,0.0001
2022-03-28 01:00:00,0.08425,0.0846,0.0836,0.08391,5357122,450764.91284,2503,2178297,183327.64902,-0.0010714285714286,ARPA-USDT,0.0842227160920951,0.0841438666425799,
2022-03-28 02:00:00,0.08391,0.08477,0.08376,0.0843,6954537,585844.30969,2656,2785093,234552.23507,0.0,ARPA-USDT,0.084017058902817,0.0840036539205576,
2022-03-28 03:00:00,0.08428,0.08495,0.08395,0.08474,8128712,686776.4588,2950,3638382,307431.42565,0.0005903884756168,ARPA-USDT,0.0841585499180341,0.0841204089220983,
2022-03-28 04:00:00,0.08474,0.08488,0.08382,0.08471,9257413,781788.27792,3144,3821848,323000.8405,-0.000354024073637,ARPA-USDT,0.0847167615929611,0.0846929096188168,
2022-03-28 05:00:00,0.08472,0.08598,0.08451,0.08587,11875307,1012536.71921,4221,6196174,528643.72555,-0.0001164415463437,ARPA-USDT,0.0846499153851155,0.0846317636422845,
2022-03-28 06:00:00,0.08586,0.08586,0.0835,0.08528,18068601,1530248.57396,5795,7250573,614377.59493,0.0,ARPA-USDT,0.085698718776809,0.0854134198204395,
2022-03-28 07:00:00,0.08525,0.08575,0.08496,0.08545,10343012,883132.57554,3400,4839555,413324.94645,0.0003512058066026,ARPA-USDT,0.0853187974137524,0.0854242965344864,
2022-03-28 08:00:00,0.08545,0.08552,0.08435,0.08526,7519898,638830.26786,2410,2893839,245935.00941,0.0005867855885459,ARPA-USDT,0.0853603644325314,0.0853904209790983,0.0001
2022-03-28 09:00:00,0.08526,0.08594,0.08475,0.08557,13138126,1123251.76311,4219,6871695,587767.72478,0.0003507131166704,ARPA-USDT,0.0853023396029656,0.085271346332376,
2022-03-28 10:00:00,0.08557,0.08589,0.08509,0.08572,11268451,964315.00921,3381,4819898,412601.20185,-0.0002332633543269,ARPA-USDT,0.0855674632768361,0.0856248627814642,
2022-03-28 11:00:00,0.08571,0.08728,0.08545,0.08609,20912390,1804573.60161,7101,8993184,775980.44015,-0.0002322610614331,ARPA-USDT,0.0856968846636857,0.0858182081407963,
2022-03-28 12:00:00,0.08612,0.08726,0.08526,0.08605,19355645,1667574.89158,6121,8457790,729496.6652,0.0001162250116224,ARPA-USDT,0.0861073227072066,0.0861928231795047,
2022-03-28 13:00:00,0.08605,0.08724,0.08587,0.08668,13806307,1196327.57239,5589,7160293,620650.39922,-0.000691722388748,ARPA-USDT,0.0861038855737364,0.0861190274593709,
2022-03-28 14:00:00,0.08678,0.08698,0.08565,0.08685,12897851,1113886.43991,4741,5661391,488953.81415,0.0002303351376251,ARPA-USDT,0.0867609276793633,0.086539940000574,
2022-03-28 15:00:00,0.0868299999999999,0.0878299999999999,0.086,0.08657,18541600,1611981.49732,6650,8885194,772561.27977,0.0001155268022181,ARPA-USDT,0.0867142773819683,0.0866582741614514,
2022-03-28 16:00:00,0.08656,0.09,0.08645,0.08896,106881350,9514381.41519,33724,52010060,4631585.24886,0.0,ARPA-USDT,0.0866044178367681,0.0866610941312615,0.0001
2022-03-28 17:00:00,0.08895,0.08949,0.0881,0.08893,36222149,3218916.55338,14549,16290244,1448121.60812,0.0005625562556255,ARPA-USDT,0.0887964627590763,0.0889413590747843,
2022-03-28 18:00:00,0.08895,0.08896,0.08767,0.08843,22540546,1990680.26908,8544,9851856,870224.3363,0.0,ARPA-USDT,0.0888324203443378,0.0887767365832653,
2022-03-28 19:00:00,0.08846,0.08852,0.08659,0.0873299999999999,22574652,1981158.35119,8028,9203856,808096.1721900001,-1.2212453270876722e-15,ARPA-USDT,0.0883211279472008,0.0882313602288197,
2022-03-28 20:00:00,0.08734,0.0878,0.08492,0.08622,39393299,3395625.77882,13277,17154524,1479243.42509,0.0001159958241503,ARPA-USDT,0.087369273956867,0.0874725240409651,
2022-03-28 21:00:00,0.08622,0.08706,0.0797,0.08274,84239881,7038686.33783,25649,32579496,2722180.21427,0.0001208751359844,ARPA-USDT,0.0862710868658468,0.086575752526123,
2022-03-28 22:00:00,0.08274,0.08332,0.08187,0.0821,27327761,2262290.89608,8013,13229719,1095856.86121,0.0009753718605218,ARPA-USDT,0.0829934178953842,0.0826531047746309,
2022-03-28 23:00:00,0.08207,0.0826399999999999,0.076,0.07925,43979850,3516635.00669,15096,17223549,1380697.28339,-0.0005044772354647,ARPA-USDT,0.081986008514521,0.0822564424963277,
2022-03-29 00:00:00,0.0792,0.08091,0.07894,0.08044,21407285,1717397.91482,7298,11215161,900124.14495,-0.0001243008079552,ARPA-USDT,0.0793926368485265,0.0794578628521743,0.0001
2022-03-29 01:00:00,0.08041,0.08204,0.08039,0.08189,22634965,1840668.26377,6283,11526793,937390.36581,0.0003664793549964,ARPA-USDT,0.0805093877307523,0.0806392690868239,
2022-03-29 02:00:00,0.0819,0.08202,0.0808,0.08086,10848083,884511.23115,3654,4388867,358139.14944,-0.0004944375772558,ARPA-USDT,0.0819224124750297,0.0818056898570848,
2022-03-29 03:00:00,0.08086,0.08159,0.08057,0.08154,7244914,587882.56444,2784,4139616,336012.81918,-0.0001226241569588,ARPA-USDT,0.0808942159020777,0.0809553402186432,
2022-03-29 04:00:00,0.08152,0.08336,0.0813,0.08262,14555795,1200166.71688,4386,7707179,635117.87472,0.0002421307506053,ARPA-USDT,0.0814745789686024,0.0815146058874444,
2022-03-29 05:00:00,0.08262,0.08402,0.08252,0.08387,12955586,1076937.39904,4098,7347814,610790.8331,0.0010742420625449,ARPA-USDT,0.0826400262834319,0.0828203125193794,
2022-03-29 06:00:00,0.08388,0.08419,0.0829,0.0834299999999999,11748252,982450.95621,3752,4629896,387175.07132,0.0003597122302145,ARPA-USDT,0.0838757634776491,0.0837980035452002,
2022-03-29 07:00:00,0.0834299999999999,0.08352,0.08233,0.08258,13149373,1090051.4423,3979,5815297,482403.58452,0.0002422480620156,ARPA-USDT,0.0833859408792623,0.0833523524629133,
2022-03-29 08:00:00,0.08258,0.0839,0.0825,0.08333,8760227,730700.55506,3448,4213707,351389.9046,0.0,ARPA-USDT,0.0825507518401096,0.0828827156049349,0.0001
2022-03-29 09:00:00,0.08342,0.08415,0.0830299999999999,0.08337,9083511,759584.83182,2883,4417480,369495.00458,0.0007202016564638,ARPA-USDT,0.0833639506057781,0.0834649465431091,
2022-03-29 10:00:00,0.08338,0.085,0.0831399999999999,0.0845,27957300,2358252.00384,8900,16116301,1359545.20644,0.0009476427386876,ARPA-USDT,0.0833367719847338,0.0832725666856682,
2022-03-29 11:00:00,0.08446,0.08495,0.08404,0.0849299999999999,10313659,871170.81018,3772,4638402,391964.07717,0.0003533568904581,ARPA-USDT,0.0844039389579007,0.0843273560621581,
2022-03-29 12:00:00,0.08494,0.08752,0.08438,0.0859299999999999,56733236,4887443.59874,16147,27205806,2347596.45472,0.0008152806894932,ARPA-USDT,0.0848164138699811,0.08480110361573,
2022-03-29 13:00:00,0.0859299999999999,0.0899,0.0856,0.088,141730645,12496128.65902,41803,68620703,6050901.66339,0.0001136492783271,ARPA-USDT,0.0861729947758181,0.0864135971264026,
2022-03-29 14:00:00,0.08801,0.0882,0.0866,0.08742,47377867,4146593.6335,14954,22083724,1934335.8711,0.0012598785935173,ARPA-USDT,0.0878654875528623,0.0876264873228596,
2022-03-29 15:00:00,0.08742,0.08765,0.0835,0.08435,57557080,4924963.41101,18164,21556964,1846360.78905,0.0009493295360152,ARPA-USDT,0.0871837401690438,0.0871101732346365,
2022-03-29 16:00:00,0.08437,0.08545,0.08106,0.08488,67168369,5595992.09112,21668,28866346,2407585.31066,0.0007073803348265,ARPA-USDT,0.084476189145843,0.0838360193402354,0.0001
2022-03-29 17:00:00,0.08488,0.08617,0.084,0.08525,41886584,3566912.75369,13047,19203339,1635204.83154,0.0007043080173729,ARPA-USDT,0.084955266416175,0.0848925541923345,
2022-03-29 18:00:00,0.08526,0.08597,0.0848,0.08569,17466277,1492384.51548,5965,8684026,742144.40846,0.0,ARPA-USDT,0.0852290533707352,0.0853967158193992,
2022-03-29 19:00:00,0.08574,0.0863,0.0847,0.0854,20098606,1721274.9484,6447,9316751,798281.34933,0.0005858230814295,ARPA-USDT,0.0856017501207535,0.0856490631526065,
2022-03-29 20:00:00,0.0854,0.08594,0.0834,0.08486,17520434,1487950.52131,5978,7868902,668764.05879,0.0010616963548426,ARPA-USDT,0.085528906288154,0.0854803591921594,
2022-03-29 21:00:00,0.08486,0.0855799999999999,0.0835,0.08387,20050975,1696289.37855,6282,8669177,733363.86309,-0.0001192179303767,ARPA-USDT,0.0847895862941608,0.084679329173898,
2022-03-29 22:00:00,0.0839,0.08528,0.08256,0.08505,28622813,2408057.71556,9228,12580551,1059607.13234,0.001530852567122,ARPA-USDT,0.083977461251636,0.0841611541570863,
2022-03-29 23:00:00,0.08505,0.08628,0.08447,0.08598,14505895,1238382.70358,4960,7190492,613952.83447,0.0002326663564449,ARPA-USDT,0.0849557627799632,0.0849363015510809,
2022-03-30 00:00:00,0.08599,0.0860399999999999,0.08355,0.08549,19890829,1687461.30233,6831,8626923,732065.88161,-0.0004676721618145,ARPA-USDT,0.0855944414058858,0.085138511436463,0.0001
2022-03-30 01:00:00,0.08551,0.08664,0.08262,0.08475,25314185,2144381.73715,9540,11264903,955362.78992,-0.0001179801793298,ARPA-USDT,0.0855379532186346,0.0856344694613893,
2022-03-30 02:00:00,0.08471,0.08774,0.08435,0.08732,23781213,2054870.37115,8832,12514900,1081594.30122,0.0011465260261407,ARPA-USDT,0.0845500854319218,0.0854445378919494,
2022-03-30 03:00:00,0.08732,0.0885799999999999,0.0871,0.0885,32061609,2815624.22298,10558,14088451,1238014.14147,-0.0001129815840019,ARPA-USDT,0.0872466531623747,0.0874687414307118,
2022-03-30 04:00:00,0.08846,0.08889,0.08645,0.08718,25794705,2262492.49953,7824,10775669,945672.35434,-0.000687757909216,ARPA-USDT,0.0884856667255626,0.0886288080905109,
2022-03-30 05:00:00,0.08722,0.08835,0.08672,0.08792,16522921,1448360.57997,5755,7184013,630185.60245,0.0012527047033368,ARPA-USDT,0.086958790729971,0.0869466101048411,
2022-03-30 06:00:00,0.08791,0.08799,0.08703,0.0872899999999999,12497878,1093633.92439,4453,5706069,499534.459,0.0009173259947241,ARPA-USDT,0.0878117014643704,0.087614313363326,
2022-03-30 07:00:00,0.08728,0.08815,0.08688,0.08748,14533091,1274314.76859,4509,6006447,526690.60729,0.0006863417982154,ARPA-USDT,0.0873146694969209,0.0871164875311455,
2022-03-30 08:00:00,0.08748,0.0908,0.0872,0.08891,93575775,8328775.08735,28435,45374861,4040108.62669,0.0,ARPA-USDT,0.0879087981794577,0.0882785410410452,0.0001
2022-03-30 09:00:00,0.08895,0.0894399999999999,0.08775,0.08906,20682033,1834670.52003,6711,8974912,796746.91386,0.0004493372275893,ARPA-USDT,0.0888786185850775,0.0886910843245833,
2022-03-30 10:00:00,0.089,0.0898,0.0885799999999999,0.08899,24245082,2160306.45241,6921,10831958,965553.74863,0.0002247948746769,ARPA-USDT,0.0888493119121508,0.0891779205005673,
2022-03-30 11:00:00,0.08903,0.08979,0.0876,0.0889399999999999,24110210,2144964.04474,8360,10183929,906856.33414,0.0011256190904984,ARPA-USDT,0.0890195454743648,0.0889171365239545,
2022-03-30 12:00:00,0.08893,0.08909,0.0877,0.08816,16375389,1445372.84448,5049,6731080,594277.64146,0.000567472477585,ARPA-USDT,0.0888492376348626,0.0886791292133798,
2022-03-30 13:00:00,0.0882,0.08855,0.08623,0.0865799999999999,24891293,2173697.35664,7419,9142686,799206.45843,-1.3322676295501878e-15,ARPA-USDT,0.0882283722406286,0.0881634202003003,
2022-03-30 14:00:00,0.0866,0.08806,0.08555,0.08732,19925405,1733067.53498,6862,8405449,731696.33394,-0.0001145081873354,ARPA-USDT,0.0866188965875993,0.0864704505080385,
2022-03-30 15:00:00,0.08735,0.09024,0.08599,0.0886899999999999,47112495,4174190.98315,12714,22056656,1955377.14408,-0.0013511991892817,ARPA-USDT,0.0874111455170286,0.0873163179848775,
2022-03-30 16:00:00,0.08861,0.08906,0.08753,0.08814,21644241,1915166.93557,7012,8841404,782445.6807200001,0.0,ARPA-USDT,0.0886164984899087,0.088471720350579,0.0001
2022-03-30 17:00:00,0.08816,0.08861,0.08751,0.08851,12862094,1133776.39587,4242,6222752,548555.50064,0.0,ARPA-USDT,0.088205665079022,0.0881164745172728,
2022-03-30 18:00:00,0.0885,0.08904,0.0874,0.08766,12991522,1147773.74843,4967,6130661,541840.69767,0.001256424900057,ARPA-USDT,0.0886089503505784,0.0885588197324336,
2022-03-30 19:00:00,0.08766,0.08814,0.08669,0.0881,13454423,1175762.53574,5812,6728022,588256.69055,0.0013639463514434,ARPA-USDT,0.0873279692751749,0.0871089892523422,
2022-03-30 20:00:00,0.0881,0.08837,0.08693,0.08796,9058656,793695.2607399999,3804,4057988,355453.14145,0.0005687635081332,ARPA-USDT,0.0881835147396893,0.0879244736674723,
2022-03-30 21:00:00,0.088,0.08826,0.08688,0.0873,7483447,654951.94532,3431,3329039,291432.49991,0.0006877579092159,ARPA-USDT,0.0879073892815076,0.0878371157236276,
2022-03-30 22:00:00,0.0873,0.08799,0.08672,0.0879,9589757,839339.38252,3754,4360906,381648.36583,0.0002275830678197,ARPA-USDT,0.0873236522384687,0.0874352577123682,
2022-03-30 23:00:00,0.0879,0.0888299999999999,0.08769,0.08841,8954666,790755.20969,3694,4386162,387311.61728,0.0009056945545113,ARPA-USDT,0.0878127450151483,0.0880227527869621,
2022-03-31 00:00:00,0.08843,0.08905,0.08781,0.08826,9405031,832736.46735,3320,3345418,296238.90865,0.0001133144475922,ARPA-USDT,0.0882284112825778,0.0880336626089804,0.0001
2022-03-31 01:00:00,0.0883,0.08985,0.08827,0.08954,8503205,758920.12644,3463,3614792,322434.94997,0.0004469273743017,ARPA-USDT,0.0884100259353024,0.0885825772977338,
2022-03-31 02:00:00,0.08953,0.08968,0.0883,0.08872,9945107,885833.01523,3470,3959252,352772.31871,0.001354401805869,ARPA-USDT,0.0895670414118215,0.0893324280732742,
2022-03-31 03:00:00,0.08872,0.09002,0.08785,0.0894799999999999,15960017,1427001.75283,6382,8190107,732557.31748,0.0015670472352797,ARPA-USDT,0.0886261716605929,0.0884976153922169,
2022-03-31 04:00:00,0.08949,0.08972,0.08824,0.08853,13337974,1186865.2943,4487,6055944,539345.64268,0.0010176390773404,ARPA-USDT,0.089455233106054,0.0894610018788522,
2022-03-31 05:00:00,0.08862,0.08949,0.08791,0.08932,12754492,1132382.19035,4207,5366763,476726.9751,0.0011208249271463,ARPA-USDT,0.0886587701988813,0.088353581534196,
2022-03-31 06:00:00,0.08934,0.09043,0.08903,0.08938,16555191,1484007.60989,4882,7225093,648107.7888,0.0005597223777005,ARPA-USDT,0.0893459531159049,0.0892698697775065,
2022-03-31 07:00:00,0.08942,0.0914799999999999,0.0893,0.09104,26551501,2398880.37808,9106,12321820,1113705.24707,0.0012097217639943,ARPA-USDT,0.0895055160222841,0.0894931442068765,
2022-03-31 08:00:00,0.0911,0.09436,0.09105,0.0931,92735097,8623181.51302,29932,46318127,4306131.73805,0.000752445447705,ARPA-USDT,0.0915022919596685,0.0915347089916152,0.00021433
2022-03-31 09:00:00,0.09311,0.09327,0.0916,0.09218,27754427,2560653.47794,9647,12096977,1116583.33702,0.0004341219882786,ARPA-USDT,0.0930723054271638,0.0927242571524116,
2022-03-31 10:00:00,0.09218,0.09326,0.09157,0.09293,28995276,2681434.10881,9512,13780890,1274094.34377,0.0009694097371821,ARPA-USDT,0.0921511965210807,0.0921679792411982,
2022-03-31 11:00:00,0.09294,0.09323,0.0922299999999999,0.0922299999999999,24076055,2233533.42188,7514,8988485,833969.99492,-1.2212453270876722e-15,ARPA-USDT,0.093006743536135,0.092862381132579,
2022-03-31 12:00:00,0.09232,0.0928399999999999,0.09174,0.09246,17117589,1580179.79709,6479,6863090,633917.08187,0.0015164644714038,ARPA-USDT,0.0923856869403088,0.0923735914433991,
2022-03-31 13:00:00,0.09245,0.0928399999999999,0.0895,0.08959,32990765,3012926.72914,11781,11178796,1023642.20461,0.0002232890476723,ARPA-USDT,0.0926281935256809,0.092631559882341,
2022-03-31 14:00:00,0.08955,0.0896,0.08382,0.08771,75844834,6567325.56856,25363,30184141,2613630.46837,0.0004562564161059,ARPA-USDT,0.0886863172453165,0.0869055305715588,
2022-03-31 15:00:00,0.08769,0.08811,0.08615,0.08691,21242981,1847793.04003,7271,10336036,898822.31234,0.0008060801473974,ARPA-USDT,0.0877160370991622,0.0870498443930732,
2022-03-31 16:00:00,0.08694,0.08725,0.0823,0.08334,46637643,3941879.1804,15349,20521388,1735458.8488,0.0007204610951008,ARPA-USDT,0.0869354837902256,0.0866245963376201,0.0001
2022-03-31 17:00:00,0.08335,0.08515,0.08332,0.08477,17621697,1485854.15621,6034,8964074,756267.78838,0.0002359882005897,ARPA-USDT,0.083671703955891,0.0838915489929604,
2022-03-31 18:00:00,0.08479,0.08551,0.08372,0.0853299999999999,11063045,936141.18652,4320,4610283,390402.32893,-0.0002343292325728,ARPA-USDT,0.0847234518135125,0.0846040628052691,
2022-03-31 19:00:00,0.0854,0.08581,0.084,0.08436,12567999,1065514.37146,4686,5452920,462753.29871,0.0004743833017077,ARPA-USDT,0.0853407053351836,0.0854902879835898,
2022-03-31 20:00:00,0.0844299999999999,0.08542,0.08413,0.08532,10388703,880381.91016,3772,4743560,402094.53294,0.0011734334663222,ARPA-USDT,0.0844700607692992,0.0844606201537129,
2022-03-31 21:00:00,0.0852899999999999,0.0858,0.0849299999999999,0.08494,6284830,536374.93832,2843,3000835,256088.80268,0.0008247908566041,ARPA-USDT,0.0853004014656367,0.0852191889836847,
2022-03-31 22:00:00,0.08492,0.08592,0.0847,0.08572,5570100,474969.89686,2482,2647726,225831.63875,0.0003500991947718,ARPA-USDT,0.084970632144782,0.084953991574061,
2022-03-31 23:00:00,0.08578,0.08584,0.0836,0.08522,10155821,863322.88856,3921,4283145,364336.57409,0.0007045561296383,ARPA-USDT,0.0857384739284739,0.0856043577636397,
2022-04-01 00:00:00,0.08523,0.08714,0.08499,0.0869,12808625,1106037.58315,5758,6767476,584467.98396,0.0004605111673958,ARPA-USDT,0.0854964311625394,0.0855347598438389,0.0001
2022-04-01 01:00:00,0.08688,0.08768,0.0846399999999999,0.08504,14231199,1228285.87065,6900,6346563,548591.82473,0.0017669925786312,ARPA-USDT,0.0868594512841448,0.0870609524760344,
2022-04-01 02:00:00,0.08497,0.08594,0.07987,0.08066,26809728,2213436.70751,9682,9114623,756677.65666,-0.0004956629491945,ARPA-USDT,0.0849304379654974,0.0849806815762608,
2022-04-01 03:00:00,0.0807,0.08201,0.08039,0.08187,14647237,1192131.04506,5625,7202439,586335.95227,0.0006110975311659,ARPA-USDT,0.0806155413260521,0.0811866642235778,
2022-04-01 04:00:00,0.08187,0.08291,0.0817799999999999,0.08283,7772030,640148.2850200001,3336,3867966,318570.03794,0.000845819236346,ARPA-USDT,0.0819360277637987,0.0822119784894628,
2022-04-01 05:00:00,0.0828,0.0833,0.08216,0.08233,6093651,504493.10894,2621,2498905,207111.00663,0.0,ARPA-USDT,0.0828401842953591,0.0829251410773424,
2022-04-01 06:00:00,0.08231,0.08474,0.0822,0.08446,9243313,772444.84558,3813,5039214,421113.15178,-0.0002367424242425,ARPA-USDT,0.0824771411152776,0.0825505664705135,
2022-04-01 07:00:00,0.08445,0.08648,0.08438,0.08637,10930915,934751.80795,4665,5149370,440061.34299,0.000811123986095,ARPA-USDT,0.0844101803327596,0.0845883182319156,
2022-04-01 08:00:00,0.08637,0.08799,0.08569,0.08627,15116450,1312948.91341,5810,6718848,584163.30871,0.0013929193267556,ARPA-USDT,0.0862808574784539,0.0864242813861784,0.0001
2022-04-01 09:00:00,0.08624,0.08632,0.08448,0.08491,10037826,856807.59163,4243,4037498,344793.98577,0.0,ARPA-USDT,0.0861794970966467,0.0860232764727478,
2022-04-01 10:00:00,0.08492,0.08594,0.08474,0.08588,6082052,518811.3879,3917,2917344,248981.80807,0.0005825468950249,ARPA-USDT,0.0848857723162029,0.0849215547441367,
2022-04-01 11:00:00,0.08587,0.08652,0.08532,0.08612,9456083,812355.68048,4343,4757838,408697.97064,0.000348472528749,ARPA-USDT,0.0858876295966905,0.0858366408865807,
2022-04-01 12:00:00,0.08613,0.08752,0.084,0.08676,33721334,2908408.05624,11196,15684905,1353911.56511,-0.0001152472052552,ARPA-USDT,0.08701618126527,0.0865335685398191,
2022-04-01 13:00:00,0.08677,0.08761,0.08641,0.0870399999999999,13121115,1143185.37035,4308,6490896,565771.00565,0.0001149029070424,ARPA-USDT,0.0869975591559642,0.0870936088582449,
2022-04-01 14:00:00,0.0870799999999999,0.09052,0.08706,0.0899799999999999,29514446,2630867.13884,10742,14134703,1259548.58568,-0.0011101243339265,ARPA-USDT,0.0873304107304155,0.0873245935829793,
2022-04-01 15:00:00,0.08997,0.09517,0.08928,0.08951,81978166,7516896.33689,27222,37668964,3459478.3883,-0.0007814244250948,ARPA-USDT,0.0908136810766209,0.0925494567639201,
2022-04-01 16:00:00,0.08962,0.09017,0.08865,0.08877,18899512,1689958.28963,6638,9123160,816208.12157,0.0007891770011274,ARPA-USDT,0.0897238054269525,0.0895272375136428,0.0001
2022-04-01 17:00:00,0.08876,0.08995,0.0887299999999999,0.0899399999999999,14521156,1301097.91524,5811,6962888,623796.77555,0.0007789028596849,ARPA-USDT,0.0889772168994655,0.0890810997769706,
2022-04-01 18:00:00,0.08986,0.09115,0.08946,0.09017,20093604,1812835.53659,7142,9963753,899546.08428,0.0,ARPA-USDT,0.0899977091065214,0.0899838664702722,
2022-04-01 19:00:00,0.09016,0.09049,0.0893299999999999,0.0902,15131482,1360559.42624,6461,7345395,660676.23082,0.0005546311702717,ARPA-USDT,0.0900456215228103,0.0900371617384268,
2022-04-01 20:00:00,0.0902,0.09106,0.08936,0.0895799999999999,11913365,1074356.33508,5175,5816583,525018.7786900001,0.000335008375208,ARPA-USDT,0.0901700104500252,0.0902927238786909,
2022-04-01 21:00:00,0.08957,0.09041,0.08801,0.08871,12314868,1097600.00795,5135,4799493,428126.38987,0.0002255045664674,ARPA-USDT,0.0896447382984986,0.089780113301508,
2022-04-01 22:00:00,0.08871,0.08926,0.08774,0.08845,10245515,906689.51242,4272,4637709,410881.41019,0.0007920343969223,ARPA-USDT,0.0886919795312543,0.0887018965391047,
2022-04-01 23:00:00,0.0884,0.08895,0.08764,0.08868,7667801,678361.38119,4097,4420190,391278.65048,0.0006770480704128,ARPA-USDT,0.0883159141307425,0.0884121956201291,
2022-04-02 00:00:00,0.08867,0.0908,0.08793,0.09042,12841081,1149386.00792,6833,6233032,557083.9695,0.0007747648035418,ARPA-USDT,0.0884044970575634,0.0883199824405531,0.0001
2022-04-02 01:00:00,0.0904399999999999,0.09155,0.09015,0.0912,11795820,1070997.61773,5882,5451727,495201.69393,-0.0013140604467805,ARPA-USDT,0.0907040918743008,0.0906765049254222,
2022-04-02 02:00:00,0.09118,0.09152,0.08964,0.09081,8624391,781796.15109,4861,3418707,310154.80015,0.0003304692663581,ARPA-USDT,0.0913904452787018,0.0912790084784085,
2022-04-02 03:00:00,0.0908,0.0917299999999999,0.09013,0.09153,5681690,516179.41327,3471,3109246,282542.1762,0.0,ARPA-USDT,0.0908581511157133,0.0906252300385948,
2022-04-02 04:00:00,0.09162,0.09185,0.09065,0.09114,7296428,666083.91652,3758,3560707,325171.33839,0.0004390779363336,ARPA-USDT,0.0915434570383734,0.0915186891245458,
2022-04-02 05:00:00,0.09112,0.09147,0.09092,0.09109,5190246,473206.03017,3159,2243353,204574.55775,0.0010990218705353,ARPA-USDT,0.0911321806908768,0.0911526611976541,
2022-04-02 06:00:00,0.09109,0.09118,0.09043,0.09091,5559816,504849.19316,3483,2560557,232500.73055,0.0012114537444933,ARPA-USDT,0.0911436358987471,0.0910531112925094,
2022-04-02 07:00:00,0.09089,0.09131,0.09033,0.09127,7999433,726571.13631,4103,3516661,319504.14573,0.0004384522635096,ARPA-USDT,0.090988995573812,0.0909974562793132,
2022-04-02 08:00:00,0.0912299999999999,0.09128,0.09039,0.09106,6571588,596558.54828,3645,3003165,272604.63418,0.0008793141349747,ARPA-USDT,0.0912325204384114,0.0910341755172186,0.0001
2022-04-02 09:00:00,0.09109,0.09151,0.09078,0.09133,9966407,908359.14069,3697,4687434,427302.29709,0.0010961306587744,ARPA-USDT,0.0911994972020636,0.0910818041683603,
2022-04-02 10:00:00,0.0913799999999999,0.09146,0.09071,0.09111,7486778,681878.6358,3017,3232829,294519.23801,0.0015389688908431,ARPA-USDT,0.0913995135021294,0.0912731302325071,
2022-04-02 11:00:00,0.09109,0.09122,0.09038,0.09038,5047954,458816.41717,2912,2081299,189232.54942,0.0004427717511623,ARPA-USDT,0.0911410651457263,0.0909683731570888,
2022-04-02 12:00:00,0.09038,0.09104,0.0890799999999999,0.0907,11437292,1032315.17563,4648,4620981,417294.70094,0.0006619593998236,ARPA-USDT,0.0902807977992752,0.0902306644995014,
2022-04-02 13:00:00,0.0907,0.09171,0.09027,0.09145,9917486,905339.26594,3982,4737682,432491.07609,0.0009851138353766,ARPA-USDT,0.0907193681025275,0.0906518974701541,
2022-04-02 14:00:00,0.09145,0.0922299999999999,0.0898,0.09036,12180207,1106882.68566,4821,4992243,453634.97206,0.0003321155762205,ARPA-USDT,0.0916596871800194,0.0918563874336685,
2022-04-02 15:00:00,0.09037,0.0904799999999999,0.08735,0.08838,15039251,1333181.04623,6207,6541783,580266.04354,0.0007926622126599,ARPA-USDT,0.0903688303168412,0.0903442780077939,
2022-04-02 16:00:00,0.08838,0.09141,0.08816,0.0908799999999999,14539479,1306636.10045,6590,7005681,629905.27406,0.0009912986011664,ARPA-USDT,0.0883530716702444,0.0885349193048478,0.0001
2022-04-02 17:00:00,0.0908799999999999,0.09253,0.09007,0.09108,35717232,3270933.58455,13065,18213573,1667847.62997,0.0003294892915979,ARPA-USDT,0.0909093386360288,0.0908663848189631,
2022-04-02 18:00:00,0.0911,0.09126,0.08715,0.08721,34012325,3014856.2766,13056,13244822,1174538.4118,0.0,ARPA-USDT,0.0911280982658415,0.0903249740035423,
2022-04-02 19:00:00,0.08723,0.09071,0.0870799999999999,0.08952,39423052,3517220.0665800003,13905,22211065,1980918.09183,0.0015663459386887,ARPA-USDT,0.0873235823231766,0.0875394750791797,
2022-04-02 20:00:00,0.08946,0.08975,0.08856,0.08904,20013285,1782774.98914,8266,9916555,883438.57231,-0.0002245677071637,ARPA-USDT,0.0894527075660904,0.089148260679765,
2022-04-02 21:00:00,0.08907,0.08911,0.088,0.08904,7369424,652958.31539,3964,3548376,314294.73368,0.0002246686137945,ARPA-USDT,0.0889820354669834,0.0889373660787486,
2022-04-02 22:00:00,0.0890799999999999,0.08988,0.08836,0.08885,13261476,1181393.33662,5190,6147751,547810.09124,0.0001125619090498,ARPA-USDT,0.0892246591369232,0.0893459358396553,
2022-04-02 23:00:00,0.08885,0.08889,0.08669,0.08712,13895385,1219040.99255,5111,5730283,502845.30479,0.0008041355542791,ARPA-USDT,0.0887963131338575,0.0886377811539733,
2022-04-03 00:00:00,0.08715,0.0884399999999999,0.087,0.08793,10968459,962871.98397,4866,4420799,388133.17241,0.0003412969283274,ARPA-USDT,0.0873168866072776,0.0872538933080285,0.0001
2022-04-03 01:00:00,0.08793,0.08804,0.08516,0.08634,17413479,1500944.93602,6822,8511771,733929.77425,0.0001158345882079,ARPA-USDT,0.087904239584912,0.0877936756823117,
2022-04-03 02:00:00,0.08636,0.08734,0.086,0.08627,7403564,642324.17557,3382,3310899,287287.65329,0.0008120649651972,ARPA-USDT,0.0862976058465312,0.0864455358264194,
2022-04-03 03:00:00,0.08625,0.0875399999999999,0.08606,0.08726,6105903,531618.63323,2873,2780094,241953.03811,0.0003439183767053,ARPA-USDT,0.0862485941547502,0.0867386061550931,
2022-04-03 04:00:00,0.08731,0.08822,0.08716,0.0880799999999999,5402112,474148.35297,3061,2650989,232559.55412,0.0004543389368456,ARPA-USDT,0.0872244722283238,0.0873504758172637,
2022-04-03 05:00:00,0.0881,0.089,0.08806,0.08893,5653768,500713.27851,3552,3113439,275824.15947,0.0012384598063499,ARPA-USDT,0.0881566785425353,0.088257596934555,
2022-04-03 06:00:00,0.08892,0.08986,0.08871,0.08985,6151957,549193.6526500001,4074,3278534,292783.47273,0.0008911663139132,ARPA-USDT,0.088958729608422,0.0888628897853331,
2022-04-03 07:00:00,0.08984,0.08999,0.08889,0.08991,8567552,766302.03119,4570,3711247,331942.23185,0.0013364517206817,ARPA-USDT,0.089863935867558,0.0896762641112397,
2022-04-03 08:00:00,0.08991,0.09007,0.08835,0.08842,7832242,698624.49382,4097,3397940,303187.94987,0.0001131093767672,ARPA-USDT,0.0899815733626391,0.0898822370315492,0.0001
2022-04-03 09:00:00,0.08843,0.09003,0.0879799999999999,0.08952,11117251,990628.96843,4302,5492537,489196.3284,0.0008944543828264,ARPA-USDT,0.0885439713842025,0.0884223262815273,
2022-04-03 10:00:00,0.08953,0.08979,0.08881,0.08884,4836564,432176.0315,2864,2393411,213944.62888,0.0004504504504503,ARPA-USDT,0.0896753325680213,0.0896420265912761,
2022-04-03 11:00:00,0.08884,0.08961,0.08824,0.08941,5983907,532658.07122,3301,2767894,246464.89068,0.0012318029115341,ARPA-USDT,0.0889278897468221,0.0889092338188807,
2022-04-03 12:00:00,0.08941,0.09018,0.08928,0.08966,8856453,794893.4552,4301,4709951,422803.15589,-0.0001115200178432,ARPA-USDT,0.089416194274556,0.0896970762865212,
2022-04-03 13:00:00,0.08967,0.0902,0.08915,0.08947,5858158,525217.2538,3113,2582928,231596.12986,0.0003354203935597,ARPA-USDT,0.0897751829089845,0.0898165798177278,
2022-04-03 14:00:00,0.08946,0.08978,0.08867,0.08968,3785616,337707.43068,2643,1904828,169956.80196,0.0012280897621972,ARPA-USDT,0.0896034721665999,0.089603045290105,
2022-04-03 15:00:00,0.08968,0.0902,0.08935,0.0896899999999999,7329844,658158.42062,3987,3486388,313140.83415,0.0016752289479551,ARPA-USDT,0.0895727318551623,0.0895941323482131,
2022-04-03 16:00:00,0.08962,0.09007,0.08911,0.08937,6580222,589256.52336,4354,3917835,350842.87708,0.0003357958361316,ARPA-USDT,0.0896737541652914,0.0896327538613626,0.0001
2022-04-03 17:00:00,0.08941,0.08982,0.0883,0.08867,5619097,499503.93656,3722,2167468,192792.36577,0.0011290504685559,ARPA-USDT,0.0895857338778941,0.0896625488729463,
2022-04-03 18:00:00,0.08867,0.08928,0.08816,0.08891,5548020,491970.72512,3485,2861812,253690.94844,0.0005626828719333,ARPA-USDT,0.0886600346736909,0.088491167388375,
2022-04-03 19:00:00,0.08893,0.08927,0.0886899999999999,0.08886,5101187,453856.32469,2469,2474510,220230.13185,0.0012394366197183,ARPA-USDT,0.0888178371794497,0.0888915708682294,
2022-04-03 20:00:00,0.08887,0.08964,0.08863,0.08872,6378856,568852.25462,3399,3453124,307958.51232,-0.0005632533513575,ARPA-USDT,0.0889204205470974,0.0889201392419921,
2022-04-03 21:00:00,0.08868,0.09055,0.08866,0.0904399999999999,7175710,643837.41232,3833,3685130,330739.36485,0.0007745933384961,ARPA-USDT,0.0888395646987592,0.0888631472522021,
2022-04-03 22:00:00,0.09046,0.0919,0.09021,0.09099,16602029,1512653.73598,7399,7935047,723256.39534,0.0009900990099009,ARPA-USDT,0.0903901697395767,0.0904661456797758,
2022-04-03 23:00:00,0.0909799999999999,0.0914799999999999,0.09021,0.09133,9667513,879009.37961,4849,5052878,459506.42009,0.0019747668678002,ARPA-USDT,0.0910929954145684,0.0906106592857393,
2022-04-04 00:00:00,0.09136,0.09137,0.08892,0.0891,11309987,1018618.43212,4617,5090891,458671.20409,0.000224517287831,ARPA-USDT,0.0912326731536479,0.0910183210310202,0.0001
2022-04-04 01:00:00,0.08915,0.09045,0.08866,0.0896899999999999,10511188,942053.83306,4586,5451109,488530.63389,0.0002230400356852,ARPA-USDT,0.0890834379528583,0.0892264776282793,
2022-04-04 02:00:00,0.08971,0.0915,0.0892,0.09087,8659634,783485.33181,4617,4522565,409223.20626,0.001211987659762,ARPA-USDT,0.0895863262338468,0.0895619234262452,
2022-04-04 03:00:00,0.09085,0.09103,0.08942,0.0895,6686076,604747.51993,4045,2531329,228991.23358,0.0007827351000782,ARPA-USDT,0.0907147563609019,0.0906885176148629,
2022-04-04 04:00:00,0.0895,0.09009,0.08899,0.08971,7240031,647847.1663,2893,3675333,328795.8144,0.0002229902999217,ARPA-USDT,0.0896158031555536,0.0895649384855305,
2022-04-04 05:00:00,0.0897,0.09009,0.0894,0.09006,4793947,430309.17907,2556,2252784,202268.37885,0.0003332222592469,ARPA-USDT,0.0897268487757321,0.0896258996394749,
2022-04-04 06:00:00,0.09007,0.09154,0.08995,0.09062,13294567,1206867.72979,5525,5320278,482981.65538,0.0002207505518765,ARPA-USDT,0.0900490572685785,0.0903546787243793,
2022-04-04 07:00:00,0.09066,0.09178,0.09014,0.09147,9485731,862262.0276500001,4446,4931155,448043.40709,0.0003280839895012,ARPA-USDT,0.0906320889653059,0.0905758503466924,
2022-04-04 08:00:00,0.09145,0.09349,0.0904799999999999,0.0928399999999999,38464686,3546077.07413,14231,18093841,1668083.7527,0.0017263703064296,ARPA-USDT,0.0915247115624443,0.0910978636905585,0.0001
2022-04-04 09:00:00,0.09279,0.09319,0.09118,0.09149,41617030,3826371.51913,14156,16568531,1523651.33975,0.0007656967840734,ARPA-USDT,0.0925783030930092,0.0922101299728448,
2022-04-04 10:00:00,0.09146,0.0922,0.08992,0.09092,38015761,3460785.39518,13831,17440677,1588938.38537,0.0005502366017386,ARPA-USDT,0.0913661377662679,0.0909781237065427,
2022-04-04 11:00:00,0.0909,0.09222,0.09049,0.09142,20688890,1887808.87058,8193,11012903,1005258.70407,0.0001093972213104,ARPA-USDT,0.0908006615291846,0.0907635285860334,
2022-04-04 12:00:00,0.09141,0.0921299999999999,0.0902,0.0904,22122158,2017280.1963,7867,9303628,849258.18904,0.000221287895552,ARPA-USDT,0.0912858507837563,0.0915202618864354,
2022-04-04 13:00:00,0.0904,0.09065,0.08885,0.08979,20733056,1861094.38033,8402,7821618,702421.65743,0.0005571651437485,ARPA-USDT,0.0904073201361801,0.0905034312421548,
2022-04-04 14:00:00,0.08975,0.09067,0.08925,0.08936,15617253,1404518.30795,6177,7008933,630593.44266,0.0005598477214197,ARPA-USDT,0.0896665383519747,0.0896599254148211,
2022-04-04 15:00:00,0.0893,0.09005,0.0862,0.08642,40035307,3493266.32741,13480,16795307,1465750.17264,0.0004630701551284,ARPA-USDT,0.0894305996338669,0.0893488910440755,
2022-04-04 16:00:00,0.08635,0.08756,0.08615,0.08691,17875669,1554520.82099,6511,8341796,725559.46732,0.0005756389592446,ARPA-USDT,0.0864261973691562,0.0868784947094423,0.0001
2022-04-04 17:00:00,0.08689,0.08813,0.08536,0.08646,22614981,1965938.59086,8415,11532458,1004334.30418,-0.0004624277456647,ARPA-USDT,0.0871064265145847,0.0870600538173733,
2022-04-04 18:00:00,0.08642,0.0872899999999999,0.08557,0.08712,10047003,868364.34021,4762,4746905,410461.46021,-0.0002295157218268,ARPA-USDT,0.0863951486016748,0.0861873746764679,
2022-04-04 19:00:00,0.08713,0.08968,0.08713,0.08906,17057939,1506520.87658,5697,8295070,732158.40713,0.0003369650679545,ARPA-USDT,0.0872209069347543,0.087313571753251,
2022-04-04 20:00:00,0.0891,0.09208,0.08881,0.09051,41450251,3751613.31729,14410,18759301,1696831.62635,0.0007739938080493,ARPA-USDT,0.0890132424671659,0.0892658938653735,
2022-04-04 21:00:00,0.09056,0.0908799999999999,0.08938,0.08992,18875351,1701352.55739,7336,9456945,852617.04172,-0.0004446420631391,ARPA-USDT,0.0906133034445511,0.0906394343157635,
2022-04-04 22:00:00,0.08997,0.09037,0.0889,0.09011,13061084,1171485.8778,5163,6151710,551971.12898,0.0002220002220001,ARPA-USDT,0.0900560964637971,0.0900655249368232,
2022-04-04 23:00:00,0.09014,0.09057,0.0899,0.08992,11632884,1049655.0215,5541,4482587,404584.55713,0.0003337412392925,ARPA-USDT,0.0902913923969611,0.0903775684937109,
2022-04-05 00:00:00,0.08992,0.09133,0.0898,0.08997,13250800,1199454.64491,5681,6144612,556141.63203,0.0002223457476375,ARPA-USDT,0.0903368615511838,0.0904421857432433,0.0001
2022-04-05 01:00:00,0.0899799999999999,0.0912299999999999,0.08942,0.09094,10874083,982411.06536,4907,5221609,471761.50894,0.0014315604008368,ARPA-USDT,0.0897570995996188,0.0895978470903655,
2022-04-05 02:00:00,0.09092,0.09118,0.08964,0.09043,9048814,817083.65474,3999,4846326,437444.56141,-0.0004421355145352,ARPA-USDT,0.0909810861780519,0.0909500150559393,
2022-04-05 03:00:00,0.09042,0.0913,0.09034,0.09096,8815587,799725.63012,5779,4210709,381988.97694,-0.0002198285337436,ARPA-USDT,0.0905063135302076,0.0904951150938297,
2022-04-05 04:00:00,0.09099,0.0919799999999999,0.0907299999999999,0.09144,12804808,1169490.98559,6727,6347637,579695.337,0.0002187705097351,ARPA-USDT,0.0910210672689968,0.091015209506857,
2022-04-05 05:00:00,0.09143,0.0926,0.09143,0.09225,15432005,1421556.56804,6563,7873099,725394.22451,0.0003253090435915,ARPA-USDT,0.0916036778105983,0.0918556969713052,
2022-04-05 06:00:00,0.09227,0.09233,0.0902,0.09062,12382137,1130815.24287,4667,5523855,505103.29218,0.0006625441696113,ARPA-USDT,0.0920587996894332,0.0919350118749344,
2022-04-05 07:00:00,0.09062,0.09207,0.09038,0.09204,13688099,1249738.94993,5126,6958464,635335.6187700001,0.0005435373410151,ARPA-USDT,0.0905951307700546,0.0905998855273398,
2022-04-05 08:00:00,0.09203,0.09227,0.0907,0.09154,14411847,1316881.22468,5838,6008707,548856.62333,0.0004371584699454,ARPA-USDT,0.0921819496802423,0.09196067329109,0.0001
2022-04-05 09:00:00,0.09157,0.0921299999999999,0.09097,0.0911299999999999,13311166,1218641.50694,5079,5897553,539992.56656,-1.1102230246251563e-15,ARPA-USDT,0.0916438773580629,0.0913187532068889,
2022-04-05 10:00:00,0.09115,0.09212,0.0907,0.09118,12886085,1177638.72227,4700,5971412,545548.78658,0.0,ARPA-USDT,0.0911073502571108,0.0911017301145876,
2022-04-05 11:00:00,0.09116,0.09483,0.09097,0.09357,71181656,6631978.58923,24659,37194508,3464840.76317,0.0007486631016042,ARPA-USDT,0.0913275412533711,0.091210822314439,
2022-04-05 12:00:00,0.09354,0.09394,0.09203,0.09236,31940401,2966570.79785,11906,14282430,1327007.57802,0.0007584787084191,ARPA-USDT,0.0936226043150072,0.093216511661599,
2022-04-05 13:00:00,0.0923399999999999,0.09405,0.09016,0.09347,44153641,4065285.93882,16371,20533801,1892835.89702,0.0009638038123793,ARPA-USDT,0.0924454083497121,0.0924479145062118,
2022-04-05 14:00:00,0.09347,0.09391,0.09076,0.09131,48599086,4470419.69331,18226,20770852,1910678.17497,-0.0005472854640979,ARPA-USDT,0.0931522049818018,0.0934541620023801,
2022-04-05 15:00:00,0.09136,0.0924,0.09041,0.09125,28403681,2596051.77985,10456,13351233,1220760.06977,-0.0004381640924525,ARPA-USDT,0.0914988638263985,0.0913672444864674,
2022-04-05 16:00:00,0.09125,0.09199,0.0895,0.09176,41344002,3752161.41387,14738,19126810,1735748.76342,0.0003270467676876,ARPA-USDT,0.091304725028255,0.0906115605097461,0.0001
2022-04-05 17:00:00,0.09176,0.092,0.09031,0.09082,15884430,1444672.20844,6709,7848651,713800.13593,-0.0006602112676057,ARPA-USDT,0.0915044300988555,0.0915743138239217,
2022-04-05 18:00:00,0.09084,0.09158,0.09033,0.09068,12600953,1144255.18799,4758,5685945,516486.42835,0.0005516936996579,ARPA-USDT,0.0907531790797259,0.090599885575611,
2022-04-05 19:00:00,0.09061,0.09083,0.08891,0.09013,19841059,1784317.65753,6913,8259685,743086.35964,0.0005550621669627,ARPA-USDT,0.0906556752558444,0.0905747558031664,
2022-04-05 20:00:00,0.09013,0.09068,0.08818,0.08884,15085066,1345104.29448,6218,5929325,528932.94294,0.0,ARPA-USDT,0.0901482440055952,0.090196570049398,
2022-04-05 21:00:00,0.0888299999999999,0.09024,0.08843,0.08989,8962780,800078.97843,3969,4911606,438328.41867,0.000222543674196,ARPA-USDT,0.0887921836756017,0.0888955615100679,
2022-04-05 22:00:00,0.08989,0.0906899999999999,0.08951,0.08983,9134780,822474.02512,4896,4054859,365073.38482,0.0007798573975044,ARPA-USDT,0.0899516785570882,0.0899371135523511,
2022-04-05 23:00:00,0.08983,0.09082,0.0870399999999999,0.08764,21285964,1894497.098,8557,9672470,862277.34744,0.0004566210045662,ARPA-USDT,0.0898148872681645,0.0897019909457236,
2022-04-06 00:00:00,0.08766,0.08796,0.0804,0.08383,59949089,5031803.70196,20606,27296801,2289918.5791,0.0007162468664199,ARPA-USDT,0.087497736276706,0.0875499584003313,0.0001
2022-04-06 01:00:00,0.0838,0.08452,0.08341,0.0841,17902950,1503292.7805,6333,9385669,788468.65718,-0.0007129277566539,ARPA-USDT,0.08370456331439,0.0837033483385619,
2022-04-06 02:00:00,0.08407,0.085,0.0836,0.08372,12568839,1059346.11958,3915,6062615,511228.29955,-0.0004775549188156,ARPA-USDT,0.0839363786631216,0.0839911924638866,
2022-04-06 03:00:00,0.08372,0.08437,0.08349,0.08382,10893193,914114.55013,4674,5490340,460841.15776,-0.0003577817531305,ARPA-USDT,0.0836930285264,0.0838126562349712,
2022-04-06 04:00:00,0.08384,0.08517,0.08334,0.0848299999999999,9875676,832519.8928500001,4092,4379856,369161.09833,-0.0005890669180029,ARPA-USDT,0.083988418735608,0.0838113448449584,
2022-04-06 05:00:00,0.08484,0.0854299999999999,0.0844299999999999,0.08535,12116075,1028630.37137,4439,5469024,464367.52967,-0.0003513703443429,ARPA-USDT,0.0847589782532337,0.0846969460074239,
2022-04-06 06:00:00,0.08536,0.0858,0.0845799999999999,0.08566,10687413,910834.83154,4057,4461410,380212.85657,-0.0004667444574095,ARPA-USDT,0.0852651330004378,0.0851536935127275,
2022-04-06 07:00:00,0.08571,0.08634,0.08488,0.08516,12669700,1085843.8902,4291,5536553,474522.54202,-0.0005867855885458,ARPA-USDT,0.0856518016187544,0.0856942225949582,
2022-04-06 08:00:00,0.08515,0.08591,0.08451,0.08567,9568463,815908.485,4204,4527178,386056.36377,0.0002335084646818,ARPA-USDT,0.0851139705900294,0.0850943989333743,0.0001
2022-04-06 09:00:00,0.08563,0.0861799999999999,0.08457,0.08587,10044179,857745.05665,4379,4588093,391867.54202,-0.0001164415463437,ARPA-USDT,0.0857286254947157,0.0857895492042185,
2022-04-06 10:00:00,0.08581,0.08586,0.0832,0.08323,18583058,1567028.72848,6284,7525903,634599.74074,-0.0004803650774588,ARPA-USDT,0.0857026394600576,0.0853971970227167,
2022-04-06 11:00:00,0.08329,0.08348,0.08002,0.08167,34416474,2814607.17006,10957,14319219,1172807.36982,0.0003674669279765,ARPA-USDT,0.0832620817924507,0.0827672711430953,
2022-04-06 12:00:00,0.08167,0.0827799999999999,0.08097,0.08152,17850183,1463880.23378,5798,8761940,719048.29387,-0.0007354743809757,ARPA-USDT,0.0818489110259829,0.0817423565145607,
2022-04-06 13:00:00,0.08151,0.08255,0.07885,0.07916,22779246,1835492.93611,7374,8657360,700197.84979,-0.0021429471826547,ARPA-USDT,0.0816087693292097,0.0820347305497189,
2022-04-06 14:00:00,0.07919,0.08033,0.07718,0.0801299999999999,23732376,1874240.47952,8709,11015939,871493.39695,-0.001246416552413,ARPA-USDT,0.0792254904667161,0.0789872098753449,
2022-04-06 15:00:00,0.08012,0.08072,0.0787799999999999,0.0805,14901921,1189401.55438,6327,7185391,574155.3758,-0.0003725319756612,ARPA-USDT,0.0799787862470124,0.0800950183218972,
2022-04-06 16:00:00,0.08048,0.08089,0.07794,0.07905,15376700,1218323.30906,6266,6974827,552517.83032,-0.0003793626707132,ARPA-USDT,0.0803860974138793,0.0803821454217331,0.0001
2022-04-06 17:00:00,0.07905,0.0799,0.07719,0.07933,14681493,1152782.97692,6917,7018748,551683.96134,-0.0007557626905152,ARPA-USDT,0.0788370706822529,0.0785552619943502,
2022-04-06 18:00:00,0.07936,0.08048,0.07771,0.07973,17102043,1357085.79166,6883,8244219,654847.47781,-0.0012526619065514,ARPA-USDT,0.0795850329407397,0.0801043644502515,
2022-04-06 19:00:00,0.0797799999999999,0.08037,0.07907,0.07983,8676867,692396.27611,4183,4313055,344502.0663,-0.0005008138224614,ARPA-USDT,0.0798058196520229,0.0800960825078554,
2022-04-06 20:00:00,0.07981,0.08054,0.07969,0.0801,7796764,624960.49323,3737,3660034,293408.57375,-0.0011223344556676,ARPA-USDT,0.0797852015994668,0.0799109398317052,
2022-04-06 21:00:00,0.08011,0.08048,0.07952,0.07983,5210197,417289.62125,2488,2150192,172190.61123,-0.0015009380863039,ARPA-USDT,0.0800646095507959,0.0800472420220755,
2022-04-06 22:00:00,0.07982,0.08038,0.07811,0.07829,11895497,942527.09271,4746,4922911,390095.92476,0.0,ARPA-USDT,0.0797519236717803,0.0797524350460439,
2022-04-06 23:00:00,0.07828,0.07984,0.07733,0.07793,15037619,1180700.44673,5782,7223028,567244.34244,-0.0010255095500576,ARPA-USDT,0.0785821730337253,0.078523755197772,
2022-04-07 00:00:00,0.07793,0.07981,0.07625,0.07682,19207401,1501200.86328,7439,9213310,720076.27694,-0.0005204267499349,ARPA-USDT,0.0780953551786267,0.0781974790367935,0.0001
2022-04-07 01:00:00,0.0768399999999999,0.07929,0.07682,0.07908,16029428,1251124.01739,6052,7430956,579929.21626,-0.0011367942402426,ARPA-USDT,0.0769658434932709,0.0773125785068526,
2022-04-07 02:00:00,0.0791299999999999,0.07951,0.0780899999999999,0.07908,8424917,664698.76996,4718,3806081,300384.92764,-0.0002528445006322,ARPA-USDT,0.0792341187258552,0.0790763486221659,
2022-04-07 03:00:00,0.0791,0.07956,0.07745,0.07804,11787806,925244.59682,5892,5233503,410730.87457,-0.0003842705264506,ARPA-USDT,0.0792799014085405,0.0793507725975295,
2022-04-07 04:00:00,0.07806,0.07968,0.07798,0.07947,7877903,619644.48962,4171,4112034,323305.4539,-0.0018839487565938,ARPA-USDT,0.0781467083130169,0.0781993219943125,
2022-04-07 05:00:00,0.07945,0.07968,0.07859,0.07945,7060429,558885.06543,3630,3659662,289757.11533,-0.0002516672958348,ARPA-USDT,0.0795494181607715,0.0795078455504865,
2022-04-07 06:00:00,0.07943,0.08018,0.0790299999999999,0.08008,7255181,577887.4723,3256,3922781,312566.18077,-0.0006239860227131,ARPA-USDT,0.0795554366377439,0.0794702997358235,
2022-04-07 07:00:00,0.08009,0.0816,0.07982,0.08101,10179839,823085.496,4284,4677061,378186.07003,0.0001234567901233,ARPA-USDT,0.0800144472170813,0.0799446907575842,
2022-04-07 08:00:00,0.0810299999999999,0.08152,0.08054,0.08093,6719804,544338.27802,3285,2947774,238885.15512,0.0,ARPA-USDT,0.0808877653886313,0.0810352825051339,0.0001
2022-04-07 09:00:00,0.08091,0.08091,0.07965,0.0801299999999999,9715357,779599.61504,4234,4356397,349557.46931,-0.0011219147344814,ARPA-USDT,0.0807735272559266,0.0807906822470863,
2022-04-07 10:00:00,0.08012,0.08032,0.0792799999999999,0.08014,9643860,769710.12294,3520,5379565,429309.27751,0.0001247972045426,ARPA-USDT,0.0801305670839793,0.0801010897941505,
2022-04-07 11:00:00,0.08015,0.08177,0.07983,0.08154,13907862,1125078.89729,5257,6257188,505941.38841,0.0,ARPA-USDT,0.0799890586069009,0.0800023035629856,
2022-04-07 12:00:00,0.08154,0.08247,0.08042,0.08058,14867472,1211268.28808,5465,6593006,537603.38777,-0.0002481389578165,ARPA-USDT,0.081523608545323,0.0817261269770487,
2022-04-07 13:00:00,0.08058,0.08141,0.07976,0.08132,11302385,910972.85616,4715,5597736,451314.3422,-0.0006144770800048,ARPA-USDT,0.0807753550391476,0.0807710457867482,
2022-04-07 14:00:00,0.08136,0.08162,0.07908,0.07951,12969063,1042469.36679,4726,5332760,429150.07324,-0.000502828409805,ARPA-USDT,0.0813199982331745,0.0812990421156717,
2022-04-07 15:00:00,0.0795299999999999,0.0799,0.07767,0.07901,14407475,1135411.50223,5265,6446431,508463.42329,-0.0010115058793779,ARPA-USDT,0.0794307831215141,0.0796211798910511,
2022-04-07 16:00:00,0.07901,0.07994,0.07867,0.0796,8782491,696427.11267,3764,3938139,312479.72555,-0.0006277463904581,ARPA-USDT,0.0790140392450031,0.0791427812269296,0.0001
2022-04-07 17:00:00,0.07967,0.08083,0.07956,0.08026,10794010,866323.36454,4058,4427858,355566.58367,-0.0003736455349359,ARPA-USDT,0.0796441711320509,0.0799199762121087,
2022-04-07 18:00:00,0.08025,0.08141,0.07991,0.08089,10343892,834937.07129,4137,4899973,395575.38223,-0.0007411982705372,ARPA-USDT,0.0802904809826584,0.0802127820679549,
2022-04-07 19:00:00,0.08087,0.08104,0.07987,0.0799,5555545,447180.3718,2657,2401371,193374.15409,-0.0007503751875937,ARPA-USDT,0.0809047839173813,0.0809657986997468,
2022-04-07 20:00:00,0.07992,0.08057,0.07967,0.08029,5807826,465457.9309,2441,2311763,185336.86386,-0.0004979459728619,ARPA-USDT,0.080063675195663,0.0800094114826004,
2022-04-07 21:00:00,0.08029,0.08039,0.07925,0.07977,6252070,498509.71878,2532,2596454,206894.99765,-0.0003759398496241,ARPA-USDT,0.0801577910294485,0.0800831775578949,
2022-04-07 22:00:00,0.07977,0.08072,0.07948,0.08065,5565917,445270.29398,2600,2545111,203754.32912,-0.0001239771881973,ARPA-USDT,0.0796918522851508,0.0797032269508309,
2022-04-07 23:00:00,0.08066,0.08131,0.08052,0.08067,7649193,618522.20135,3061,3531200,285600.23442,-0.0009907120743033,ARPA-USDT,0.0805932304726713,0.0806068582079617,
2022-04-08 00:00:00,0.08065,0.08145,0.08022,0.08035,6888258,556412.11826,3636,3126427,252613.96018,-0.0006218905472635,ARPA-USDT,0.0807191473235433,0.0805151841103305,0.0001
2022-04-08 01:00:00,0.08032,0.08126,0.08019,0.08105,5588630,451863.18182,3319,2990162,241745.61115,-0.0014783787113467,ARPA-USDT,0.0803200572712575,0.0803456937695648,
2022-04-08 02:00:00,0.08105,0.08167,0.08084,0.08159,6092962,495118.10786,3734,3457493,281030.02611,-0.0002450680063718,ARPA-USDT,0.0809519957965467,0.081017176670356,
2022-04-08 03:00:00,0.08158,0.08209,0.08142,0.08197,7203661,588830.6204,4434,4563444,373036.7929,-0.0004877453969027,ARPA-USDT,0.0815655813066042,0.0816319292457354,
2022-04-08 04:00:00,0.08196,0.08225,0.08143,0.08173,6564589,537534.34057,3547,3516514,288095.45363,0.0,ARPA-USDT,0.0819705042994763,0.0820329579953304,
2022-04-08 05:00:00,0.08174,0.08205,0.08122,0.0815,7330891,598370.60079,4229,3490789,285069.5122,0.0002454590083456,ARPA-USDT,0.0817881649849437,0.081636244558893,
2022-04-08 06:00:00,0.08151,0.0819,0.081,0.08125,4712453,383568.70367,2569,2108769,171616.44441,-0.0002460932693489,ARPA-USDT,0.0815180569554435,0.0815011685125521,
2022-04-08 07:00:00,0.08125,0.08148,0.08008,0.0812799999999999,6792344,549101.24523,3271,2824259,228417.60144,0.0001230466346733,ARPA-USDT,0.0811348072097205,0.0812631916119285,
2022-04-08 08:00:00,0.08129,0.08156,0.0806,0.08072,7621213,618089.08801,4030,3064387,248660.70836,-0.000123869689087,ARPA-USDT,0.0812706318446443,0.081352449204105,0.0001
2022-04-08 09:00:00,0.08071,0.0809,0.07954,0.07967,7105673,569548.6887,2902,2714939,217704.17108,-0.000125502008032,ARPA-USDT,0.0807279878297477,0.0807416224286212,
2022-04-08 10:00:00,0.07968,0.07985,0.07876,0.07899,8496452,672510.51591,3319,3055722,241971.52804,-0.0006325910931173,ARPA-USDT,0.0798068250991008,0.0796976659806879,
2022-04-08 11:00:00,0.07899,0.07899,0.07678,0.07703,16680299,1298794.49632,5718,6529651,508747.16469,0.0001298364061281,ARPA-USDT,0.0789670311108598,0.0786854650350684,
2022-04-08 12:00:00,0.07702,0.07779,0.07672,0.07677,9850453,760775.07366,3788,4967270,383786.5002,-0.0010409889394924,ARPA-USDT,0.0771407568640597,0.0770336245176065,
2022-04-08 13:00:00,0.07677,0.07708,0.07526,0.07605,16188857,1229662.00422,5974,7939553,603146.59435,0.0,ARPA-USDT,0.0768184003784641,0.0767301239522963,
2022-04-08 14:00:00,0.07601,0.07826,0.07595,0.07812,10219708,790233.1773,4161,5244776,405474.23933,0.0006404508774175,ARPA-USDT,0.0760415300910989,0.0763351057005051,
2022-04-08 15:00:00,0.07802,0.07874,0.0777,0.078,9672688,757079.75824,4059,4441247,347878.36214,0.0002564760194923,ARPA-USDT,0.0782668904571692,0.0783448354639362,
2022-04-08 16:00:00,0.07799,0.07822,0.07657,0.07665,7376344,571286.45175,2977,2778916,215279.05953,0.0001304801670145,ARPA-USDT,0.0779436661617185,0.0779806051291602,0.0001
2022-04-08 17:00:00,0.07666,0.07685,0.07569,0.0762299999999999,10269391,781889.26782,3873,5014132,381777.89662,-1.4432899320127037e-15,ARPA-USDT,0.0767596236534702,0.0766352134511832,
2022-04-08 18:00:00,0.07624,0.07644,0.07454,0.07557,15718280,1185315.15175,6972,6901884,521044.7413,0.0001323451561672,ARPA-USDT,0.0762260614847493,0.0762870393698505,
2022-04-08 19:00:00,0.07555,0.0758799999999999,0.07471,0.07499,7455232,561539.48065,3152,3267295,245926.79508,0.0002667733760171,ARPA-USDT,0.0755126601064687,0.0756170298543925,
2022-04-08 20:00:00,0.07496,0.07522,0.07431,0.0751899999999999,6957455,520508.65472,2903,3125125,233968.22009,-0.0001329787234056,ARPA-USDT,0.0749150585160031,0.0750045070192442,
2022-04-08 21:00:00,0.07517,0.07522,0.0734,0.07355,8297232,615855.5462,2846,3265653,242673.2014,0.0001359804188199,ARPA-USDT,0.0751092774469793,0.0750809303318479,
2022-04-08 22:00:00,0.07354,0.07393,0.07257,0.0729399999999999,9827116,719182.64742,3544,4145741,303600.81479,-0.000411127860766,ARPA-USDT,0.073605953839745,0.0736542047569617,
2022-04-08 23:00:00,0.0729,0.07296,0.07178,0.07269,10298497,744650.03843,3653,4880255,352903.73958,-0.0002750653280152,ARPA-USDT,0.0728593079374246,0.0728116453729899,
2022-04-09 00:00:00,0.07269,0.0739799999999999,0.0726,0.07386,10488779,767841.80545,4019,5351014,391937.13606,0.0,ARPA-USDT,0.0726928374555334,0.0730376535286901,0.0001
2022-04-09 01:00:00,0.07386,0.07416,0.07321,0.07366,6039783,444941.42876,2636,2997301,220888.62869,0.0005433306166802,ARPA-USDT,0.0738416956895059,0.0738043803609835,
2022-04-09 02:00:00,0.07365,0.07386,0.07216,0.07231,4727094,344644.02733,2055,2177716,158592.32455,0.0004150525733259,ARPA-USDT,0.0736708455310798,0.0737321051918164,
2022-04-09 03:00:00,0.07229,0.07324,0.07209,0.07311,4262702,310226.07547,2439,2344576,170570.50235,-0.000273485573636,ARPA-USDT,0.0723146318926974,0.0723862213942913,
2022-04-09 04:00:00,0.07311,0.07389,0.07289,0.07342,5431536,398956.58637,2420,2942952,216249.55577,-0.0001361841209314,ARPA-USDT,0.073197684666877,0.0730888046073583,
2022-04-09 05:00:00,0.0734,0.07411,0.07328,0.07399,5034080,370636.65904,2267,2374113,174832.25774,-0.0002702337521957,ARPA-USDT,0.0735191376946726,0.0734488007578696,
2022-04-09 06:00:00,0.07397,0.07415,0.07332,0.07352,5748654,423757.14512,2330,2535941,186949.21464,0.0,ARPA-USDT,0.0740414041976605,0.074041301822718,
2022-04-09 07:00:00,0.0735,0.07389,0.07315,0.0738,4590317,337419.42632,2410,1913353,140605.07645,-0.0001354829968838,ARPA-USDT,0.0735874970688688,0.0735974624341302,
2022-04-09 08:00:00,0.0738,0.07396,0.07338,0.07396,4141835,305196.38736,2250,1702712,125483.54211,0.0002704895861507,ARPA-USDT,0.0738410734682146,0.0738098991598472,0.0001
2022-04-09 09:00:00,0.07396,0.07415,0.07331,0.07343,5123041,377643.36459,2138,1543660,113876.97111,-0.0005444399074452,ARPA-USDT,0.0740032711340148,0.0739966387784218,
2022-04-09 10:00:00,0.0734399999999999,0.07364,0.07275,0.0734399999999999,6752569,494747.52105,2419,3272827,239880.91632,-1.5543122344752194e-15,ARPA-USDT,0.0735784642527492,0.0735431465111996,
2022-04-09 11:00:00,0.07346,0.07429,0.07325,0.0739399999999999,8406333,620773.47174,3884,4514196,333479.96846,0.0005412719891733,ARPA-USDT,0.0735123244192211,0.0734036142699955,
2022-04-09 12:00:00,0.0739,0.07428,0.0734,0.07428,5028464,371260.90254,2384,2547374,188131.89631,0.000673582109659,ARPA-USDT,0.0739700710622192,0.0738581063420813,
2022-04-09 13:00:00,0.07429,0.0747,0.0738299999999999,0.0744399999999999,6166017,458089.04954,2818,3041213,225934.47395,-0.000134318334454,ARPA-USDT,0.0743067374885065,0.0742486595127744,
2022-04-09 14:00:00,0.07443,0.07457,0.07321,0.07382,6486479,478461.23792,2603,2889207,213138.55747,0.0,ARPA-USDT,0.0743710006183107,0.074446577189915,
2022-04-09 15:00:00,0.0738299999999999,0.07388,0.07152,0.07171,10314880,748835.3959,4093,4231961,307549.81697,0.0,ARPA-USDT,0.0738152996695783,0.0737943379204045,
2022-04-09 16:00:00,0.07171,0.07293,0.07156,0.07256,7548389,546369.86994,3321,3962665,286837.81603,0.0,ARPA-USDT,0.0717322656273776,0.07178453652665,0.0001
2022-04-09 17:00:00,0.0725799999999999,0.0734399999999999,0.07232,0.0732299999999999,4233440,309182.67978,2016,2114441,154396.17249,-0.0002730375426633,ARPA-USDT,0.0725195328454485,0.0724569246317559,
2022-04-09 18:00:00,0.07324,0.0734399999999999,0.07264,0.07267,3782527,276330.63131,1671,1737134,126913.81006,-0.0001375894331314,ARPA-USDT,0.0733140043398094,0.073331273134747,
2022-04-09 19:00:00,0.07269,0.07301,0.0725,0.07264,3344751,243350.29386,1890,1801403,131080.79666,-0.000550357732526,ARPA-USDT,0.0727408373229854,0.0727206709223734,
2022-04-09 20:00:00,0.07264,0.07337,0.07247,0.07255,3815176,278558.52035,1710,1550569,113209.15788,-0.0001378169790517,ARPA-USDT,0.0727289263853845,0.0728223039575365,
2022-04-09 21:00:00,0.07255,0.07331,0.07247,0.07302,3096525,225714.96686,1535,1563700,114055.92023,0.0001369675386933,ARPA-USDT,0.0725169287993541,0.0725647737606399,
2022-04-09 22:00:00,0.07302,0.07353,0.07302,0.07326,2387701,174858.40361,1446,1081920,79220.69939,0.0005462988254576,ARPA-USDT,0.0730280160105958,0.0730916225586953,
2022-04-09 23:00:00,0.07321,0.07427,0.0729399999999999,0.07411,5084537,374953.20043,2507,2366630,174565.80267,0.0001349527665317,ARPA-USDT,0.073220257509527,0.073179077970197,
2022-04-10 00:00:00,0.07413,0.07424,0.07328,0.07339,3522129,259841.84395,2037,1537540,113464.65132,-0.0001362397820164,ARPA-USDT,0.0741861881041081,0.0739722872856024,0.0001
2022-04-10 01:00:00,0.0734399999999999,0.07395,0.0732,0.07357,3241722,238698.88054,1950,1430368,105386.5625,-0.0001359064963306,ARPA-USDT,0.073409233550253,0.0733602279430738,
2022-04-10 02:00:00,0.07357,0.07388,0.0734,0.07374,2707513,199455.12126,1600,1204219,88705.87170999999,0.0004070004070004,ARPA-USDT,0.073575019473864,0.0736125637688215,
2022-04-10 03:00:00,0.07374,0.07408,0.0735799999999999,0.0737,2784735,205513.73002,1780,1107939,81790.06829,0.0001357036232867,ARPA-USDT,0.07378944368775,0.0737336828289511,
2022-04-10 04:00:00,0.07367,0.07387,0.07301,0.07307,3862313,283135.84639,2097,1345087,98657.2228,-0.0006838074398251,ARPA-USDT,0.0737817713283906,0.0736812725664301,
2022-04-10 05:00:00,0.07305,0.07332,0.0723,0.07241,5565207,404872.10922,2130,2342795,170475.50747,0.0,ARPA-USDT,0.0730782061053062,0.0731576593323981,
2022-04-10 06:00:00,0.07238,0.07293,0.07184,0.07268,7658807,554160.62732,2946,3797554,274958.69747,0.0001376083665887,ARPA-USDT,0.0724293055427677,0.0724583494251746,
2022-04-10 07:00:00,0.07266,0.07274,0.07195,0.07228,4556548,329495.72352,2007,2310896,167110.59129,0.0,ARPA-USDT,0.0727210453667953,0.072640617419224,
2022-04-10 08:00:00,0.07229,0.07235,0.07175,0.0720399999999999,5583795,402555.13953,2525,2069295,149246.93182,-0.0004162619675329,ARPA-USDT,0.072133027353667,0.0720840919727933,0.0001
2022-04-10 09:00:00,0.07205,0.07211,0.07115,0.07135,8195198,586369.64113,2586,3734539,267269.55211,-0.0004202857943401,ARPA-USDT,0.0720516096510546,0.0719879628708603,
2022-04-10 10:00:00,0.07134,0.07145,0.0708,0.07134,7810062,554747.64347,2721,3195142,227033.01053,-0.0001401541695864,ARPA-USDT,0.0713418728818267,0.0711052655930857,
2022-04-10 11:00:00,0.07134,0.07184,0.07109,0.07156,5621523,401647.51015,2053,2740976,195908.53898,-0.0006982265046779,ARPA-USDT,0.0713404619757071,0.0713527433788482,
2022-04-10 12:00:00,0.07159,0.07205,0.07118,0.07137,5946849,426082.21238,2259,2737295,196195.1822,-0.000280151281692,ARPA-USDT,0.0715645663966388,0.071657343090369,
2022-04-10 13:00:00,0.0714,0.0715399999999999,0.07096,0.07136,9121501,650340.79781,2427,5159621,367960.62193,-0.0002801905295599,ARPA-USDT,0.0713158771545827,0.0712898748852193,
2022-04-10 14:00:00,0.07135,0.0718,0.07119,0.07177,7190986,513952.77633,2339,3073744,219736.64729,0.0,ARPA-USDT,0.0712700210662683,0.0713467659567758,
2022-04-10 15:00:00,0.07175,0.07321,0.07166,0.07254,17280797,1252442.00822,5265,9484477,687189.1006700001,-0.0002756339581037,ARPA-USDT,0.0717207934666426,0.0718529528616812,
2022-04-10 16:00:00,0.07255,0.07297,0.07221,0.07278,9388144,681357.8215,4718,4532482,329019.56693,0.0004123711340207,ARPA-USDT,0.072719876572004,0.0726535378494644,0.0001
2022-04-10 17:00:00,0.07276,0.0736,0.07263,0.07321,10742192,785515.9468800001,4621,4213868,308229.43987,0.0,ARPA-USDT,0.0728313054227,0.0728389553480431,
2022-04-10 18:00:00,0.07321,0.0737299999999999,0.07254,0.0733,16946462,1239801.69684,5196,7881966,576759.67834,-0.0019063180827887,ARPA-USDT,0.0732985149078377,0.0731736913438457,
2022-04-10 19:00:00,0.07327,0.08424,0.07295,0.07626,382149864,30237373.22381,93758,191565805,15147903.07078,-0.0019630938358855,ARPA-USDT,0.0732802172808922,0.0732353812469597,
2022-04-10 20:00:00,0.07627,0.0765899999999999,0.07429,0.07446,90848565,6836524.72213,25282,44211329,3327942.4556,0.0002686727565823,ARPA-USDT,0.0763474005533471,0.0760616915638762,
2022-04-10 21:00:00,0.07445,0.0744799999999999,0.0722,0.07227,55008822,4040285.27041,15738,21582453,1587064.43026,0.0004152823920267,ARPA-USDT,0.0744133085786795,0.0742690599406546,
2022-04-10 22:00:00,0.07228,0.07261,0.0700399999999999,0.07078,59812884,4262718.79303,14306,24333637,1735184.42399,-0.0011289867344059,ARPA-USDT,0.0721851879869001,0.0723068176599583,
2022-04-10 23:00:00,0.07075,0.07148,0.06966,0.07012,40977561,2896939.44985,10850,19767570,1398423.42229,-0.0009972930616897,ARPA-USDT,0.0705888722487485,0.0704036105977808,
2022-04-11 00:00:00,0.07011,0.0706799999999999,0.06769,0.06862,58456577,4028481.70178,14585,24695219,1703352.67092,-0.0004369992716679,ARPA-USDT,0.0699610113427378,0.0702111071760346,-0.00011952
2022-04-11 01:00:00,0.06862,0.06927,0.06844,0.06884,30325401,2092311.34345,5847,13505790,931795.90812,-0.0010158177332753,ARPA-USDT,0.0685492155754939,0.0687187806844741,
2022-04-11 02:00:00,0.0688,0.06928,0.0676399999999999,0.06812,20479993,1407035.69723,5668,9148531,628513.71787,-0.0004402054292003,ARPA-USDT,0.0688210367462454,0.068952775469928,
2022-04-11 03:00:00,0.06812,0.06897,0.06785,0.06844,16122002,1103246.23569,4977,7612150,520886.642,-0.0004381480940558,ARPA-USDT,0.0680805649131899,0.0681431558014162,
2022-04-11 04:00:00,0.06844,0.06927,0.06824,0.06922,13110945,901977.99997,3490,7276415,500552.49106,-0.0008660508083139,ARPA-USDT,0.0683655638759606,0.0684523796515569,
2022-04-11 05:00:00,0.06926,0.06945,0.0688,0.06917,10889271,752897.53233,2975,5220064,361011.0761,-0.00072233458538,ARPA-USDT,0.0693388970801213,0.0693137004751238,
2022-04-11 06:00:00,0.06917,0.0692,0.06852,0.06886,10366298,713422.77228,2884,4778173,328795.64438,-0.0007255840951965,ARPA-USDT,0.0691504860340294,0.0690300748877719,
2022-04-11 07:00:00,0.0689,0.07081,0.06862,0.06984,23300223,1625589.07126,5997,13446733,938002.00238,-0.001001287369475,ARPA-USDT,0.0688527115128747,0.0688249999676549,
2022-04-11 08:00:00,0.06982,0.07055,0.06828,0.06861,29948682,2074141.90517,8052,13485244,933509.20233,-0.0010192195690157,ARPA-USDT,0.0700598090028278,0.0702117181728471,0.0001
2022-04-11 09:00:00,0.0686399999999999,0.06903,0.065,0.06502,39457305,2655363.56444,10030,16020232,1081260.78625,-0.0023016725487189,ARPA-USDT,0.0685147424396643,0.06864715850683,
2022-04-11 10:00:00,0.06501,0.06698,0.06466,0.06684,43032158,2850649.46376,10635,19607349,1298389.16837,-0.0017921146953406,ARPA-USDT,0.0652999930587289,0.0651829774726515,
2022-04-11 11:00:00,0.06681,0.06697,0.06569,0.06659,16525802,1094782.12125,5347,7254299,480508.9371,-0.000900225056264,ARPA-USDT,0.0666891999986262,0.0667303241786563,
2022-04-11 12:00:00,0.0666,0.06787,0.06622,0.06705,21590277,1448377.7777,6581,9496620,637363.01028,0.0002983738624495,ARPA-USDT,0.0668930937973017,0.0667632251149142,
2022-04-11 13:00:00,0.06706,0.06755,0.06518,0.06724,23515143,1559539.35863,7915,10573480,700990.48247,-0.0025218810265539,ARPA-USDT,0.067002118325456,0.0669974797978238,
2022-04-11 14:00:00,0.06723,0.06756,0.06614,0.06627,25176317,1685836.03592,7540,11431957,765810.79954,-0.0006032272658723,ARPA-USDT,0.0671424748556189,0.0670974351980741,
2022-04-11 15:00:00,0.06626,0.06763,0.0662,0.06658,20918735,1400196.21916,6253,10279091,687870.61633,-0.001799100449775,ARPA-USDT,0.0664279692330817,0.0665232591305105,
2022-04-11 16:00:00,0.06654,0.06721,0.06597,0.06677,23243859,1548594.96391,7048,11558619,769804.00285,0.0001497902935889,ARPA-USDT,0.0666713979931809,0.0668700215742902,-0.00023384
2022-04-11 17:00:00,0.0668,0.0675299999999999,0.066,0.06673,18262262,1220334.05733,5946,8509619,568787.3168500001,-0.0014963339817447,ARPA-USDT,0.0669209285817555,0.0670679544722293,
2022-04-11 18:00:00,0.06673,0.06695,0.06612,0.06673,10271736,683842.40785,3743,4486440,298634.46758,-0.000599071439269,ARPA-USDT,0.0667042148957407,0.0667360196004813,
2022-04-11 19:00:00,0.06673,0.06716,0.06512,0.0657399999999999,19315650,1274705.21742,6183,8395694,554027.77784,-0.0007599939200502,ARPA-USDT,0.0667979676573127,0.0669201007941769,
2022-04-11 20:00:00,0.0657399999999999,0.0662799999999999,0.06472,0.06545,19802220,1293926.02428,6201,8691346,568311.47486,-0.0018301052310508,ARPA-USDT,0.0658350498504733,0.0659850968726663,
2022-04-11 21:00:00,0.06541,0.06588,0.0638,0.06393,15081675,975329.37283,5588,6210604,402152.1098,-0.0014058106841611,ARPA-USDT,0.0655713940029889,0.0657412747315898,
2022-04-11 22:00:00,0.06391,0.06511,0.06312,0.06452,18568939,1191391.11033,5926,8834618,567331.87934,-0.0007743534148987,ARPA-USDT,0.0640833683666243,0.0639891489824852,
2022-04-11 23:00:00,0.0645,0.06493,0.06406,0.06446,10509398,677977.034,4123,5983495,386280.19876,0.0001551590380142,ARPA-USDT,0.0645841169646676,0.064756662967547,
2022-04-12 00:00:00,0.06445,0.06513,0.06408,0.06451,15516309,1004512.67979,5091,7234808,468247.35423,-0.0018567228841096,ARPA-USDT,0.0645521908356417,0.0647450180458822,-2.419e-05
2022-04-12 01:00:00,0.0644899999999999,0.06521,0.06434,0.06486,7449029,483021.74715,3377,3410245,221146.94447,-0.0013856812933024,ARPA-USDT,0.0646179307334109,0.0645279608169825,
2022-04-12 02:00:00,0.06486,0.06511,0.06384,0.06402,11267366,726030.0321899999,3501,4958125,319556.35687,-0.0010922140739585,ARPA-USDT,0.06481461457331,0.0648787638921007,
2022-04-12 03:00:00,0.06402,0.06476,0.06396,0.0647399999999999,5881353,378769.68286,2298,3321926,213976.67912,-0.0015422578655166,ARPA-USDT,0.0639905766970984,0.0642121813595282,
2022-04-12 04:00:00,0.0647399999999999,0.0657799999999999,0.06471,0.0657799999999999,8102776,527729.4425,3218,3925067,255859.67634,-0.0009113001215081,ARPA-USDT,0.0648151101756232,0.0649371118495984,
2022-04-12 05:00:00,0.06579,0.06673,0.0653,0.06667,10748692,709221.95212,3706,4504002,297139.38191,-0.0004497751124438,ARPA-USDT,0.0657658567216938,0.0655733500091945,
2022-04-12 06:00:00,0.0666799999999999,0.06707,0.06619,0.06638,9001122,599149.96859,3656,4256047,283334.41293,-0.0003012048192772,ARPA-USDT,0.0667474754502794,0.0666141438914978,
2022-04-12 07:00:00,0.06638,0.0671,0.06604,0.06699,8560557,570756.72033,3261,3843071,256269.09771,-0.0004476275738586,ARPA-USDT,0.0663177964369473,0.0662827974210879,
2022-04-12 08:00:00,0.06699,0.06771,0.06671,0.06751,10521988,705903.44319,4050,5033631,337860.06322,-0.0005921539600295,ARPA-USDT,0.0668596872796838,0.0668242071148966,4.993e-05
2022-04-12 09:00:00,0.0675299999999999,0.06871,0.0668899999999999,0.06759,29852371,2022849.41768,8055,15979848,1083153.32367,-0.0013297872340426,ARPA-USDT,0.0674293867699614,0.0672520480290333,
2022-04-12 10:00:00,0.06751,0.0684,0.06708,0.06815,18357187,1240272.66302,4960,9105734,615659.39496,-0.0017577266735021,ARPA-USDT,0.0674778629008654,0.067469580262295,
2022-04-12 11:00:00,0.06817,0.06856,0.06716,0.06849,15541493,1054880.85869,5519,7946587,539442.04932,-0.0010210035005834,ARPA-USDT,0.0680781406133463,0.0677529518307367,
2022-04-12 12:00:00,0.06849,0.06903,0.0673,0.06896,17639565,1203595.89264,6613,8985334,613348.61302,0.0,ARPA-USDT,0.0684428507741971,0.0682378270192875,
2022-04-12 13:00:00,0.06894,0.06944,0.06804,0.06888,18847926,1296197.18439,6785,8864906,609703.57648,-0.0011600928074245,ARPA-USDT,0.068840852836946,0.0688688189377293,
2022-04-12 14:00:00,0.0688899999999999,0.06938,0.06705,0.06758,22075069,1500023.51404,7852,9415743,640443.2974500001,0.0005922416345869,ARPA-USDT,0.06887394880481,0.0688544850198952,
2022-04-12 15:00:00,0.06757,0.0683899999999999,0.06711,0.06781,10647803,722560.04099,4294,5268020,357450.65064,0.0,ARPA-USDT,0.0674831875370422,0.0675520843573815,
2022-04-12 16:00:00,0.06781,0.06786,0.0669299999999999,0.0673899999999999,12685350,854331.99793,4814,6204336,417921.5656,-0.0004449718184529,ARPA-USDT,0.0676958621425414,0.067653392923227,0.0001
2022-04-12 17:00:00,0.06738,0.068,0.06692,0.06707,8670280,585420.78889,5071,3823408,258335.29781,-0.000893788172203,ARPA-USDT,0.0673990008430836,0.067317812088474,
2022-04-12 18:00:00,0.06709,0.06724,0.06511,0.06512,13817007,912896.89155,5085,6377215,421450.68199,-0.0026037678051769,ARPA-USDT,0.0669340210419474,0.0669074661160431,
2022-04-12 19:00:00,0.06516,0.0662,0.06481,0.0652799999999999,16213318,1061300.47766,5988,9311517,609733.37786,-0.001529519730806,ARPA-USDT,0.0653003136151464,0.0657166714131953,
2022-04-12 20:00:00,0.0653,0.06621,0.0652399999999999,0.06616,7405982,487536.47076,3018,4004743,263707.36244,-0.0004532406707962,ARPA-USDT,0.0654095096208428,0.0656286881490998,
2022-04-12 21:00:00,0.06613,0.0676799999999999,0.06597,0.06727,9696245,647902.00813,3645,5590262,373575.79562,-0.001039501039501,ARPA-USDT,0.0661859682159663,0.0662565355727781,
2022-04-12 22:00:00,0.06727,0.0672799999999999,0.06592,0.06699,10585958,705022.17431,4520,5293572,352432.13914,0.0004480286738348,ARPA-USDT,0.0671659573744811,0.0670702402845654,
2022-04-12 23:00:00,0.06704,0.06796,0.06697,0.06754,9268047,626237.2716,3669,4115564,278203.89377,-0.0001480384900073,ARPA-USDT,0.0669959974529245,0.0671429943126503,
2022-04-13 00:00:00,0.06756,0.06791,0.06712,0.06738,8445645,570466.88298,3599,4599448,310684.51985,-0.0001483899688382,ARPA-USDT,0.0674952350470149,0.0673928861897727,7.958e-05
2022-04-13 01:00:00,0.06738,0.06803,0.0668,0.06798,7892148,531251.92953,3440,4304200,289757.39968,-0.0007349698662354,ARPA-USDT,0.0672355532308943,0.0672789956714368,
2022-04-13 02:00:00,0.06794,0.06824,0.06721,0.06775,7328606,496542.90541,3251,3479093,235679.7413,-0.0005900575306092,ARPA-USDT,0.0679097516799537,0.0680021269212639,
2022-04-13 03:00:00,0.06773,0.06825,0.06762,0.06762,4954371,336654.43828,2533,2086545,141875.95415,-0.0010341261633919,ARPA-USDT,0.0676688459570112,0.0677590958002857,
2022-04-13 04:00:00,0.06765,0.06845,0.06757,0.0684,7785842,528997.32973,3090,4282907,291074.18908,-0.0004384042086804,ARPA-USDT,0.0677153212080132,0.0677182251169049,
2022-04-13 05:00:00,0.06841,0.06865,0.06824,0.06856,5477774,374888.93221,2742,3108315,212731.68117,-0.0002916302128901,ARPA-USDT,0.0684385370342118,0.0683748995079308,
2022-04-13 06:00:00,0.06855,0.06873,0.06754,0.06769,7703627,525554.14296,4001,3663996,250171.31113,-0.0004430005906674,ARPA-USDT,0.0685591917691275,0.0686072222355637,
2022-04-13 07:00:00,0.0676799999999999,0.06881,0.06756,0.06871,13267816,906036.69285,4035,7306325,498959.18827,-0.0008724734622655,ARPA-USDT,0.0677519142456729,0.0677593803911777,
2022-04-13 08:00:00,0.06872,0.0688899999999999,0.06823,0.06857,7575576,519253.10038,3282,3450546,236621.3163,-0.0007286505392013,ARPA-USDT,0.068693972190504,0.068626463207711,0.0001
2022-04-13 09:00:00,0.06859,0.06878,0.0677799999999999,0.06807,6897948,470330.41564,3024,2823322,192512.10954,-0.0007339988256017,ARPA-USDT,0.0686395216761923,0.0686691206016945,
2022-04-13 10:00:00,0.06808,0.06827,0.06617,0.06642,22217043,1488912.99354,6477,9674640,649313.35405,0.0,ARPA-USDT,0.068040005759401,0.0681337627896244,
2022-04-13 11:00:00,0.06645,0.06733,0.06616,0.06624,11699352,780998.49693,4111,5174110,345526.44155,-0.0010556477152767,ARPA-USDT,0.0664629590322636,0.0665811177045574,
2022-04-13 12:00:00,0.06621,0.06661,0.06605,0.06605,8545124,567210.80469,3026,4282753,284350.52041,-0.0009075782786266,ARPA-USDT,0.0662365686247349,0.0663150110550669,
2022-04-13 13:00:00,0.06605,0.06866,0.06569,0.06861,17401443,1170955.45351,5714,8573998,576556.29603,0.0004374453193352,ARPA-USDT,0.0661461886417397,0.0659895883399117,
2022-04-13 14:00:00,0.0686,0.0693,0.06807,0.06891,20539672,1413135.35394,6985,10918892,751173.51164,-0.0004351610095735,ARPA-USDT,0.0685850127822752,0.0686448464405837,
2022-04-13 15:00:00,0.06891,0.0694299999999999,0.06869,0.06885,11687955,807036.11421,3614,4766965,329228.99318,0.0002905709719598,ARPA-USDT,0.0689399244499477,0.0689121361269949,
2022-04-13 16:00:00,0.06885,0.06922,0.06831,0.06848,11158539,767532.15537,3286,5329924,366800.91744,-0.0005837711617046,ARPA-USDT,0.0688536475330708,0.0687739652093477,0.0001
2022-04-13 17:00:00,0.06846,0.06905,0.0683,0.06857,9324261,639830.55203,3119,5064898,347546.24576,-0.0007286505392013,ARPA-USDT,0.0685360594015381,0.0684611610616819,
2022-04-13 18:00:00,0.06861,0.06935,0.06834,0.06913,8282280,570430.14511,2787,4080237,280933.83972,-0.0001446340757882,ARPA-USDT,0.0684554567198811,0.0684052463726586,
2022-04-13 19:00:00,0.06914,0.06938,0.0686,0.06871,8844283,609644.59825,3041,4352392,299952.39048,-0.0002909937436346,ARPA-USDT,0.0690750986032289,0.0690346229322827,
2022-04-13 20:00:00,0.0686799999999999,0.06904,0.06848,0.06898,5628625,387166.29708,2200,2866231,197238.12323,-0.0002898550724638,ARPA-USDT,0.0686067877660954,0.0687001229784784,
2022-04-13 21:00:00,0.06898,0.06905,0.06867,0.06902,3890642,267852.70538,1921,2080293,143222.25229,0.0005798782255725,ARPA-USDT,0.0690281176481485,0.0688849409202733,
2022-04-13 22:00:00,0.06902,0.07,0.06891,0.06922,15050413,1044790.05113,4798,6970278,483930.51221,-0.0011544011544011,ARPA-USDT,0.0690062127592056,0.0689959005064937,
2022-04-13 23:00:00,0.06921,0.06947,0.06898,0.06938,8268286,572571.29,2373,4641477,321501.99858,0.00014415453366,ARPA-USDT,0.0692860417295954,0.0692971529269277,
2022-04-14 00:00:00,0.06938,0.06964,0.06904,0.0693,7725264,535256.02437,2217,3472507,240623.50601,0.0,ARPA-USDT,0.0693055023022185,0.0691590183349846,0.0001
2022-04-14 01:00:00,0.06928,0.0703,0.06922,0.07022,7722174,539011.27006,3372,3627202,253250.1414,-0.0004270462633452,ARPA-USDT,0.0693149112247319,0.0693215182859877,
2022-04-14 02:00:00,0.0702,0.07027,0.06982,0.0699299999999999,6806124,476803.6969,2729,3041184,213061.7913,-0.0005716735743905,ARPA-USDT,0.0702537488784848,0.0701175429265146,
2022-04-14 03:00:00,0.06994,0.0700799999999999,0.06956,0.0699,5300009,370189.43506,2641,3190144,222878.18278,-0.0005719187875321,ARPA-USDT,0.0699689674029232,0.0699318867416924,
2022-04-14 04:00:00,0.06988,0.0703,0.06964,0.06976,4377213,306356.06439,2523,1622531,113612.54161,-0.0004298610116062,ARPA-USDT,0.0699481319078744,0.0699831259369546,
2022-04-14 05:00:00,0.06978,0.07026,0.06971,0.07024,4885413,341674.52145,2758,2676865,187233.9661,0.0,ARPA-USDT,0.0698549742724355,0.0698765115117691,
2022-04-14 06:00:00,0.07025,0.07047,0.06986,0.07007,6855373,480899.38441,2807,3689711,258812.7122,-0.0008555539711964,ARPA-USDT,0.0702458384261071,0.0701692371409625,
2022-04-14 07:00:00,0.07007,0.0700799999999999,0.06932,0.06978,7517840,524283.56996,2877,3392297,236790.05657,-0.0001432870038688,ARPA-USDT,0.0700464384495944,0.0699926402796756,
2022-04-14 08:00:00,0.0698,0.06994,0.06961,0.06969,4446012,310219.03439,2143,2223428,155133.7004,-0.0010034403669725,ARPA-USDT,0.0698423687738026,0.0698068778536001,0.0001
2022-04-14 09:00:00,0.06966,0.06977,0.06821,0.06907,10625516,732753.63951,3368,4261751,293704.41605,-0.0001447596988998,ARPA-USDT,0.069699954856307,0.069663703260372,
2022-04-14 10:00:00,0.0691,0.06916,0.06832,0.06836,5764551,396386.81217,2351,2397328,164826.27924,-0.0001462629808395,ARPA-USDT,0.0690681594024964,0.0690431316575481,
2022-04-14 11:00:00,0.06834,0.0688,0.06812,0.06815,5277015,361120.03242,2251,2597036,177724.88617,-0.0008796364169477,ARPA-USDT,0.0682928470372597,0.0684168149541152,
2022-04-14 12:00:00,0.0681799999999999,0.06891,0.0681,0.06876,6949561,476599.86989,2618,2867532,196735.49618,-0.0007266385699752,ARPA-USDT,0.068288848234359,0.0683387341088698,
2022-04-14 13:00:00,0.06874,0.06931,0.06759,0.06779,12624376,863332.60435,4460,5926938,405523.69149,-0.0010315355142941,ARPA-USDT,0.0688537852094225,0.0689228402998296,
2022-04-14 14:00:00,0.06773,0.06819,0.06684,0.0678,13835418,933698.54462,4979,6840920,462001.48913,-0.0008841732979664,ARPA-USDT,0.067778871834252,0.0675244827517224,
2022-04-14 15:00:00,0.06777,0.06888,0.0666,0.06675,23967540,1622711.9909,7220,12830053,868746.94245,-0.0004492362982929,ARPA-USDT,0.0683818110181608,0.0679893621711484,
2022-04-14 16:00:00,0.06676,0.06723,0.06611,0.06673,9469508,630405.87625,4303,4776365,318001.95983,0.0002998051266676,ARPA-USDT,0.0667194621081105,0.0667750508330018,0.0001
2022-04-14 17:00:00,0.06673,0.06707,0.06638,0.06688,6080469,405661.53621,3076,2031300,135553.05462,-0.0007470491558345,ARPA-USDT,0.0667094996376515,0.066768535474974,
2022-04-14 18:00:00,0.06688,0.0671,0.06592,0.06609,6991610,465186.74052,3146,2797443,185953.60977,-0.0007559721802239,ARPA-USDT,0.0668594343216156,0.0669328247794226,
2022-04-14 19:00:00,0.06608,0.06642,0.06584,0.06616,7779246,514415.20003,3656,3429876,226884.21476,-0.0018105009052505,ARPA-USDT,0.0661552312594809,0.0661032771151159,
2022-04-14 20:00:00,0.06613,0.06638,0.06585,0.06635,5788839,382678.74932,2799,2596259,171654.63867,-0.0009034783918083,ARPA-USDT,0.0661730344525866,0.0660977478530442,
2022-04-14 21:00:00,0.06635,0.06674,0.06623,0.06656,3813132,253472.60188,2051,1369580,91022.26144,-0.0010505778177998,ARPA-USDT,0.066351758495546,0.0664053417862571,
2022-04-14 22:00:00,0.06656,0.06712,0.06613,0.06627,5858680,390693.08623,2580,2609901,174291.93481,0.0009062075215222,ARPA-USDT,0.0665676185054442,0.0666639540815354,
2022-04-14 23:00:00,0.0663,0.06663,0.06622,0.06661,5018441,333296.63636,1896,2696887,179204.53639,0.0003003453972068,ARPA-USDT,0.0663007337393924,0.0663239239623862,
2022-04-15 00:00:00,0.06662,0.06751,0.06635,0.06712,9327000,624980.33222,3140,5467543,366265.59497,-0.0007443799315169,ARPA-USDT,0.0664989965000036,0.0665540587139889,8.884e-05
2022-04-15 01:00:00,0.06713,0.06784,0.06697,0.06763,6884907,464769.8802,2232,3333746,225026.23912,-0.0001478415138972,ARPA-USDT,0.0670788639465386,0.0671101193967752,
2022-04-15 02:00:00,0.06758,0.06823,0.06732,0.06785,4512505,306313.53572,2356,2211488,150086.75256,-0.0005891883929888,ARPA-USDT,0.0675312762141155,0.0674366212056005,
2022-04-15 03:00:00,0.06783,0.06861,0.0678,0.06857,3830137,261650.22526,2344,1895892,129495.87288,0.0001458576429407,ARPA-USDT,0.0678705452397579,0.0679111574343759,
2022-04-15 04:00:00,0.06857,0.0686399999999999,0.06765,0.06791,8880490,606513.58913,3678,3775858,257942.01219,-0.0002944207272193,ARPA-USDT,0.0686067720807855,0.0683769487941165,
2022-04-15 05:00:00,0.06791,0.0684,0.06774,0.0684,5125784,348964.50113,2513,2905570,197807.83091,-0.0002923121894181,ARPA-USDT,0.0679751619447901,0.0679884635147544,
2022-04-15 06:00:00,0.06841,0.06847,0.06746,0.06795,5035892,342426.23224,2379,2178835,148051.56531,-0.0002942474621157,ARPA-USDT,0.0684227883304688,0.0683111470899173,
2022-04-15 07:00:00,0.06797,0.06844,0.06708,0.06821,7983424,541484.8529,3150,3924640,266422.75765,-0.000878863336751,ARPA-USDT,0.0679888038505161,0.0679498576498809,
2022-04-15 08:00:00,0.0682,0.06871,0.06798,0.0681399999999999,5430154,370912.21381,2285,2786659,190377.71693,-1.6653345369377348e-15,ARPA-USDT,0.0681344061480378,0.0682551961957813,0.0001
2022-04-15 09:00:00,0.06816,0.06831,0.06786,0.06792,4155054,282838.87596,1625,1833249,124838.44979,-0.0017636684303352,ARPA-USDT,0.0681296627032622,0.0681197490999462,
2022-04-15 10:00:00,0.0679299999999999,0.0683,0.06784,0.06797,4350235,296025.13479,1732,1914803,130297.75985,-0.0007350779182592,ARPA-USDT,0.0679996452806909,0.0680493696098977,
2022-04-15 11:00:00,0.06797,0.06819,0.06784,0.06804,3882999,264134.9875,1503,2084762,141825.1904,0.0002940311673038,ARPA-USDT,0.0680280160770284,0.0680339849736549,
2022-04-15 12:00:00,0.06803,0.06808,0.06731,0.06752,4372151,296322.06961,1733,1657269,112323.98047,-0.0001480823337777,ARPA-USDT,0.0679957261171726,0.0679450703767577,
2022-04-15 13:00:00,0.06755,0.06763,0.06688,0.06707,6697136,450717.12581,2387,3627096,244128.08238,0.0002982848620434,ARPA-USDT,0.0675870434993042,0.0674809107490697,
2022-04-15 14:00:00,0.0670299999999999,0.06836,0.06677,0.06791,9915686,668723.50785,3791,5756016,388103.48411,-0.0004415660877244,ARPA-USDT,0.067044638409193,0.0670168458677067,
2022-04-15 15:00:00,0.0679299999999999,0.06907,0.06772,0.06869,12990020,887998.07376,4715,5999731,410428.48746,-0.0010180337405468,ARPA-USDT,0.0680170789403078,0.0679692512347057,
2022-04-15 16:00:00,0.06871,0.06946,0.06767,0.0683899999999999,36026647,2467965.75364,10901,19641745,1345587.1093,0.0004388531304839,ARPA-USDT,0.0685601507418321,0.068510062139292,0.0001
2022-04-15 17:00:00,0.0683899999999999,0.06888,0.06811,0.06863,10742300,735396.31182,4066,4756929,325685.41281,-0.0008734895909158,ARPA-USDT,0.0683347884624974,0.0682973541389933,
2022-04-15 18:00:00,0.06863,0.0686399999999999,0.0679,0.06799,10865357,741471.94137,3887,4747839,324145.79007,-0.000734861845973,ARPA-USDT,0.0685722385484536,0.0685479559750824,
2022-04-15 19:00:00,0.06798,0.06803,0.06741,0.06776,7880374,533132.95497,2787,3124777,211407.34633,-0.0008846947803008,ARPA-USDT,0.0679313484785184,0.0679452147248489,
2022-04-15 20:00:00,0.06773,0.06809,0.06742,0.06801,6569386,445029.77876,2575,3018388,204508.46627,-0.0005878030859661,ARPA-USDT,0.0676861774390289,0.0677673460281366,
2022-04-15 21:00:00,0.06796,0.06859,0.06784,0.06837,8465059,577825.80347,2561,5969058,407492.17444,-0.0007307804735456,ARPA-USDT,0.0679523113494881,0.0680856345507891,
2022-04-15 22:00:00,0.06837,0.06837,0.06777,0.06807,6403399,435630.47922,2266,3342485,227406.42076,-0.0001468860164511,ARPA-USDT,0.0683224596989049,0.0681808123332465,
2022-04-15 23:00:00,0.06807,0.06842,0.06796,0.06813,5804669,395679.37961,1752,2731221,186158.44358,-0.0008798944126705,ARPA-USDT,0.0680958803000394,0.0681283304019945,
2022-04-16 00:00:00,0.06813,0.06857,0.06802,0.06827,6007152,410434.26646,1906,2693682,184099.9884,-0.0008780916142251,ARPA-USDT,0.0682035598728979,0.0681631553733473,0.0001
2022-04-16 01:00:00,0.06835,0.0687,0.06811,0.06848,6244406,427465.91973,1796,2641756,180903.00704,-0.0004378922784995,ARPA-USDT,0.0683692784161216,0.0683528186844982,
2022-04-16 02:00:00,0.0685,0.06881,0.06836,0.06858,4684854,321409.13284,1811,2692844,184756.26541,-0.0005829204313611,ARPA-USDT,0.0685758269428206,0.0685344403363199,
2022-04-16 03:00:00,0.06858,0.06863,0.0681,0.06824,5373195,367074.59459,1665,2371514,162043.61039,0.0004398182084737,ARPA-USDT,0.0685853194870717,0.068506443737395,
2022-04-16 04:00:00,0.06824,0.0689,0.06812,0.06887,3933429,269508.37361,1520,2460299,168551.43519,0.0002904865649964,ARPA-USDT,0.0682589030217198,0.0682704337500514,
2022-04-16 05:00:00,0.06885,0.06887,0.06807,0.06834,4711923,322282.83129,1521,2131861,145745.41056000002,-0.0010232422160503,ARPA-USDT,0.0688275866474116,0.0687629790919449,
2022-04-16 06:00:00,0.06828,0.06844,0.06788,0.06822,6993161,476566.59987,2090,3085432,210330.7841,-0.0002930832356388,ARPA-USDT,0.068272126677067,0.0682451821031663,
2022-04-16 07:00:00,0.06824,0.06855,0.0678899999999999,0.06817,4271872,291256.16122,1471,2196237,149800.91942000002,-0.0008793785724755,ARPA-USDT,0.0683617361052064,0.0684304173598265,
2022-04-16 08:00:00,0.06817,0.06827,0.06771,0.06785,4370256,296960.89668,1708,1448308,98472.83339,-0.0005891883929888,ARPA-USDT,0.0681545833401636,0.0680509593911149,0.0001
2022-04-16 09:00:00,0.06783,0.06812,0.0676399999999999,0.0677799999999999,3614884,245439.81752,1586,1567086,106441.63297,-0.000294985250739,ARPA-USDT,0.0678858777493767,0.067914580997199,
2022-04-16 10:00:00,0.06777,0.06817,0.06771,0.06786,4625203,314110.26983,1707,1939284,131756.81918,0.0001473839351511,ARPA-USDT,0.0678202888077291,0.0678274023063687,
2022-04-16 11:00:00,0.06786,0.0684,0.06786,0.06827,5963699,406610.66755,2084,3818984,260441.97066,-0.0008780916142251,ARPA-USDT,0.067924610904201,0.0679518013431166,
2022-04-16 12:00:00,0.06828,0.0686399999999999,0.06815,0.06852,8547724,584706.35957,2542,4555520,311669.91761,0.0002919708029196,ARPA-USDT,0.0682363748782642,0.0683163867552136,
2022-04-16 13:00:00,0.06849,0.06858,0.06784,0.06791,9502839,647922.34681,2563,3596745,245331.79484,-0.0011766436240623,ARPA-USDT,0.0684280591217443,0.0683591189695398,
2022-04-16 14:00:00,0.06792,0.0683,0.06783,0.06812,5609043,381822.13501,1776,2611647,177817.52442,-0.0008800234672925,ARPA-USDT,0.0679965034727048,0.0680242514274308,
2022-04-16 15:00:00,0.06816,0.06841,0.06688,0.06716,12279727,830079.8686500001,3848,5487677,371279.969,-0.0008925914906278,ARPA-USDT,0.0682988200448338,0.0683070449442973,
2022-04-16 16:00:00,0.06717,0.06786,0.06697,0.06773,6553238,442044.90743,2295,3054996,206155.47218,-0.0004427390791027,ARPA-USDT,0.0671060143786865,0.0671100990350743,0.0001
2022-04-16 17:00:00,0.06775,0.0678899999999999,0.0673899999999999,0.06752,5073840,343258.66813,2079,2452597,165901.3582,-0.0001480823337777,ARPA-USDT,0.0678287938660816,0.0677952136733718,
2022-04-16 18:00:00,0.06748,0.06773,0.06735,0.06759,5139655,347377.53758,2076,2241119,151484.39409000002,-0.0001479289940827,ARPA-USDT,0.0675320858924991,0.0674910312283983,
2022-04-16 19:00:00,0.0676,0.06797,0.06754,0.06767,5205046,352384.73543,1819,2625325,177711.98817,0.0005914534969688,ARPA-USDT,0.0676217450827,0.0676808289174574,
2022-04-16 20:00:00,0.06766,0.06821,0.06748,0.06787,7923007,537093.74187,2456,3730678,252906.14039,-0.0008832621816576,ARPA-USDT,0.0676327016419253,0.0676020403276463,
2022-04-16 21:00:00,0.0678899999999999,0.06835,0.06772,0.06825,5914883,402298.52485,2146,2996148,203856.84471,-0.000732064421669,ARPA-USDT,0.067968395027077,0.0679422007382012,
2022-04-16 22:00:00,0.06826,0.06859,0.06786,0.06807,7869872,537712.77671,2550,3573486,244265.50059,-0.0005872852738216,ARPA-USDT,0.0682622482155278,0.0684188937430212,
2022-04-16 23:00:00,0.06807,0.0684299999999999,0.0677799999999999,0.06819,7538109,513778.65262,1944,3516162,239778.24539,-0.0004397537379068,ARPA-USDT,0.0680480358699043,0.0679630728624193,
2022-04-17 00:00:00,0.06817,0.06826,0.06783,0.06812,3642525,247756.37526,1563,1703391,115873.8929,-0.0004402054292003,ARPA-USDT,0.0681553635943824,0.068139168393227,0.0001
2022-04-17 01:00:00,0.06812,0.06831,0.06797,0.06815,2879715,196371.07416,1385,1552619,105876.57163,-0.0004400117336462,ARPA-USDT,0.0681334849135269,0.0681835280156196,
2022-04-17 02:00:00,0.0682,0.06828,0.06761,0.06774,5165029,350780.03324,2035,2239463,152121.11325,-0.0007375719132616,ARPA-USDT,0.0682304704245262,0.0680980724306485,
2022-04-17 03:00:00,0.06771,0.06819,0.06751,0.0678,4522904,306919.60193,1699,2359410,160198.49553,-0.0001474708745021,ARPA-USDT,0.0676920336978771,0.0677417579011311,
2022-04-17 04:00:00,0.0677799999999999,0.06847,0.0677799999999999,0.06846,4875633,332595.59831000003,1830,2712376,185051.02274,0.0,ARPA-USDT,0.0678577875129472,0.0679953192091646,
2022-04-17 05:00:00,0.06847,0.0688899999999999,0.06819,0.0686799999999999,7420024,508815.76216,2303,3711895,254621.41653,-0.0002911208151398,ARPA-USDT,0.0683913881788033,0.0683455143235331,
2022-04-17 06:00:00,0.06872,0.069,0.06858,0.06877,5148770,354357.54732,1843,2580401,177622.01013,-0.0002907399331298,ARPA-USDT,0.0687643593114065,0.0687277921434013,
2022-04-17 07:00:00,0.06876,0.06885,0.06836,0.06844,4069457,279269.7205,1620,1879809,128993.51973,0.0002923121894184,ARPA-USDT,0.0688240475539765,0.0687224773430662,
2022-04-17 08:00:00,0.06841,0.06866,0.06827,0.06855,4296907,294007.73044,1662,2406398,164655.56838,0.0002918429884724,ARPA-USDT,0.0683571370544071,0.0683970336189194,0.0001
2022-04-17 09:00:00,0.06856,0.06894,0.06829,0.06831,5889339,404123.92737,2052,2557659,175551.168,-0.0011697616610617,ARPA-USDT,0.0686024942218171,0.0685883512050556,
2022-04-17 10:00:00,0.06831,0.06865,0.06831,0.06836,3599937,246445.43804,1361,1693332,115919.51263,-0.0008769365682547,ARPA-USDT,0.0684009056360188,0.0684357549479055,
2022-04-17 11:00:00,0.06838,0.06852,0.06825,0.06841,4488881,307012.14898,1459,2073813,141861.61028,0.0001461988304092,ARPA-USDT,0.0683848955022315,0.0684146853041147,
2022-04-17 12:00:00,0.0683899999999999,0.06845,0.06804,0.06822,4907089,334800.25477,1579,1971294,134543.14956,-0.0002930832356388,ARPA-USDT,0.0684372336916507,0.0684049693809571,
2022-04-17 13:00:00,0.06824,0.06874,0.06808,0.06824,6706005,458618.8686,2192,2981438,203917.22984,-0.0010247401551749,ARPA-USDT,0.0682657548099021,0.068184721703767,
2022-04-17 14:00:00,0.06824,0.0685,0.06797,0.0683899999999999,3751160,255976.23589,1352,1970412,134526.85563,-0.0004384682841288,ARPA-USDT,0.0680753014022651,0.0681278906904286,
2022-04-17 15:00:00,0.06845,0.06888,0.06827,0.06859,5606121,384817.28503,2037,2596485,178193.64927,-0.0008739985433358,ARPA-USDT,0.0684329430699015,0.0683711662291185,
2022-04-17 16:00:00,0.0686,0.06891,0.06831,0.0685,4850035,332975.89516,2033,2715509,186420.07948,-0.0002918855808522,ARPA-USDT,0.0686495839921487,0.0687005667638393,0.0001
2022-04-17 17:00:00,0.06851,0.06853,0.06775,0.0679299999999999,5198870,354601.85293,1958,2316064,158035.24007,-0.0005884949242328,ARPA-USDT,0.0683406264715775,0.0683585097945845,
2022-04-17 18:00:00,0.06792,0.06815,0.0673,0.0676399999999999,8505007,575451.16754,2851,3874945,262308.62721,-0.0001478196600163,ARPA-USDT,0.067935335511673,0.0679728481378913,
2022-04-17 19:00:00,0.06763,0.06835,0.06754,0.0681399999999999,5393205,366479.03434,1834,2716280,184458.62657,0.000146778218111,ARPA-USDT,0.0676203755308321,0.0676922932065626,
2022-04-17 20:00:00,0.0681399999999999,0.06844,0.06797,0.06799,3445228,235060.05283,1467,1524941,104053.49821,-0.0005879758929883,ARPA-USDT,0.0681180644166372,0.0681913774314009,
2022-04-17 21:00:00,0.06799,0.0681,0.06771,0.06808,2868487,194855.35413,1234,1326253,90106.27169,-0.0004404639553663,ARPA-USDT,0.0680250942072337,0.0679812596056488,
2022-04-17 22:00:00,0.06808,0.06822,0.0674,0.06746,3944172,267742.69918,1595,1941331,131725.56028,-0.0005925925925925,ARPA-USDT,0.0680605358213508,0.0679003026277031,
2022-04-17 23:00:00,0.06745,0.06745,0.06592,0.06616,15840939,1053771.06809,5186,7779583,517507.5871,-0.0003022061045634,ARPA-USDT,0.0674426131247368,0.0672014507913326,
2022-04-18 00:00:00,0.06617,0.06642,0.06592,0.06627,5488463,363083.03759,2187,2864350,189486.33781,-0.0004524886877828,ARPA-USDT,0.0661400777741182,0.0660833165542487,0.0001
2022-04-18 01:00:00,0.06626,0.0668899999999999,0.06623,0.06682,4271210,284401.6446,1825,1989573,132466.79843,-0.0007477194556601,ARPA-USDT,0.0662562783844687,0.0663689946382683,
2022-04-18 02:00:00,0.06682,0.06713,0.06669,0.06683,4920424,329119.78678,1749,2004755,134084.14255,0.0004491017964072,ARPA-USDT,0.0669056632920679,0.0669923096566735,
2022-04-18 03:00:00,0.0668899999999999,0.06696,0.0665,0.06671,3036605,202612.52677,1295,1748452,116651.29313,-0.0005992509363295,ARPA-USDT,0.066920681098397,0.0668665038754001,
2022-04-18 04:00:00,0.06673,0.06685,0.06256,0.06297,28483727,1823464.3126,7976,11690366,747817.7707,-0.0014272121788773,ARPA-USDT,0.0667665856682961,0.0667555058690601,
2022-04-18 05:00:00,0.06302,0.06343,0.0626,0.06307,9878917,622944.5105,3094,4710812,297131.6134,-0.0018990346573823,ARPA-USDT,0.0629342653247781,0.0630362156156647,
2022-04-18 06:00:00,0.06312,0.0637799999999999,0.0630299999999999,0.0636299999999999,5908088,374415.49985,2054,3859898,244593.35399,-0.0010989010989028,ARPA-USDT,0.0630586026511477,0.0630711938345243,
2022-04-18 07:00:00,0.0636299999999999,0.06392,0.06292,0.06325,5698578,361723.07124,2122,2886275,183297.91955,-0.0004740834386852,ARPA-USDT,0.0637533775522757,0.0637358028148801,
2022-04-18 08:00:00,0.06327,0.06348,0.06292,0.06299,3016703,190892.18036,1519,1582402,100158.1683,-0.0004760393525865,ARPA-USDT,0.0632342128875135,0.0633426761350027,0.0001
2022-04-18 09:00:00,0.06299,0.06331,0.06271,0.0633,4697236,295838.73975,1757,2144113,135041.40034,-0.0003158559696778,ARPA-USDT,0.0630261024885508,0.06292338450579,
2022-04-18 10:00:00,0.06333,0.06384,0.0632,0.0634,5100416,324010.18671,1791,2478989,157500.71526,0.0003155569580308,ARPA-USDT,0.0633413164766798,0.0633057332773055,
2022-04-18 11:00:00,0.0634,0.0639,0.0633799999999999,0.06355,4637720,295138.1971,1614,2267844,144378.1752,-0.0011002829298962,ARPA-USDT,0.0634152801892593,0.0634158875318496,
2022-04-18 12:00:00,0.06361,0.0654899999999999,0.06361,0.0652799999999999,16995055,1103201.38507,4368,9038305,586767.58917,-0.0004593477262304,ARPA-USDT,0.0636608277023131,0.0637096131681523,
2022-04-18 13:00:00,0.0652799999999999,0.06585,0.06489,0.06512,11262492,736756.3772,3812,5185136,339349.05339,0.000153586238673,ARPA-USDT,0.0653357177425094,0.0653346046372995,
2022-04-18 14:00:00,0.0651,0.06565,0.06498,0.06537,6928605,452891.72379,2589,2977444,194616.31406,-0.0001529519730804,ARPA-USDT,0.065087800208441,0.06518052547169,
2022-04-18 15:00:00,0.0654,0.06556,0.06487,0.06501,5126231,334000.0261,2084,2768585,180404.95038,-0.0009220839096358,ARPA-USDT,0.0654190925562524,0.0653364105624414,
2022-04-18 16:00:00,0.06502,0.06535,0.06416,0.06494,8308328,538668.61733,2791,3583406,232283.11412,-0.000923076923077,ARPA-USDT,0.065037336134863,0.065036722871607,0.0001
2022-04-18 17:00:00,0.06495,0.06624,0.06495,0.06619,13877430,912955.60828,4509,6501109,427625.93042,0.0003022517757289,ARPA-USDT,0.0650441248104925,0.0650704860119574,
2022-04-18 18:00:00,0.06619,0.06692,0.06595,0.0668899999999999,14158451,940927.05773,4348,6767737,450035.62701,-0.0005976393246691,ARPA-USDT,0.0662899551564397,0.0662604194380152,
2022-04-18 19:00:00,0.0669,0.06701,0.06634,0.06663,8631205,575533.56545,3299,4101821,273625.37797,-0.0004500450045005,ARPA-USDT,0.066918566791212,0.0668931481619129,
2022-04-18 20:00:00,0.0666399999999999,0.0667799999999999,0.06647,0.06652,6113307,407319.34374,2203,2862939,190795.33437,-0.0009011715229799,ARPA-USDT,0.0666788297859172,0.0666641534724108,
2022-04-18 21:00:00,0.06651,0.06711,0.06651,0.0668,5278313,352708.32845,1959,2796377,186823.21218,0.0005991611743558,ARPA-USDT,0.0665677200670498,0.0666428883744924,
2022-04-18 22:00:00,0.06681,0.0671799999999999,0.06659,0.06715,5104339,341025.90796,1753,2607002,174214.72613,-0.0002977519726067,ARPA-USDT,0.0668297753349658,0.0667982090409153,
2022-04-18 23:00:00,0.06716,0.06725,0.0668,0.06715,6552501,439394.05607,2080,3064372,205497.17769,-0.0001488981536628,ARPA-USDT,0.0671593319853358,0.0670952596163571,
2022-04-19 00:00:00,0.06715,0.06797,0.06701,0.06747,6727829,454622.31334,2814,3672796,248125.23895,-0.0004444444444444,ARPA-USDT,0.0671442909810163,0.0671343983024625,0.0001
2022-04-19 01:00:00,0.06751,0.0676,0.06677,0.06699,3937097,264780.20607,1732,1629180,109594.73844,-0.0002984629159827,ARPA-USDT,0.0675314420871973,0.0675255569625113,
2022-04-19 02:00:00,0.067,0.06721,0.06668,0.06688,5937329,397506.83317,2433,3804440,254803.42619,0.0007481669908722,ARPA-USDT,0.0669829228680944,0.0669780922726334,
2022-04-19 03:00:00,0.06688,0.06709,0.0667,0.0669,4089454,273722.6742,2140,2047562,137070.95837,-0.0010452441391668,ARPA-USDT,0.0669096154957547,0.0668535074098576,
2022-04-19 04:00:00,0.0669,0.06806,0.0669,0.0679,4720072,318801.34555,1999,3034451,204828.1635,-0.0001472537181563,ARPA-USDT,0.0669616808448477,0.0669978359985946,
2022-04-19 05:00:00,0.06788,0.06809,0.06749,0.06763,3947975,267532.8835,2190,2195366,148800.84322,-0.0001478415138972,ARPA-USDT,0.0678900002297494,0.0678312944134178,
2022-04-19 06:00:00,0.06762,0.06775,0.06709,0.06718,15284868,1032088.44802,2935,6362691,429818.74917,-0.0008923259964305,ARPA-USDT,0.0676830175032205,0.067635792397069,
2022-04-19 07:00:00,0.06717,0.06728,0.06672,0.06718,4785263,320897.23445,1728,2298433,154091.25712999998,-0.0001488316713795,ARPA-USDT,0.0670823698688381,0.0671060118197503,
2022-04-19 08:00:00,0.06715,0.0675,0.06697,0.06724,4055339,272758.22477000003,1680,1217605,81870.23288,-0.0013366998366256,ARPA-USDT,0.0670536607371847,0.0670583179802043,0.0001
2022-04-19 09:00:00,0.06726,0.06733,0.06678,0.0669,4176633,280049.39267,1749,1852673,124258.38316,0.0,ARPA-USDT,0.0672276925151719,0.0672759928119239,
2022-04-19 10:00:00,0.0669,0.06784,0.0669,0.0678,6912922,465759.07069,2280,3226710,217468.36578,0.0,ARPA-USDT,0.0669640558222895,0.0670304444667954,
2022-04-19 11:00:00,0.06781,0.06943,0.06775,0.06844,35884355,2462178.01418,9649,18559238,1273074.28426,0.0,ARPA-USDT,0.0678393796573187,0.0679648662537405,
2022-04-19 12:00:00,0.06844,0.06984,0.06811,0.06923,117334538,8121242.42629,28192,58960897,4081436.69957,0.0,ARPA-USDT,0.0684387405625056,0.0683744244965582,
2022-04-19 13:00:00,0.06924,0.06969,0.0687,0.06952,65706525,4554126.84423,14631,31753507,2201155.27481,-0.0008623167576891,ARPA-USDT,0.0692094207077665,0.0691418395300446,
2022-04-19 14:00:00,0.06952,0.07015,0.06915,0.06985,50496641,3519058.92379,11774,21385924,1490575.22558,0.0001431844215349,ARPA-USDT,0.0694612709691395,0.0694673991020737,
2022-04-19 15:00:00,0.06985,0.07004,0.06871,0.06901,31431039,2179525.20561,8730,12031686,834962.54334,-0.0004345307068366,ARPA-USDT,0.0698622394921689,0.0698703861136922,
2022-04-19 16:00:00,0.069,0.06967,0.06823,0.06903,26173590,1808293.07987,7498,11776186,814024.11071,-0.0007237984944992,ARPA-USDT,0.0690260474802607,0.069104855573832,0.0001
2022-04-19 17:00:00,0.06908,0.06931,0.06842,0.06908,17158143,1181391.31567,5156,7640129,526205.32362,-0.0010122921185827,ARPA-USDT,0.0689648332510267,0.069126628067744,
2022-04-19 18:00:00,0.06908,0.06925,0.06868,0.06885,12906704,890352.49542,4585,5697109,393238.86223,-0.0004355400696864,ARPA-USDT,0.0690633374303258,0.069124307843108,
2022-04-19 19:00:00,0.06884,0.06938,0.06873,0.06917,12013500,829064.82669,4224,5326369,367480.62509,-0.0010109763142691,ARPA-USDT,0.0688794630390332,0.0689101297057499,
2022-04-19 20:00:00,0.06915,0.0704,0.06854,0.07,32429026,2257428.56384,8184,17215718,1199111.17567,-0.0009990009990008,ARPA-USDT,0.0690386944117676,0.0690686236567445,
2022-04-19 21:00:00,0.06999,0.07003,0.06886,0.06903,17151236,1192722.0078,5081,6460797,449599.53254,0.0,ARPA-USDT,0.0698866107841459,0.069861846343536,
2022-04-19 22:00:00,0.06904,0.06956,0.06899,0.06931,8430700,584057.175,2595,4421743,306271.89142,-0.0001442585112523,ARPA-USDT,0.0690652538410494,0.0690840201202565,
2022-04-19 23:00:00,0.06932,0.06969,0.0693,0.06955,6542398,454877.04325,2564,2606899,181326.06684,-0.0011489300588826,ARPA-USDT,0.069400869348211,0.0694090450394208,
2022-04-20 00:00:00,0.06955,0.06988,0.068,0.06875,17704578,1220362.62182,5411,6654810,459280.86454,0.0002909937436346,ARPA-USDT,0.0694324005023615,0.0693833515130006,0.0001
2022-04-20 01:00:00,0.06867,0.06916,0.06831,0.06878,8674502,597209.55748,2956,4382395,301843.07151,-0.0005812263876782,ARPA-USDT,0.0688601344589485,0.0688137721268287,
2022-04-20 02:00:00,0.06878,0.06919,0.06861,0.06916,7286910,502309.46468,2797,3365647,232078.24057,0.0001446131597975,ARPA-USDT,0.0688372429194126,0.0687966245948477,
2022-04-20 03:00:00,0.06917,0.06945,0.06894,0.06924,5014132,347177.82812,2009,2198504,152212.93406,-0.0005773672055426,ARPA-USDT,0.0692380036442979,0.0692412281147925,
2022-04-20 04:00:00,0.06927,0.06967,0.06903,0.0694,7127895,494703.47486,2662,3288485,228263.32137,-0.0002881014116967,ARPA-USDT,0.0694498523163038,0.0695009939055558,
2022-04-20 05:00:00,0.06944,0.06976,0.06927,0.0696,6142152,427120.13708,2504,2369399,164809.10865,0.0005750431282345,ARPA-USDT,0.0694136789089927,0.0693792657034339,
2022-04-20 06:00:00,0.0695799999999999,0.0699299999999999,0.0694299999999999,0.0698299999999999,6585728,458802.46535,2522,3190766,222361.73132,-1.4432899320127037e-15,ARPA-USDT,0.0696213227519887,0.0696396192605741,
2022-04-20 07:00:00,0.06984,0.06997,0.06924,0.06959,13900237,968213.03553,3226,5331366,371638.97217,-0.0002873150409424,ARPA-USDT,0.0698127475827323,0.0697333153393475,
2022-04-20 08:00:00,0.0695799999999999,0.06976,0.06932,0.06963,5965210,414831.84173,2795,2600986,180928.45371,0.0001436368859522,ARPA-USDT,0.0695121509764595,0.0694094663622738,0.0001
2022-04-20 09:00:00,0.06964,0.06996,0.06946,0.0699299999999999,7350363,512627.02989,2810,3155412,220100.26407,0.0001430205949641,ARPA-USDT,0.0696545642610816,0.0695993153429904,
2022-04-20 10:00:00,0.06991,0.0706799999999999,0.0696799999999999,0.07026,17365646,1220195.7618,5703,7376622,518539.69002,0.0,ARPA-USDT,0.0698967887621719,0.0698035872365889,
2022-04-20 11:00:00,0.07027,0.07065,0.06987,0.07048,10436985,733465.24856,4076,4856312,341319.9408,0.0,ARPA-USDT,0.0703055328545396,0.0701519228907622,
2022-04-20 12:00:00,0.07047,0.0719,0.06998,0.07131,49526098,3524712.34143,12495,26099318,1857345.96552,-0.0002803869339689,ARPA-USDT,0.0705262628344357,0.0705698191532398,
2022-04-20 13:00:00,0.07131,0.07229,0.06841,0.07191,71968056,5082179.79743,18324,35408002,2502577.17049,0.0004173622704508,ARPA-USDT,0.0713107711696333,0.0711254183348649,
2022-04-20 14:00:00,0.0718299999999999,0.07197,0.07045,0.07118,65028286,4636739.89903,16252,30073427,2144344.01295,-0.0005616399887673,ARPA-USDT,0.0716357969531953,0.07134963274462,
2022-04-20 15:00:00,0.07122,0.07124,0.06971,0.06996,36588479,2566817.92261,9880,16793366,1178128.17213,-0.0002857959416977,ARPA-USDT,0.0708987808512992,0.070382420200656,
2022-04-20 16:00:00,0.06992,0.0708299999999999,0.06879,0.07044,40617913,2838936.18168,10288,16762626,1172643.31354,-0.000283848992336,ARPA-USDT,0.0697740789443326,0.0695698085144099,0.0001
2022-04-20 17:00:00,0.07047,0.0709299999999999,0.0701799999999999,0.07044,22318963,1573425.01359,5253,8459384,596668.58263,0.0001419849495953,ARPA-USDT,0.0704848481394023,0.070469844860154,
2022-04-20 18:00:00,0.07044,0.07044,0.06866,0.0691,24735192,1717283.69725,7242,10139868,704288.44245,-0.0005785363031529,ARPA-USDT,0.0703505329279271,0.0702168698421737,
2022-04-20 19:00:00,0.0690799999999999,0.06982,0.06895,0.06959,14933159,1035839.29926,5143,6230925,432260.80043,-0.0008614501076813,ARPA-USDT,0.0691234978582285,0.0691789453054931,
2022-04-20 20:00:00,0.06961,0.0705399999999999,0.06928,0.0700799999999999,24028141,1682351.86701,6556,11691204,818625.88282,-0.0009978617248767,ARPA-USDT,0.0696245077789412,0.0697643457071704,
2022-04-20 21:00:00,0.07014,0.07045,0.06945,0.06987,18194477,1272118.66442,4820,9218805,644448.4244,-0.0005721642111286,ARPA-USDT,0.070186758496424,0.0699228873044856,
2022-04-20 22:00:00,0.06987,0.0704299999999999,0.0697899999999999,0.06989,12673443,888505.61973,3609,5288736,370789.29999,-0.0004290617848971,ARPA-USDT,0.0698443911335916,0.0699310201935461,
2022-04-20 23:00:00,0.06992,0.0708299999999999,0.06985,0.0705,11836136,832313.1783799999,3602,5462666,383992.66435,0.0,ARPA-USDT,0.0699931032767215,0.0699594654310298,
2022-04-21 00:00:00,0.07049,0.0714,0.07023,0.07137,14751342,1043785.21327,4577,6890060,487564.56201,-0.0007000840100811,ARPA-USDT,0.0704885255251225,0.0705021011476043,0.0001
2022-04-21 01:00:00,0.07136,0.0714,0.07084,0.07113,11287616,803141.70741,3544,5065253,360388.75825,0.0001406074240719,ARPA-USDT,0.0713455824378934,0.0713195536799179,
2022-04-21 02:00:00,0.07114,0.07144,0.07081,0.07106,9078436,645774.53759,2739,3074390,218689.15304,-0.0011245431543435,ARPA-USDT,0.0710676079488573,0.0710481637418016,
2022-04-21 03:00:00,0.0710799999999999,0.07116,0.07059,0.07097,7307312,517838.92914,2409,2687516,190416.78998,-0.0008447135013373,ARPA-USDT,0.0710484517327643,0.0709706430588812,
2022-04-21 04:00:00,0.071,0.07146,0.07081,0.07098,8334091,592593.22074,2661,4081722,290233.7986,-0.0001408649105507,ARPA-USDT,0.0710879462727518,0.0710808610021465,
2022-04-21 05:00:00,0.07098,0.07143,0.07003,0.07017,11647845,823938.70884,3505,5252843,371561.1331,-0.0005697194131889,ARPA-USDT,0.0710220453870854,0.0710329457796344,
2022-04-21 06:00:00,0.07017,0.07187,0.0696799999999999,0.07149,14724231,1045661.06767,5335,6587423,468074.85689,-0.0001398601398601,ARPA-USDT,0.0699510356271343,0.0700703370117749,
2022-04-21 07:00:00,0.07149,0.07286,0.07149,0.0719,29392321,2121784.34566,8979,13709427,989755.39634,-0.0004170721534824,ARPA-USDT,0.0715651416699512,0.0716791214800215,
2022-04-21 08:00:00,0.07192,0.07228,0.07161,0.07166,12312275,885561.75654,4982,5676805,408374.57413,-0.0008365867261573,ARPA-USDT,0.0719944559219561,0.071975603099092,0.0001
2022-04-21 09:00:00,0.07167,0.07187,0.0701,0.07056,18194505,1291187.03007,5406,7418082,526465.81409,-0.0015565303523418,ARPA-USDT,0.0717038890698909,0.0717630415858769,
2022-04-21 10:00:00,0.0705399999999999,0.07169,0.07022,0.07132,15453647,1099848.51502,4887,7512263,534586.39294,-0.000560538116592,ARPA-USDT,0.0705437349610224,0.0704399798131693,
2022-04-21 11:00:00,0.07135,0.07213,0.0711,0.07147,13092106,936816.80061,4496,6060326,433480.73571,-0.0005593623269473,ARPA-USDT,0.0712989102911649,0.0713740812692341,
2022-04-21 12:00:00,0.07148,0.07169,0.07059,0.07121,12313851,875167.67978,3950,4710846,334840.49467,-0.0002807805699845,ARPA-USDT,0.071496215585019,0.0715524337692991,
2022-04-21 13:00:00,0.07122,0.07164,0.07101,0.07141,10018517,713916.63031,3667,4891266,348654.45495,0.0002801512816921,ARPA-USDT,0.0712781076843693,0.0712689186466724,
2022-04-21 14:00:00,0.07141,0.07143,0.0702,0.0708299999999999,13362385,946724.47872,4081,5978391,423692.88857,-0.0002822865208198,ARPA-USDT,0.0713967734680742,0.0713158938971574,
2022-04-21 15:00:00,0.0708299999999999,0.07127,0.07038,0.07053,11507603,814708.40406,3969,5082087,359990.3587,0.0002836477095446,ARPA-USDT,0.0708159898906446,0.0708955279585627,
2022-04-21 16:00:00,0.07051,0.07086,0.06987,0.07016,8797438,619858.99453,3982,3952312,278539.301,-0.001138952164009,ARPA-USDT,0.0704803833237922,0.0704250345291154,0.0001
2022-04-21 17:00:00,0.07016,0.07061,0.06982,0.0699,7606651,533385.32206,3312,2667743,187139.57599,0.0002862049227247,ARPA-USDT,0.0701486873402432,0.0701475293655372,
2022-04-21 18:00:00,0.06988,0.07007,0.06939,0.06951,9145744,637986.3637699999,3516,3666431,255844.78337,-0.0010060362173038,ARPA-USDT,0.0697377491655222,0.0696040174124514,
2022-04-21 19:00:00,0.06952,0.06952,0.06761,0.06783,24984894,1709028.68767,7589,8961919,612419.24568,-0.0013250883392225,ARPA-USDT,0.0693761761090275,0.0690115591815225,
2022-04-21 20:00:00,0.06783,0.06815,0.06577,0.06656,23495018,1573248.03635,7169,10311536,690437.34123,-0.0004505180958102,ARPA-USDT,0.0677870199989846,0.0678546563423976,
2022-04-21 21:00:00,0.06652,0.06736,0.06644,0.0667799999999999,10847318,726922.116,3720,5520818,369990.8053,-0.0010471204188498,ARPA-USDT,0.0665309786481821,0.0667151435616091,
2022-04-21 22:00:00,0.06677,0.0668,0.0641,0.06586,25255462,1655860.36759,7166,10823737,710423.8132,-0.0012132241431603,ARPA-USDT,0.0667021357530555,0.066568459644659,
2022-04-21 23:00:00,0.06585,0.06614,0.06536,0.06601,8811913,579169.78938,2865,4627213,304149.39555,-0.0016636418632788,ARPA-USDT,0.0657586318932111,0.0657682449400942,
2022-04-22 00:00:00,0.06601,0.06698,0.06554,0.0666799999999999,10345603,686251.25406,3763,4995149,331393.3522,-0.0008990110878047,ARPA-USDT,0.0659761917779546,0.0658119719722406,8.315e-05
2022-04-22 01:00:00,0.06671,0.0670299999999999,0.06651,0.06686,5895731,393768.51212,2609,2911426,194509.81941,-0.0005979073243647,ARPA-USDT,0.0667019300558186,0.0666813781132048,
2022-04-22 02:00:00,0.06688,0.06713,0.06657,0.0667,6589174,440709.38365,2808,2885225,193054.60735,-0.000149902563334,ARPA-USDT,0.0669408612994948,0.0669335217711371,
2022-04-22 03:00:00,0.06667,0.06715,0.06654,0.06682,3559133,237990.58092,2186,2035656,136118.13742,0.0,ARPA-USDT,0.0666349327262843,0.0666156206812174,
2022-04-22 04:00:00,0.06682,0.06796,0.06679,0.0677799999999999,5503363,371119.30571,2282,2961034,199503.25019,-0.000294985250739,ARPA-USDT,0.0668269925063439,0.0669050728357662,
2022-04-22 05:00:00,0.06776,0.06841,0.06765,0.06795,7020792,477887.82647,2747,3648027,248351.4948,0.0001471886959081,ARPA-USDT,0.0677141418099441,0.0677977578240595,
2022-04-22 06:00:00,0.06798,0.06883,0.06798,0.06816,7402965,506618.46551,2919,3532838,241871.98565,-0.0002933411557642,ARPA-USDT,0.0680012737482216,0.0681310016404714,
2022-04-22 07:00:00,0.0681799999999999,0.0685,0.06709,0.06807,9536032,646376.3118,4036,4291916,290928.78067,-0.000440528634361,ARPA-USDT,0.0681916852214888,0.068187118266106,
2022-04-22 08:00:00,0.06808,0.06828,0.06733,0.06749,5546485,376331.12935,2516,2301773,156223.74924,-0.0004443127962086,ARPA-USDT,0.0679886817011522,0.0681142467537384,0.0001
2022-04-22 09:00:00,0.06747,0.06774,0.0664,0.06667,8209896,550601.66448,3196,3188716,213867.28558,-0.0005996102533355,ARPA-USDT,0.0675312147232014,0.0675334337529297,
2022-04-22 10:00:00,0.06665,0.06733,0.0662799999999999,0.06726,5753074,385137.48902,2313,3223269,215893.35896,-0.000891265597148,ARPA-USDT,0.0667680233926439,0.0665589702345894,
2022-04-22 11:00:00,0.06727,0.0676399999999999,0.06696,0.06751,5886587,396401.72771,2366,2893366,194863.4532,-0.0005921539600295,ARPA-USDT,0.0672690789976831,0.0672718886543749,
2022-04-22 12:00:00,0.06754,0.06841,0.0673899999999999,0.06786,10296698,698240.89791,3717,5850568,396868.17749,-0.000294637595757,ARPA-USDT,0.0675184723553851,0.0675166884891824,
2022-04-22 13:00:00,0.06781,0.06827,0.06657,0.06702,10389233,700804.89134,4192,5058558,341138.81524,0.0,ARPA-USDT,0.0680753675948312,0.0680012927260256,
2022-04-22 14:00:00,0.06704,0.06749,0.06614,0.06674,8335855,555768.04562,3840,4158745,277338.21656,-0.0001498127340825,ARPA-USDT,0.0671760064907497,0.0672486732273204,
2022-04-22 15:00:00,0.06672,0.06725,0.0661799999999999,0.06696,7405593,495273.25826,3449,3985886,266672.93435,-0.0001493205913094,ARPA-USDT,0.0667398352288248,0.0666205952492765,
2022-04-22 16:00:00,0.06694,0.06736,0.06637,0.0668,7748748,518083.2661,3487,3459999,231558.78704,0.0001497230124269,ARPA-USDT,0.0669385788323882,0.0667443146066779,0.0001
2022-04-22 17:00:00,0.06676,0.0674,0.06652,0.06688,5216104,349599.58533,2676,2568831,172171.32565,-0.0022378039683725,ARPA-USDT,0.0666476006377272,0.0667092886909518,
2022-04-22 18:00:00,0.06686,0.0671799999999999,0.06662,0.06679,8166695,545681.12816,3814,2990757,199885.57869,-0.0002993563837747,ARPA-USDT,0.0668456237939952,0.0668606282709431,
2022-04-22 19:00:00,0.0667799999999999,0.06724,0.0665,0.06672,6783817,453342.79263,3295,3309057,221226.13803,0.0001499025633338,ARPA-USDT,0.0667243609840649,0.0667215106855174,
2022-04-22 20:00:00,0.06672,0.06734,0.06655,0.06732,5105659,341063.36721,2203,2965419,198126.57354,-0.0004454342984407,ARPA-USDT,0.0667019326819733,0.066693579765583,
2022-04-22 21:00:00,0.06729,0.06731,0.06666,0.06679,4034839,270062.54916,1859,1801105,120543.98037,-0.0004489673750374,ARPA-USDT,0.0672522328975325,0.0671241768325335,
2022-04-22 22:00:00,0.0667799999999999,0.0667799999999999,0.06575,0.06659,7547168,500166.01812,2699,2948842,195345.6532,-0.0003002552169344,ARPA-USDT,0.066770802186898,0.0665847078792856,
2022-04-22 23:00:00,0.0666,0.0667799999999999,0.06622,0.06633,3571163,237557.49246,1741,907950,60431.31515,-0.0009037505648441,ARPA-USDT,0.0666467096886558,0.0666619291525033,
2022-04-23 00:00:00,0.06631,0.0668,0.06594,0.06602,5558982,368958.38815,2539,2512375,166750.56307,-0.00090799031477,ARPA-USDT,0.0663734389640744,0.06647830478738,0.0001
2022-04-23 01:00:00,0.06602,0.06695,0.06596,0.0666799999999999,5966211,397012.00449,2694,3550736,236209.7351,0.0006002400960369,ARPA-USDT,0.0660371123392124,0.0660690776817573,
2022-04-23 02:00:00,0.0666399999999999,0.0666399999999999,0.06586,0.0659299999999999,4174655,276554.31183,2243,1982647,131410.79,-0.000909228671012,ARPA-USDT,0.0665316961744132,0.0664269487885169,
2022-04-23 03:00:00,0.06592,0.06607,0.06533,0.06564,5276576,346389.89708,2099,1982904,130243.16305,-0.0013692377909628,ARPA-USDT,0.0659227016129032,0.0659697936008805,
2022-04-23 04:00:00,0.06564,0.06629,0.06482,0.0655299999999999,8920133,584393.37352,3331,3967655,260152.60987,-0.0003051106025949,ARPA-USDT,0.0658330216749824,0.0659068661379035,
2022-04-23 05:00:00,0.0655299999999999,0.06602,0.0654899999999999,0.06591,3273767,215310.36524,1863,1916807,126106.10145,-0.0010609275538041,ARPA-USDT,0.0655571153296902,0.0656892072419202,
2022-04-23 06:00:00,0.06591,0.06635,0.06587,0.06629,4108086,271517.49683,1841,2310746,152697.876,0.0,ARPA-USDT,0.0658956788622401,0.0659413659692127,
2022-04-23 07:00:00,0.06623,0.06645,0.06612,0.0663,2389983,158473.38464,1393,1125367,74623.21596,-0.000150806816468,ARPA-USDT,0.0662427732392576,0.066296137951642,
2022-04-23 08:00:00,0.06629,0.06677,0.06605,0.06667,3997235,265216.10358,1988,2432091,161442.10431999998,-0.0007494004796164,ARPA-USDT,0.0661242459273385,0.0661593496009886,0.0001
2022-04-23 09:00:00,0.06669,0.0702899999999999,0.06646,0.06855,56806820,3889489.76958,15737,27918774,1910591.02832,-0.001456664238893,ARPA-USDT,0.0666829392971246,0.0665992478764831,
2022-04-23 10:00:00,0.06855,0.06909,0.06682,0.0682,63957451,4349820.96661,16457,29900969,2032991.09578,-0.0010253405595429,ARPA-USDT,0.068891449314827,0.0684335440361707,
2022-04-23 11:00:00,0.0681799999999999,0.0687,0.06741,0.0677799999999999,21349657,1451459.40798,6657,11165971,759291.24238,-0.0001475143826539,ARPA-USDT,0.0681794754995789,0.0683124519043625,
2022-04-23 12:00:00,0.0678,0.0679,0.067,0.06762,14063763,949255.73881,4406,6928898,467845.93142,-0.0001478633742421,ARPA-USDT,0.0678289853455463,0.0676976879397965,
2022-04-23 13:00:00,0.06762,0.0677799999999999,0.06726,0.0673899999999999,7568306,510970.57524,3071,3229583,218047.17515,-0.0007413997627536,ARPA-USDT,0.0677387676113515,0.0676536821159234,
2022-04-23 14:00:00,0.06741,0.06772,0.06713,0.06767,6914819,466128.61664,2655,3194800,215336.26404,0.0002956393200295,ARPA-USDT,0.067499060678408,0.0674619620963479,
2022-04-23 15:00:00,0.06766,0.06829,0.0675,0.06761,11338972,770182.27268,4404,4887431,331880.56798,-0.0002957267484843,ARPA-USDT,0.0676763744373767,0.0677223532717381,
2022-04-23 16:00:00,0.06761,0.06812,0.06736,0.06761,8936628,605671.09553,2993,3738199,253319.37601,-0.0002957267484843,ARPA-USDT,0.0676561222549128,0.0675730049829247,0.0001
2022-04-23 17:00:00,0.0676,0.06777,0.0672799999999999,0.06769,8982283,606232.70805,3182,3519802,237566.74276,-0.0002953773445577,ARPA-USDT,0.0675713307907355,0.0674355561114037,
2022-04-23 18:00:00,0.06769,0.06771,0.06721,0.0673899999999999,4648156,313638.84122,2028,1937441,130747.73802,-0.0004449718184529,ARPA-USDT,0.0676951195916988,0.0676290619507447,
2022-04-23 19:00:00,0.06737,0.06765,0.06705,0.0672,6244980,420661.13055,2534,3427616,230942.64347,-0.0011890606420928,ARPA-USDT,0.0673094813898795,0.0673138696072634,
2022-04-23 20:00:00,0.0672,0.06756,0.0671799999999999,0.06754,3992368,269046.74291,2068,2228073,150138.19305,-0.0001480384900073,ARPA-USDT,0.0672019280306181,0.0673546871995951,
2022-04-23 21:00:00,0.06754,0.06767,0.06725,0.0674299999999999,4127662,278472.70239,1960,1752583,118250.89079,-0.0011850096282046,ARPA-USDT,0.0676264005316295,0.0675633263216449,
2022-04-23 22:00:00,0.0674299999999999,0.06945,0.06735,0.06831,43350275,2975332.47601,12329,22561127,1548923.38871,-0.0008775778850373,ARPA-USDT,0.067437999972006,0.0675248721858994,
2022-04-23 23:00:00,0.06831,0.06852,0.06675,0.06696,23360536,1579727.50594,6917,9698767,656433.38781,0.0,ARPA-USDT,0.0682087637659858,0.0682815321798094,
2022-04-24 00:00:00,0.06696,0.0677,0.06691,0.06735,8503920,572250.42284,3388,3955601,266166.53062,-0.0011864155420437,ARPA-USDT,0.0669693827871306,0.0670304845528725,0.0001
2022-04-24 01:00:00,0.06732,0.06785,0.06707,0.0671,7136231,481801.82851,2975,3196567,215797.31878,-0.0014880952380951,ARPA-USDT,0.0672706791919774,0.0674644784154941,
2022-04-24 02:00:00,0.06709,0.0677,0.06709,0.06742,4430086,298820.51282,2790,1625130,109584.59906,-0.0008891523414346,ARPA-USDT,0.067125332601952,0.0672093176591415,
2022-04-24 03:00:00,0.06742,0.06796,0.06732,0.0678,4503249,304719.55491,2504,2347830,158874.10205000002,-0.0007369196757552,ARPA-USDT,0.0674097920581391,0.0675612161512771,
2022-04-24 04:00:00,0.0678,0.06801,0.06741,0.06763,4586003,310625.80956,2204,2012932,136442.62407,-0.0016238559196929,ARPA-USDT,0.0678458928486463,0.0678766582048073,
2022-04-24 05:00:00,0.06762,0.06776,0.06729,0.06766,5046699,340579.90591000003,1916,2783727,187834.28193,-0.0008860011813349,ARPA-USDT,0.0676208064309915,0.0676794935692835,
2022-04-24 06:00:00,0.0676399999999999,0.0678899999999999,0.06745,0.06762,2974717,201244.60501,1779,1215542,82245.83751,-0.0002956830277942,ARPA-USDT,0.0676005270657374,0.0676093256093967,
2022-04-24 07:00:00,0.06761,0.06779,0.06724,0.0674299999999999,4049808,273319.35417,2121,1501886,101401.81139,-0.0010370370370385,ARPA-USDT,0.0676401553690013,0.0675991999485981,
2022-04-24 08:00:00,0.06745,0.06833,0.06738,0.0677,13248150,898851.9948,4591,6452663,437925.46572,0.0002955082742315,ARPA-USDT,0.0674880281014013,0.0674996450011168,0.0001
2022-04-24 09:00:00,0.06767,0.06792,0.06735,0.06742,8188892,553391.26798,2717,4086869,276263.59395,-0.0008891523414346,ARPA-USDT,0.0676207584855625,0.0675812051142436,
2022-04-24 10:00:00,0.06742,0.0676799999999999,0.06715,0.06726,6424493,433037.36162,2303,2604287,175653.44282,-0.0004458314757022,ARPA-USDT,0.0674584792333207,0.0675082864068469,
2022-04-24 11:00:00,0.06724,0.06738,0.06634,0.06659,8020073,535253.30204,2795,2772275,185115.94284,-0.0006003301815998,ARPA-USDT,0.0672379793814433,0.0672862687946874,
2022-04-24 12:00:00,0.06659,0.06677,0.06625,0.06662,5892002,392162.63621,2185,2843589,189312.78477,-0.0006000600060005,ARPA-USDT,0.0665937854172526,0.0665362150109092,
2022-04-24 13:00:00,0.06661,0.06665,0.06576,0.06636,7136561,472408.88504,2632,3182119,210790.10316,-0.000451875282422,ARPA-USDT,0.0665979756068396,0.0665644614119186,
2022-04-24 14:00:00,0.06636,0.06686,0.06594,0.0666,7575556,503303.06078,2913,3721524,247283.3524,-0.0009000900090007,ARPA-USDT,0.0663025672458655,0.0664031744287337,
2022-04-24 15:00:00,0.06661,0.0668899999999999,0.06633,0.06666,4079042,271844.96224,1978,2486068,165677.96366,-0.0001499925003749,ARPA-USDT,0.0667130972787535,0.0667433970403539,
2022-04-24 16:00:00,0.06666,0.06691,0.06565,0.06609,8957914,594046.75351,3556,4245215,281854.33301,-0.0010580411124546,ARPA-USDT,0.0666559393313467,0.0667449319408867,0.0001
2022-04-24 17:00:00,0.06609,0.06623,0.06508,0.06575,9196187,604045.05568,2870,4380104,287774.89264,-0.0006079951360389,ARPA-USDT,0.0661959536325491,0.0660636171756297,
2022-04-24 18:00:00,0.06575,0.06661,0.06568,0.0666,4515239,298806.29236,1990,1664591,110234.03842,-0.0006002400960384,ARPA-USDT,0.0657347765456634,0.0657355049586143,
2022-04-24 19:00:00,0.06661,0.06706,0.0666,0.06696,5894955,393970.8231,2393,2800546,187175.60175,-0.0002985965959987,ARPA-USDT,0.0667015938918911,0.066734284794042,
2022-04-24 20:00:00,0.06696,0.06704,0.06607,0.06616,4948788,329113.50878,2243,2289684,152343.40496,0.0004536518977771,ARPA-USDT,0.0669636892068777,0.0669825535677102,
2022-04-24 21:00:00,0.06615,0.06671,0.066,0.06671,2585444,171592.41793,1517,1261410,83738.08844,0.0005999700015,ARPA-USDT,0.0661534915224611,0.0661085690899855,
2022-04-24 22:00:00,0.06672,0.06686,0.06616,0.06631,5006020,333048.33379,2266,2368689,157561.93493,-0.0007534659433394,ARPA-USDT,0.0667270196935921,0.066627187220324,
2022-04-24 23:00:00,0.06631,0.0668,0.06601,0.06611,4024584,267346.4214,1776,1873788,124474.05926,-0.0010577213659715,ARPA-USDT,0.0663134740721008,0.0663771666968264,
2022-04-25 00:00:00,0.06611,0.06637,0.06204,0.06266,34786470,2218767.13286,9324,13089678,835157.86142,-0.0009566326530613,ARPA-USDT,0.0662495712304114,0.0661915876876489,0.0001
2022-04-25 01:00:00,0.06265,0.06323,0.06236,0.0631299999999999,9217437,579788.81793,3251,4877609,306882.36804000003,-0.0001583782071603,ARPA-USDT,0.0625114211854328,0.0627309587706396,
2022-04-25 02:00:00,0.06312,0.0636299999999999,0.06297,0.06347,30596072,1940482.83857,3643,16225567,1029273.66413,-0.0004724409448819,ARPA-USDT,0.0631430079917951,0.0631608815596184,
2022-04-25 03:00:00,0.06348,0.06441,0.06341,0.06429,7925242,507292.30927,2877,4799273,307179.07692,-0.0001555209953343,ARPA-USDT,0.0634858500777737,0.0634903305771435,
2022-04-25 04:00:00,0.06429,0.06442,0.06385,0.06387,5490244,352164.74108,2032,2447366,157052.37007,-0.0003130380341211,ARPA-USDT,0.0643443756291489,0.064304102363533,
2022-04-25 05:00:00,0.0638799999999999,0.06409,0.06319,0.06334,4880539,310735.69015,1785,2099004,133640.43498,-0.0004734101309767,ARPA-USDT,0.0638960559377612,0.0639163734801125,
2022-04-25 06:00:00,0.06335,0.06365,0.062,0.0622299999999999,11766425,739838.05426,4027,5649460,355478.04653,-0.0014441591784354,ARPA-USDT,0.0634184743142365,0.063366177212891,
2022-04-25 07:00:00,0.0621899999999999,0.06226,0.06046,0.06094,24463193,1497257.21857,6060,9039246,553273.73863,-0.0014746845813534,ARPA-USDT,0.0621398516917794,0.0616549362257279,
2022-04-25 08:00:00,0.06093,0.06117,0.0607399999999999,0.06084,7670323,467392.91745,2554,3279042,199823.61099,-0.0016409583196587,ARPA-USDT,0.0609042278124142,0.0608505589861483,0.0001
2022-04-25 09:00:00,0.06082,0.06154,0.06051,0.0615299999999999,7675370,468878.15461,2613,3803495,232310.33882,-0.0008119519324473,ARPA-USDT,0.0608195922733786,0.0608259364454231,
2022-04-25 10:00:00,0.0615299999999999,0.0617,0.06122,0.0613299999999999,5563195,341778.96594,1778,3149549,193506.50072,-0.0003259983700097,ARPA-USDT,0.0615079897612255,0.0615476861187161,
2022-04-25 11:00:00,0.06134,0.06282,0.06102,0.0627,12148535,752862.5571099999,3418,7477820,463576.24158,-0.0004782400765181,ARPA-USDT,0.0613147277904154,0.0612104861252815,
2022-04-25 12:00:00,0.0627,0.06369,0.06257,0.06323,10221004,646205.90189,3245,4471375,282644.14413000003,-0.0001581277672361,ARPA-USDT,0.0627022767136711,0.0627371905966916,
2022-04-25 13:00:00,0.0632,0.0638,0.06253,0.06284,11599589,732515.6120900001,3837,5707800,360556.46237,-0.0012714558169105,ARPA-USDT,0.0630620414663134,0.0629992529347754,
2022-04-25 14:00:00,0.06284,0.06393,0.0627,0.06343,8162807,516894.91149,2879,4229708,267817.43836,-0.0014168765743072,ARPA-USDT,0.062795871217128,0.0628270846126574,
2022-04-25 15:00:00,0.06343,0.0640299999999999,0.06321,0.06336,6295571,400537.57785,2309,2899723,184445.03028,-0.0009460737937559,ARPA-USDT,0.0634249993338958,0.0634882781681544,
2022-04-25 16:00:00,0.06335,0.06472,0.06317,0.06416,22644278,1454415.67521,4779,10992398,706087.85381,-0.0012453300124534,ARPA-USDT,0.0633446177918489,0.0632558661016387,4.78e-06
2022-04-25 17:00:00,0.06415,0.06488,0.06376,0.06386,12576959,809334.00226,3690,4248134,273332.37067,-0.0009386733416771,ARPA-USDT,0.0642472833448385,0.0642961749997133,
2022-04-25 18:00:00,0.0638799999999999,0.06491,0.06357,0.06469,31711235,2038884.94798,4781,16869142,1085409.7275800002,-0.0012351397251814,ARPA-USDT,0.0639014445228838,0.0637429730783679,
2022-04-25 19:00:00,0.06465,0.06485,0.06427,0.06469,17129097,1106126.06204,3888,8534185,551311.76089,-0.0012351397251814,ARPA-USDT,0.0647609377666646,0.0646209856888271,
2022-04-25 20:00:00,0.06468,0.06498,0.06414,0.06432,11805639,762857.80509,2786,6481641,419171.83525,0.0004666355576294,ARPA-USDT,0.0646818945320584,0.0646744977734817,
2022-04-25 21:00:00,0.06432,0.0646299999999999,0.06418,0.06446,8847932,570308.8460499999,2059,4119820,265535.31752,-0.0004651884013026,ARPA-USDT,0.0643313288445353,0.0642765629842957,
2022-04-25 22:00:00,0.06446,0.06494,0.06432,0.0647799999999999,19363727,1251011.26137,3557,9772604,631701.1223,-0.0004628915290867,ARPA-USDT,0.064545435968207,0.0645414285164618,
2022-04-25 23:00:00,0.06477,0.06506,0.06462,0.06489,5703336,370015.00932,1982,2682495,174025.90868,-0.0019993848046753,ARPA-USDT,0.0647954034453028,0.0647472619429112,
2022-04-26 00:00:00,0.06489,0.06594,0.0648,0.0656,10627417,695380.54069,3135,5914364,386923.22179,-0.0006093845216331,ARPA-USDT,0.0649705171901037,0.0650054988540261,-3.604e-05
2022-04-26 01:00:00,0.06559,0.06562,0.06506,0.06512,4722958,308734.80651,1988,1865088,121877.27986,-0.0012269938650306,ARPA-USDT,0.0655969271198975,0.065552112975439,
2022-04-26 02:00:00,0.06516,0.06526,0.06471,0.06496,4387139,285298.36394,1951,1411780,91793.44882,-0.0012300123001229,ARPA-USDT,0.065150533029299,0.0651818568192151,
2022-04-26 03:00:00,0.06492,0.06506,0.06473,0.06489,2616795,169865.18886,1330,1328038,86232.09078,0.0,ARPA-USDT,0.0649244397455962,0.0649371072918731,
2022-04-26 04:00:00,0.06489,0.06551,0.06475,0.06548,4165304,271171.16562,1645,2317000,150936.03512,-0.0007630093087136,ARPA-USDT,0.0649975819831149,0.0649439535846727,
2022-04-26 05:00:00,0.0654899999999999,0.06694,0.0654899999999999,0.06663,18343420,1215357.44079,4886,9693085,641999.13562,-0.0010494752623688,ARPA-USDT,0.0655687104619134,0.0656829159456798,
2022-04-26 06:00:00,0.06662,0.06719,0.066,0.06605,10691300,712563.43541,3991,5270487,351481.30272,-0.0004539951573849,ARPA-USDT,0.0666385961738583,0.0667529782195346,
2022-04-26 07:00:00,0.06606,0.06633,0.0657399999999999,0.06606,8844649,583774.22494,2735,4907402,323866.36915,-0.0013605442176871,ARPA-USDT,0.0660770941929583,0.0660077410303256,
2022-04-26 08:00:00,0.06605,0.06651,0.06588,0.06611,7980786,528174.37101,2866,3399860,225100.05061,-0.0003024345985179,ARPA-USDT,0.0659724004357394,0.0660430524602039,4.112e-05
2022-04-26 09:00:00,0.06612,0.06667,0.06595,0.06624,23244180,1540352.83993,4041,12276376,813942.19195,-0.0010556477152767,ARPA-USDT,0.0660704570071016,0.0661087693915705,
2022-04-26 10:00:00,0.06623,0.0664,0.0654899999999999,0.06561,5467423,360948.32302,2268,1799945,118927.8824,-0.0006092916984006,ARPA-USDT,0.0662918378046522,0.0663151798005178,
2022-04-26 11:00:00,0.06561,0.0657,0.0647,0.06517,15452029,1006088.31233,4180,7520447,489622.35477,-0.0015320974413971,ARPA-USDT,0.065606224318706,0.0655816043406327,
2022-04-26 12:00:00,0.0652,0.06551,0.06426,0.06455,21659057,1410275.14101,3993,10308711,671671.37096,-0.0003097413659595,ARPA-USDT,0.0652153374074352,0.0652597110647877,
2022-04-26 13:00:00,0.06456,0.0647,0.06317,0.06324,19006971,1216355.27016,4850,7879401,504251.41592,0.0,ARPA-USDT,0.0644037874935268,0.0645225577529889,
2022-04-26 14:00:00,0.06324,0.0634899999999999,0.06197,0.06212,20249897,1270152.36795,5545,7950654,499503.20484,-0.0006435006435006,ARPA-USDT,0.0631940338951045,0.0631980935031216,
2022-04-26 15:00:00,0.0621,0.06253,0.06102,0.0611,15843900,981402.59856,5135,7433623,461201.22519,-0.0014708285667592,ARPA-USDT,0.0620732981989917,0.0620313463858463,
2022-04-26 16:00:00,0.06109,0.0619,0.0607,0.06187,12526737,769906.22119,4378,6353145,390643.54842,-0.0009688357823348,ARPA-USDT,0.0611470780994663,0.061109382953503,1.507e-05
2022-04-26 17:00:00,0.06187,0.0619299999999999,0.06092,0.06147,12779617,784545.11354,3524,6743172,414042.97143,0.0003254678600488,ARPA-USDT,0.0618775833673134,0.0617520970142957,
2022-04-26 18:00:00,0.06141,0.06145,0.0607399999999999,0.06145,7750375,474017.09283,2487,3701380,226518.49198,-0.001462463438414,ARPA-USDT,0.0613762481628109,0.0611812535570897,
2022-04-26 19:00:00,0.0614799999999999,0.06166,0.05921,0.06,17541288,1055267.98152,5199,6973287,419378.31538,-0.001497753369945,ARPA-USDT,0.0614853728256765,0.061416711823034,
2022-04-26 20:00:00,0.06001,0.06042,0.0592899999999999,0.06009,13358143,800326.1697,3735,6804674,407878.92133,-0.0008313934153642,ARPA-USDT,0.0600892056517088,0.060117664938647,
2022-04-26 21:00:00,0.06012,0.0611899999999999,0.05993,0.06094,6821614,412342.03079,2267,3483649,210535.88503,-0.0022920759659462,ARPA-USDT,0.0600888968967383,0.0600280295309241,
2022-04-26 22:00:00,0.06096,0.06195,0.06067,0.06076,15196698,931208.23275,4056,7408568,454215.25393,0.0004939897908777,ARPA-USDT,0.0610060681664241,0.0609720930937551,
2022-04-26 23:00:00,0.06075,0.0607799999999999,0.05907,0.06,12167710,726846.77662,4338,6135015,366522.16377,-0.0013315579227697,ARPA-USDT,0.0607168611970011,0.0606714825201509,
2022-04-27 00:00:00,0.06001,0.06065,0.0597,0.06055,7885979,474556.28362,3076,4092231,246202.23048,-0.0009899356541824,ARPA-USDT,0.0599783866356588,0.0599884165824463,-2.494e-05
2022-04-27 01:00:00,0.06055,0.06137,0.06047,0.06137,4588774,279954.86314,2212,2498074,152429.02387,-0.0004885993485342,ARPA-USDT,0.0605791221694727,0.0606398687511553,
2022-04-27 02:00:00,0.06137,0.06145,0.0610299999999999,0.06125,12037362,737853.0517499999,2352,5775913,354147.93402,-0.0009786331756647,ARPA-USDT,0.0612593296350346,0.0612372167432878,
2022-04-27 03:00:00,0.0612799999999999,0.06132,0.06084,0.0609,4015941,245293.95839,2026,1692337,103348.61495,-0.0001641766540797,ARPA-USDT,0.0612842879150975,0.0612449410232534,
2022-04-27 04:00:00,0.06089,0.06161,0.0607299999999999,0.0614899999999999,4811484,294517.40235,1865,2698717,165243.49794,-0.0009748172217726,ARPA-USDT,0.0608832857867948,0.060792318518729,
2022-04-27 05:00:00,0.0614799999999999,0.0624399999999999,0.0614399999999999,0.06197,6485641,401742.00014,2584,3402926,210778.83342,-0.0004838709677419,ARPA-USDT,0.0615297547973012,0.06155080086104,
2022-04-27 06:00:00,0.06197,0.06245,0.06162,0.0623299999999999,5747198,356707.86856000003,2014,3125680,193917.82096,-0.0004810776138566,ARPA-USDT,0.0620186619018498,0.0619987218841409,
2022-04-27 07:00:00,0.0623,0.0629,0.0621799999999999,0.06287,7024084,439693.27788,2258,3529246,220894.06988,-0.0011121703209405,ARPA-USDT,0.062378558733685,0.0623733166997821,
2022-04-27 08:00:00,0.0629,0.06291,0.06135,0.06185,8234569,512733.76644,2818,2967785,184575.18625,0.0,ARPA-USDT,0.0627946786900969,0.0627399078049047,0.0001
2022-04-27 09:00:00,0.06184,0.06271,0.06165,0.06257,16208643,1006305.2389,2906,8694456,540221.84576,-0.000958007344723,ARPA-USDT,0.0618319861747343,0.0618798488542426,
2022-04-27 10:00:00,0.06258,0.06267,0.0621899999999999,0.06266,5241425,327109.65237,1684,2959119,184693.20838,-0.0004785452225235,ARPA-USDT,0.0625838339631618,0.0625250838707082,
2022-04-27 11:00:00,0.0625899999999999,0.06265,0.0612299999999999,0.0618,6411463,396084.62114,2317,3045559,188034.82503,-0.0004852013585638,ARPA-USDT,0.0625942981363425,0.0625522426035556,
2022-04-27 12:00:00,0.06181,0.0623299999999999,0.06177,0.06196,4648678,288319.67255,1714,2278796,141327.34125,-0.0003226847370119,ARPA-USDT,0.0619008437338956,0.0621143892083447,
2022-04-27 13:00:00,0.0619899999999999,0.06319,0.06182,0.0628,7998071,500464.89329,2938,4301031,268956.99421000003,-0.0006365372374284,ARPA-USDT,0.0620258671079919,0.0621239483339585,
2022-04-27 14:00:00,0.06279,0.06346,0.06172,0.06265,27296014,1708136.01334,6678,14203586,889274.61045,-0.0007974481658693,ARPA-USDT,0.0629103637638933,0.0625167719312394,
2022-04-27 15:00:00,0.06265,0.06291,0.06214,0.06227,8790837,549467.14122,2806,3966765,247910.20137,-0.0006419515326592,ARPA-USDT,0.0627099675538935,0.0627223913557976,
2022-04-27 16:00:00,0.06227,0.06256,0.06141,0.0615,13210769,819608.67412,4203,4972835,308849.10602,-0.001299123091913,ARPA-USDT,0.0622877191548313,0.0623567028264952,0.0001
2022-04-27 17:00:00,0.0615,0.06157,0.06091,0.06146,8952457,548299.82456,2645,3800367,232864.99069,-0.0004878842088145,ARPA-USDT,0.0614192411860668,0.0612906314371246,
2022-04-27 18:00:00,0.0614799999999999,0.0617,0.0609,0.06113,14627475,897680.77126,2795,7317120,449609.01929,-0.0003270645952576,ARPA-USDT,0.0614827786718564,0.0615592631458292,
2022-04-27 19:00:00,0.0611,0.06122,0.06061,0.06084,12976956,790733.32718,2791,6280470,382842.33203,-0.0024594195769799,ARPA-USDT,0.0611255395706607,0.0610819479713171,
2022-04-27 20:00:00,0.06086,0.0615299999999999,0.06086,0.06115,5600159,342900.66747,1842,2722411,166670.74308,-0.0014696276943174,ARPA-USDT,0.0608994993389464,0.060956646506168,
2022-04-27 21:00:00,0.06118,0.06163,0.0611,0.0614899999999999,2343651,143642.31905,1238,1095581,67149.087,-0.0004876462938897,ARPA-USDT,0.0611555548099046,0.0612029048504734,
2022-04-27 22:00:00,0.0614899999999999,0.06249,0.06143,0.0619799999999999,9758362,605018.78656,2859,5634929,349166.64491000003,-0.0011281224818709,ARPA-USDT,0.0615348868708568,0.0615457346818923,
2022-04-27 23:00:00,0.06196,0.0624399999999999,0.06184,0.0624,4779877,297426.10124,1597,2625880,163450.21883,-0.0004805382027871,ARPA-USDT,0.061876099387726,0.0619091586593727,
2022-04-28 00:00:00,0.06241,0.0624399999999999,0.06184,0.06224,5246734,326347.99785,1856,2231002,138807.03736,-0.0008026970621287,ARPA-USDT,0.0623052143849808,0.0622587633430851,0.0001
2022-04-28 01:00:00,0.06225,0.0626,0.06162,0.0617799999999999,10809264,673987.44865,2210,5186481,323470.55492,-0.0001618384851933,ARPA-USDT,0.0622764221912882,0.0622456172085271,
2022-04-28 02:00:00,0.0617799999999999,0.06245,0.06159,0.0624299999999999,5797627,359990.92702,1534,2791299,173318.65551,-0.0006403073475282,ARPA-USDT,0.0617614059343805,0.0617189568885933,
2022-04-28 03:00:00,0.06242,0.06298,0.06216,0.06241,9505356,595405.12614,2382,4762769,298430.95674,0.0001602564102565,ARPA-USDT,0.0623935481461889,0.062315873705835,
2022-04-28 04:00:00,0.06242,0.06312,0.06239,0.06293,29025157,1821765.67742,6349,14873430,933664.19256,-0.0006352231221216,ARPA-USDT,0.0624482479462529,0.0626802818931026,
2022-04-28 05:00:00,0.06293,0.06298,0.06196,0.0622299999999999,19309716,1205937.86176,4763,7771926,485590.44813,-0.0012839030653201,ARPA-USDT,0.06285537126166,0.0628339401742712,
2022-04-28 06:00:00,0.0622799999999999,0.06265,0.0621799999999999,0.06229,11879231,741681.70184,2894,5625147,351274.31386,-0.0004813863928113,ARPA-USDT,0.0623811163928107,0.0624458088843346,
2022-04-28 07:00:00,0.06231,0.06305,0.06226,0.06273,10364368,650404.49905,2828,5206678,326735.44962,-0.001432664756447,ARPA-USDT,0.062305769392206,0.0623908433483838,
2022-04-28 08:00:00,0.0627,0.06329,0.0622799999999999,0.06301,15569220,979841.21227,3482,6811992,429212.1104,0.0003175107159865,ARPA-USDT,0.0627831386402267,0.0625968010359826,0.0001
2022-04-28 09:00:00,0.06305,0.0634899999999999,0.06301,0.06314,10830813,685083.49678,2638,4715883,298370.12008,-0.0003166561114628,ARPA-USDT,0.0631436139473714,0.0631393848638322,
2022-04-28 10:00:00,0.06315,0.0632799999999999,0.0626,0.06271,8426815,529880.2411399999,3031,3382471,212662.50849,-0.0003188267176787,ARPA-USDT,0.0632092551771569,0.0632022215802632,
2022-04-28 11:00:00,0.0627,0.06315,0.0626299999999999,0.0631,6361394,399905.6135,1896,3334996,209714.55456,-0.0006335128286347,ARPA-USDT,0.0627216320918239,0.0626846979643049,
2022-04-28 12:00:00,0.06309,0.06322,0.06163,0.06186,13162375,821683.27591,3448,3996050,249648.68677,-0.00209711243749,ARPA-USDT,0.0631546435132624,0.0631156813335274,
2022-04-28 13:00:00,0.06187,0.06196,0.06106,0.06132,13658490,839991.99846,3906,7138968,439244.90717,-0.0004889975550123,ARPA-USDT,0.0618302750169438,0.0618167094776675,
2022-04-28 14:00:00,0.0613299999999999,0.0617,0.0604799999999999,0.0615,10398872,634923.37897,3155,6145833,375523.50737,-0.001299123091913,ARPA-USDT,0.0611019444426807,0.0607910753162676,
2022-04-28 15:00:00,0.06152,0.06262,0.0611899999999999,0.06166,13268753,821602.48143,3797,7144226,442069.99716,-0.0011339705167665,ARPA-USDT,0.0615577125152894,0.0616416153163791,
2022-04-28 16:00:00,0.06163,0.06238,0.06093,0.06224,7681222,473606.09181,2584,3635577,224068.2351,-0.0009630818619583,ARPA-USDT,0.0614959773465581,0.0614962837841833,0.0001
2022-04-28 17:00:00,0.06229,0.0624299999999999,0.0617299999999999,0.06242,6415888,398524.05089,2260,2661307,165371.13972,-0.0011201792286764,ARPA-USDT,0.0623142784035131,0.0621996530824952,
2022-04-28 18:00:00,0.0624399999999999,0.06261,0.06211,0.0621799999999999,6769796,422505.3479,2116,3233374,201878.95297,-0.0006428801028623,ARPA-USDT,0.0624233766034694,0.0624836558584461,
2022-04-28 19:00:00,0.0621799999999999,0.06262,0.06162,0.0618,5614173,348749.04921,2015,2360082,146753.90581,-0.0004852013585638,ARPA-USDT,0.0622213568238213,0.0621903548918364,
2022-04-28 20:00:00,0.06177,0.0622299999999999,0.06147,0.06181,5535920,342519.18671,2055,2691677,166450.6555,-0.0006467259498788,ARPA-USDT,0.0617563668400422,0.0616971416298559,
2022-04-28 21:00:00,0.0618,0.06204,0.0611,0.06166,4549154,280197.91058,1731,2038223,125524.2859,0.0006491398896462,ARPA-USDT,0.0617313973053154,0.0617448359374024,
2022-04-28 22:00:00,0.06167,0.06168,0.0611,0.0615,4690251,287977.58642,1628,2315814,142185.41524,-0.0003250975292587,ARPA-USDT,0.0616179676398845,0.0615200009235033,
2022-04-28 23:00:00,0.06151,0.06207,0.0611899999999999,0.06192,7392359,456285.81936,2392,4014467,247804.08779,-0.0011292143894177,ARPA-USDT,0.0615254404822254,0.0614080079346757,
2022-04-29 00:00:00,0.06195,0.0622,0.06165,0.062,4555697,282369.06403,1511,2432349,150754.80833,0.0004841052121995,ARPA-USDT,0.0618938554316203,0.0618825454997416,0.0001
2022-04-29 01:00:00,0.06201,0.06217,0.06185,0.0619299999999999,13685049,848586.5384000001,2107,7068234,438479.46249,-0.0006454736162674,ARPA-USDT,0.0620241272278059,0.0620329358502294,
2022-04-29 02:00:00,0.06191,0.06191,0.06047,0.0609,9469529,578718.7638900001,2636,3646478,222505.06322,-0.0006563833278634,ARPA-USDT,0.0618217448509039,0.0617445344558229,
2022-04-29 03:00:00,0.06092,0.0612299999999999,0.06075,0.06089,4766596,290662.65197,1766,2148526,131046.09135,-0.0008204791598294,ARPA-USDT,0.0608957310475197,0.0610412161672071,
2022-04-29 04:00:00,0.06088,0.06096,0.06026,0.06093,5223866,316631.39051,1679,2165549,131339.34661,-0.0004921259842519,ARPA-USDT,0.0608781095247408,0.0608210341457298,
2022-04-29 05:00:00,0.06097,0.06156,0.06093,0.0613299999999999,6600680,404123.11401,1842,3249972,199015.39778,-0.0001630257580713,ARPA-USDT,0.0610059066061686,0.0610426828755776,
2022-04-29 06:00:00,0.06129,0.06164,0.06084,0.0616,4283581,262445.62852,1523,2934695,179806.20146,-0.0001623113130984,ARPA-USDT,0.0611970766895723,0.0611275379089483,
2022-04-29 07:00:00,0.06154,0.06188,0.06142,0.06179,3912016,241300.05168,1474,2303127,142139.06779,-0.0011315874555447,ARPA-USDT,0.0615844958826781,0.0615317272302974,
2022-04-29 08:00:00,0.06184,0.0621799999999999,0.06138,0.0614399999999999,6782374,419054.61644,2105,3362800,207789.293,-0.000488042947781,ARPA-USDT,0.0618191402100807,0.0618430609660426,0.0001
2022-04-29 09:00:00,0.06142,0.06142,0.06077,0.06085,6332002,386734.90743,2183,3031888,185182.73181,-0.0008210180623974,ARPA-USDT,0.0612943439617247,0.0612109070379632,
2022-04-29 10:00:00,0.0608299999999999,0.0609799999999999,0.0588299999999999,0.05942,12774559,764258.08665,3477,5309266,317557.18568,-0.0006727211570803,ARPA-USDT,0.0608064712829857,0.0607711127441383,
2022-04-29 11:00:00,0.05939,0.0594899999999999,0.0586799999999999,0.05911,9925004,587186.13045,2982,4723441,279504.63789,-0.0003382377811601,ARPA-USDT,0.0593006799731207,0.0593218908535343,
2022-04-29 12:00:00,0.05911,0.06037,0.05891,0.0600799999999999,10823858,647438.55139,3463,6398471,382602.61798,-0.0004990850108151,ARPA-USDT,0.0591369363722174,0.0590942712386182,
2022-04-29 13:00:00,0.0600799999999999,0.06044,0.05971,0.06031,8323290,499802.89039,2686,3987200,239458.69227,-0.0001657824933686,ARPA-USDT,0.0600083567128,0.0600538238039468,
2022-04-29 14:00:00,0.0603,0.06037,0.05951,0.05972,5053326,302733.08884,1929,2345549,140453.3148,-0.0001674200569227,ARPA-USDT,0.0602820414429559,0.0602722457213098,
2022-04-29 15:00:00,0.05972,0.06006,0.05945,0.0598,4975518,297442.82631,1978,2906192,173764.89604,-0.0008354218880535,ARPA-USDT,0.059717131859811,0.0597509297576814,
2022-04-29 16:00:00,0.05981,0.06005,0.05878,0.05917,8178168,485499.26369,2879,4056394,240857.67879,0.0,ARPA-USDT,0.0598816676576576,0.0598227763531189,0.0001
2022-04-29 17:00:00,0.05917,0.05934,0.05874,0.05921,6280130,371277.28848,1883,2978923,176220.16194,-0.0011808367071525,ARPA-USDT,0.0591502394824301,0.0591708695529232,
2022-04-29 18:00:00,0.05921,0.0592899999999999,0.05776,0.05822,9050205,528980.65454,2645,3738607,218906.35063,-0.0001717327837883,ARPA-USDT,0.0591411322076321,0.0591558110850857,
2022-04-29 19:00:00,0.05822,0.05832,0.05596,0.05652,22679600,1296251.56267,5178,7698653,440951.63516,0.0005310674455656,ARPA-USDT,0.0581854892927803,0.0582190834774108,
2022-04-29 20:00:00,0.0565,0.05719,0.05631,0.05702,10566631,600719.50436,2753,6045388,343820.30065,-0.0015759061460339,ARPA-USDT,0.0565392209368439,0.0565873677689498,
2022-04-29 21:00:00,0.05704,0.05728,0.0567,0.0569299999999999,5232505,298469.71953,1573,2939999,167761.00454,-0.0007021239248745,ARPA-USDT,0.0570807013103697,0.0569939817127488,
2022-04-29 22:00:00,0.05695,0.05715,0.05634,0.0571299999999999,3877055,220484.64945,1336,1950872,110961.82683,-0.0006996676578642,ARPA-USDT,0.0569323938726227,0.056836582153116,
2022-04-29 23:00:00,0.0571399999999999,0.0575799999999999,0.05699,0.05752,6361169,364626.73095,1759,3980643,228224.74496,-0.0015622287797257,ARPA-USDT,0.057132984321321,0.0571478756120744,
2022-04-30 00:00:00,0.0575,0.0580399999999999,0.05717,0.05802,6490312,374114.18076,1891,3556147,205141.76482,-0.000516795865633,ARPA-USDT,0.0574759923668284,0.0574329360283671,0.0001
2022-04-30 01:00:00,0.05802,0.0584,0.0578,0.0582,3523641,204829.34041,1278,1558621,90627.54897,-0.0005151983513651,ARPA-USDT,0.0580457822979737,0.0581169730069322,
2022-04-30 02:00:00,0.05823,0.0589299999999999,0.05823,0.05836,5210777,305076.5437,1565,2457309,143857.79247,-0.0018813066529844,ARPA-USDT,0.0582982390647911,0.0584559186866186,
2022-04-30 03:00:00,0.05839,0.0585399999999999,0.05773,0.0578,3999799,232115.12495,1255,1634655,94849.64168,-0.0008643042350907,ARPA-USDT,0.0583737368934682,0.0583287459688305,
2022-04-30 04:00:00,0.0578799999999999,0.05825,0.05781,0.0580799999999999,4306047,250021.93644,1167,2254560,130894.1973,-0.0005162622612303,ARPA-USDT,0.0579150455049944,0.0579985273799521,
2022-04-30 05:00:00,0.0581299999999999,0.05873,0.05798,0.0586299999999999,6193303,361269.40735,1295,2861779,166879.39279,-0.0003410059676062,ARPA-USDT,0.058157254803533,0.0581750307897071,
2022-04-30 06:00:00,0.05867,0.05882,0.05826,0.05877,4045056,237203.7434,1235,2160536,126676.47555,-0.0006801564359802,ARPA-USDT,0.0587399200438685,0.0587503892605893,
2022-04-30 07:00:00,0.05877,0.05896,0.05828,0.05861,6454872,378166.84102,1773,3319642,194438.34159,-0.0010226691665246,ARPA-USDT,0.0588358361884187,0.0587005392472773,
2022-04-30 08:00:00,0.0586299999999999,0.05873,0.0576299999999999,0.0584,8829933,513939.82472,2557,4202924,244636.87669,-0.0005134348793428,ARPA-USDT,0.0585754652372352,0.0584001640187921,0.0001
2022-04-30 09:00:00,0.0584,0.0588299999999999,0.05817,0.0585,11307345,661870.1049200001,1968,5649166,330931.20253,-0.0005125576627369,ARPA-USDT,0.0584398752407605,0.0583593170086874,
2022-04-30 10:00:00,0.05849,0.05872,0.05802,0.05839,10111409,589822.35907,1942,4827878,281808.83856,-0.0003424071220681,ARPA-USDT,0.0584969942172501,0.0584431634133231,
2022-04-30 11:00:00,0.0583799999999999,0.05885,0.0583799999999999,0.05867,4774693,280100.83912,1403,2441591,143136.09617,-0.0010216243827685,ARPA-USDT,0.0583981754084119,0.0584707916594648,
2022-04-30 12:00:00,0.05866,0.0589,0.0584,0.05867,5541237,325093.26969,1489,2738216,160699.52849,-0.000340773555972,ARPA-USDT,0.0587742865844815,0.0587444026372016,
2022-04-30 13:00:00,0.0586299999999999,0.0591799999999999,0.05779,0.05792,9684221,566415.86641,2429,4023167,235443.37578,-0.0008625150940141,ARPA-USDT,0.0586259966034161,0.0586275399243821,
2022-04-30 14:00:00,0.05798,0.0581799999999999,0.05625,0.05645,15212921,871978.25156,3666,6694252,383677.27064,-0.0017683465959328,ARPA-USDT,0.05802867376142,0.0578502714421096,
2022-04-30 15:00:00,0.0564299999999999,0.05697,0.05605,0.05678,10999501,622850.32977,2878,5332497,302133.33209,-0.0021089630931458,ARPA-USDT,0.0563954478085679,0.0563386391575365,
2022-04-30 16:00:00,0.05676,0.0571399999999999,0.05628,0.05641,9051016,514172.6663,2067,4240365,240994.93542,-0.0012393767705382,ARPA-USDT,0.0567651482396079,0.0567159394157305,0.0001
2022-04-30 17:00:00,0.05642,0.05642,0.05532,0.0555,11888250,665328.72085,3100,5668090,317446.85113,-0.0005402485143166,ARPA-USDT,0.0563103338309993,0.0561951042631792,
2022-04-30 18:00:00,0.0555,0.05582,0.05534,0.0557799999999999,8972403,498767.24716,2200,4644559,258254.55527,0.0003586800573871,ARPA-USDT,0.0554569342538426,0.0555963794024211,
2022-04-30 19:00:00,0.05574,0.05636,0.05554,0.05617,8044335,448961.7481,2097,3705880,206931.29724,-0.0010670460608217,ARPA-USDT,0.0557706508978651,0.0557458374275879,
2022-04-30 20:00:00,0.05615,0.05628,0.0556899999999999,0.05581,6991560,391598.36508,1451,3651938,204561.01165,-0.0008950948800573,ARPA-USDT,0.0561036805188777,0.0561997851847672,
2022-04-30 21:00:00,0.05579,0.0558899999999999,0.05525,0.05529,4114574,228501.49505,1269,1597715,88787.52417,-0.0009035056017347,ARPA-USDT,0.055759947332102,0.055798318086027,
2022-04-30 22:00:00,0.05527,0.05527,0.05388,0.0540799999999999,15942782,869499.5045,3719,7366883,401656.06537,-0.0018456995201199,ARPA-USDT,0.0550422396158526,0.0547100685923843,
2022-04-30 23:00:00,0.05412,0.0544299999999999,0.04835,0.05132,95537015,4856056.22337,17268,46612340,2368351.05359,-0.0013621327106441,ARPA-USDT,0.0542359543264664,0.0538859627147077,
2022-05-01 00:00:00,0.0512899999999999,0.0519,0.05057,0.05117,26941809,1385185.8458,5214,13403436,689515.03445,-0.0015609756097559,ARPA-USDT,0.0512831524015699,0.0514699047065789,5.485e-05
2022-05-01 01:00:00,0.05113,0.0518299999999999,0.05,0.05167,18259633,931700.49198,3736,8803691,449232.21211,-0.0005802707930367,ARPA-USDT,0.0510694521768242,0.0512775895851399,
2022-05-01 02:00:00,0.05168,0.05202,0.05112,0.0512,9342459,481994.40939,2270,4216008,217704.11705,-0.001560062402496,ARPA-USDT,0.051571961355741,0.0515418638797364,
2022-05-01 03:00:00,0.05122,0.05166,0.0511,0.05146,22724201,1169797.52589,2658,11359261,585236.14589,-0.0007766990291261,ARPA-USDT,0.0512281588513418,0.051217768710301,
2022-05-01 04:00:00,0.05149,0.05161,0.05097,0.05125,7791892,399552.41366,1678,3937875,202000.25561,-0.0005850234009361,ARPA-USDT,0.051521319983551,0.0515565387234292,
2022-05-01 05:00:00,0.05126,0.0525299999999999,0.05113,0.05223,12391377,643498.96827,2521,6146683,319079.69067,-0.0013384321223709,ARPA-USDT,0.0513025813031648,0.0512585335231556,
2022-05-01 06:00:00,0.0522399999999999,0.05252,0.05192,0.05198,8263950,432086.56029,1871,4268650,223240.33394,-0.0009609840476648,ARPA-USDT,0.0522285899932147,0.0522405740903198,
2022-05-01 07:00:00,0.0519899999999999,0.05221,0.05168,0.05185,6354061,330288.25433,1391,3146570,163597.16496,0.0003858769052671,ARPA-USDT,0.0519415223084981,0.051988149349409,
2022-05-01 08:00:00,0.0518299999999999,0.05246,0.05177,0.05241,7595446,396353.26759,1651,3614621,188605.85907,-0.0009531071292413,ARPA-USDT,0.0518321170007025,0.0519092766452671,-7.496e-05
2022-05-01 09:00:00,0.05243,0.05257,0.05173,0.0521299999999999,7997955,417496.15865,1661,4238964,221394.78637,-0.0009582215408221,ARPA-USDT,0.05247302631171,0.0524737724202046,
2022-05-01 10:00:00,0.0521299999999999,0.0525399999999999,0.05202,0.05216,6541374,341838.19025,1497,3611815,188797.74741,-0.0007662835249042,ARPA-USDT,0.052149856063974,0.0521249543784232,
2022-05-01 11:00:00,0.05218,0.05226,0.05147,0.05151,7672411,398150.38331,1736,3484629,180893.59579,-0.000194099378882,ARPA-USDT,0.0522404090787431,0.0521761027379106,
2022-05-01 12:00:00,0.05151,0.05198,0.0510199999999999,0.0515799999999999,8034799,413619.74537,2102,3929853,202360.81295,-0.0003875968992268,ARPA-USDT,0.0515924894590687,0.0515193505894744,
2022-05-01 13:00:00,0.05161,0.05225,0.05142,0.0517799999999999,20777988,1077664.47599,4013,10739318,556993.3364,-0.0019275250578276,ARPA-USDT,0.0516697486913333,0.0515556890768693,
2022-05-01 14:00:00,0.0517799999999999,0.05198,0.05139,0.05156,10887566,563196.14945,2714,5828052,301574.37813,-0.0021288949100057,ARPA-USDT,0.0517198566344687,0.0517705195887462,
2022-05-01 15:00:00,0.05159,0.05392,0.05157,0.05356,19043744,1004202.81508,4739,9584891,505749.58021,-0.0009326618168251,ARPA-USDT,0.0516229701674898,0.0517134135532557,
2022-05-01 16:00:00,0.05359,0.05456,0.05338,0.05397,19175877,1034554.00934,5085,8879245,479400.20709,-0.0003704389701797,ARPA-USDT,0.0535546406966666,0.0535819616677769,-0.00011217
2022-05-01 17:00:00,0.0539899999999999,0.0544299999999999,0.05357,0.0536,8105466,437342.78107,2519,3694520,199358.56684,-0.0009319664492078,ARPA-USDT,0.0540590516145011,0.0540887473408383,
2022-05-01 18:00:00,0.0536,0.05367,0.0521,0.05211,10188975,538735.00779,3010,4340666,229604.10771,-0.0017241379310346,ARPA-USDT,0.0536218170878997,0.0534950286351588,
2022-05-01 19:00:00,0.05211,0.05242,0.05143,0.0521,16211658,843100.81602,4190,7563027,393514.85018,-0.0021068760773798,ARPA-USDT,0.0521283215276303,0.0520788118596713,
2022-05-01 20:00:00,0.0520799999999999,0.05312,0.0519,0.05301,13458762,704129.67001,3059,6608671,345856.18842,-0.0015068751177245,ARPA-USDT,0.0522039972845546,0.0521153922539259,
2022-05-01 21:00:00,0.0529899999999999,0.0530799999999999,0.05197,0.0523,8149368,428114.98093,2085,3865769,202830.09585,-0.0007642338555597,ARPA-USDT,0.0529832186548899,0.052963861050241,
2022-05-01 22:00:00,0.0523,0.05285,0.05222,0.05242,5424228,284952.0534,1448,2879556,151361.10853,-0.0009529254812273,ARPA-USDT,0.0523465294761981,0.0524527920626789,
2022-05-01 23:00:00,0.05244,0.0537299999999999,0.0522399999999999,0.05326,17210227,914514.13937,3436,11067726,587740.36682,-0.0005629574028898,ARPA-USDT,0.0523981735012608,0.0524226306903439,
2022-05-02 00:00:00,0.0532399999999999,0.0541,0.05304,0.05341,12370733,663072.07741,2488,5800868,311097.80423,0.0015000937558595,ARPA-USDT,0.0532500105779401,0.0532296780184013,-0.00013068
2022-05-02 01:00:00,0.05341,0.05371,0.053,0.0531,10696690,571054.53273,2253,6097359,325503.65873,-0.0003765060240963,ARPA-USDT,0.0535218407345222,0.0534476790715397,
2022-05-02 02:00:00,0.0531,0.05317,0.05259,0.05311,7606773,402687.57441,1550,3136174,166122.10905,-0.000752587017874,ARPA-USDT,0.0530434412957782,0.0530063962590727,
2022-05-02 03:00:00,0.05312,0.0532399999999999,0.0528299999999999,0.0528799999999999,7988810,423467.83574,1663,2605169,138125.60932,-0.000755857898717,ARPA-USDT,0.0531704623604624,0.0531794452825953,
2022-05-02 04:00:00,0.0528799999999999,0.05351,0.05257,0.0533,16771855,891595.89181,2421,9968386,530263.52362,-0.0014986886474334,ARPA-USDT,0.0530204724777239,0.0529896600365786,
2022-05-02 05:00:00,0.05331,0.05387,0.05327,0.05375,20054351,1072895.40127,3278,9869995,528081.63437,-0.0020423319717787,ARPA-USDT,0.0533291487141458,0.0533693906593975,
2022-05-02 06:00:00,0.0537299999999999,0.05386,0.05334,0.05336,6192582,332145.77027,1553,3241644,173834.21823,-0.0009361542782251,ARPA-USDT,0.0536895693876534,0.0536346226731034,
2022-05-02 07:00:00,0.05337,0.05372,0.05315,0.0533,6232617,333330.93068,1751,2604698,139309.7888,-0.0016857089342573,ARPA-USDT,0.0534086256445381,0.0534033606710092,
2022-05-02 08:00:00,0.0533,0.0534799999999999,0.0525399999999999,0.05272,12968407,688672.78011,3429,5169303,274242.88331,-0.0015151515151514,ARPA-USDT,0.053229162448946,0.053271497804969,-0.00012715
2022-05-02 09:00:00,0.05271,0.0529799999999999,0.05232,0.05244,8583686,452420.4398,1878,4004366,211055.98357,-0.000190657769304,ARPA-USDT,0.0527489427020997,0.0527749117812093,
2022-05-02 10:00:00,0.0523799999999999,0.05252,0.0517799999999999,0.05191,6926189,361416.96553,2173,2918096,152375.67551,-0.0019227071716978,ARPA-USDT,0.0523416835465071,0.0524108284721229,
2022-05-02 11:00:00,0.0518799999999999,0.0520799999999999,0.05155,0.05181,6984309,362010.90804,2116,3579410,185534.9144,-0.0005787037037036,ARPA-USDT,0.0519203912331331,0.0519613575552847,
2022-05-02 12:00:00,0.0517799999999999,0.05227,0.0515799999999999,0.05166,6734691,349678.72233,1987,3618629,187929.11804,-0.0015461925009664,ARPA-USDT,0.051714143680028,0.0517941395226291,
2022-05-02 13:00:00,0.05166,0.05297,0.05136,0.05252,26601575,1391323.95011,5485,14139193,739215.43363,-0.0019004180919802,ARPA-USDT,0.0516572519326317,0.0517110170310365,
2022-05-02 14:00:00,0.05251,0.05326,0.05211,0.05289,12832332,675781.50542,3543,6590130,347290.3216,-0.0005668934240363,ARPA-USDT,0.0525751837483511,0.0525870245274407,
2022-05-02 15:00:00,0.0528799999999999,0.05387,0.0527299999999999,0.05297,14858752,791177.52382,3711,7908840,421099.44805,-0.0007545746085644,ARPA-USDT,0.0528674649338785,0.0528385269124236,
2022-05-02 16:00:00,0.05294,0.05312,0.0524899999999999,0.05256,7483333,395340.4935,2310,3592283,189787.68368,-0.0017094017094017,ARPA-USDT,0.0529547952098513,0.0528145334043582,-0.0001385
2022-05-02 17:00:00,0.05257,0.05262,0.05093,0.05122,13139581,680079.92708,3307,5564717,287974.44366,-0.0017540440459948,ARPA-USDT,0.0525774317024877,0.0524474744806404,
2022-05-02 18:00:00,0.05123,0.052,0.05083,0.05173,14949392,768554.05702,3451,7498048,385688.20808,-0.0015441034549315,ARPA-USDT,0.0511518994757303,0.0512860206024355,
2022-05-02 19:00:00,0.05176,0.0527399999999999,0.05157,0.05247,10384618,543994.28204,2676,5149429,269661.97502,-0.0007617596648257,ARPA-USDT,0.051700359933704,0.0517384651819542,
2022-05-02 20:00:00,0.0524899999999999,0.05265,0.05194,0.0521299999999999,7583008,396838.09505,1709,3546891,185696.16975,-0.0011496455259647,ARPA-USDT,0.0524890025446514,0.0524675142769039,
2022-05-02 21:00:00,0.05215,0.0531,0.05192,0.05307,5864680,308652.53103,1717,3266510,172006.06794,-0.0001883948756594,ARPA-USDT,0.0521465418577735,0.0520358231684056,
2022-05-02 22:00:00,0.05305,0.0535799999999999,0.05275,0.05292,7304372,388196.97916,2110,3980650,211474.5025,-0.0005665722379603,ARPA-USDT,0.0531446076593563,0.0531953318683149,
2022-05-02 23:00:00,0.05293,0.05347,0.0528,0.05294,8131069,432123.68448,2216,4946958,262994.04469,-0.000566358316028,ARPA-USDT,0.0529315187505084,0.0528789369449223,
2022-05-03 00:00:00,0.05296,0.05305,0.0522,0.05227,6617756,347686.56174,2326,2947577,154887.38484,-0.0009556574923548,ARPA-USDT,0.0529569921039037,0.0529170507256966,6.667e-05
2022-05-03 01:00:00,0.0522799999999999,0.06297,0.0522399999999999,0.06094,577280414,34267916.55514,86317,302576857,17934241.35843,-0.0087833441769681,ARPA-USDT,0.0523215026156001,0.0524437649595924,
2022-05-03 02:00:00,0.0609799999999999,0.0614,0.05873,0.06082,414361816,24822624.07923,65085,215096137,12880841.18545,-0.0024602263408234,ARPA-USDT,0.0610254515585858,0.0602339881349715,
2022-05-03 03:00:00,0.06084,0.06537,0.06051,0.06452,425815764,26718229.19953,64537,225968562,14187580.58044,-0.0075373019535456,ARPA-USDT,0.06077523470116,0.0608112927773195,
2022-05-03 04:00:00,0.0645299999999999,0.06529,0.06347,0.06414,328211172,21120655.09144,59029,164590746,10593056.81907,-0.0020227166640732,ARPA-USDT,0.0642320498907652,0.0640454594863635,
2022-05-03 05:00:00,0.06411,0.06468,0.06322,0.06396,223810547,14319686.27993,38175,116801508,7475673.49569,-0.0029618082618861,ARPA-USDT,0.0643199680964471,0.0642292470751649,
2022-05-03 06:00:00,0.06396,0.06486,0.06253,0.0643,235861054,15021788.5716,41753,120174524,7655999.58927,-0.0041815084404522,ARPA-USDT,0.063932199134567,0.0638154644902324,
2022-05-03 07:00:00,0.0643,0.06635,0.06416,0.06488,401021749,26133750.14118,66213,218569195,14249805.48896,-0.0042971147943523,ARPA-USDT,0.0643244095496251,0.0646418338663327,
2022-05-03 08:00:00,0.06489,0.06492,0.06088,0.06229,455196032,28417869.45746,72625,222823309,13910328.67041,-0.0041566746602716,ARPA-USDT,0.0642202106020923,0.0637582952670666,-0.00319785
2022-05-03 09:00:00,0.06229,0.06242,0.0607799999999999,0.06084,142479564,8786728.16797,26837,67384814,4157382.43016,-0.0013131976362442,ARPA-USDT,0.0622834300321882,0.0620858101271652,
2022-05-03 10:00:00,0.0608299999999999,0.0619399999999999,0.06014,0.06026,156293979,9515801.84968,30082,83400167,5078086.30636,-0.0004975949577045,ARPA-USDT,0.0608333265040758,0.0611492291090068,
2022-05-03 11:00:00,0.0602799999999999,0.06181,0.0602799999999999,0.06094,122640462,7463638.06349,23177,62460258,3802129.94177,-0.0013110455588331,ARPA-USDT,0.0604295508424015,0.0605329367959981,
2022-05-03 12:00:00,0.06093,0.06125,0.0595,0.05969,130440928,7846953.48599,23603,67669721,4071764.88045,-0.0005023442732753,ARPA-USDT,0.0611087864220122,0.060994451155209,
2022-05-03 13:00:00,0.05969,0.06076,0.0595,0.06023,125823237,7575060.34554,22910,63092064,3798608.76863,-0.0009951899154089,ARPA-USDT,0.0597133640522383,0.0597288808469895,
2022-05-03 14:00:00,0.0602399999999999,0.0603799999999999,0.05927,0.05955,117127444,6988270.92706,21766,58469425,3489568.13423,-0.0008389261744966,ARPA-USDT,0.0602235276128436,0.0601784052143971,
2022-05-03 15:00:00,0.05956,0.06064,0.0593,0.06001,110146414,6596683.7388,21758,58349615,3495673.30843,-0.0001666111296233,ARPA-USDT,0.0595957028023875,0.0596858956325449,
2022-05-03 16:00:00,0.06001,0.0600399999999999,0.05779,0.05791,137089303,8089549.41172,25749,64814112,3828345.69875,0.0,ARPA-USDT,0.0597970543731057,0.059790748901394,-0.00022702
2022-05-03 17:00:00,0.0578799999999999,0.05885,0.05755,0.05831,95660103,5563890.32456,16299,45520535,2649053.53446,-0.0006855184233075,ARPA-USDT,0.0579707267818432,0.0578356288129299,
2022-05-03 18:00:00,0.05831,0.05862,0.05766,0.0579299999999999,68399807,3980990.66025,13115,34823455,2027353.19152,-0.000517598343687,ARPA-USDT,0.0583021757303562,0.0582799597149429,
2022-05-03 19:00:00,0.05792,0.05795,0.05652,0.05667,79467662,4539775.26197,14280,35588890,2033881.64964,0.0,ARPA-USDT,0.0578587435903796,0.0575950784111008,
2022-05-03 20:00:00,0.0566799999999999,0.0568899999999999,0.05617,0.0567299999999999,63924420,3609372.07243,10788,34265297,1934926.93098,-0.000176242509695,ARPA-USDT,0.0566918601802228,0.0566402448634014,
2022-05-03 21:00:00,0.05674,0.0571799999999999,0.05626,0.0566399999999999,57887696,3279090.62339,10773,29736736,1684972.50311,-0.0010582010582028,ARPA-USDT,0.056977933564345,0.0567885971671179,
2022-05-03 22:00:00,0.05665,0.05745,0.05645,0.05657,58041271,3302462.84143,10585,31644147,1800865.09499,-0.0003534193320374,ARPA-USDT,0.0566548682112421,0.0567106625163519,
2022-05-03 23:00:00,0.05657,0.0571,0.0564,0.05699,44267125,2510943.06499,8385,24388274,1383957.52867,-0.0014017872787804,ARPA-USDT,0.0566340095996826,0.0566064447775809,
2022-05-04 00:00:00,0.05699,0.0582,0.0566799999999999,0.05771,93662438,5385567.4123,17079,46267004,2660951.24967,-0.0006926406926407,ARPA-USDT,0.0568061512690199,0.0568318135565399,5.33e-05
2022-05-04 01:00:00,0.0577,0.05815,0.0569299999999999,0.05705,51012971,2942485.9506200003,9112,23509762,1357276.72381,-0.0003504468196952,ARPA-USDT,0.0578031660413263,0.0579174390968993,
2022-05-04 02:00:00,0.05706,0.05795,0.05699,0.05755,36722816,2113009.05377,7497,21496132,1237030.81602,-0.0010414858531505,ARPA-USDT,0.0570838930282893,0.0570883570826803,
2022-05-04 03:00:00,0.05757,0.05886,0.05751,0.05831,49769804,2896812.59217,9705,27431687,1596616.11733,-0.0006855184233075,ARPA-USDT,0.0575776479026357,0.0576309665992039,
2022-05-04 04:00:00,0.05831,0.05841,0.05656,0.05732,91634223,5283714.29355,11597,40871484,2358961.34887,0.0001744896178677,ARPA-USDT,0.0582300910984997,0.0581274714447542,
2022-05-04 05:00:00,0.05735,0.05751,0.0569,0.05728,19189976,1098829.84724,4116,9616983,550627.82263,-0.0001745505323791,ARPA-USDT,0.057410367907108,0.0573703774901455,
2022-05-04 06:00:00,0.0573,0.05819,0.05727,0.05805,27574381,1592916.41554,5326,16126634,931428.70058,-0.0008605851979346,ARPA-USDT,0.0573471131442042,0.0573448239830822,
2022-05-04 07:00:00,0.05806,0.0583299999999999,0.05761,0.0580899999999999,32828505,1902347.62624,6338,16933505,981432.6747,-0.0010318142734325,ARPA-USDT,0.0581445815590595,0.057998545168664,
2022-05-04 08:00:00,0.0581,0.05855,0.05769,0.05815,63042598,3665949.51527,11862,35086174,2040136.07608,-0.0006874033339061,ARPA-USDT,0.0581388982563147,0.0581293401315035,4.939e-05
2022-05-04 09:00:00,0.05815,0.05823,0.05719,0.05721,35971565,2076075.03761,7196,18289531,1055858.17878,-0.0017448961786774,ARPA-USDT,0.0581337955977439,0.058161194308196,
2022-05-04 10:00:00,0.0572,0.0585,0.0561399999999999,0.05779,80714930,4630062.81195,13340,44374356,2544204.32624,-0.0006916825177243,ARPA-USDT,0.057170017189362,0.0569521983386704,
2022-05-04 11:00:00,0.05778,0.05794,0.05729,0.0578399999999999,22609715,1304053.02951,5281,11383659,656650.1837599999,-0.0005184033177829,ARPA-USDT,0.0577253861651226,0.0578236727540188,
2022-05-04 12:00:00,0.0578399999999999,0.05803,0.05656,0.05692,45159432,2580762.12155,9105,21551769,1231741.94604,-0.0022787028921997,ARPA-USDT,0.057798583715835,0.0577894676006342,
2022-05-04 13:00:00,0.05692,0.05722,0.05594,0.05612,35739163,2025205.40093,7137,15514157,879820.5423,-0.001067995728017,ARPA-USDT,0.0569102984964887,0.0569672896167621,
2022-05-04 14:00:00,0.05612,0.05658,0.05607,0.0562,26448614,1489061.71346,6187,14206702,799910.1740700001,-0.0021306818181818,ARPA-USDT,0.0562037530562496,0.0562386981740964,
2022-05-04 15:00:00,0.05619,0.05656,0.0555,0.05637,37324644,2089814.66093,8169,19295377,1081147.19858,-0.000709094132246,ARPA-USDT,0.0561990027743082,0.0561948030777496,
2022-05-04 16:00:00,0.0563799999999999,0.05742,0.0560299999999999,0.0569,35672670,2024345.22807,7766,18114961,1027902.65143,0.0003516174402249,ARPA-USDT,0.0563783618452686,0.0562086092829597,-0.00019141
2022-05-04 17:00:00,0.0569,0.0571799999999999,0.05629,0.05678,25934964,1471013.83444,7239,12665733,718462.62177,0.0,ARPA-USDT,0.0569888016839252,0.0570376630842806,
2022-05-04 18:00:00,0.05677,0.05921,0.05666,0.0589,76981226,4448390.36415,15506,37587262,2171971.81856,-0.0005090785677923,ARPA-USDT,0.056844673772923,0.0571216531371015,
2022-05-04 19:00:00,0.0588799999999999,0.05973,0.05876,0.05943,56566300,3357451.94456,12181,26199457,1555230.25157,-0.0013443118803563,ARPA-USDT,0.058943812683352,0.0589249662192904,
2022-05-04 20:00:00,0.05944,0.0604,0.05932,0.05997,30925510,1849216.58765,6806,16289269,974709.12217,-0.0004999999999999,ARPA-USDT,0.0594117411537448,0.0594926029823396,
2022-05-04 21:00:00,0.0599899999999999,0.0599899999999999,0.05885,0.05906,17338735,1029364.41581,4127,6778058,402536.85222,-0.0008458805616646,ARPA-USDT,0.0599295881935966,0.0598897008230659,
2022-05-04 22:00:00,0.05905,0.0595,0.05899,0.05923,13064034,773488.50842,3347,6341916,375502.32209,-0.0016854879487612,ARPA-USDT,0.0590501670170019,0.0591201265918541,
2022-05-04 23:00:00,0.05924,0.05993,0.05911,0.05986,15184064,902248.76523,3738,8868625,527044.70278,-0.00083458521115,ARPA-USDT,0.0592064548145721,0.0593192915302329,
2022-05-05 00:00:00,0.05986,0.06045,0.05961,0.05995,26834911,1610037.04881,5993,12175243,730882.63629,-0.0008333333333332,ARPA-USDT,0.0598599811954782,0.0599393174573625,-7.97e-06
2022-05-05 01:00:00,0.05993,0.0602,0.05967,0.05971,13888925,832453.12725,3464,6081804,364609.60086,-0.0005021760964178,ARPA-USDT,0.0599728089521634,0.0599752632903061,
2022-05-05 02:00:00,0.0597,0.06045,0.05956,0.06026,13079131,785615.44153,2982,6951359,417617.26153,-0.0018220970680801,ARPA-USDT,0.0596474677110097,0.0596630205023951,
2022-05-05 03:00:00,0.06026,0.06026,0.0594899999999999,0.05968,15559355,931841.22344,3361,4685864,280613.46282,-0.0008371002846141,ARPA-USDT,0.060200661771621,0.0601214059427702,
2022-05-05 04:00:00,0.05968,0.0601299999999999,0.0596299999999999,0.05994,14838639,889141.37407,3030,8413420,504205.93217,-0.0008334722453742,ARPA-USDT,0.059763018335428,0.0598182227877934,
2022-05-05 05:00:00,0.05993,0.0603,0.05875,0.0588799999999999,18736129,1117285.41259,4372,7544498,450932.40966,-0.0001698081168296,ARPA-USDT,0.0600267989032253,0.0601095132966461,
2022-05-05 06:00:00,0.0588799999999999,0.0597,0.05887,0.0590299999999999,13953629,827281.86371,5027,6653912,394630.45375,-0.0011844331641303,ARPA-USDT,0.0589259742230438,0.0590850795142289,
2022-05-05 07:00:00,0.0590399999999999,0.05932,0.05864,0.0588299999999999,17909160,1055341.55963,4444,6946511,409528.96306,-0.0010188487009694,ARPA-USDT,0.0590418959317448,0.0590132395399361,
2022-05-05 08:00:00,0.05885,0.059,0.0578,0.05807,22484622,1313157.987,5527,9097328,531600.37986,-0.0010321692757613,ARPA-USDT,0.0587829055063188,0.058790218351129,9.933e-05
2022-05-05 09:00:00,0.0581,0.05837,0.05782,0.05817,11062603,642751.19898,3210,5067717,294457.99064000003,-0.001544799176107,ARPA-USDT,0.0580752223986076,0.0581925381678496,
2022-05-05 10:00:00,0.0581799999999999,0.05939,0.05817,0.0590799999999999,19668892,1156597.33445,4628,9893600,581621.39992,-0.0005075283370005,ARPA-USDT,0.0582362313445234,0.0583068147970535,
2022-05-05 11:00:00,0.0590299999999999,0.05931,0.05827,0.05842,13787285,811437.51001,3154,6020349,354509.19396,-0.0001711449597809,ARPA-USDT,0.0590112733502851,0.059081650612365,
2022-05-05 12:00:00,0.05842,0.05885,0.0581,0.05862,14771226,864012.8229200001,3667,7969913,466251.01941,-0.0001705611461709,ARPA-USDT,0.0583740855673959,0.0582601498400464,
2022-05-05 13:00:00,0.05864,0.05867,0.0568399999999999,0.05701,22335043,1292255.76186,5459,8016082,464592.9177,-0.0014012961989841,ARPA-USDT,0.0585896779490922,0.0585128974371337,
2022-05-05 14:00:00,0.05703,0.0573799999999999,0.05486,0.0551799999999999,36624454,2049002.21135,9497,16308322,912485.42103,-0.0009053050878163,ARPA-USDT,0.0570801596017093,0.0571744824089899,
2022-05-05 15:00:00,0.05512,0.05521,0.05144,0.05236,72353556,3843755.84345,15370,32092695,1704483.13773,-0.0001909490166126,ARPA-USDT,0.0551211395960831,0.0548002663348533,
2022-05-05 16:00:00,0.05235,0.05341,0.0520399999999999,0.0530299999999999,30247634,1596181.51773,6960,14830573,782747.81619,-0.0013182674199643,ARPA-USDT,0.0522415926026474,0.052302545556887,-1.553e-05
2022-05-05 17:00:00,0.05301,0.05334,0.05246,0.0526299999999999,16759558,886140.12401,4104,9841205,520228.01816,-0.0017071320182113,ARPA-USDT,0.0529877202793214,0.0530559686684138,
2022-05-05 18:00:00,0.0526299999999999,0.05297,0.05159,0.05218,27402929,1429585.87827,6245,12238181,638909.09019,-0.0003831417624522,ARPA-USDT,0.0526136054290646,0.0526218896584097,
2022-05-05 19:00:00,0.05218,0.0526299999999999,0.05137,0.0525799999999999,23547716,1222777.66859,6008,12363974,642206.62242,-0.00132953466287,ARPA-USDT,0.0521067238264233,0.0519743955378868,
2022-05-05 20:00:00,0.05251,0.05337,0.0522399999999999,0.05335,10786309,568618.00478,3186,6117827,322533.53204,-0.0001874062968515,ARPA-USDT,0.0524757782847776,0.0523617486100148,
2022-05-05 21:00:00,0.05336,0.05393,0.05305,0.05329,9926365,531093.09729,2931,4975025,266183.63499,-0.00075004687793,ARPA-USDT,0.0533056474748678,0.053309978397908,
2022-05-05 22:00:00,0.0533,0.05332,0.05257,0.05268,10367161,548718.89298,2579,5424253,287098.38064,0.0017113519680547,ARPA-USDT,0.0532629840584219,0.0531420342780017,
2022-05-05 23:00:00,0.0527,0.05346,0.0525799999999999,0.05334,10899718,579704.64022,2635,5500271,292405.49403,-0.000374812593703,ARPA-USDT,0.0526967894483288,0.052745051610225,
2022-05-06 00:00:00,0.05335,0.05351,0.0520299999999999,0.05257,12547957,663076.76453,3559,5298509,280169.34117,-0.0017090770983668,ARPA-USDT,0.053261334350658,0.0531945109251011,7.518e-05
2022-05-06 01:00:00,0.0526,0.05314,0.0525299999999999,0.05312,12615022,667075.83513,2851,7159696,378573.35065,-0.0001882175795218,ARPA-USDT,0.052875297181461,0.0529821764191872,
2022-05-06 02:00:00,0.05311,0.05382,0.053,0.05355,7648120,409258.724,2495,4222716,225875.23707,-0.0007464079119238,ARPA-USDT,0.0530596875637231,0.0530804983896287,
2022-05-06 03:00:00,0.05356,0.05364,0.05317,0.05356,20751796,1108582.65201,3549,11068109,591403.9267000001,-0.0011189854531891,ARPA-USDT,0.0535283541266451,0.0535406139165304,
2022-05-06 04:00:00,0.0535799999999999,0.05362,0.0523,0.0525299999999999,18151483,958689.08078,3694,7773230,410627.26674,-0.0015206234556185,ARPA-USDT,0.05358191190956,0.0534338070984968,
2022-05-06 05:00:00,0.05255,0.0531,0.05244,0.05309,7544215,397834.23057,2424,3912211,206306.45878,-0.0001883239171375,ARPA-USDT,0.0525814002017249,0.0526575157352132,
2022-05-06 06:00:00,0.05309,0.0532399999999999,0.05276,0.0528299999999999,7794989,412923.74236,2295,4228301,223973.3894,-0.0007565727255551,ARPA-USDT,0.0531139941134053,0.053077899379715,
2022-05-06 07:00:00,0.05286,0.0529,0.05075,0.05167,26407554,1368435.05719,5673,12517593,649333.27097,-0.0015458937198067,ARPA-USDT,0.0528438834986173,0.0527606601131065,
2022-05-06 08:00:00,0.05166,0.0522899999999999,0.05145,0.05196,17223336,893568.43615,5151,10554109,547775.84392,-0.0013453776667307,ARPA-USDT,0.0515600237317021,0.0516055292862753,4.918e-05
2022-05-06 09:00:00,0.05196,0.05264,0.05171,0.0526299999999999,11538417,602197.01263,3402,6530749,341126.67845,-0.0003798670465356,ARPA-USDT,0.0519877995693141,0.051947060835448,
2022-05-06 10:00:00,0.05262,0.05265,0.0516299999999999,0.05191,15430691,805429.55869,3936,8171121,426483.80314,-0.0007699711260829,ARPA-USDT,0.052614398784908,0.0525436363426704,
2022-05-06 11:00:00,0.0519,0.05222,0.05106,0.05173,14872926,767511.60198,4301,8249298,425790.56121,-0.0011585248117398,ARPA-USDT,0.0518558298811256,0.0519642679149798,
2022-05-06 12:00:00,0.0517399999999999,0.05294,0.05165,0.05201,17004593,889485.5747,4455,9066312,474376.75667,-0.0005764796310531,ARPA-USDT,0.0517907967327779,0.0521140192979378,
2022-05-06 13:00:00,0.05201,0.05257,0.05068,0.0510399999999999,31302669,1610709.96622,7330,15077168,776351.83871,-0.0009786651008045,ARPA-USDT,0.0521584228687746,0.0520743649833586,
2022-05-06 14:00:00,0.0510399999999999,0.05264,0.05093,0.0525,24483242,1264855.54934,6220,13265460,685512.08829,0.0,ARPA-USDT,0.0510923238635624,0.0511335886061246,
2022-05-06 15:00:00,0.05248,0.0535299999999999,0.0522399999999999,0.0524,18817369,994920.7926,5304,8809233,465782.76913,-0.0007627765064835,ARPA-USDT,0.052479216447099,0.0524122955391727,
2022-05-06 16:00:00,0.05241,0.05276,0.05194,0.0526,14327232,749909.19514,4400,6055393,317050.54525,-0.00132902980824,ARPA-USDT,0.0523514805460954,0.052503281080906,0.0001
2022-05-06 17:00:00,0.05261,0.05265,0.05171,0.05185,12103167,632089.4214700001,3318,5181257,270501.04505,-0.0009633911368015,ARPA-USDT,0.05257143316663,0.0525832385610597,
2022-05-06 18:00:00,0.05186,0.05235,0.05171,0.05205,11059243,574771.00932,3232,6540765,339951.11447000003,-0.0011514104778352,ARPA-USDT,0.0518886401669612,0.0518481339702117,
2022-05-06 19:00:00,0.0520399999999999,0.05264,0.05182,0.0522899999999999,10770194,563000.60817,3202,5191412,271421.67189,-0.0009552923194516,ARPA-USDT,0.0520153483413848,0.0520073690499692,
2022-05-06 20:00:00,0.05231,0.05266,0.0521299999999999,0.0525799999999999,8007005,419306.72846,2381,4525770,236997.12753,-1.9984014443252818e-15,ARPA-USDT,0.0522708659805195,0.0523032606272237,
2022-05-06 21:00:00,0.0525799999999999,0.05265,0.05212,0.0523299999999999,7396748,387806.10685,2001,4404961,230968.58982,-0.0009545628102349,ARPA-USDT,0.0525916224353492,0.0525885864897905,
2022-05-06 22:00:00,0.0523299999999999,0.05279,0.05211,0.0526299999999999,8191455,429907.53829,2319,4594581,241057.07227,-0.0011387360030385,ARPA-USDT,0.0523153103222487,0.0523767607530497,
2022-05-06 23:00:00,0.05265,0.05302,0.05245,0.05251,8094103,426380.14756,2161,4333761,228262.32252,-0.0009512937595129,ARPA-USDT,0.0526332158148991,0.0527385502398373,
2022-05-07 00:00:00,0.05252,0.05279,0.05215,0.0523799999999999,7944337,416667.11216,2284,4039539,211836.12731,-0.0003816793893149,ARPA-USDT,0.0525764867846507,0.0525013885159868,0.0001
2022-05-07 01:00:00,0.0523299999999999,0.05269,0.05218,0.05264,6642775,348153.23367,1777,3919144,205392.28152,-0.0001899335232669,ARPA-USDT,0.0523599790566854,0.0523428459880993,
2022-05-07 02:00:00,0.0526299999999999,0.05277,0.05207,0.05219,19805086,1037890.07978,2693,10669176,559438.07141,-0.0009571209800919,ARPA-USDT,0.0526544650501192,0.0526030625365448,
2022-05-07 03:00:00,0.05218,0.05225,0.05135,0.05151,13109583,679531.81897,3313,5148173,266709.01516,-0.0011634671320535,ARPA-USDT,0.0521674780091173,0.0521632466889616,
2022-05-07 04:00:00,0.0515,0.05166,0.05046,0.05058,13551616,693502.77871,3573,5549644,284029.0205,-0.0005927682276229,ARPA-USDT,0.0515679005340655,0.0515868256174615,
2022-05-07 05:00:00,0.0505899999999999,0.05134,0.05037,0.05134,10054978,511776.46685,3036,5109436,259851.43039,-0.0001947419668939,ARPA-USDT,0.0504809861892871,0.0506303230296336,
2022-05-07 06:00:00,0.05135,0.0515399999999999,0.05063,0.05063,9546831,486853.81548,2743,4267688,217779.91504,-0.0019712201852946,ARPA-USDT,0.0513775692908496,0.0514343025366807,
2022-05-07 07:00:00,0.05064,0.05147,0.05051,0.0513299999999999,10502632,535742.20306,3287,4507449,230105.10072,-0.0007786645902297,ARPA-USDT,0.0506241678946652,0.0506968247192969,
2022-05-07 08:00:00,0.0512899999999999,0.05209,0.05115,0.05172,11283890,582664.29876,3237,4931299,254838.17703,-0.0015444015444014,ARPA-USDT,0.0512912691848425,0.0514029984446454,2.933e-05
2022-05-07 09:00:00,0.05173,0.05192,0.05126,0.05137,6864963,353962.97914,2457,2777454,143194.67794,-0.0017489312087057,ARPA-USDT,0.0517252640869711,0.0516678783549624,
2022-05-07 10:00:00,0.05137,0.05189,0.05119,0.05181,8472470,436669.59286,2501,4783369,246637.32008,-0.0009641342074817,ARPA-USDT,0.0512826171116531,0.0513076370826556,
2022-05-07 11:00:00,0.05181,0.05207,0.05144,0.05166,7725642,399909.87679,2450,3861724,199948.05834,-0.0015461925009664,ARPA-USDT,0.0518332492093203,0.0518356194946773,
2022-05-07 12:00:00,0.05167,0.052,0.05142,0.05171,10933476,565344.57135,2875,5557548,287319.55047,-0.0007729468599033,ARPA-USDT,0.0516718404940559,0.0516637180135601,
2022-05-07 13:00:00,0.05172,0.0517899999999999,0.05115,0.0513799999999999,9821987,505396.72385,2865,4978954,256165.89062,-0.0015546055188515,ARPA-USDT,0.051743023105519,0.0517018879296627,
2022-05-07 14:00:00,0.0513799999999999,0.05176,0.0512799999999999,0.05171,9756031,502736.25292,2635,5994198,308910.0437,-0.0005798221878624,ARPA-USDT,0.0514210120408904,0.0515102467536354,
2022-05-07 15:00:00,0.05171,0.05189,0.05149,0.0517,7093931,366661.33718,2311,3863877,199694.14431,-0.000966183574879,ARPA-USDT,0.0515971481714572,0.0515521499140908,
2022-05-07 16:00:00,0.05173,0.0529,0.0513299999999999,0.052,26287943,1368086.85895,5674,13608373,708585.61602,-0.0013443441521029,ARPA-USDT,0.0516731945017506,0.0516771999747219,-8.889e-05
2022-05-07 17:00:00,0.0519899999999999,0.05207,0.05156,0.0517,11500931,596190.73615,3243,6402569,331823.18918,-0.0015449980687523,ARPA-USDT,0.0519941224721321,0.0518934751158106,
2022-05-07 18:00:00,0.05169,0.05243,0.05166,0.05198,13775918,717498.5366700001,3313,7309636,380519.62928,-0.0009609840476648,ARPA-USDT,0.0517032044828772,0.0517345822608894,
2022-05-07 19:00:00,0.05196,0.05223,0.0515,0.0515799999999999,11354113,588489.90129,2947,4625888,239681.76096,-0.0011618900077479,ARPA-USDT,0.0519145583255914,0.051965464660682,
2022-05-07 20:00:00,0.05159,0.05162,0.05094,0.0511,9931390,509444.70111,2695,4062704,208390.74379,-0.0009775171065493,ARPA-USDT,0.0515864123956617,0.0515205882948706,
2022-05-07 21:00:00,0.0511,0.05125,0.04942,0.04944,17148227,865126.12814,4319,6086166,307495.02895,-0.0034267284821609,ARPA-USDT,0.0510512406210183,0.051125597375767,
2022-05-07 22:00:00,0.04946,0.04992,0.04825,0.04867,23600527,1158079.98066,5397,10708305,526050.20281,-0.0006160164271047,ARPA-USDT,0.0495680146807068,0.0497040728412727,
2022-05-07 23:00:00,0.04867,0.04991,0.04856,0.04942,14749927,728784.6227300001,4410,7407393,365823.96386,-0.0012126111560227,ARPA-USDT,0.0486544251955781,0.0488508217802869,
2022-05-08 00:00:00,0.04943,0.0500699999999999,0.04912,0.04926,15699125,779817.82024,3773,7572877,376314.62348,-0.0006086427267194,ARPA-USDT,0.0494194252792778,0.0495673392258356,-0.00027095
2022-05-08 01:00:00,0.04929,0.04949,0.04843,0.04846,13446798,657899.00986,3506,7265947,355599.40409,-0.0014424067587057,ARPA-USDT,0.0492801781059449,0.0493288216934144,
2022-05-08 02:00:00,0.04846,0.04866,0.04742,0.04826,23310521,1116751.04294,5688,10353023,495925.07705,0.000622019489944,ARPA-USDT,0.0484496689525007,0.0485170259720086,
2022-05-08 03:00:00,0.04826,0.04874,0.04778,0.04868,12892597,623278.44816,3793,7210454,348663.77836,-0.0008210180623973,ARPA-USDT,0.0483660180028704,0.048259961552155,
2022-05-08 04:00:00,0.04868,0.04926,0.04852,0.04853,40879586,1998564.83885,4382,20339508,994770.22525,0.0,ARPA-USDT,0.0487235596347726,0.048766100917797,
2022-05-08 05:00:00,0.04852,0.04874,0.04817,0.0485,6742804,326752.57852,2326,3424786,165949.51223,-0.0006181743251596,ARPA-USDT,0.0485425428196371,0.0484516964310707,
2022-05-08 06:00:00,0.04852,0.04941,0.0485,0.04918,8010680,391760.82295,2737,4169413,203839.65255,-0.0004065040650406,ARPA-USDT,0.0485615289043086,0.0486362106539236,
2022-05-08 07:00:00,0.04917,0.0495,0.04878,0.04896,6497209,319197.84922,2439,3549245,174384.41769,-0.0006123698714023,ARPA-USDT,0.0492375343944706,0.0493242572734683,
2022-05-08 08:00:00,0.04895,0.04962,0.0489,0.04938,10053215,495076.38537,3196,6028728,296818.65942,-0.0006071645415908,ARPA-USDT,0.0489674837692227,0.0489711424545163,0.0001
2022-05-08 09:00:00,0.0493899999999999,0.04964,0.04896,0.04915,9104926,448871.06631,2896,5101806,251531.45944,-0.0010162601626017,ARPA-USDT,0.0494038849960711,0.0494558780693156,
2022-05-08 10:00:00,0.04915,0.05012,0.04893,0.04999,12332940,612144.66997,3191,6757307,335237.58162,-0.0003999200159967,ARPA-USDT,0.0491939864514326,0.0492273379284905,
2022-05-08 11:00:00,0.04999,0.0505199999999999,0.0495699999999999,0.04993,12000762,601200.47192,3411,6244482,312830.03489,0.0006012024048096,ARPA-USDT,0.0500464044683288,0.0501888767424221,
2022-05-08 12:00:00,0.04992,0.05,0.0488,0.04894,11121373,549557.40412,3332,4239812,209570.96933,-0.0008166598611679,ARPA-USDT,0.0499593836559664,0.0498920070101517,
2022-05-08 13:00:00,0.04893,0.0491,0.04802,0.04805,16149198,784809.49296,4265,7291151,354365.30121,-0.0010395010395009,ARPA-USDT,0.0489157712645792,0.0489818528784187,
2022-05-08 14:00:00,0.0481399999999999,0.0492,0.04792,0.04891,15218321,739516.57337,4115,8020009,389749.4967,-0.001225239942822,ARPA-USDT,0.048107018302087,0.0484047850038186,
2022-05-08 15:00:00,0.04892,0.04963,0.04891,0.04901,11307952,556935.75011,3216,6065869,298724.09825,-0.0006117455138662,ARPA-USDT,0.0489697134897233,0.0490701186518618,
2022-05-08 16:00:00,0.04901,0.04966,0.049,0.04924,10436360,514754.32663,3404,5250528,258956.31801,-0.0010144045445323,ARPA-USDT,0.049102442117578,0.0491423275627555,0.0001
2022-05-08 17:00:00,0.04925,0.04927,0.0471899999999999,0.04815,26479939,1274636.48403,6988,11796653,568715.70161,-0.0002076411960133,ARPA-USDT,0.0491619294757281,0.0488549585462036,
2022-05-08 18:00:00,0.04815,0.04933,0.0477,0.04927,13892546,675187.70232,4513,6945203,337734.45302,-0.0010137875101379,ARPA-USDT,0.0480911646629594,0.0480857634109096,
2022-05-08 19:00:00,0.04928,0.04981,0.04919,0.04964,11115672,550468.2300099999,2941,6501884,322035.4553,-0.0012072434607647,ARPA-USDT,0.0492748136610676,0.0492827058026907,
2022-05-08 20:00:00,0.04963,0.04974,0.0488399999999999,0.04902,11497917,566125.69166,3102,6198992,305234.52917,0.0,ARPA-USDT,0.0497108438736319,0.0495708183766704,
2022-05-08 21:00:00,0.04902,0.04975,0.04901,0.04961,6502404,321524.3943,1761,3498677,172791.50647,-0.0004029820672979,ARPA-USDT,0.0490725675268574,0.0491854664930589,
2022-05-08 22:00:00,0.0496,0.04962,0.04842,0.04871,12257041,599347.54664,3330,5626302,275182.15297,-0.0018442622950819,ARPA-USDT,0.0495692802420388,0.0493017410905124,
2022-05-08 23:00:00,0.0487,0.0488899999999999,0.04807,0.04843,8806066,427002.10318,2537,3838589,186003.88164,-0.0012373685295936,ARPA-USDT,0.0486904063636871,0.0487392824073606,
2022-05-09 00:00:00,0.04844,0.04938,0.04843,0.04917,13709118,669451.67551,3571,7358004,359099.05615,-0.0006097560975609,ARPA-USDT,0.0485814444568145,0.0486024232173326,0.0001
2022-05-09 01:00:00,0.04917,0.04926,0.04803,0.04805,8203977,400400.84243,2001,3559657,173863.07459,-0.0014546965918537,ARPA-USDT,0.0491744273600402,0.0491143333682215,
2022-05-09 02:00:00,0.04805,0.04811,0.04634,0.0466899999999999,21078263,992117.29423,5252,10379430,488267.80248,-0.0006421232876733,ARPA-USDT,0.0480609560877057,0.0479719299369734,
2022-05-09 03:00:00,0.0467,0.04755,0.04649,0.0469399999999999,11145337,525472.49596,3445,5630842,265432.54369,-0.0008514261387846,ARPA-USDT,0.046672668840996,0.0466120602369046,
2022-05-09 04:00:00,0.04693,0.04768,0.04689,0.04704,7912826,374410.16513,2602,3669736,173676.60037,-0.0004249893752655,ARPA-USDT,0.0469433760497194,0.0469857962914243,
2022-05-09 05:00:00,0.04705,0.04728,0.04656,0.0466899999999999,8683559,407259.26855,2486,3957743,185767.37516,-0.0008559811684164,ARPA-USDT,0.0470605726746264,0.0471614731050146,
2022-05-09 06:00:00,0.04665,0.04687,0.0458,0.0467,12567995,582334.27001,3366,6499194,301360.00045,0.0002141786249731,ARPA-USDT,0.0466751053684561,0.0467444803627382,
2022-05-09 07:00:00,0.0467,0.047,0.0463,0.04645,8704867,406072.10178,2490,4516859,210778.90358,-0.0002152389151959,ARPA-USDT,0.0466989135069991,0.0468101914005142,
2022-05-09 08:00:00,0.04643,0.04693,0.04585,0.04691,11168792,517459.90283,3006,5124229,237534.19587,-0.0010647359454855,ARPA-USDT,0.046428014128882,0.0464177131617879,2.774e-05
2022-05-09 09:00:00,0.04689,0.0472,0.04652,0.0466899999999999,7791675,364939.96922,2078,3921614,183722.94557,-2.220446049250313e-15,ARPA-USDT,0.0468663116527686,0.0468698617889724,
2022-05-09 10:00:00,0.04668,0.04675,0.04433,0.04476,23773439,1076795.12675,5438,10521829,476444.12961,-0.0006697923643671,ARPA-USDT,0.0466877874388659,0.0466619403767748,
2022-05-09 11:00:00,0.04475,0.04557,0.04443,0.0455,10995940,494043.43676,3331,6323310,284186.57725000003,-0.000439367311072,ARPA-USDT,0.0448247075464203,0.0448766063716812,
2022-05-09 12:00:00,0.0455,0.04568,0.04494,0.04509,7823783,354482.71154,2541,3431487,155479.57285,-0.0011076650420912,ARPA-USDT,0.0454656413436358,0.0453764887006783,
2022-05-09 13:00:00,0.04511,0.04637,0.04463,0.04584,23869570,1085834.60153,5210,12272726,558229.75835,0.0002181976871045,ARPA-USDT,0.0451303913284668,0.045158806778311,
2022-05-09 14:00:00,0.04586,0.04605,0.04494,0.04509,12585992,570828.08014,3586,6051416,274452.24706,-0.0013289036544851,ARPA-USDT,0.0457021507483558,0.0458011238022251,
2022-05-09 15:00:00,0.04509,0.04556,0.04387,0.0442899999999999,15996097,712530.7859,4077,7468707,332769.18096,-0.0004513653802776,ARPA-USDT,0.0451435483126474,0.0452115127329361,
2022-05-09 16:00:00,0.04427,0.04457,0.04116,0.04206,34281708,1469452.4593,7160,15336604,657274.09932,-0.0023719165085389,ARPA-USDT,0.0442145458818938,0.0440146340296466,5.399e-05
2022-05-09 17:00:00,0.04204,0.04286,0.04082,0.0418,35767889,1501287.68117,7590,17177825,721342.30057,-0.0014333492594362,ARPA-USDT,0.0418388699509735,0.0418556472751314,
2022-05-09 18:00:00,0.04179,0.04218,0.0391899999999999,0.04075,47659960,1945989.74118,9071,22839435,932927.12312,0.0,ARPA-USDT,0.0416951621529365,0.0419403315642031,
2022-05-09 19:00:00,0.04075,0.04131,0.0396199999999999,0.04088,36537020,1480448.91337,6559,18279099,740730.99485,-0.0019531250000001,ARPA-USDT,0.0406264111081464,0.0406672601507259,
2022-05-09 20:00:00,0.0409,0.04268,0.0408399999999999,0.04195,31399494,1316059.19265,5803,17152615,718877.56076,-0.0004765308553729,ARPA-USDT,0.0410494129111802,0.0413516341778269,
2022-05-09 21:00:00,0.04197,0.04238,0.04079,0.04099,18919912,788762.18923,3658,8557783,356327.66852,0.0,ARPA-USDT,0.0419612077641634,0.0419051535465545,
2022-05-09 22:00:00,0.04102,0.04217,0.04075,0.04098,26529640,1100820.9982,4989,12750753,529244.81658,-0.0029197080291969,ARPA-USDT,0.0411333800110798,0.0410554527929531,
2022-05-09 23:00:00,0.04096,0.04154,0.03727,0.03795,49656933,1968730.72885,8266,20737498,822836.78231,-0.0026281208935611,ARPA-USDT,0.0410385248082473,0.0412937200600775,
2022-05-10 00:00:00,0.03796,0.04094,0.03694,0.04031,105751675,4080936.26849,17580,52992817,2045902.78305,-0.001238850346878,ARPA-USDT,0.0381668992730287,0.0384981967435335,-0.00012293
2022-05-10 01:00:00,0.04031,0.04108,0.03975,0.0403,44718500,1803155.6048,7548,22216540,896166.94085,-0.0039545229856648,ARPA-USDT,0.0401893868268073,0.0401084043332396,
2022-05-10 02:00:00,0.0403,0.04097,0.03953,0.03998,32279815,1299358.81357,6353,15306555,616533.87081,0.0005005005005005,ARPA-USDT,0.0402774578776124,0.0400866588683147,
2022-05-10 03:00:00,0.03998,0.04031,0.03913,0.03914,39726811,1579197.119,6951,20171551,802159.84573,-0.0017852588625351,ARPA-USDT,0.0399604714501276,0.039986455858673,
2022-05-10 04:00:00,0.03914,0.04273,0.03873,0.04196,94939047,3921656.73015,14900,50813807,2101997.93557,-0.000714455822815,ARPA-USDT,0.0389499279920556,0.0391103767324811,
2022-05-10 05:00:00,0.04195,0.04421,0.04176,0.04373,49367529,2116343.27317,8584,24472077,1049577.8886,-0.0011420740063956,ARPA-USDT,0.0421005596965331,0.042322336769474,
2022-05-10 06:00:00,0.04372,0.04573,0.04332,0.04432,46558216,2075624.50342,8673,22131164,987170.97055,-0.0004510599909788,ARPA-USDT,0.0435057774565672,0.0435284626681731,
2022-05-10 07:00:00,0.04432,0.04483,0.04346,0.0435399999999999,46040114,2025701.47594,8469,23528447,1035739.74201,-0.0002296211251457,ARPA-USDT,0.0445786398718148,0.0445866518903678,
2022-05-10 08:00:00,0.04353,0.04508,0.0435,0.04418,29415365,1304922.4072,6887,14632664,649291.45273,0.0006795016987541,ARPA-USDT,0.0435524867502144,0.0437251090444997,4.615e-05
2022-05-10 09:00:00,0.04417,0.04458,0.04296,0.04308,33285037,1456342.62738,7138,14750328,645220.30044,0.0,ARPA-USDT,0.0442762454849531,0.0443750397480082,
2022-05-10 10:00:00,0.04307,0.04398,0.0428,0.0433,26702380,1158808.12367,5904,13386967,581127.09011,-0.0013837638376384,ARPA-USDT,0.0430864628031435,0.043100915544596,
2022-05-10 11:00:00,0.0433,0.04537,0.0430199999999999,0.0452399999999999,29531643,1316790.32075,6543,15318657,682879.54133,-0.0006626905235277,ARPA-USDT,0.0433505508110083,0.0433300130250816,
2022-05-10 12:00:00,0.04523,0.04596,0.04451,0.04565,30171721,1364633.54265,6880,15449762,699021.92997,-0.0002190100744633,ARPA-USDT,0.0453142527904639,0.0452895013816119,
2022-05-10 13:00:00,0.04564,0.04611,0.04414,0.04487,28683625,1292099.70168,7142,13405761,604353.22185,0.0,ARPA-USDT,0.0455606427408752,0.0458209874992809,
2022-05-10 14:00:00,0.04486,0.04548,0.04263,0.0430199999999999,32554862,1430587.70546,7562,15562007,683592.51134,-0.0011609008590689,ARPA-USDT,0.0447878434074137,0.0448525967202458,
2022-05-10 15:00:00,0.04303,0.04409,0.04198,0.0435399999999999,56524713,2431103.01377,10006,28444828,1224215.17835,-2.4424906541753444e-15,ARPA-USDT,0.0430192823435668,0.0430327420412072,
2022-05-10 16:00:00,0.04355,0.044,0.04252,0.04303,34770176,1505563.032,6647,15934242,690194.83996,-0.0011606313834726,ARPA-USDT,0.0435711023490297,0.0437385295094445,-2.435e-05
2022-05-10 17:00:00,0.04305,0.04457,0.0430199999999999,0.0442199999999999,21632287,946997.85172,4698,11233915,491558.84231,0.0009053870529629,ARPA-USDT,0.043184419475864,0.043390309599289,
2022-05-10 18:00:00,0.04423,0.04428,0.04264,0.04268,27864234,1207092.35415,5611,13492650,584515.29544,-0.0007024116132052,ARPA-USDT,0.0441277309653504,0.0439494092902567,
2022-05-10 19:00:00,0.04272,0.04293,0.04138,0.04176,32405773,1362091.45124,6128,16525539,694625.6486,-0.0016734401147502,ARPA-USDT,0.042784912563511,0.0427854437054471,
2022-05-10 20:00:00,0.04176,0.04193,0.0407,0.04097,23555368,973704.83441,5115,10918908,451532.77341,0.000244140625,ARPA-USDT,0.0416538877432466,0.0415427488369812,
2022-05-10 21:00:00,0.04098,0.04136,0.03916,0.0394399999999999,38187891,1532875.46317,6576,19039530,765157.54822,-0.0015189873417746,ARPA-USDT,0.0409281694590248,0.0410868464187174,
2022-05-10 22:00:00,0.03943,0.04095,0.03911,0.0401399999999999,40269930,1613626.87509,8298,19634950,787033.82022,-0.0009955201592857,ARPA-USDT,0.0393629338611044,0.0400077661148578,
2022-05-10 23:00:00,0.04015,0.04171,0.0399399999999999,0.0410699999999999,43714360,1795329.29803,9178,22893565,940262.11317,-0.0014587892049623,ARPA-USDT,0.0400507860602356,0.0404616288358286,
2022-05-11 00:00:00,0.0410899999999999,0.04282,0.04071,0.0416,40943217,1715423.9567,8941,20466978,857230.78341,-0.0012004801920768,ARPA-USDT,0.0410242437729598,0.0411920126670138,-0.00018123
2022-05-11 01:00:00,0.0415899999999999,0.04175,0.0399,0.03997,38682938,1584612.27999,6063,18131113,742857.6727400001,-0.0012493753123438,ARPA-USDT,0.0413545206242173,0.0415133442977924,
2022-05-11 02:00:00,0.03997,0.042,0.03966,0.04179,18407606,757332.13154,4520,9426774,387925.76394,-0.0019106759016001,ARPA-USDT,0.0399161209732753,0.039805609206131,
2022-05-11 03:00:00,0.04181,0.04217,0.04068,0.04083,8803513,363311.0477,2980,4152157,171338.78703,-0.0019555120997312,ARPA-USDT,0.0417150452258296,0.0419667590375402,
2022-05-11 04:00:00,0.0408,0.0413399999999999,0.03948,0.03992,24501259,989788.53153,5357,11828142,477885.07803,-0.0015007503751877,ARPA-USDT,0.0408528801639302,0.0409096634108301,
2022-05-11 05:00:00,0.0399399999999999,0.0415899999999999,0.0394399999999999,0.03986,20853775,843419.27965,5321,10727659,433446.69284,-0.0017530678687703,ARPA-USDT,0.0398594450205647,0.039712053637345,
2022-05-11 06:00:00,0.03985,0.04013,0.03732,0.03775,24945341,966755.47694,5956,11541849,447314.65064,-0.0015868817773077,ARPA-USDT,0.0399167808007049,0.03985075440336,
2022-05-11 07:00:00,0.03776,0.03853,0.03599,0.03789,82127730,3059887.35228,14851,40519403,1510466.13097,0.0005281225244255,ARPA-USDT,0.0376530467278262,0.0377094887729811,
2022-05-11 08:00:00,0.03787,0.03958,0.03729,0.03912,80797246,3119493.40826,15631,39978640,1544231.4602,-0.0012764871074802,ARPA-USDT,0.0377554306179625,0.0377602429723819,-0.00040626
2022-05-11 09:00:00,0.03912,0.04121,0.03813,0.04097,48723868,1924186.36717,10700,23760546,940140.88932,-0.0002440214738897,ARPA-USDT,0.0389920490965519,0.0387604710200623,
2022-05-11 10:00:00,0.04098,0.04144,0.03942,0.03947,47672765,1924071.48426,10677,24769718,999826.15522,-0.0005064573309698,ARPA-USDT,0.0410127157675176,0.0407513519852175,
2022-05-11 11:00:00,0.03949,0.03988,0.03798,0.0382,30191403,1178424.54537,6659,15218008,594270.68147,-0.0010460251046026,ARPA-USDT,0.0393989611486211,0.0392004887394087,
2022-05-11 12:00:00,0.03822,0.03953,0.0296399999999999,0.0309899999999999,111349247,3893476.98496,23879,52545752,1840745.64094,-0.002574831026717,ARPA-USDT,0.0381596395923747,0.0381157047690094,
2022-05-11 13:00:00,0.03105,0.03866,0.03098,0.03696,172958987,6034348.89784,29233,87746588,3062811.38336,0.0029850746268655,ARPA-USDT,0.0317624450692609,0.0328058238838261,
2022-05-11 14:00:00,0.03698,0.03857,0.03613,0.03691,99381048,3697252.6204,15983,50009327,1860818.1316,-0.0008121277747699,ARPA-USDT,0.0369516551523178,0.036906155993548,
2022-05-11 15:00:00,0.03696,0.03696,0.03431,0.035,69907511,2461300.98682,12406,32511123,1144532.24247,-0.0011415525114154,ARPA-USDT,0.0366090619120959,0.0362252902306608,
2022-05-11 16:00:00,0.03499,0.03559,0.03358,0.03418,59523209,2041664.1664,11034,28806175,988481.94573,0.0008784773060031,ARPA-USDT,0.0350636255764229,0.0351638809587408,-0.00017134
2022-05-11 17:00:00,0.03415,0.03511,0.03225,0.0337,65959063,2224550.97086,13494,32270009,1089932.73103,0.0017835909631389,ARPA-USDT,0.0339625228167318,0.0341673494401706,
2022-05-11 18:00:00,0.0337,0.034,0.03156,0.03188,34522412,1139639.8892,8363,16165746,534069.52681,-0.0006269592476488,ARPA-USDT,0.033704292384454,0.033709726708261,
2022-05-11 19:00:00,0.0318699999999999,0.03227,0.03033,0.03096,40366770,1259916.98113,8787,19295873,601950.95615,0.0,ARPA-USDT,0.0317712707811773,0.0318340379246063,
2022-05-11 20:00:00,0.0309699999999999,0.0318,0.0285,0.0286899999999999,68672401,2070790.0182,13160,32661557,984257.68399,0.000348675034864,ARPA-USDT,0.0311072866574352,0.0313476544606041,
2022-05-11 21:00:00,0.0286899999999999,0.03203,0.02817,0.0312399999999999,86634153,2591027.22524,15034,43465079,1299698.8665,0.0025673940949904,ARPA-USDT,0.0288779178174637,0.0297565125118829,
2022-05-11 22:00:00,0.03125,0.03263,0.03065,0.0313899999999999,82708684,2608896.14389,14099,42676660,1346717.11075,-0.0012726694241202,ARPA-USDT,0.0310814060688431,0.0310972677388002,
2022-05-11 23:00:00,0.03142,0.03257,0.03051,0.03154,75703222,2369970.32701,13109,35210589,1102617.5307,-0.0025300442757749,ARPA-USDT,0.0313509750638826,0.0316785748440528,
2022-05-12 00:00:00,0.03157,0.0338199999999999,0.0304,0.03223,93424195,3004103.63051,14967,45748779,1470703.54621,0.0012426219322769,ARPA-USDT,0.0315581185506102,0.0313520492643962,-4.727e-05
2022-05-12 01:00:00,0.03225,0.03323,0.0306199999999999,0.0307899999999999,62799918,2011009.15464,10876,29165797,934143.84032,-0.0012974375608205,ARPA-USDT,0.0321873525069094,0.0326915012640114,
2022-05-12 02:00:00,0.0307899999999999,0.0314399999999999,0.02913,0.02935,108311968,3277288.5091500003,17932,53129319,1608367.35987,0.000340831629175,ARPA-USDT,0.0307502223686934,0.0307246831634565,
2022-05-12 03:00:00,0.0293399999999999,0.02992,0.02781,0.0280699999999999,109782443,3159455.06337,18145,52720925,1517494.30731,-0.0039034776437224,ARPA-USDT,0.029457061984448,0.0295694102795161,
2022-05-12 04:00:00,0.02806,0.03086,0.0275899999999999,0.02864,129965433,3744612.20914,21620,69905914,2017418.6853,0.0006988120195667,ARPA-USDT,0.028322404032334,0.0285238364848543,
2022-05-12 05:00:00,0.02866,0.02962,0.02685,0.02775,129765534,3663485.10637,22889,66790541,1886826.94015,0.000721240533718,ARPA-USDT,0.0286146420010377,0.0282284163012912,
2022-05-12 06:00:00,0.02777,0.02848,0.02543,0.02553,110665996,3029437.19755,18973,53535739,1468611.781,0.0,ARPA-USDT,0.027844237592809,0.0276128959731435,
2022-05-12 07:00:00,0.0255,0.02831,0.02378,0.0274,111533836,2912346.6758,19863,52880016,1379683.51466,-0.0007293946024798,ARPA-USDT,0.0253606700765471,0.0251993099816196,
2022-05-12 08:00:00,0.02741,0.02886,0.02678,0.0278,68716225,1929078.78542,12772,33254827,933238.68481,-0.0021536252692031,ARPA-USDT,0.0274194198650146,0.0272324004463837,-0.00044836
2022-05-12 09:00:00,0.0278,0.02905,0.0275899999999999,0.02769,54041688,1528099.40484,10850,26996248,763648.31517,0.0010845986984815,ARPA-USDT,0.0279383486242619,0.027946954289178,
2022-05-12 10:00:00,0.02769,0.02971,0.02711,0.02905,73728757,2115499.89827,13520,37498618,1076249.35695,-0.0020611473720371,ARPA-USDT,0.0276162640938133,0.0275964091609495,
2022-05-12 11:00:00,0.02906,0.0301899999999999,0.02858,0.02885,59538052,1745988.24851,12018,30584176,897212.38971,0.0003467406380026,ARPA-USDT,0.0289782308494552,0.0290853346278247,
2022-05-12 12:00:00,0.02881,0.0297699999999999,0.02802,0.0295899999999999,47629993,1374845.50932,9949,23929983,690986.28926,-0.0003378378378412,ARPA-USDT,0.0289253427299815,0.0287665702200782,
2022-05-12 13:00:00,0.0295899999999999,0.03045,0.02872,0.0288,54113076,1595554.26354,11194,27015031,797430.01839,-0.0024246622791825,ARPA-USDT,0.0295325095897535,0.0294201901548638,
2022-05-12 14:00:00,0.02877,0.0316399999999999,0.02838,0.03157,50362788,1498250.70343,11380,27540037,820350.92882,0.0,ARPA-USDT,0.028709240389257,0.0286251158721581,
2022-05-12 15:00:00,0.03158,0.03247,0.0309,0.031,56018297,1766722.64555,12141,27506137,867602.92359,-0.0025740025740025,ARPA-USDT,0.0313670603017352,0.0313046285057078,
2022-05-12 16:00:00,0.0309899999999999,0.03349,0.0309,0.03325,50838892,1639754.81965,9881,26528440,856080.68642,0.0012044564890092,ARPA-USDT,0.0310568299685209,0.0311439936575593,0.0001
2022-05-12 17:00:00,0.03326,0.03358,0.03158,0.03217,40805238,1321018.62907,7707,20687025,669647.72413,-0.00186161960906,ARPA-USDT,0.0332521459693179,0.0332910334143295,
2022-05-12 18:00:00,0.03218,0.03256,0.03095,0.03115,35588191,1124753.87114,6759,15926979,504107.00825,-0.0003209242618741,ARPA-USDT,0.0322790173205038,0.0323733789849266,
2022-05-12 19:00:00,0.03113,0.03198,0.03088,0.03153,38536728,1210675.5784,7779,19826022,622945.91144,-0.0034766118836915,ARPA-USDT,0.0312652099504541,0.0312324875892857,
2022-05-12 20:00:00,0.03153,0.03185,0.03067,0.03069,32183482,1008134.57225,6740,16626661,520503.55196,-0.0006512536633019,ARPA-USDT,0.0316475261424555,0.0314851428789144,
2022-05-12 21:00:00,0.03069,0.03075,0.02915,0.02941,27529437,820368.50943,5595,13319727,396492.00682,-0.0016972165648336,ARPA-USDT,0.0306355970041088,0.0305142856458301,
2022-05-12 22:00:00,0.0294,0.02981,0.02877,0.02938,25655420,749672.83157,4946,11880332,347352.36739,0.0,ARPA-USDT,0.0293744934236788,0.0295032721768743,
2022-05-12 23:00:00,0.02939,0.03091,0.02939,0.03034,20340596,613722.67387,4698,9670213,291769.41137,-0.000329489291598,ARPA-USDT,0.0294810648379692,0.0295687390223509,
2022-05-13 00:00:00,0.03034,0.03075,0.02953,0.0306399999999999,27760253,838554.49797,6169,13816870,417297.3763,-0.0009781545484218,ARPA-USDT,0.0303537361482521,0.0303111616411794,0.0001
2022-05-13 01:00:00,0.0306199999999999,0.03182,0.03028,0.03076,27845247,863516.28766,5536,14338144,445137.775,0.0,ARPA-USDT,0.0306048985229326,0.0308243009143658,
2022-05-13 02:00:00,0.03075,0.03249,0.03038,0.03234,42537032,1341968.69101,8845,21672838,684017.98048,-0.0027752081406104,ARPA-USDT,0.0307031403269754,0.0307198157089239,
2022-05-13 03:00:00,0.03233,0.03532,0.03218,0.03442,53930831,1821890.177,10575,29360332,991137.97187,0.0005813953488371,ARPA-USDT,0.0323622770270797,0.0323109041482303,
2022-05-13 04:00:00,0.03442,0.0364899999999999,0.03435,0.0358,50285569,1769759.10913,9123,25316379,891336.36325,-0.0033407572383074,ARPA-USDT,0.0345794127733823,0.0345920230632583,
2022-05-13 05:00:00,0.0357899999999999,0.03681,0.03511,0.03567,39509027,1417815.67803,7873,19044853,683657.70826,-0.0005603810591201,ARPA-USDT,0.0356485519383527,0.035518757786176,
2022-05-13 06:00:00,0.03569,0.037,0.03551,0.03606,29457730,1070963.16834,6410,15511428,564002.51932,-0.0002772387025227,ARPA-USDT,0.0356927337284964,0.0360290525498024,
2022-05-13 07:00:00,0.03607,0.03673,0.0349,0.03491,43433429,1551999.31983,8563,21101762,754027.21556,-0.000858614768174,ARPA-USDT,0.0359231811302256,0.0356791390799947,
2022-05-13 08:00:00,0.0349,0.03621,0.03456,0.036,40387022,1425354.79647,6481,18873253,666745.37816,-0.0016638935108154,ARPA-USDT,0.0348310691681134,0.0349138102090166,0.0001
2022-05-13 09:00:00,0.03599,0.03721,0.03541,0.03574,34106043,1235809.03169,6757,17154450,621655.71845,-0.0005592841163311,ARPA-USDT,0.0360279563218504,0.0361442572333368,
2022-05-13 10:00:00,0.03575,0.03582,0.03447,0.03547,36442488,1282419.27546,6165,18340442,645633.02208,-0.0005635390250774,ARPA-USDT,0.0357571183556228,0.0356209782372869,
2022-05-13 11:00:00,0.03545,0.03573,0.03441,0.03546,25715816,901429.69074,5145,12681217,444788.19046,-0.0014080540692763,ARPA-USDT,0.0355570569015046,0.0355445988024924,
2022-05-13 12:00:00,0.03549,0.0362399999999999,0.03486,0.03547,81875229,2893604.72149,6544,42467807,1501984.07332,-0.0019696117051209,ARPA-USDT,0.0353802961109653,0.0354157679770259,
2022-05-13 13:00:00,0.03548,0.03658,0.03442,0.03644,36700706,1296173.38302,6539,17972644,634337.04262,-0.0016438356164383,ARPA-USDT,0.0354392987491709,0.0354863673514786,
2022-05-13 14:00:00,0.03648,0.03728,0.03584,0.0359,30064125,1096768.26886,5707,16892828,616184.43611,-0.0011129660545352,ARPA-USDT,0.0364331347629253,0.0366444643841086,
2022-05-13 15:00:00,0.03588,0.03612,0.03419,0.03455,35984426,1265292.44604,6094,17603297,620347.61171,-0.0002893518518519,ARPA-USDT,0.0358596738194416,0.0358199270708257,
2022-05-13 16:00:00,0.03456,0.03521,0.0335699999999999,0.03376,43860619,1503514.53795,7784,20462351,701974.04212,0.0002962962962962,ARPA-USDT,0.034531733922412,0.0346090770960321,0.0001
2022-05-13 17:00:00,0.03376,0.0346,0.03298,0.03329,36487437,1230062.02917,5860,16596322,559820.15332,-0.0026962252846015,ARPA-USDT,0.033919854899967,0.0339725582556265,
2022-05-13 18:00:00,0.03328,0.03393,0.03285,0.03367,40349476,1347474.44169,6059,20120574,672549.13835,-0.0014827995255042,ARPA-USDT,0.0333479335778159,0.0331764298493466,
2022-05-13 19:00:00,0.03367,0.03369,0.03292,0.03343,24493296,818562.19312,3873,12022737,401867.39057,-0.0005979073243647,ARPA-USDT,0.0336226077263688,0.0335468994850578,
2022-05-13 20:00:00,0.03343,0.03399,0.03298,0.03316,14852224,496869.09884,2815,7754780,259454.2402,-0.0030066145520143,ARPA-USDT,0.0334770717245932,0.0333959521225283,
2022-05-13 21:00:00,0.03319,0.03408,0.03303,0.03403,7900590,264766.15929,1910,4481340,150191.19047,-0.0005873715124816,ARPA-USDT,0.0331451275838927,0.033367661865491,
2022-05-13 22:00:00,0.03398,0.03438,0.03368,0.03372,11392484,387308.7006,2392,6577468,223601.42733,-0.0002964719833976,ARPA-USDT,0.0339558099687131,0.0339006109640439,
2022-05-13 23:00:00,0.03371,0.03376,0.03255,0.0328,17507032,578840.90811,3201,8059921,266948.73591,-0.0003047851264856,ARPA-USDT,0.0336689436895958,0.0336653633402084,
2022-05-14 00:00:00,0.03279,0.03392,0.03246,0.03378,20826699,693352.7609700001,3783,9449936,314476.24002,-0.0005917159763313,ARPA-USDT,0.0329482245248927,0.0327041930655618,0.0001
2022-05-14 01:00:00,0.03378,0.03601,0.0334,0.03557,17660169,613505.65727,3068,8885250,308497.15571,-0.0002810567734683,ARPA-USDT,0.0337311421014131,0.0336555534009994,
2022-05-14 02:00:00,0.0356,0.0357899999999999,0.03489,0.03549,13821622,490856.16822,2855,7013769,249039.61914,-0.000281690140845,ARPA-USDT,0.0355865335910567,0.035557431968064,
2022-05-14 03:00:00,0.03547,0.03586,0.03501,0.03518,7934757,280665.23757,1983,4219244,149258.22542,-0.0011357183418512,ARPA-USDT,0.0355346418962598,0.035486806764439,
2022-05-14 04:00:00,0.03518,0.03522,0.03321,0.03358,31100820,1073755.80517,2981,15211481,525297.59733,-0.000595238095238,ARPA-USDT,0.0351809717364724,0.0350091434389517,
2022-05-14 05:00:00,0.03358,0.03414,0.03328,0.0336399999999999,106745288,3618374.41489,4703,54365303,1843231.91455,-0.00118764845606,ARPA-USDT,0.0336303028231721,0.0335577040997677,
2022-05-14 06:00:00,0.03367,0.0338399999999999,0.033,0.0337,18610499,622306.33873,3106,8703342,291307.66926,-0.0002966478789675,ARPA-USDT,0.0335280680646929,0.0334452980417127,
2022-05-14 07:00:00,0.0337,0.03403,0.03298,0.03315,16606764,556166.82187,2568,8020985,269080.71442,0.0,ARPA-USDT,0.0337215237792003,0.0336144157931774,
2022-05-14 08:00:00,0.03315,0.03342,0.03276,0.03318,18095766,599104.8840900001,2958,8328306,275903.84798,-0.0006024096385541,ARPA-USDT,0.0331659002627177,0.0331374186513263,0.0001
2022-05-14 09:00:00,0.03319,0.0337,0.0326199999999999,0.0328899999999999,19668951,652849.00416,2572,10027754,333543.17786,-0.0003039513677841,ARPA-USDT,0.033358259124672,0.0333541003459268,
2022-05-14 10:00:00,0.0328699999999999,0.03288,0.03118,0.0314,16942094,542433.84995,2989,6336098,202080.57165,0.0,ARPA-USDT,0.0328607953056842,0.0326863406726405,
2022-05-14 11:00:00,0.0314,0.03165,0.03053,0.03126,21630040,671493.57679,3819,11740947,364444.69641,-0.0012779552715654,ARPA-USDT,0.0313570498946673,0.0313121407913506,
2022-05-14 12:00:00,0.03126,0.03167,0.03077,0.0312,23860685,745073.96098,3463,12261443,382770.90772,-0.0006406149903908,ARPA-USDT,0.0311903584415151,0.0311084170616083,
2022-05-14 13:00:00,0.03119,0.03148,0.03028,0.03061,26109724,804802.39703,4348,13467953,415208.22187,-0.001305057096248,ARPA-USDT,0.0312135382081294,0.0311484164475742,
2022-05-14 14:00:00,0.03058,0.0310899999999999,0.03017,0.0308899999999999,29869140,912718.65172,4540,16713961,511027.29279,-0.0012932428063401,ARPA-USDT,0.0304831621624425,0.0304677157377741,
2022-05-14 15:00:00,0.03086,0.0312199999999999,0.0302399999999999,0.03041,19618963,602226.4821499999,2995,9883144,303393.75516,-0.0016414970453053,ARPA-USDT,0.030794655926147,0.0307323405896893,
2022-05-14 16:00:00,0.0304,0.03272,0.02993,0.0321899999999999,39848183,1251018.07763,6119,21876006,687651.74905,-0.0012410797393764,ARPA-USDT,0.0303804487496884,0.0304373890304442,0.0001
2022-05-14 17:00:00,0.03221,0.03285,0.03176,0.03222,41009733,1320185.87694,5709,21400162,689140.07148,-0.0009302325581396,ARPA-USDT,0.0320071066619448,0.0319776668191863,
2022-05-14 18:00:00,0.03223,0.03286,0.03205,0.03257,29223258,950790.75373,4837,14050127,456925.35133,-0.0009202453987728,ARPA-USDT,0.032226078804376,0.0322320404040272,
2022-05-14 19:00:00,0.03257,0.03272,0.0316899999999999,0.0318699999999999,15258376,490221.21568,2773,8028811,257885.93176,-0.0012535255405861,ARPA-USDT,0.0325895545357784,0.0324692578402298,
2022-05-14 20:00:00,0.0318699999999999,0.03291,0.0316399999999999,0.03167,26771787,861809.16673,3762,13496495,434484.21499,-0.0028337531486145,ARPA-USDT,0.0318807915314659,0.0319844739205177,
2022-05-14 21:00:00,0.03168,0.03286,0.03143,0.03248,19664267,631732.45489,3027,8749927,280785.08081,-0.0006153846153845,ARPA-USDT,0.0317478186534635,0.0317737680827221,
2022-05-14 22:00:00,0.03248,0.03386,0.03248,0.0336,28956310,961460.26859,4064,13917852,462040.23727,-0.0005948839976204,ARPA-USDT,0.0325462948422564,0.0325863409802825,
2022-05-14 23:00:00,0.03362,0.0343,0.03322,0.03397,13518716,455735.55774,2419,7351811,247701.49405,-0.0002942907592702,ARPA-USDT,0.0336664163504125,0.0335941342145162,
2022-05-15 00:00:00,0.03395,0.03481,0.03349,0.03399,24125642,824584.17254,3968,10227485,350086.44096000004,-0.0002941176470588,ARPA-USDT,0.0339083622191811,0.0339349931554833,0.0001
2022-05-15 01:00:00,0.03398,0.03428,0.03358,0.03397,19037364,646039.71373,2596,10405716,353268.02234,-0.0005884083553986,ARPA-USDT,0.0341328147649055,0.0340328305415577,
2022-05-15 02:00:00,0.03394,0.03416,0.03276,0.03297,23134025,769088.46745,3075,12231873,407273.04455,-0.0006062443164595,ARPA-USDT,0.0340029016968192,0.0340567992607478,
2022-05-15 03:00:00,0.03298,0.03304,0.03242,0.03267,12081783,394629.02145,1971,6091494,198957.24012,-0.0012228676245797,ARPA-USDT,0.0329715737571507,0.0329509199869049,
2022-05-15 04:00:00,0.03268,0.03324,0.0325,0.0330899999999999,18552165,611974.86066,2463,8541655,281636.50089,-0.0015087507543785,ARPA-USDT,0.0327038388368611,0.0327240451704678,
2022-05-15 05:00:00,0.03312,0.03444,0.03296,0.03444,11226803,376184.17408,1707,5905464,197884.14708,-0.0002902757619739,ARPA-USDT,0.0331030552706168,0.0331182730213867,
2022-05-15 06:00:00,0.03445,0.0355,0.03418,0.03546,22936668,797628.5874900001,3462,13140335,457289.06291,-0.0008453085376163,ARPA-USDT,0.0344889637042062,0.0344772679769501,
2022-05-15 07:00:00,0.03543,0.03566,0.03445,0.03451,18878416,661006.83615,2984,7927255,277778.74532,-0.000868558193399,ARPA-USDT,0.0355300466653985,0.0353832610591097,
2022-05-15 08:00:00,0.03451,0.03463,0.03371,0.03386,14374148,490159.65274,2567,5443386,185426.80147,-0.0008852168781352,ARPA-USDT,0.034480535816845,0.0345072902969689,0.0001
2022-05-15 09:00:00,0.03385,0.03441,0.03366,0.03431,15804033,540134.85062,2302,8984888,306973.7784,-0.0002913752913753,ARPA-USDT,0.0338140551069098,0.0338600108479736,
2022-05-15 10:00:00,0.0343,0.0343399999999999,0.03343,0.03418,16833575,568649.15896,2795,8572852,289721.78621,-0.0008769365682547,ARPA-USDT,0.0342846648401237,0.0342328166476256,
2022-05-15 11:00:00,0.03418,0.03477,0.03397,0.0346,13029946,446963.01083,2380,7220831,247817.6175,-0.0014430014430014,ARPA-USDT,0.034132362851133,0.0341682153824607,
2022-05-15 12:00:00,0.03461,0.03499,0.0339,0.03433,12914255,445151.53674,2509,5796880,199910.938,-0.0011638056444572,ARPA-USDT,0.0346784989446261,0.0347769674047688,
2022-05-15 13:00:00,0.03439,0.03439,0.03333,0.0333899999999999,10023349,338781.46511,1804,4634721,156699.25993,0.0005993407251994,ARPA-USDT,0.0342587620294474,0.0341722084006068,
2022-05-15 14:00:00,0.03338,0.0333899999999999,0.03263,0.03333,15032093,496706.15452,2373,7030763,232261.78345,-0.000599700149925,ARPA-USDT,0.0333008418707608,0.0331476615098105,
2022-05-15 15:00:00,0.0333399999999999,0.0338899999999999,0.03304,0.03324,10381426,347319.79215,2020,5033646,168356.88561,-0.0009017132551849,ARPA-USDT,0.0332916295252132,0.0333427232996572,
2022-05-15 16:00:00,0.03326,0.03408,0.0330899999999999,0.0338399999999999,9382917,314887.5855,2041,5021483,168650.63698,-0.0005906674542263,ARPA-USDT,0.0332393330927747,0.0332883403848752,0.0001
2022-05-15 17:00:00,0.0338399999999999,0.03392,0.03269,0.03271,17168082,573601.0077600001,2605,11076541,369985.11209,-0.0006110601894285,ARPA-USDT,0.033839065860132,0.033795775103953,
2022-05-15 18:00:00,0.03271,0.03283,0.03218,0.03231,27568859,895364.3922,4300,11371142,369529.22073,0.0003095975232196,ARPA-USDT,0.0327309830072864,0.0326386313057909,
2022-05-15 19:00:00,0.03228,0.0331399999999999,0.0322,0.0330899999999999,14463603,472021.4082,2785,7174099,234291.753,-0.0006040471156781,ARPA-USDT,0.0322749214484724,0.0322720619876562,
2022-05-15 20:00:00,0.03307,0.03406,0.03291,0.03401,15843921,530912.14545,3159,8169904,273854.4709,-0.0008813160987074,ARPA-USDT,0.0330965507025157,0.0330238969286231,
2022-05-15 21:00:00,0.03401,0.03431,0.0336399999999999,0.03431,10691460,362493.63997,2501,5222241,177226.5438,0.0,ARPA-USDT,0.0340456055238692,0.0340444789011664,
2022-05-15 22:00:00,0.03431,0.03538,0.0343,0.03488,15530628,542780.51045,3423,6378866,222538.92083,-0.0014314342971657,ARPA-USDT,0.0343401000259239,0.0344706609195975,
2022-05-15 23:00:00,0.0349,0.03578,0.0347899999999999,0.03574,16365763,576447.92765,3155,8233296,290396.47837,-0.0011179429849077,ARPA-USDT,0.0349081551691576,0.0348809013752947,
2022-05-16 00:00:00,0.03573,0.03574,0.03418,0.03431,16196968,565121.05012,3555,6199691,215805.16721,-0.0005825808330905,ARPA-USDT,0.0355823151658082,0.0354186947123898,0.0001
2022-05-16 01:00:00,0.0343,0.03458,0.03381,0.03456,25294123,866132.35385,3331,13317534,456256.0931,-0.0002892681515763,ARPA-USDT,0.034341916730145,0.034378477420673,
2022-05-16 02:00:00,0.03456,0.03468,0.03401,0.03453,25639480,884202.8873899999,2833,13274579,457787.0013,-0.0005788712011577,ARPA-USDT,0.0345543245849072,0.0344645521238386,
2022-05-16 03:00:00,0.0345399999999999,0.03462,0.03338,0.03358,10663108,361736.88004,2226,4906735,166171.64001,-0.0008925914906278,ARPA-USDT,0.0345450801555682,0.0345005166534018,
2022-05-16 04:00:00,0.0336,0.03369,0.03311,0.03338,13826068,461394.09891,2582,7211497,240626.84124,-0.0002994908655287,ARPA-USDT,0.0336138049282962,0.0335692642383615,
2022-05-16 05:00:00,0.03335,0.03355,0.0330899999999999,0.03315,7890973,263174.97803,2007,3493146,116546.28534,0.0,ARPA-USDT,0.0333851643277534,0.0333724522777383,
2022-05-16 06:00:00,0.0331399999999999,0.03322,0.03154,0.03178,33151142,1069727.81516,5855,15441854,498270.65724,-0.0018844221105527,ARPA-USDT,0.0331523758232925,0.0328953096939078,
2022-05-16 07:00:00,0.03178,0.03198,0.03125,0.03183,24168006,764005.49664,3875,12784921,404474.26215,-0.0015683814303638,ARPA-USDT,0.0317249215796558,0.0317025436455827,
2022-05-16 08:00:00,0.03183,0.03257,0.03176,0.03243,10971572,354331.88344,2588,6186935,200001.41127,-0.0012319063751153,ARPA-USDT,0.0318101276721317,0.0319195440253699,0.0001
2022-05-16 09:00:00,0.03242,0.03242,0.03147,0.03155,10622707,338136.25507,2435,4907286,156123.84365,-0.0012662234884456,ARPA-USDT,0.0323675943412509,0.032314449534003,
2022-05-16 10:00:00,0.03156,0.0328899999999999,0.0312399999999999,0.03283,17673597,569546.42792,3375,8726057,281573.39454,-0.0009129640900792,ARPA-USDT,0.0315252061067147,0.0316310132746558,
2022-05-16 11:00:00,0.03285,0.03286,0.03209,0.03211,87946703,2842231.1348800003,4259,40411099,1306085.68833,-0.0009334163036714,ARPA-USDT,0.0327640004648449,0.0326539693071406,
2022-05-16 12:00:00,0.0321199999999999,0.03278,0.0316399999999999,0.0323899999999999,37111197,1192837.83693,4463,23312129,748672.7035299999,-0.000925354719312,ARPA-USDT,0.0321223710691483,0.0319165277469283,
2022-05-16 13:00:00,0.03235,0.03263,0.03167,0.03173,22317641,716241.62837,3768,11432253,367052.32905,-0.0012590494176896,ARPA-USDT,0.0322402678225724,0.0324007403982574,
2022-05-16 14:00:00,0.03174,0.03228,0.0315,0.03171,15376148,490841.77417,2628,7299603,233208.72814,-0.0009451795841208,ARPA-USDT,0.031744138025751,0.031658800183632,
2022-05-16 15:00:00,0.0317,0.03203,0.03115,0.03195,14961473,474106.08988,2744,6635108,210201.91336,0.0015673981191222,ARPA-USDT,0.0317026479264327,0.0317589387761342,
2022-05-16 16:00:00,0.03196,0.03221,0.03143,0.03157,19896602,634577.67206,3500,11410442,363770.79285,-0.0003166561114628,ARPA-USDT,0.0319149993476457,0.03201187981846,0.0001
2022-05-16 17:00:00,0.03154,0.03226,0.03153,0.03217,11776512,376338.27416,2329,4952131,158245.46865,-0.0006213109661387,ARPA-USDT,0.0315418530817814,0.0316486784314668,
2022-05-16 18:00:00,0.03217,0.03248,0.03202,0.03246,8935932,288919.65269,2030,4596351,148565.3995,-0.0003079765937787,ARPA-USDT,0.0321377786925544,0.0321114462886648,
2022-05-16 19:00:00,0.03243,0.03265,0.03216,0.03236,11855666,384101.67265,2586,5581950,180775.31418,-0.0012345679012345,ARPA-USDT,0.0324482292160269,0.0324850223817736,
2022-05-16 20:00:00,0.03238,0.03281,0.0323,0.03277,7238047,235568.86968,1740,4107123,133663.82694,-0.0006099420555046,ARPA-USDT,0.0323580261443255,0.0323683474721342,
2022-05-16 21:00:00,0.03276,0.0331,0.03271,0.03296,6760709,222367.63992,1583,3150853,103566.2241,-0.0003033060357899,ARPA-USDT,0.0327380214642714,0.0327497058190563,
2022-05-16 22:00:00,0.03296,0.03326,0.03244,0.03253,9647708,317755.08967,1828,4868595,160408.87065,-0.001228124040528,ARPA-USDT,0.0330696222182599,0.0331522827974357,
2022-05-16 23:00:00,0.03254,0.03255,0.03155,0.0319,13609894,435196.18375,2769,5943913,190033.95093,0.0,ARPA-USDT,0.0325253123326849,0.0324514484684594,
2022-05-17 00:00:00,0.03191,0.03367,0.0318899999999999,0.03356,24401432,802167.10851,4114,11881691,390353.46101,-0.0002978850163837,ARPA-USDT,0.0319912226837422,0.0320194138609081,-3.428e-05
2022-05-17 01:00:00,0.0335699999999999,0.03416,0.03328,0.03408,18292293,617319.53205,3252,10749241,362898.31095,-0.0002933411557642,ARPA-USDT,0.0336069586903811,0.0335386950844612,
2022-05-17 02:00:00,0.0341,0.03443,0.03391,0.03433,12188955,417016.26412,2489,6851192,234538.86197,0.0002913752913751,ARPA-USDT,0.034140035945417,0.0340395932495697,
2022-05-17 03:00:00,0.03431,0.03498,0.03416,0.03475,14345781,496660.18671,3186,7807769,270390.12401,0.0002878526194589,ARPA-USDT,0.0342890709577899,0.0342296540226232,
2022-05-17 04:00:00,0.03471,0.03503,0.03441,0.03495,12829431,444855.63837,2626,6430796,223035.40407,-0.001713796058269,ARPA-USDT,0.0347587570316588,0.0345832837168952,
2022-05-17 05:00:00,0.03496,0.03505,0.03446,0.03478,10156081,352237.59271,1985,5064668,175603.1607,-0.0008618213157139,ARPA-USDT,0.0349950070102266,0.0350022274687966,
2022-05-17 06:00:00,0.0347899999999999,0.03501,0.03455,0.03499,7778429,270560.16457,1572,3842720,133676.98917000002,-0.0002857142857143,ARPA-USDT,0.0348122994629916,0.0347265396723412,
2022-05-17 07:00:00,0.03499,0.03508,0.03399,0.03406,10724565,369224.30066,2093,4787823,164805.10212,0.0,ARPA-USDT,0.034980608065915,0.0349576795392138,
2022-05-17 08:00:00,0.03405,0.0343,0.03373,0.03421,12390437,422170.21688,2489,5970802,203550.58135,-0.0008761682242991,ARPA-USDT,0.0340307578011412,0.0340016934596811,0.0001
2022-05-17 09:00:00,0.03422,0.0345,0.03406,0.03418,9585590,328509.62956,1926,4921184,168649.16452,-0.0005847953216373,ARPA-USDT,0.0342366277628227,0.0342487712479952,
2022-05-17 10:00:00,0.03419,0.03423,0.0338,0.0339,6525491,221987.88794,1587,2848400,96907.03023,-0.0008841732979664,ARPA-USDT,0.0342110223062328,0.0341517180105982,
2022-05-17 11:00:00,0.0339,0.03418,0.03369,0.03383,12055211,408643.08406,2306,6579563,223142.41726,-0.0011809861234129,ARPA-USDT,0.033890287652756,0.0338718512526819,
2022-05-17 12:00:00,0.03385,0.03452,0.03376,0.03429,18599137,635568.87354,2898,11679476,399194.63877,-0.0008741258741259,ARPA-USDT,0.0338542769201272,0.0338514951201045,
2022-05-17 13:00:00,0.03427,0.03462,0.03369,0.03419,21098522,719815.64846,3585,10088721,343827.62979,-0.0011685655857434,ARPA-USDT,0.0341725687208625,0.0340818508071368,
2022-05-17 14:00:00,0.0342,0.03422,0.03291,0.03297,24259223,813158.6155900001,4259,10578706,355207.21301,-0.0012117540139351,ARPA-USDT,0.0341756447471106,0.0341424708025498,
2022-05-17 15:00:00,0.03299,0.0333,0.03244,0.0331399999999999,25366415,834877.1669300001,4109,11246369,370544.42456,-0.0006031363088089,ARPA-USDT,0.0329923612867705,0.0330145746933503,
2022-05-17 16:00:00,0.03312,0.0332,0.03236,0.03302,17506004,574432.85636,3449,7625421,250075.43809,-0.0018137847642079,ARPA-USDT,0.0331423231222831,0.0330745828782818,5.695e-05
2022-05-17 17:00:00,0.03302,0.03344,0.03286,0.03291,11729332,389230.95228,2441,5619609,186554.49497,-0.000910746812386,ARPA-USDT,0.0329832161308587,0.0329756064317744,
2022-05-17 18:00:00,0.03288,0.03321,0.03203,0.0326199999999999,34865329,1134497.92235,6669,16286900,530183.11985,-0.0024464831804311,ARPA-USDT,0.0329111324664168,0.0328905385043962,
2022-05-17 19:00:00,0.03263,0.03358,0.03249,0.03322,16010421,528774.35517,3099,8312419,274211.78938,-0.0015028554253081,ARPA-USDT,0.0325908148577864,0.0325974416376462,
2022-05-17 20:00:00,0.03321,0.03368,0.03311,0.0333899999999999,9947227,332207.39559000003,1741,4902140,163715.21518,-0.0017937219730972,ARPA-USDT,0.0331734630354932,0.0332405499514487,
2022-05-17 21:00:00,0.0334,0.03452,0.03338,0.03449,6773739,229811.07076,1654,3294566,111854.11385,0.0005802146794313,ARPA-USDT,0.0333966505374743,0.0334778055606458,
2022-05-17 22:00:00,0.0345,0.03569,0.0345,0.03515,22791802,801565.37423,4360,13317616,467899.00397,0.0002845759817873,ARPA-USDT,0.0346649153402596,0.0347113015261194,
2022-05-17 23:00:00,0.03514,0.03566,0.03514,0.03522,9143127,323709.57335,2321,4727536,167358.76365,0.0002840102243681,ARPA-USDT,0.0352189659697768,0.0353360275051374,
2022-05-18 00:00:00,0.03524,0.03584,0.03514,0.0354,11414853,406096.52132,2745,6218569,221114.94728,0.0002825656965246,ARPA-USDT,0.0351883085265951,0.0352856286947162,0.0001
2022-05-18 01:00:00,0.0354,0.03542,0.03469,0.03482,9929836,348024.40163,2400,4643293,162718.3068,-0.0002871088142406,ARPA-USDT,0.0354054955152045,0.0353301509029908,
2022-05-18 02:00:00,0.0348399999999999,0.03525,0.03477,0.03519,5465836,191730.94234,1474,3181535,111528.01308,0.0,ARPA-USDT,0.0347966151540544,0.0349698483707755,
2022-05-18 03:00:00,0.0352,0.0352,0.0339,0.03405,8701320,299782.8335,2100,3679854,126744.86813,-0.0002935995302408,ARPA-USDT,0.0351675791125597,0.0350915146541193,
2022-05-18 04:00:00,0.03401,0.0345899999999999,0.03395,0.03421,6551488,224633.67306,1526,3663996,125444.0341,0.0014637002341919,ARPA-USDT,0.0340376570164013,0.0340875579267326,
2022-05-18 05:00:00,0.03419,0.03437,0.03408,0.03428,6498827,222461.24841,1642,2092038,71607.25044,-0.0011655011655012,ARPA-USDT,0.0341786291354246,0.0341567647491864,
2022-05-18 06:00:00,0.03426,0.03437,0.03301,0.03318,13359739,449708.97734,2592,4844137,162872.03513,-0.000301295570955,ARPA-USDT,0.0342825123788152,0.0342821441273716,
2022-05-18 07:00:00,0.03318,0.03362,0.03317,0.03356,10387081,347087.45324,2072,5781788,193144.80848,-0.0011904761904761,ARPA-USDT,0.0333859728667168,0.0334240086135857,
2022-05-18 08:00:00,0.0335899999999999,0.034,0.03348,0.03387,8737057,295095.67339,2103,3910912,132155.7899,0.0,ARPA-USDT,0.0335271350581238,0.0336373330079949,0.0001
2022-05-18 09:00:00,0.03386,0.03408,0.03351,0.034,15645824,527478.88242,2180,9548791,322004.49227,-0.0002940311673036,ARPA-USDT,0.0338690834176666,0.0339003765967846,
2022-05-18 10:00:00,0.034,0.03417,0.03391,0.03415,5210420,177384.72901,1368,2567087,87434.8574,-0.0002927400468385,ARPA-USDT,0.0339713582822085,0.0339792446350131,
2022-05-18 11:00:00,0.03415,0.03416,0.03341,0.03354,7274332,245092.42799,1547,3427635,115322.39708,-0.0014885382554331,ARPA-USDT,0.0341435707713094,0.0340238649294268,
2022-05-18 12:00:00,0.0335699999999999,0.03362,0.03275,0.03283,12678819,421226.48531,2508,4963523,164946.92862,-0.0003045066991474,ARPA-USDT,0.0334946762021177,0.0335445858830649,
2022-05-18 13:00:00,0.03285,0.0329,0.03207,0.0321899999999999,17985404,583698.08519,3172,8803251,285858.89597,-0.0009310986964649,ARPA-USDT,0.032837136763344,0.0328096564926815,
2022-05-18 14:00:00,0.0321899999999999,0.03257,0.03178,0.032,13085549,421621.68098,2512,5952379,191649.14205,-0.0003124023742578,ARPA-USDT,0.0322188838421479,0.0322568432197116,
2022-05-18 15:00:00,0.032,0.03206,0.03133,0.03161,13228954,418811.37954,2881,6240025,197572.6692,-0.0018945374171138,ARPA-USDT,0.0320069533744797,0.0318970197764157,
2022-05-18 16:00:00,0.03162,0.03236,0.0313899999999999,0.03225,15113338,482157.92059,3003,7345489,234384.70346,-0.0018570102135561,ARPA-USDT,0.0316030475239241,0.0315943192870507,-0.00015946
2022-05-18 17:00:00,0.03228,0.03241,0.0318699999999999,0.03193,6668321,214334.03773,1489,3507358,112714.61189,-0.0021875,ARPA-USDT,0.0322237942413901,0.0322932005267484,
2022-05-18 18:00:00,0.03198,0.03405,0.03186,0.03304,77017676,2557845.09811,10697,41895763,1391344.62325,-0.0054184226369656,ARPA-USDT,0.03197088274527,0.031990401044261,
2022-05-18 19:00:00,0.03303,0.03362,0.0324,0.0335899999999999,74869391,2466107.33914,11143,40820775,1343837.56865,-0.0017830609212511,ARPA-USDT,0.0330761793743995,0.0329708287180847,
2022-05-18 20:00:00,0.0336,0.0336,0.03234,0.03244,28591088,936865.54964,4936,12213502,400287.46687,-0.0009239297813367,ARPA-USDT,0.0334663485405766,0.0332422093763831,
2022-05-18 21:00:00,0.03245,0.03249,0.03181,0.0321899999999999,19924157,640437.59511,3166,9839852,316264.9727,0.0009328358208924,ARPA-USDT,0.0324449968878424,0.0323254330378541,
2022-05-18 22:00:00,0.03218,0.0324,0.03177,0.03209,15790224,506676.85769,2646,7220844,231696.39026,-0.0021766169154229,ARPA-USDT,0.0321068702138757,0.031945170580296,
2022-05-18 23:00:00,0.03207,0.03251,0.0312,0.03147,21619933,684210.15081,3535,10022242,317400.87474,0.0003178639542273,ARPA-USDT,0.0322278036786497,0.0323165125571345,
2022-05-19 00:00:00,0.03147,0.0316899999999999,0.03082,0.03093,20796094,652000.16111,3417,9729877,305659.37163,-0.0003232062055591,ARPA-USDT,0.031545893058643,0.0315024078589819,-0.00011279
2022-05-19 01:00:00,0.03093,0.03147,0.02972,0.03006,24277354,745934.53164,3491,10730033,330065.67461,-0.0003325573661456,ARPA-USDT,0.0309399899202613,0.030984411615695,
2022-05-19 02:00:00,0.03007,0.03098,0.02945,0.03094,39084380,1180798.35403,5704,18991232,573709.00583,-0.0016134236850597,ARPA-USDT,0.030157731664843,0.0301273182721429,
2022-05-19 03:00:00,0.03088,0.03154,0.03088,0.03137,15075193,471056.89628,2542,8099615,253131.64042,-0.0012734797835083,ARPA-USDT,0.0309295886015775,0.0309587104211026,
2022-05-19 04:00:00,0.03137,0.0316899999999999,0.03101,0.03108,9289257,291435.90312,1838,4761403,149288.26097,-0.0009643201542911,ARPA-USDT,0.03144283330785,0.0314796544072829,
2022-05-19 05:00:00,0.03107,0.03116,0.03066,0.03068,13517444,418412.61878,2176,6363110,197049.39303,-0.0013020833333333,ARPA-USDT,0.031095622191287,0.0310070307736087,
2022-05-19 06:00:00,0.03069,0.03201,0.03066,0.0319,20453538,641473.17158,3052,10694951,335739.03559,0.0,ARPA-USDT,0.0307134344433851,0.0307152230129252,
2022-05-19 07:00:00,0.03192,0.032,0.03112,0.03134,12084193,381391.57089,2207,5597714,176943.65009,-0.0009563277016257,ARPA-USDT,0.0319106805117179,0.031803361776111,
2022-05-19 08:00:00,0.03134,0.03135,0.03048,0.03051,15270264,471460.279,2894,6312843,194870.3416,-0.0013093289689034,ARPA-USDT,0.0312608780889683,0.0310876211968254,-5.039e-05
2022-05-19 09:00:00,0.03051,0.03101,0.0303899999999999,0.03059,20974046,643152.09478,2550,11075769,339811.94077,-0.0006533812479581,ARPA-USDT,0.0305889316923973,0.0307065367669862,
2022-05-19 10:00:00,0.03061,0.03118,0.03046,0.03098,13020454,400838.76918,2195,5929576,182473.959,-0.000967429861335,ARPA-USDT,0.0306083958241472,0.0306317931118605,
2022-05-19 11:00:00,0.03098,0.03263,0.03073,0.03241,23123422,731096.89982,3670,12467831,393867.9261,-0.0009247842170159,ARPA-USDT,0.0309879987706641,0.0309106699535477,
2022-05-19 12:00:00,0.0324,0.03251,0.03197,0.0322,16097534,518655.16941,3253,8603452,277204.69612,-0.0015503875968992,ARPA-USDT,0.0323978686321793,0.0322120653910644,
2022-05-19 13:00:00,0.0321899999999999,0.03325,0.0321,0.03257,22726767,742284.11844,4395,11596105,378923.46177,0.0,ARPA-USDT,0.0322152817855036,0.0321731412026699,
2022-05-19 14:00:00,0.03258,0.03369,0.03256,0.03349,27191666,902066.09449,4702,13563878,450273.00779,-0.0008949880668258,ARPA-USDT,0.0327054587280763,0.0328427690482226,
2022-05-19 15:00:00,0.0335,0.03558,0.03306,0.03498,106934083,3714351.88343,16679,54295959,1885333.37347,-0.0002857959416977,ARPA-USDT,0.0335044345671674,0.0335258159289749,
2022-05-19 16:00:00,0.03498,0.0355399999999999,0.03448,0.03482,57736790,2018145.1786,10079,26448607,924687.42057,-0.0011474469305796,ARPA-USDT,0.0348567268567394,0.0350226500629921,-2.775e-05
2022-05-19 17:00:00,0.0348399999999999,0.03519,0.03399,0.03464,43666696,1508676.49257,7144,21715591,751131.41149,-0.0002886002886003,ARPA-USDT,0.0348302536765858,0.034826638960529,
2022-05-19 18:00:00,0.03464,0.03468,0.03383,0.03395,23121117,791255.56476,4612,11226311,384641.25112,-0.0005887547836326,ARPA-USDT,0.0346050324556962,0.0345563732564187,
2022-05-19 19:00:00,0.03394,0.03413,0.0335699999999999,0.03372,21007422,710524.93074,3547,10392300,351742.86044,-0.0017761989342806,ARPA-USDT,0.0340179007431258,0.0340347272763699,
2022-05-19 20:00:00,0.03372,0.03402,0.03361,0.03381,14820781,500640.61788,2600,7483349,252741.86872,-0.0005911912503694,ARPA-USDT,0.0336475108181195,0.0336970173021956,
2022-05-19 21:00:00,0.0338199999999999,0.0340699999999999,0.0336,0.0336,12899963,436195.67981,2240,5485541,185576.30009,-0.0023752969121141,ARPA-USDT,0.0337951966307301,0.0337498644374004,
2022-05-19 22:00:00,0.03361,0.03361,0.03292,0.03349,23422759,779945.26212,3737,10770663,358468.85829,-0.0005968367651446,ARPA-USDT,0.0334388824216748,0.0333790289899525,
2022-05-19 23:00:00,0.0335,0.03492,0.03349,0.03449,26750830,916593.09812,4671,14146366,484811.68066,0.0,ARPA-USDT,0.0338377860816254,0.0340183984060942,
2022-05-20 00:00:00,0.03449,0.03469,0.03386,0.0345899999999999,14913304,510802.04406,3588,7007350,240028.05381,-0.0017316017316046,ARPA-USDT,0.0344858759446842,0.0343031651163825,-5.923e-05
2022-05-20 01:00:00,0.03458,0.0353,0.03419,0.0349,17823517,620413.89654,3504,9327280,324744.01209,-0.0014306151645208,ARPA-USDT,0.0345215299392281,0.0343714698151627,
2022-05-20 02:00:00,0.0349,0.03493,0.0343399999999999,0.03455,9463175,327325.86153,2081,3855174,133318.3165,-0.0002893518518519,ARPA-USDT,0.034869024501933,0.0347283021470488,
2022-05-20 03:00:00,0.03455,0.03467,0.03404,0.03413,7424047,254213.24411,1650,3229206,110614.2853,0.0002930832356389,ARPA-USDT,0.0345584480214894,0.0345116158515556,
2022-05-20 04:00:00,0.03414,0.0345399999999999,0.03348,0.03377,18077957,616100.25686,3120,9431106,321801.19062,-0.0002960331557133,ARPA-USDT,0.0340574844889776,0.0341318578038493,
2022-05-20 05:00:00,0.03377,0.0343399999999999,0.03347,0.03426,13160051,446080.83426,2774,6552731,222191.36263,-0.0008748906386701,ARPA-USDT,0.0336947935424256,0.033595387278188,
2022-05-20 06:00:00,0.03426,0.03426,0.03303,0.03341,13819503,462943.09117,3052,5487851,183868.0983,-0.0014943215780034,ARPA-USDT,0.0341688962863061,0.0341850265637296,
2022-05-20 07:00:00,0.03341,0.03403,0.03316,0.03393,10218359,343204.0765,2264,4882964,163926.01742,-0.0014714537963508,ARPA-USDT,0.033365083941343,0.0333453171974674,
2022-05-20 08:00:00,0.03392,0.03485,0.03369,0.03421,16449543,564145.64242,3233,9346280,320531.96256,-0.0014594279042615,ARPA-USDT,0.0339032404495237,0.0338387138934309,2.87e-05
2022-05-20 09:00:00,0.03421,0.03473,0.03406,0.0345399999999999,11002472,378452.16667,2476,5502322,189227.65861,-0.0023108030040468,ARPA-USDT,0.0341476681587305,0.0342452027321849,
2022-05-20 10:00:00,0.03453,0.03498,0.03444,0.03491,15112044,524333.53593,3258,8430510,292531.46079,-0.0011444921316167,ARPA-USDT,0.0345841464511971,0.0345938041275447,
2022-05-20 11:00:00,0.0349,0.03513,0.03436,0.03474,18561648,645312.76431,3359,8913705,309945.75923,0.0008643042350908,ARPA-USDT,0.0349004727927608,0.0349993485835437,
2022-05-20 12:00:00,0.03473,0.03483,0.03372,0.03395,16173033,553446.58965,2934,7959129,272273.73654,-0.0005887547836326,ARPA-USDT,0.0347355700495371,0.0347694490943371,
2022-05-20 13:00:00,0.03393,0.03429,0.03342,0.0338399999999999,19703415,667705.19862,3643,9234008,313253.90928,-0.0002954209748922,ARPA-USDT,0.0339320434858616,0.0338895003261138,
2022-05-20 14:00:00,0.0338399999999999,0.0338899999999999,0.03273,0.03284,30339722,1007372.9679,4940,13941360,463336.5282,-0.000304414003044,ARPA-USDT,0.0338220713004882,0.0337995735590504,
2022-05-20 15:00:00,0.03286,0.0328899999999999,0.03209,0.03228,20346294,659796.02302,3804,8921111,289263.1892,-0.0003096934035303,ARPA-USDT,0.0327944127659528,0.032689137085523,
2022-05-20 16:00:00,0.03227,0.03231,0.03149,0.03174,23573789,748515.87682,4700,10712748,340284.66004,-0.0012586532410322,ARPA-USDT,0.0322801580442911,0.0321038312723129,0.0001
2022-05-20 17:00:00,0.03173,0.03211,0.03147,0.03207,15902120,504363.28066,3214,7903616,250802.12601,-0.0015566625155666,ARPA-USDT,0.0316944801468165,0.0316019298223632,
2022-05-20 18:00:00,0.03206,0.03232,0.03167,0.03217,10690255,341435.85478,2276,4952243,158206.99014,0.0006220839813375,ARPA-USDT,0.032044283724905,0.031972563171314,
2022-05-20 19:00:00,0.03216,0.03302,0.03206,0.03292,14640850,476698.86907,2749,7477840,243360.04708,-0.0012135922330098,ARPA-USDT,0.0321619759812646,0.0321331236023292,
2022-05-20 20:00:00,0.03291,0.03324,0.03221,0.03244,15174801,495276.07396,2407,6696442,218550.96122,-0.0027666769136184,ARPA-USDT,0.0328908327630736,0.032729478090018,
2022-05-20 21:00:00,0.03246,0.03276,0.03226,0.03227,8187293,266460.44519,1818,3498665,113780.22466,-0.0015470297029703,ARPA-USDT,0.032519315249447,0.0326240752615727,
2022-05-20 22:00:00,0.03229,0.0331,0.03222,0.03275,12954431,424352.02339,2218,6768573,221674.97974,-0.0018287107589148,ARPA-USDT,0.0323539860437959,0.0323521829379562,
2022-05-20 23:00:00,0.03274,0.0333199999999999,0.0326,0.03268,8665786,285621.26058,1924,4415071,145450.05782000002,-0.0015276504735717,ARPA-USDT,0.0328312955132934,0.0329219519443504,
2022-05-21 00:00:00,0.03268,0.03296,0.03181,0.0325,17274696,561110.23791,3605,7362794,239020.04375,-0.0009222256378728,ARPA-USDT,0.032729774896301,0.0326272161716579,1.982e-05
2022-05-21 01:00:00,0.03247,0.03255,0.03177,0.03223,11794948,378535.87019,2171,5199022,166794.39938,-0.0006201550387596,ARPA-USDT,0.0325026726596577,0.0323017757538501,
2022-05-21 02:00:00,0.03224,0.03307,0.0321,0.03271,21169286,689723.70059,3214,11219801,365766.24396,-0.0027439024390243,ARPA-USDT,0.0323726544190977,0.0323071999152873,
2022-05-21 03:00:00,0.0327,0.03315,0.03235,0.03312,17916141,587713.01012,2974,9667827,317274.87785,0.0,ARPA-USDT,0.03284887204243,0.0329486141461276,
2022-05-21 04:00:00,0.03312,0.03315,0.03279,0.03292,8442082,278187.10357,1648,4690054,154565.88165,-0.0006071645415907,ARPA-USDT,0.0331120883601372,0.033061239615,
2022-05-21 05:00:00,0.0328899999999999,0.03296,0.03233,0.03269,10944260,357034.72289,1993,5245032,171004.93206,0.0003059975520194,ARPA-USDT,0.0329216266703027,0.0328865019951623,
2022-05-21 06:00:00,0.03269,0.03307,0.03256,0.03297,7381131,242451.94325,1726,3899935,128127.0547,-0.0015142337976984,ARPA-USDT,0.032805929732306,0.0328006024855004,
2022-05-21 07:00:00,0.03297,0.03346,0.03273,0.03328,10110502,335143.73793,2087,4641670,153855.48632,-0.0009006304413089,ARPA-USDT,0.0330046088427892,0.0329532890129655,
2022-05-21 08:00:00,0.03326,0.03338,0.03279,0.03299,8158471,269524.21128,1817,3498907,115582.60917,0.0012139605462822,ARPA-USDT,0.0332642130476574,0.0332637320499058,4.9e-05
2022-05-21 09:00:00,0.033,0.03307,0.03273,0.03288,6743490,221853.8715,1511,2757053,90727.119,-0.0015183723048891,ARPA-USDT,0.0330288617118351,0.0329776714951026,
2022-05-21 10:00:00,0.03292,0.03324,0.03283,0.03292,13376062,441982.93625,2422,6680532,220759.68882,-0.0012135922330098,ARPA-USDT,0.0330089977000034,0.0330893792702377,
2022-05-21 11:00:00,0.03291,0.03298,0.03253,0.0328899999999999,6256640,205086.77875,1578,2133224,69928.87495,-0.0015179113539799,ARPA-USDT,0.0329243009068177,0.0328696054707201,
2022-05-21 12:00:00,0.0328899999999999,0.03338,0.0327,0.03319,10075044,332878.00511,1978,5525631,182528.04779,-0.0027043269230768,ARPA-USDT,0.0328972563637357,0.0329569778670494,
2022-05-21 13:00:00,0.03319,0.03362,0.0331399999999999,0.0334,12588218,419999.96042,1974,8100266,270277.19125,-0.0008973975471134,ARPA-USDT,0.0332082201008716,0.0332048539683265,
2022-05-21 14:00:00,0.0334,0.0341,0.03324,0.03408,14181851,477041.79008,2814,8356117,280951.19355,0.0,ARPA-USDT,0.0333643874825472,0.0333484267838279,
2022-05-21 15:00:00,0.0340899999999999,0.03447,0.03361,0.03433,17210060,585978.47604,3436,8586579,292520.25662,-0.0011638056444572,ARPA-USDT,0.0340730950201252,0.0340676487635596,
2022-05-21 16:00:00,0.03433,0.03615,0.03414,0.03506,115713210,4071853.73267,15466,54699151,1924882.77714,-0.0002851439977187,ARPA-USDT,0.0342928474406155,0.0343853440898751,6.587e-05
2022-05-21 17:00:00,0.03507,0.03539,0.03397,0.03405,39622875,1377317.04897,5982,17289481,601557.9720000001,-0.0011733646230567,ARPA-USDT,0.0352524073013177,0.035130373688485,
2022-05-21 18:00:00,0.0340699999999999,0.03465,0.03402,0.03421,18150921,622865.92343,2945,9715212,333384.33024,0.0005849663644339,ARPA-USDT,0.0340890033921272,0.0342066393550836,
2022-05-21 19:00:00,0.03421,0.03449,0.03355,0.03375,61336324,2088606.2188,6793,30364741,1034874.57038,-0.0008880994671401,ARPA-USDT,0.0342007404810513,0.0342846919589102,
2022-05-21 20:00:00,0.03378,0.03394,0.0333199999999999,0.03362,26895586,904509.34907,3687,11402330,383371.58331,-0.0014850014850015,ARPA-USDT,0.0337804178737991,0.0337581027629877,
2022-05-21 21:00:00,0.03362,0.03363,0.03304,0.03308,12858053,429358.76001,2397,5325906,177985.54865,-0.0009060706735125,ARPA-USDT,0.0335249832379468,0.0335490775205526,
2022-05-21 22:00:00,0.03307,0.03375,0.03278,0.03375,16834534,559657.19324,2856,8041363,267731.1119,0.0,ARPA-USDT,0.0329092500001886,0.0330569198104999,
2022-05-21 23:00:00,0.03376,0.03396,0.03348,0.03368,16269868,548584.31774,2359,7299410,246083.47797,-0.0002968239833777,ARPA-USDT,0.0337792398524844,0.033800597256444,
2022-05-22 00:00:00,0.03367,0.03397,0.0333899999999999,0.0338899999999999,11207554,378200.71727,2298,6609944,223144.80987,-0.0005897965202035,ARPA-USDT,0.0337277051503839,0.0336853463604621,3.365e-05
2022-05-22 01:00:00,0.0338899999999999,0.03411,0.03361,0.03375,14036336,475118.41479,2069,6173517,208999.60145,-0.0023647650014778,ARPA-USDT,0.033962138760409,0.0339777749254925,
2022-05-22 02:00:00,0.03375,0.03376,0.0330899999999999,0.03349,16558859,554624.8742,2324,7015766,234739.68438,-0.0014907573047108,ARPA-USDT,0.0336552375634446,0.0336717199649044,
2022-05-22 03:00:00,0.03348,0.03383,0.03324,0.03365,13781916,461929.5727500001,2072,6307544,211528.08786,-0.0002970885323827,ARPA-USDT,0.033326659661601,0.0333960113017713,
2022-05-22 04:00:00,0.0336399999999999,0.03368,0.03291,0.03297,15024440,499648.69158,2528,7237714,240816.26752,0.0,ARPA-USDT,0.0336384914231754,0.0336105257758964,
2022-05-22 05:00:00,0.03294,0.03363,0.0329,0.03343,10090109,336297.27763,1975,5911980,197004.91712,-0.0011951000896324,ARPA-USDT,0.0329287808201353,0.0329909029017869,
2022-05-22 06:00:00,0.03346,0.03425,0.03346,0.03415,15357464,521134.56011,2845,8013840,271810.79335,0.0,ARPA-USDT,0.0335273724583772,0.0335227805678565,
2022-05-22 07:00:00,0.03413,0.03448,0.03392,0.03447,8393252,287277.6802,1828,3741351,128013.20667,0.0008710801393729,ARPA-USDT,0.0340927052064141,0.0340886512170943,
2022-05-22 08:00:00,0.03447,0.03477,0.0343399999999999,0.03464,9876124,341521.04546,2340,4076370,141015.62386,0.000577700751011,ARPA-USDT,0.0344513767456599,0.0344144085200293,0.0001
2022-05-22 09:00:00,0.03463,0.03526,0.03445,0.03499,17763019,619833.38552,3149,8115372,283134.97248,-0.0028498147620406,ARPA-USDT,0.0346352464708005,0.0345869687133474,
2022-05-22 10:00:00,0.03499,0.0353,0.0347,0.03489,30886243,1077766.88015,3106,12752945,445053.65442,-0.001716738197425,ARPA-USDT,0.035063049441798,0.0351587030017285,
2022-05-22 11:00:00,0.0349,0.03498,0.03404,0.0340899999999999,11794475,406847.68292,2382,5062780,174675.31308,-0.0002932551319677,ARPA-USDT,0.0349149741800418,0.0349245332769774,
2022-05-22 12:00:00,0.0341,0.03475,0.0341,0.03472,11735373,405589.42419,2882,6146592,212416.60864,0.0,ARPA-USDT,0.034153555483126,0.0342498516776487,
2022-05-22 13:00:00,0.03472,0.0347899999999999,0.03414,0.03428,8035864,277211.20859,1898,3875825,133802.39844,0.0008759124087589,ARPA-USDT,0.0346835300801982,0.0347301050934329,
2022-05-22 14:00:00,0.03428,0.03473,0.03426,0.03448,9726875,335601.82496,2332,4854307,167481.96454,-0.0005797101449277,ARPA-USDT,0.0342939171988185,0.0344432716734861,
2022-05-22 15:00:00,0.03446,0.03458,0.03352,0.03402,16940271,575349.76109,2936,7369781,250051.35968,-0.0017605633802816,ARPA-USDT,0.034518875373989,0.0344718713150256,
2022-05-22 16:00:00,0.03404,0.03414,0.03317,0.03401,13839485,466408.31643,2921,5748393,193684.36618,-0.0008813160987074,ARPA-USDT,0.0340246253066217,0.034043450347301,0.0001
2022-05-22 17:00:00,0.03401,0.03444,0.03386,0.03391,10779550,368606.42717,2731,5800241,198444.33185,-0.0011782032400589,ARPA-USDT,0.0339360862129637,0.0339824244578373,
2022-05-22 18:00:00,0.03388,0.03433,0.03373,0.0343,8045244,273624.04586,2039,4795981,163122.41308,-0.0011648223645895,ARPA-USDT,0.03386675546712,0.0338363208347954,
2022-05-22 19:00:00,0.0343,0.03442,0.03386,0.03396,7217869,246517.08367,1673,3454684,118028.79768,-0.0011764705882354,ARPA-USDT,0.0342289676637115,0.0343243957433505,
2022-05-22 20:00:00,0.03396,0.03449,0.03393,0.0340899999999999,11549248,394980.795,2105,5491624,187804.86868,-0.0008792497069196,ARPA-USDT,0.0340357838246655,0.0340466014620128,
2022-05-22 21:00:00,0.0340899999999999,0.0344,0.03397,0.03413,9815193,335624.15102,1818,5000439,170889.36026,-0.001754899093302,ARPA-USDT,0.034022754672558,0.0341109194827867,
2022-05-22 22:00:00,0.03412,0.03495,0.03412,0.0347,15721692,544928.92101,2784,7958730,275682.86903,-0.0014388489208633,ARPA-USDT,0.0342491595851985,0.0344570070661565,
2022-05-22 23:00:00,0.0347,0.03499,0.03467,0.03473,9275665,323321.55526,1882,4532910,157998.73234,-0.0008630609896432,ARPA-USDT,0.0347179656645006,0.0347259553089448,
2022-05-23 00:00:00,0.03471,0.03546,0.03444,0.0352,17009423,594383.47771,3542,8888147,310763.15081,-0.0014184397163119,ARPA-USDT,0.034625403770187,0.0345633050698858,0.0001
2022-05-23 01:00:00,0.03519,0.03522,0.0344,0.0345399999999999,9852634,341998.03298,1942,4450837,154518.08748,-0.0017341040462457,ARPA-USDT,0.0351438029163715,0.0351356696255744,
2022-05-23 02:00:00,0.0345399999999999,0.0345399999999999,0.03363,0.03397,14086055,478091.14357,2322,5952919,202076.57289,-0.0014697236919459,ARPA-USDT,0.034511809476934,0.0343342023076867,
2022-05-23 03:00:00,0.03399,0.03471,0.03398,0.0345899999999999,12506567,429482.02409,2234,7196932,247181.34191,-2.997602166487923e-15,ARPA-USDT,0.0340359763243323,0.034063572144346,
2022-05-23 04:00:00,0.03458,0.03548,0.03456,0.03471,27835454,978036.22215,4081,13459161,472925.00055,-0.0002880184331798,ARPA-USDT,0.0345884338991843,0.0347563926325989,
2022-05-23 05:00:00,0.03472,0.03499,0.03453,0.0349,17062474,594267.80659,2655,8395730,292527.42717,-0.0008588605782995,ARPA-USDT,0.0347445435439324,0.0347723438801658,
2022-05-23 06:00:00,0.0349,0.03539,0.03488,0.03535,14271584,501373.73563,2669,7290791,256095.96643,-0.0005654509471303,ARPA-USDT,0.0349182494409988,0.0349568994183329,
2022-05-23 07:00:00,0.03535,0.03634,0.03535,0.03591,38086490,1367137.61966,5926,19080943,684881.63428,0.000557258289217,ARPA-USDT,0.0354291376860043,0.0354534509894205,
2022-05-23 08:00:00,0.03593,0.03646,0.03533,0.03542,22259667,797158.18565,4166,10688067,382550.2404,0.0002824060999717,ARPA-USDT,0.0359979232281948,0.0360529643233044,0.0001
2022-05-23 09:00:00,0.03542,0.03572,0.0350899999999999,0.03565,9866551,349204.46074,2301,5132891,181679.07476,-0.0022390148334732,ARPA-USDT,0.0354366804835591,0.0353251899186401,
2022-05-23 10:00:00,0.03567,0.03589,0.03551,0.03569,11610399,414596.71673,2149,4526733,161607.703,-0.0008398656215006,ARPA-USDT,0.0356969112478855,0.0357077638830111,
2022-05-23 11:00:00,0.03573,0.03613,0.03567,0.03582,15389727,552458.49647,2798,7943081,285104.17708,-0.000836820083682,ARPA-USDT,0.0357223757808014,0.0358827671863731,
2022-05-23 12:00:00,0.03582,0.03608,0.03539,0.0355399999999999,13611162,486997.20571,2485,6450868,230837.82866,-2.886579864025407e-15,ARPA-USDT,0.035821536991613,0.0357416076458197,
2022-05-23 13:00:00,0.0355199999999999,0.0359,0.03478,0.03538,31297341,1110141.47633,4811,14457324,513130.01241,-0.0011293054771315,ARPA-USDT,0.0353332755682306,0.0351501884896817,
2022-05-23 14:00:00,0.03539,0.03553,0.03463,0.03533,14729241,517373.42379,2866,6927328,243420.55892,-0.0014132278123233,ARPA-USDT,0.035284639946054,0.035083616566942,
2022-05-23 15:00:00,0.03533,0.0362,0.0353,0.0360399999999999,15553189,557514.74943,3035,8205337,294078.58926,0.0005552470849499,ARPA-USDT,0.0353291841073386,0.0355250521913191,
2022-05-23 16:00:00,0.0360199999999999,0.03658,0.03568,0.03592,15506713,560512.9,3149,7914054,286000.53362,-0.0002783189535205,ARPA-USDT,0.0360084797314094,0.0359920549086924,0.0001
2022-05-23 17:00:00,0.03592,0.03593,0.03535,0.03562,11253010,401019.21967,2346,6191282,220646.72888,-0.0002806623631771,ARPA-USDT,0.0358963727453965,0.0357560717850854,
2022-05-23 18:00:00,0.03561,0.03578,0.0348,0.0349,16443116,580961.28103,2872,7259970,256448.67718,-0.000286450873675,ARPA-USDT,0.0355198815337135,0.0354777692460537,
2022-05-23 19:00:00,0.03491,0.03492,0.0337,0.03373,23348686,799341.02181,4569,11861939,406200.84615,-0.0002963841138113,ARPA-USDT,0.0348190759473766,0.0346333596275478,
2022-05-23 20:00:00,0.03371,0.03462,0.03349,0.03456,18331902,623944.23732,2877,8677147,295643.39052,0.0,ARPA-USDT,0.0336382349097722,0.0338356556687933,
2022-05-23 21:00:00,0.03456,0.03475,0.03426,0.03428,8551170,295158.81961,1740,4682902,161637.62537,-0.0014564520827264,ARPA-USDT,0.0345641816427098,0.0344772522023596,
2022-05-23 22:00:00,0.03427,0.03427,0.03302,0.03335,16720011,560866.1995400001,2933,8040786,269234.83935,-0.0023930601256357,ARPA-USDT,0.0341622144434982,0.0340520217709418,
2022-05-23 23:00:00,0.03335,0.03335,0.0323899999999999,0.03294,14824746,487386.0682,2530,6214869,204244.85617,-0.002724795640327,ARPA-USDT,0.0332580918113667,0.0331911372044531,
2022-05-24 00:00:00,0.03296,0.03399,0.03283,0.0337,15854776,531587.0156,2773,9617698,323066.90144,-0.0005931198102016,ARPA-USDT,0.0329158461443082,0.032988662150289,-2.8e-07
2022-05-24 01:00:00,0.0337,0.03406,0.03342,0.03401,9783660,329634.85449,1798,5137405,173106.90204,-0.0005877167205406,ARPA-USDT,0.0336526501836831,0.0336279511621538,
2022-05-24 02:00:00,0.034,0.03465,0.03392,0.03445,28532274,977824.95228,2368,14226804,487884.63922,-0.0014492753623188,ARPA-USDT,0.0340655370294599,0.0340739061419727,
2022-05-24 03:00:00,0.03445,0.03486,0.0343399999999999,0.03466,11626710,402288.73076,1807,5336091,184625.07298,0.0,ARPA-USDT,0.0344726672978384,0.034419883976289,
2022-05-24 04:00:00,0.03463,0.03524,0.0343,0.03495,26720580,929554.53193,3479,13060507,454264.2837,-0.0014285714285714,ARPA-USDT,0.0345993198218818,0.0344416648698113,
2022-05-24 05:00:00,0.03496,0.03539,0.03478,0.03487,17043669,597353.38841,2886,9944040,348489.00381,-0.0002866972477064,ARPA-USDT,0.0350145204017922,0.0350227594697191,
2022-05-24 06:00:00,0.03485,0.03524,0.03443,0.03468,23743308,826714.90777,3148,9785138,341056.42152000003,-0.0005763688760807,ARPA-USDT,0.0348963348804519,0.0349511255329134,
2022-05-24 07:00:00,0.03469,0.03474,0.03441,0.03466,9187855,317991.70995,1739,4442049,153779.09356,0.0002886002886004,ARPA-USDT,0.0346724671074271,0.0346056020549436,
2022-05-24 08:00:00,0.03466,0.03467,0.03336,0.03347,17687595,602419.76306,2908,9144624,311654.19311,-0.001491646778043,ARPA-USDT,0.0346508444580679,0.0345529907743731,0.0001
2022-05-24 09:00:00,0.03346,0.03419,0.03312,0.0340699999999999,32050656,1082713.00392,5038,15196528,513440.00062,-0.0008797653958972,ARPA-USDT,0.0335073151543977,0.0336263921543893,
2022-05-24 10:00:00,0.0341,0.0348399999999999,0.03403,0.03467,23367011,803639.12481,4603,13834667,476039.37994,0.0,ARPA-USDT,0.0341099622253113,0.0341175368099864,
2022-05-24 11:00:00,0.0347,0.0349,0.03414,0.03442,27266914,941935.10475,4788,15755495,544644.23055,-0.0002904443799013,ARPA-USDT,0.0347087164773029,0.0346558528760503,
2022-05-24 12:00:00,0.03442,0.03463,0.03399,0.03415,25854969,885260.78458,4609,15533235,531885.23092,0.0002929115407148,ARPA-USDT,0.03443193411408,0.0344649216892146,
2022-05-24 13:00:00,0.03415,0.03428,0.03251,0.03286,40076181,1347724.74618,7032,19741524,664360.93741,-0.0012158054711245,ARPA-USDT,0.0341400771268929,0.0340065221924875,
2022-05-24 14:00:00,0.03283,0.03325,0.03226,0.0329,32313505,1058978.40906,5716,17701736,580270.2818,0.0009126863401276,ARPA-USDT,0.0326745448269636,0.0328521623014294,
2022-05-24 15:00:00,0.03291,0.03444,0.03279,0.03415,25838989,868916.1866,3939,10739611,361219.49754,0.0002929115407148,ARPA-USDT,0.0328604305805182,0.0329341811589748,
2022-05-24 16:00:00,0.03415,0.0345899999999999,0.03355,0.03406,15399523,524950.46237,2971,8016631,273232.33719,0.0,ARPA-USDT,0.0342166051407348,0.0342111742657325,4.486e-05
2022-05-24 17:00:00,0.03406,0.03429,0.03325,0.03419,14644702,494655.10326,2551,6483350,218996.79893,-0.0005846243788365,ARPA-USDT,0.0340423738754375,0.033869010292331,
2022-05-24 18:00:00,0.03417,0.03494,0.03395,0.0342,26442642,911502.51279,4107,12861351,443363.29326,-0.0014598540145985,ARPA-USDT,0.0341968323911517,0.0340917899042521,
2022-05-24 19:00:00,0.03419,0.03941,0.03412,0.03861,353983452,13409538.98199,47843,186446194,7059869.78913,-0.0018097207859358,ARPA-USDT,0.0341761547170043,0.0342475915308135,
2022-05-24 20:00:00,0.03863,0.0393899999999999,0.03636,0.03763,390461457,14670564.15715,53554,193577180,7276185.25888,-0.0005312084993361,ARPA-USDT,0.0387387073983213,0.0386490910141747,
2022-05-24 21:00:00,0.03763,0.0392,0.03723,0.03907,137625355,5248106.08239,21116,69680402,2658830.54961,-0.0022982635342185,ARPA-USDT,0.0377508924767403,0.0374848129892248,
2022-05-24 22:00:00,0.03907,0.0392,0.03792,0.03835,109499750,4212202.0014700005,15793,52010557,2000884.58947,0.0002608242044863,ARPA-USDT,0.0390955235113034,0.038894545582713,
2022-05-24 23:00:00,0.03835,0.0385,0.0374699999999999,0.03767,64049911,2427883.3895,10036,31754640,1204543.79688,-0.001325556733828,ARPA-USDT,0.0383393072323726,0.0380158568781285,
2022-05-25 00:00:00,0.03766,0.038,0.03683,0.03693,59888487,2238211.31536,9551,28681799,1072373.93379,-0.0005412719891745,ARPA-USDT,0.0376030229788051,0.0377775849218298,-0.00011961
2022-05-25 01:00:00,0.03693,0.03704,0.03646,0.03678,44224010,1624245.96779,7021,21532564,790844.30252,-0.0008149959250204,ARPA-USDT,0.0367360807169995,0.0367154483405645,
2022-05-25 02:00:00,0.03676,0.03717,0.03618,0.03713,46621116,1708926.94369,8056,23768258,871826.95557,-0.000269251480883,ARPA-USDT,0.036810703027029,0.0366751454860026,
2022-05-25 03:00:00,0.03714,0.0372399999999999,0.03638,0.03663,33845428,1242852.31336,5486,16291638,598750.15341,-0.000272925764192,ARPA-USDT,0.0371562693678925,0.0369925989387804,
2022-05-25 04:00:00,0.03661,0.03673,0.03581,0.03612,26536342,963329.48281,4602,12041544,437549.9719,-0.0011061946902654,ARPA-USDT,0.0366729240378207,0.0366227891851646,
2022-05-25 05:00:00,0.0361,0.03677,0.03584,0.03625,34716155,1261293.70973,5699,16715761,607404.2122600001,0.0008282716731087,ARPA-USDT,0.0361114622168134,0.0362228253119888,
2022-05-25 06:00:00,0.03625,0.03659,0.03563,0.03638,37051507,1339372.97675,6192,19764272,714517.77348,-0.0016465422612512,ARPA-USDT,0.036455354426429,0.0363607180591425,
2022-05-25 07:00:00,0.03641,0.03641,0.03564,0.03584,24604191,886379.40502,4102,11811389,425300.99213,-0.0013931457230427,ARPA-USDT,0.0363333875228508,0.0362181836066414,
2022-05-25 08:00:00,0.03584,0.03595,0.03526,0.03544,38660380,1374762.59528,5895,19216838,683432.13518,0.0008472182999152,ARPA-USDT,0.0358846955111851,0.0356421346987077,3e-06
2022-05-25 09:00:00,0.03543,0.03574,0.0347899999999999,0.0354,47800942,1684471.72374,7166,22639369,798370.9156599999,-0.0008467400508044,ARPA-USDT,0.0354862300846674,0.0352788573105046,
2022-05-25 10:00:00,0.03541,0.0355199999999999,0.03489,0.03511,30069509,1058008.07374,5043,14086474,495812.67532,0.0011405759908755,ARPA-USDT,0.0354555189477745,0.0353975683106217,
2022-05-25 11:00:00,0.0351,0.03517,0.03439,0.0345,44740655,1552422.40066,6791,21791631,756251.53285,-0.001736111111111,ARPA-USDT,0.0350785175720918,0.0350559479927935,
2022-05-25 12:00:00,0.0345,0.0347899999999999,0.03419,0.03467,24945220,860786.51091,3892,13055671,450696.43519,-0.0011524056467876,ARPA-USDT,0.0344215407098,0.0344652937897585,
2022-05-25 13:00:00,0.03466,0.03526,0.0345,0.035,32859948,1146826.07235,5379,14994595,523362.71741,-0.0008564087924635,ARPA-USDT,0.0346958616711361,0.0348189141903811,
2022-05-25 14:00:00,0.03497,0.0352699999999999,0.03457,0.03474,27171334,949734.77321,4452,13606081,475516.27375,-0.0014371945961483,ARPA-USDT,0.0349145939452783,0.0350055502594955,
2022-05-25 15:00:00,0.03475,0.03486,0.03413,0.0345899999999999,27730623,956705.86226,4080,14737540,508537.049,-0.0002890173410433,ARPA-USDT,0.0347085307101567,0.0347216787400498,
2022-05-25 16:00:00,0.03458,0.03469,0.03414,0.03435,17802621,612369.99492,2986,8386916,288539.71763,-0.0020337013364323,ARPA-USDT,0.034560758572237,0.0345479435827027,5.14e-06
2022-05-25 17:00:00,0.0343399999999999,0.03462,0.03421,0.03428,14248817,490036.76373,2554,6723671,231312.58966,-0.0014564520827264,ARPA-USDT,0.0342988573857135,0.0344027896752718,
2022-05-25 18:00:00,0.03427,0.03462,0.03363,0.0345399999999999,34886181,1195382.99026,5719,15283702,524477.25086,-0.0011567379988461,ARPA-USDT,0.034329434118133,0.0344277544570167,
2022-05-25 19:00:00,0.03453,0.03503,0.0343199999999999,0.03476,46601270,1619028.37224,6627,24579158,853848.77011,-0.0017231476163124,ARPA-USDT,0.0345732939620987,0.0346553513046706,
2022-05-25 20:00:00,0.03475,0.03496,0.03447,0.0349,27199882,944460.32478,4384,11885880,412805.32312,-0.0020017157563626,ARPA-USDT,0.0347271248844988,0.034755487248048,
2022-05-25 21:00:00,0.03494,0.03507,0.0348,0.03503,13734794,480115.35982,2751,6816626,238297.3276,-0.0002853881278539,ARPA-USDT,0.0349270884318794,0.0349449071948426,
2022-05-25 22:00:00,0.03503,0.03506,0.03472,0.03491,20494052,714851.75443,3642,9605207,335157.89138,0.0002865329512893,ARPA-USDT,0.0350170176009201,0.0350036599772181,
2022-05-25 23:00:00,0.03491,0.03497,0.0343399999999999,0.03458,15934230,551790.24182,2869,5558374,192607.78286,-0.0005780346820809,ARPA-USDT,0.0349206580822079,0.0348551231429455,
2022-05-26 00:00:00,0.03458,0.03517,0.0345,0.03489,22304684,778882.92162,3856,13445597,469488.09912,-0.0005729017473502,ARPA-USDT,0.0345760081024847,0.0346778643532537,-0.00016838
2022-05-26 01:00:00,0.03492,0.03498,0.03437,0.03448,13230164,458146.37998,2524,5712602,198039.48698,-0.0020260492040521,ARPA-USDT,0.0349493828122353,0.0349179099320149,
2022-05-26 02:00:00,0.03451,0.0347899999999999,0.03441,0.0346,12622498,436572.35995,2296,7327433,253420.33786,0.0005783689994216,ARPA-USDT,0.0344957246884262,0.0345896457400307,
2022-05-26 03:00:00,0.03461,0.03464,0.03419,0.03448,16432484,564547.32166,2393,6849553,235544.54954,0.0,ARPA-USDT,0.0346182874622267,0.0344884132448486,
2022-05-26 04:00:00,0.03448,0.03466,0.03402,0.0340899999999999,12606029,433142.10152,2264,5771689,198347.92773,-0.002633118782917,ARPA-USDT,0.034550045055186,0.0344587702045668,
2022-05-26 05:00:00,0.03412,0.0344,0.0327,0.03304,45872866,1532825.16047,6877,18374881,614204.62568,-0.00271657108361,ARPA-USDT,0.0341518198559306,0.0341582834746636,
2022-05-26 06:00:00,0.03304,0.03317,0.03244,0.03315,26600966,873846.69237,4761,13515777,444216.56008,-0.0012051822838203,ARPA-USDT,0.0330055574659383,0.032872800518109,
2022-05-26 07:00:00,0.03315,0.0334,0.03271,0.03336,17874486,591354.52796,2880,9276104,306912.71468000003,-0.001197604790419,ARPA-USDT,0.0331336558018453,0.0331394359526106,
2022-05-26 08:00:00,0.03337,0.0334,0.03131,0.03182,39401936,1271544.53999,6544,16811794,541924.9068,-0.002195045468799,ARPA-USDT,0.0333264744615877,0.0332505248492006,-0.00028206
2022-05-26 09:00:00,0.03178,0.0321,0.0316,0.03201,14534347,462047.93486,2513,6229223,198084.07209,-0.0021820448877806,ARPA-USDT,0.0317276773196287,0.0317093013748936,
2022-05-26 10:00:00,0.03201,0.03244,0.03195,0.03198,13773483,443224.79378,2487,5713906,183867.34034,-0.0028063610851263,ARPA-USDT,0.0319973250089892,0.0320033881566519,
2022-05-26 11:00:00,0.03197,0.03218,0.0316,0.0318899999999999,29674613,947237.25774,4818,16007229,510974.76605,-0.0006267627702947,ARPA-USDT,0.0319688261663471,0.032070961802668,
2022-05-26 12:00:00,0.0318699999999999,0.03217,0.03162,0.03192,22188928,708384.89588,3407,12467697,398207.08654,-0.0015639662183297,ARPA-USDT,0.0318863512791825,0.0318263556711847,
2022-05-26 13:00:00,0.03191,0.03205,0.0304899999999999,0.03191,73906316,2313618.49346,10777,35524816,1111493.95994,-0.0009392611145899,ARPA-USDT,0.0318917972775678,0.0319669380229565,
2022-05-26 14:00:00,0.03188,0.03265,0.0318699999999999,0.03243,27359945,884993.89197,4194,13520091,437576.6409,-0.000924214417745,ARPA-USDT,0.0319390704065988,0.0319763252094969,
2022-05-26 15:00:00,0.03244,0.03296,0.03238,0.0326199999999999,20568788,671331.0393000001,3316,10238990,334264.15924,-0.0006127450980424,ARPA-USDT,0.0324254429823841,0.0325391291127227,
2022-05-26 16:00:00,0.0326199999999999,0.03322,0.03246,0.03286,24527752,806703.78076,3790,13081089,430342.01408,-0.0006082725060827,ARPA-USDT,0.0325631569146469,0.0326889955781101,-0.00021608
2022-05-26 17:00:00,0.03286,0.03292,0.03229,0.03248,13767910,447880.52633,2043,7515303,244465.43418,0.0,ARPA-USDT,0.0328498778890978,0.0328346956034475,
2022-05-26 18:00:00,0.03248,0.03252,0.03175,0.03181,18259565,587620.1916199999,2782,7262290,233798.61465,-0.0003142677561283,ARPA-USDT,0.0324783701618123,0.0324288407323883,
2022-05-26 19:00:00,0.03181,0.0318899999999999,0.03126,0.03131,19083691,602916.72948,3113,9409295,297416.94117,-0.0015943877551021,ARPA-USDT,0.0318501644329956,0.0317040174624302,
2022-05-26 20:00:00,0.0313,0.03171,0.0311399999999999,0.03148,16779870,527875.198,2929,9321526,293404.85835,-0.0006349206349206,ARPA-USDT,0.0313648254744663,0.031402524099384,
2022-05-26 21:00:00,0.03146,0.03209,0.03146,0.03182,14034796,447112.87895,2789,7104341,226238.55559,-0.0003141690229342,ARPA-USDT,0.0315427860971431,0.0316473087804506,
2022-05-26 22:00:00,0.03182,0.03232,0.03162,0.03174,11525061,368338.79993,2241,4971480,159003.93945,0.0,ARPA-USDT,0.0317980264261658,0.0318343210458484,
2022-05-26 23:00:00,0.03175,0.03197,0.03111,0.0312,17966349,566844.41381,2950,8775040,276745.40805,-0.0006406149903908,ARPA-USDT,0.0316412189291097,0.0316575328608687,
2022-05-27 00:00:00,0.03121,0.03155,0.03066,0.03083,20994541,652531.75556,3475,9260188,288077.93697,-0.0003242542153047,ARPA-USDT,0.0312150762411397,0.0313674416094411,0.0001
2022-05-27 01:00:00,0.03082,0.031,0.0289399999999999,0.02922,36828149,1102677.5297,5845,15661606,468580.82907,-0.0027303754266211,ARPA-USDT,0.030856659509191,0.0308233020683253,
2022-05-27 02:00:00,0.02925,0.02967,0.02878,0.0295199999999999,45928909,1341421.51119,7727,23748465,694202.84238,0.0003388681802745,ARPA-USDT,0.0291104231156197,0.029091389567867,
2022-05-27 03:00:00,0.02951,0.0305399999999999,0.0293,0.03021,25972837,777200.08426,4294,12814296,382913.74078,-0.0009920634920634,ARPA-USDT,0.0294529457572684,0.0294262764953958,
2022-05-27 04:00:00,0.0302,0.03036,0.02939,0.0295199999999999,18097049,541043.3939,3131,8157234,244061.79395,-0.0016909029421744,ARPA-USDT,0.0301864314586862,0.0300693881757355,
2022-05-27 05:00:00,0.0295199999999999,0.02983,0.0286899999999999,0.0290399999999999,34817500,1018552.41365,5506,16777707,490587.19703,-0.0010319917440694,ARPA-USDT,0.0295027771327648,0.0294278514322253,
2022-05-27 06:00:00,0.02905,0.0301199999999999,0.02885,0.02995,163803317,4798276.18405,8860,84373529,2473909.46166,-0.0010006671114075,ARPA-USDT,0.0289437322250492,0.0289588727883746,
2022-05-27 07:00:00,0.0299399999999999,0.0306,0.02992,0.03006,24825718,749978.14545,3969,11313632,341849.27301,-0.001328903654485,ARPA-USDT,0.0300003991739411,0.0300340253829311,
2022-05-27 08:00:00,0.03005,0.03016,0.02945,0.0295,35942836,1074702.68796,5369,15005068,448723.68762,-0.001354096140826,ARPA-USDT,0.0300331011617654,0.0299209135578822,0.0001
2022-05-27 09:00:00,0.0295,0.03018,0.0294,0.03016,19371082,575686.68949,2439,11069696,329262.53815,-0.0003314550878356,ARPA-USDT,0.0295053545810021,0.0295145506911827,
2022-05-27 10:00:00,0.03015,0.03055,0.02974,0.02986,25314966,764333.71219,3692,11943467,360912.63625,-0.0003347840642785,ARPA-USDT,0.0301892901694524,0.0302592101347488,
2022-05-27 11:00:00,0.02988,0.03069,0.0297699999999999,0.03035,23651771,716485.72317,2986,13677868,414463.98174,-0.0019730351857941,ARPA-USDT,0.0298721123767632,0.0298696691291452,
2022-05-27 12:00:00,0.03032,0.03105,0.0300399999999999,0.03098,25778133,788344.8155799999,3883,13166587,402682.22303,-0.000967429861335,ARPA-USDT,0.0302350820233145,0.0301824312549666,
2022-05-27 13:00:00,0.0309699999999999,0.0313,0.03071,0.03118,22833731,706487.03045,3274,11868928,367467.54373,-0.0012812299807816,ARPA-USDT,0.0310385251022893,0.0309554139365055,
2022-05-27 14:00:00,0.03117,0.0313899999999999,0.0302,0.03031,18986744,581191.25918,3055,8201395,251114.58653,0.0,ARPA-USDT,0.0311923699846626,0.0312440075297922,
2022-05-27 15:00:00,0.03032,0.0307899999999999,0.03003,0.03031,22901804,697989.50443,3520,13263151,404184.15922,0.0003300330033002,ARPA-USDT,0.0303202017669241,0.0301939545644777,
2022-05-27 16:00:00,0.0303,0.03043,0.0298,0.02992,19385327,584024.62417,3573,8906906,268376.06295,-0.0003341129301703,ARPA-USDT,0.0303124434774585,0.030282886490027,3.664e-05
2022-05-27 17:00:00,0.02991,0.03015,0.0291699999999999,0.02941,28873902,853428.11698,4144,12719721,375889.22228,-0.0006795786612301,ARPA-USDT,0.0298990957149307,0.0298747313233684,
2022-05-27 18:00:00,0.0294399999999999,0.0297,0.02889,0.02915,25001926,733121.84075,3991,11635127,341505.46468000003,-0.0020540910647038,ARPA-USDT,0.029347517773333,0.0294812649846281,
2022-05-27 19:00:00,0.0291699999999999,0.02992,0.02891,0.02968,25592905,751093.5889,3318,13959301,409957.31189,-0.0003368137420006,ARPA-USDT,0.029146281948121,0.029179914339893,
2022-05-27 20:00:00,0.02968,0.03038,0.0295199999999999,0.0298699999999999,21089266,632456.36051,3580,9811019,294196.70627,-3.3306690738754696e-15,ARPA-USDT,0.0296078174177464,0.0297016007054087,
2022-05-27 21:00:00,0.0298699999999999,0.03017,0.02967,0.02973,7435370,222664.27405,1743,4552461,136294.82048,-0.000672268907563,ARPA-USDT,0.0299108923354675,0.0299561009847836,
2022-05-27 22:00:00,0.02975,0.0302399999999999,0.0295899999999999,0.02997,7467432,223804.59741,1642,3476641,104148.72655,-0.0013328890369875,ARPA-USDT,0.0296694018838082,0.0296851628180591,
2022-05-27 23:00:00,0.02997,0.03003,0.0291899999999999,0.02957,13862056,409665.31288,2417,6320794,186805.91709,-0.0006759040216289,ARPA-USDT,0.029983676981646,0.0298808785174304,
2022-05-28 00:00:00,0.02956,0.03073,0.02951,0.0306,16859060,508384.14075,2961,8506649,256658.88781,-0.0013054830287206,ARPA-USDT,0.0296174392262017,0.0296055645373489,0.0001
2022-05-28 01:00:00,0.03059,0.03082,0.02975,0.0297899999999999,15324135,463784.66142,2444,6860451,207809.66661,0.0013445378151226,ARPA-USDT,0.0305948826392917,0.0306731833068336,
2022-05-28 02:00:00,0.0298,0.02996,0.02915,0.0294,18451115,545379.63029,2449,8179029,241831.65176,-0.001019367991845,ARPA-USDT,0.0298174640840746,0.0297411926252841,
2022-05-28 03:00:00,0.02939,0.03005,0.02907,0.03001,20127630,593985.82758,2708,10220908,302071.67731,-0.0016633399866933,ARPA-USDT,0.0293139733519025,0.029209276011274,
2022-05-28 04:00:00,0.0300199999999999,0.03028,0.02973,0.03013,15688177,470575.44966,2004,6307211,189117.84352,-0.0023178807947019,ARPA-USDT,0.029983636610485,0.0299011636090816,
2022-05-28 05:00:00,0.0301399999999999,0.0306399999999999,0.0300399999999999,0.03043,21164848,641363.90934,2810,13325014,403845.17224,-0.0006568144499179,ARPA-USDT,0.0300847110413406,0.0300902890473353,
2022-05-28 06:00:00,0.0304,0.03042,0.0301399999999999,0.0301899999999999,9223203,278919.28078,1593,4851301,146705.16618,-0.0009927200529483,ARPA-USDT,0.0303814070294818,0.0303291909854231,
2022-05-28 07:00:00,0.0302,0.03027,0.02972,0.02997,13014363,389623.62686,2199,6249345,187000.37537,-0.001998001998002,ARPA-USDT,0.0302422633857886,0.0302010022260678,
2022-05-28 08:00:00,0.02998,0.03011,0.02961,0.02981,11332392,339383.06707,2132,5225011,156535.46887,-0.0013400335008375,ARPA-USDT,0.0300195619974425,0.0300245261155069,8.108e-05
2022-05-28 09:00:00,0.02982,0.03017,0.0296899999999999,0.03009,11163324,333975.02382,1654,4423839,132302.53101,-0.0006642311524411,ARPA-USDT,0.0297997278328802,0.0297574353687604,
2022-05-28 10:00:00,0.03008,0.03017,0.02981,0.02998,12199540,365841.10744,1818,6091544,182622.20273,-0.0016650016650017,ARPA-USDT,0.0300591035626745,0.0300656698790831,
2022-05-28 11:00:00,0.0300199999999999,0.0305,0.02991,0.03031,14693208,444022.26797,1977,7933741,239783.67327,-0.0023041474654378,ARPA-USDT,0.0299985736401379,0.0299611016535901,
2022-05-28 12:00:00,0.0303,0.03041,0.02988,0.0302899999999999,18228338,549491.59036,2410,9348064,281963.0427,-0.0032905561039848,ARPA-USDT,0.0302725721100204,0.0303292198307924,
2022-05-28 13:00:00,0.0302899999999999,0.03061,0.0301899999999999,0.0303699999999999,26094230,792787.8294,3689,13221725,401802.30531,-0.0013153567905327,ARPA-USDT,0.03031617611364,0.0302742315221452,
2022-05-28 14:00:00,0.0303699999999999,0.03051,0.03007,0.03017,17732921,536249.36113,2213,8399219,254089.65649,-0.00198478332782,ARPA-USDT,0.030388062856644,0.0304063753071304,
2022-05-28 15:00:00,0.03015,0.03076,0.03008,0.03051,15437285,470971.37689,2238,8695205,265356.47776,0.0,ARPA-USDT,0.0301620091036414,0.0301679309442332,
2022-05-28 16:00:00,0.03052,0.03071,0.03027,0.03058,7879384,240285.54033,1251,4000978,122047.7323,-0.0003269042170643,ARPA-USDT,0.0304320278373579,0.030471230667996,1.331e-05
2022-05-28 17:00:00,0.03056,0.0306,0.03016,0.03031,13355153,405865.96423,1857,6037205,183445.87097,-0.001317957166392,ARPA-USDT,0.03048271416202,0.03048271416202,
2022-05-28 18:00:00,0.0302899999999999,0.03052,0.03028,0.03047,10207845,310383.89404,1420,5848105,177777.99357,-0.0003280839895013,ARPA-USDT,0.0303014872355768,0.0303962113159116,
2022-05-28 19:00:00,0.0305,0.03084,0.0303,0.0306,59009075,1806964.48478,5613,29620950,906878.84433,-0.002932551319648,ARPA-USDT,0.0305099159584744,0.0304301113383362,
2022-05-28 20:00:00,0.03059,0.03066,0.03038,0.0305399999999999,16126424,492302.18558,2014,7378285,225286.68607,-0.0009813542688943,ARPA-USDT,0.0305907108176499,0.0306075556871057,
2022-05-28 21:00:00,0.03053,0.03066,0.03032,0.03032,8924765,272022.12821,1261,4747440,144832.04994,-0.0006591957811469,ARPA-USDT,0.0305604420390356,0.0305624578657527,
2022-05-28 22:00:00,0.03032,0.03036,0.03011,0.03027,12072105,365098.77161,1561,5233293,158255.53328,-0.0009900990099011,ARPA-USDT,0.0303303432653643,0.0302625009362711,
2022-05-28 23:00:00,0.0302399999999999,0.03067,0.0302,0.03043,15276900,465402.34248,1813,7215886,219726.77449,-0.0006568144499179,ARPA-USDT,0.030260007778626,0.0302456600905314,
2022-05-29 00:00:00,0.0304,0.03477,0.03025,0.03213,189620169,6167947.90714,23561,96484624,3137128.25809,-0.0009328358208955,ARPA-USDT,0.0304228035220167,0.0303319721252042,3.33e-05
2022-05-29 01:00:00,0.0321399999999999,0.03216,0.0308699999999999,0.03119,74320035,2340288.68463,10355,34733768,1094264.12044,-0.0012808197246237,ARPA-USDT,0.0320050160495858,0.0317554007382962,
2022-05-29 02:00:00,0.03118,0.03118,0.0304,0.0307,54992407,1689388.29735,6535,27144485,833771.9364,-0.0009762447120077,ARPA-USDT,0.0311135889474226,0.0309221602016525,
2022-05-29 03:00:00,0.03071,0.03173,0.03046,0.03154,56287794,1757037.63528,6739,27697613,863827.4341,-0.0047333543704639,ARPA-USDT,0.0306399869076383,0.0305845178777047,
2022-05-29 04:00:00,0.03153,0.03161,0.03067,0.0311399999999999,43509043,1353608.49055,6056,21267967,661498.12722,-0.0038387715930935,ARPA-USDT,0.0315075852617703,0.0314896375932665,
2022-05-29 05:00:00,0.0311399999999999,0.03253,0.0310899999999999,0.03234,62277772,1980262.28806,8358,33876730,1077840.29622,-0.002467612584824,ARPA-USDT,0.0311215774993847,0.0312583507511319,
2022-05-29 06:00:00,0.03235,0.034,0.03224,0.03282,225179445,7404360.64522,26903,110503954,3634502.69148,-0.0006090133982947,ARPA-USDT,0.0326004409778461,0.0331522263750486,
2022-05-29 07:00:00,0.03282,0.03288,0.03203,0.0322,106972304,3466998.14328,10838,51743264,1677379.98557,-0.0018598884066954,ARPA-USDT,0.0328385788340717,0.0327004495054877,
2022-05-29 08:00:00,0.03221,0.0329,0.03167,0.03171,88397866,2853460.88487,11057,39684599,1282048.10153,-0.0028301886792452,ARPA-USDT,0.0321407958416169,0.0322016334720439,-0.00075414
2022-05-29 09:00:00,0.03173,0.03211,0.03151,0.03179,48024316,1527537.13721,6849,21970631,698943.71582,-0.0009428032683846,ARPA-USDT,0.0317907730585454,0.0318842551744987,
2022-05-29 10:00:00,0.0318,0.03254,0.03175,0.03253,38388480,1236089.57551,5672,18499493,595548.59379,-0.0036753445635526,ARPA-USDT,0.0318296499465246,0.0319302213940713,
2022-05-29 11:00:00,0.03251,0.03261,0.03209,0.03224,31755288,1024901.39726,5013,15341348,495246.59718,-0.0021665119158155,ARPA-USDT,0.0323762765509559,0.0324392722552241,
2022-05-29 12:00:00,0.03223,0.03258,0.03215,0.03248,35964221,1164399.8578,5542,17822806,577317.1276,-0.0009227929867731,ARPA-USDT,0.0323370026847707,0.0323305772959557,
2022-05-29 13:00:00,0.03248,0.0326199999999999,0.03217,0.03223,24247008,785969.27056,3949,10270268,333197.88453,-0.0015489467162329,ARPA-USDT,0.0325509399013168,0.032484369143571,
2022-05-29 14:00:00,0.03223,0.03228,0.03181,0.03192,24474713,784371.60467,4541,10256302,328754.98382,-0.0003131850923896,ARPA-USDT,0.0322576035330094,0.0321010760109171,
2022-05-29 15:00:00,0.03192,0.0334,0.03157,0.03297,70220965,2274303.79127,9060,34252020,1108423.10886,-0.0015142337976984,ARPA-USDT,0.0319132920763181,0.0317272575665372,
2022-05-29 16:00:00,0.03297,0.0348,0.03243,0.0340699999999999,170549959,5712392.05766,24129,84659723,2835981.52574,-0.0017579841781453,ARPA-USDT,0.033142774886941,0.0328469102151035,-0.00047189
2022-05-29 17:00:00,0.0340699999999999,0.03536,0.03345,0.03431,160923519,5519674.30923,21886,81430409,2794736.20901,-0.0020360674810936,ARPA-USDT,0.0342736206575416,0.0344960258125812,
2022-05-29 18:00:00,0.03431,0.03796,0.03404,0.0369,380640230,13879611.58761,45422,190424620,6939411.23369,-0.0024330900243308,ARPA-USDT,0.0342129478266836,0.034477096875255,
2022-05-29 19:00:00,0.03691,0.04199,0.03605,0.04048,490260913,19183676.09431,56974,259062441,10167587.29741,-0.0051609732120913,ARPA-USDT,0.0370566636411347,0.0371442373003317,
2022-05-29 20:00:00,0.04047,0.0415,0.03861,0.03936,341056780,13633000.54945,43455,156969715,6281759.31768,-0.0012687135244862,ARPA-USDT,0.0409783493841082,0.0406452189709063,
2022-05-29 21:00:00,0.03935,0.03959,0.0374699999999999,0.03887,172884559,6643267.38679,24336,84247681,3238404.02787,-0.0028219599794766,ARPA-USDT,0.0393355404032912,0.0391009827280777,
2022-05-29 22:00:00,0.03885,0.0397,0.03745,0.0379899999999999,151899991,5803357.4069,23719,72369912,2766115.55131,0.0002632964718245,ARPA-USDT,0.0390765486326459,0.0391229207664109,
2022-05-29 23:00:00,0.03795,0.03855,0.0373,0.03778,71171731,2701954.79111,11888,33631154,1276627.93622,-0.0007934408886538,ARPA-USDT,0.0379093677142748,0.0380814126408982,
2022-05-30 00:00:00,0.03777,0.0388,0.03683,0.0381899999999999,134853061,5088494.72005,19388,67635304,2553994.05796,-0.0018295870360717,ARPA-USDT,0.0378018593315023,0.0376555658528057,-0.00048459
2022-05-30 01:00:00,0.0381899999999999,0.03886,0.037,0.03745,90655624,3425733.43424,14585,44626174,1687988.12696,-0.001865671641791,ARPA-USDT,0.0380853398884309,0.0381252181766181,
2022-05-30 02:00:00,0.03745,0.03829,0.03715,0.03813,144447575,5433158.11057,12966,72249427,2717923.48959,-0.0026157467957103,ARPA-USDT,0.0373884564919244,0.0374699685926016,
2022-05-30 03:00:00,0.03812,0.0384,0.0369,0.03811,64525277,2431147.10353,9317,28379936,1069919.07435,-0.001833420639078,ARPA-USDT,0.0381547742883369,0.0382304915476989,
2022-05-30 04:00:00,0.03809,0.03823,0.03764,0.03766,44953366,1705976.97758,6632,21276262,807293.15752,-0.0010610079575595,ARPA-USDT,0.0380424115970256,0.0380322876178124,
2022-05-30 05:00:00,0.03765,0.0377,0.0363,0.03693,52192045,1935960.03798,8737,22117996,821246.60237,-0.0008116883116883,ARPA-USDT,0.0376614267983569,0.0375842046085178,
2022-05-30 06:00:00,0.03694,0.0374699999999999,0.03667,0.03729,49412174,1832472.35263,7582,21495372,797155.53505,-0.0016064257028113,ARPA-USDT,0.0369607831814349,0.036998230238781,
2022-05-30 07:00:00,0.03729,0.03767,0.03695,0.03762,37773208,1409438.39174,6169,18738278,699935.4994,-0.0021220159151192,ARPA-USDT,0.0372964497331304,0.0371695620658836,
2022-05-30 08:00:00,0.0376,0.03762,0.03702,0.03757,31867378,1191527.19394,4948,15921827,595644.22272,-0.0015944724953493,ARPA-USDT,0.0375742466084858,0.0375428179886354,-4.956e-05
2022-05-30 09:00:00,0.03757,0.04063,0.03715,0.03963,194168949,7604574.093499999,29220,99440567,3893917.51124,0.0012632642748864,ARPA-USDT,0.0375918377929613,0.0374176071481917,
2022-05-30 10:00:00,0.03963,0.04086,0.03887,0.0398699999999999,135319764,5378343.00626,19123,67496367,2684104.8178,-2.664535259100376e-15,ARPA-USDT,0.039737852226717,0.0400785288702397,
2022-05-30 11:00:00,0.03988,0.03996,0.0388,0.0391899999999999,91155327,3583586.56251,13446,44068578,1732397.55711,-0.0007649158592579,ARPA-USDT,0.03989560580016,0.0396417280083768,
2022-05-30 12:00:00,0.03916,0.03942,0.03731,0.03753,132628870,5053620.20595,17256,58380663,2227241.97954,-0.0013304949441192,ARPA-USDT,0.039015970330375,0.0391995176459486,
2022-05-30 13:00:00,0.03752,0.03778,0.03712,0.03766,58123949,2175814.56742,8892,30149519,1128907.21178,-0.0005307855626326,ARPA-USDT,0.0374503082867865,0.0374063828653816,
2022-05-30 14:00:00,0.03765,0.038,0.03701,0.03719,40494860,1519900.00765,7087,20435697,767568.27789,-0.0005374899220639,ARPA-USDT,0.0375678453907127,0.0375033635922417,
2022-05-30 15:00:00,0.03719,0.0381699999999999,0.03682,0.03768,130500406,4908776.5835,11485,67106993,2524187.04018,0.000265463233342,ARPA-USDT,0.0369731726784263,0.0369595867173234,
2022-05-30 16:00:00,0.03768,0.0376899999999999,0.03669,0.03715,61923152,2303078.74325,9417,28192721,1048939.40693,0.0008081896551723,ARPA-USDT,0.0374638154479979,0.0371786694292319,-2.187e-05
2022-05-30 17:00:00,0.03714,0.0372,0.03659,0.03712,28246747,1045439.45912,5422,12049162,446098.73696,-0.0021505376344085,ARPA-USDT,0.0370164316412126,0.0368408960507659,
2022-05-30 18:00:00,0.03712,0.03733,0.03668,0.0368,26689826,988400.31085,4735,13237882,490145.24588,-0.001085776330076,ARPA-USDT,0.0370527468100126,0.0371001849093847,
2022-05-30 19:00:00,0.0368,0.03954,0.03677,0.03925,168938149,6509700.94543,24434,89345975,3442515.00898,-0.001526329178326,ARPA-USDT,0.0368596640273752,0.0369494140859765,
2022-05-30 20:00:00,0.03924,0.04016,0.03836,0.03896,133496719,5203364.20745,17056,59097503,2303826.76349,-0.0020491803278687,ARPA-USDT,0.0391690335043063,0.0388530441570813,
2022-05-30 21:00:00,0.03896,0.03954,0.03858,0.03936,53579932,2090761.33527,8073,23097761,902052.16462,-0.0022813688212928,ARPA-USDT,0.0389761240757065,0.0389914426337035,
2022-05-30 22:00:00,0.03938,0.03947,0.0386899999999999,0.03896,37445118,1462864.64786,5871,20418368,798029.16295,-0.0005130836326321,ARPA-USDT,0.0392375369984099,0.0392609490319219,
2022-05-30 23:00:00,0.03896,0.03912,0.03854,0.03879,32014748,1242250.71674,5612,15787947,612794.90063,-0.0010301313417462,ARPA-USDT,0.0389484448782522,0.0388834351783465,
2022-05-31 00:00:00,0.03879,0.0393899999999999,0.03803,0.03833,47631516,1846402.54564,8523,22495363,872738.5957,-0.000260824204486,ARPA-USDT,0.0386891940340004,0.0386626322876997,4.61e-06
2022-05-31 01:00:00,0.03832,0.03841,0.03752,0.03812,30470648,1156727.45557,5516,12985527,493124.43411,0.0005249343832021,ARPA-USDT,0.0383002627850935,0.0383369488431768,
2022-05-31 02:00:00,0.03812,0.03907,0.0379899999999999,0.0388,44321384,1710676.96849,7082,21625504,834436.4810500001,0.000515729757607,ARPA-USDT,0.0380731385796951,0.0381382257634794,
2022-05-31 03:00:00,0.03881,0.03903,0.03814,0.03831,25896009,998434.73681,4776,11834112,456760.45968,-0.0005217845030004,ARPA-USDT,0.0388399787986136,0.038826058793318,
2022-05-31 04:00:00,0.0383,0.0388,0.03815,0.0384,21947399,845159.71383,4196,11773011,453478.43222,-0.0007806401249025,ARPA-USDT,0.038376800164871,0.0382987077744969,
2022-05-31 05:00:00,0.03841,0.04161,0.03841,0.03955,144499451,5776140.16536,23837,76168307,3042443.3562600003,-0.0002527805864508,ARPA-USDT,0.0385018306335372,0.0387306536320445,
2022-05-31 06:00:00,0.03958,0.03978,0.03754,0.03802,59392331,2286964.95496,10537,27170283,1046420.41542,-0.0005257623554153,ARPA-USDT,0.0396709569354367,0.0392642984928945,
2022-05-31 07:00:00,0.03804,0.04087,0.03772,0.04021,100159625,3954197.327,15301,50290558,1984407.57954,0.0004976362279176,ARPA-USDT,0.0381401749940812,0.0381846247518232,
2022-05-31 08:00:00,0.0402,0.04128,0.03911,0.03967,112457754,4505404.15961,16553,57357484,2298320.03101,-0.0010073029463611,ARPA-USDT,0.0400925770097925,0.0398217622131287,0.0001
2022-05-31 09:00:00,0.0396899999999999,0.0404,0.03918,0.04034,63378812,2523945.98123,11285,32254829,1285271.72964,-0.0024727992087041,ARPA-USDT,0.0397355437519917,0.0397999421471087,
2022-05-31 10:00:00,0.04034,0.0424,0.04019,0.04097,197379141,8110973.37558,29865,103362347,4247486.60748,-0.0009753718605217,ARPA-USDT,0.0402678428910867,0.0403615860529655,
2022-05-31 11:00:00,0.04097,0.04098,0.0395,0.04011,86697002,3479398.47433,13717,40017045,1607752.63361,-0.0017421602787456,ARPA-USDT,0.0407502887731434,0.0404786140644874,
2022-05-31 12:00:00,0.0401199999999999,0.04046,0.03898,0.03934,64454363,2555900.43145,10936,29742798,1180048.4884,-0.0002541296060991,ARPA-USDT,0.0399126928194526,0.0399247775898807,
2022-05-31 13:00:00,0.03935,0.03981,0.03805,0.03848,95890608,3735411.12338,14819,43620103,1700222.72367,0.0,ARPA-USDT,0.0392287677004436,0.0393285662547004,
2022-05-31 14:00:00,0.03848,0.03918,0.03775,0.0389399999999999,55667496,2141426.27335,8409,27452579,1056765.11376,-0.0010261672652668,ARPA-USDT,0.0385181977727452,0.0381986054866748,
2022-05-31 15:00:00,0.0389399999999999,0.03951,0.03809,0.03912,52775234,2046839.12661,7764,26201954,1016089.66901,0.0,ARPA-USDT,0.0388825256871358,0.0389255242363074,
2022-05-31 16:00:00,0.03912,0.0395,0.03863,0.03909,46379724,1811200.31197,7788,21145349,825991.45977,0.0,ARPA-USDT,0.0392349592200654,0.039228495878175,0.0001
2022-05-31 17:00:00,0.03907,0.03947,0.0381699999999999,0.03857,40835006,1580291.38226,6729,19849343,768120.70336,0.0,ARPA-USDT,0.0393097604820193,0.0392620040612624,
2022-05-31 18:00:00,0.03856,0.03868,0.03766,0.03791,30192577,1154490.14243,5743,14140148,541084.41548,-0.0010540184453227,ARPA-USDT,0.0386014573068346,0.0385827810408822,
2022-05-31 19:00:00,0.0379399999999999,0.0381899999999999,0.03773,0.03795,25579238,970429.35614,4668,13391548,508226.65241,-0.000263435194942,ARPA-USDT,0.0380228860256674,0.0379546178071524,
2022-05-31 20:00:00,0.0379399999999999,0.03829,0.03787,0.03829,23725926,903837.47388,4042,11872346,452263.9278,0.0007841087297437,ARPA-USDT,0.0381078843474431,0.0381075043876259,
2022-05-31 21:00:00,0.03829,0.03835,0.03787,0.03803,12981148,494105.29228,2680,6716847,255665.05766,0.0005261773217573,ARPA-USDT,0.0382816431079213,0.0381821458960613,
2022-05-31 22:00:00,0.03805,0.03872,0.0379399999999999,0.03862,19456828,747547.85188,3332,8851306,339752.41528,0.0007774034724021,ARPA-USDT,0.0379937784253572,0.0380868584434229,
2022-05-31 23:00:00,0.03862,0.03865,0.038,0.03818,22059015,846192.03659,3589,10610639,407429.93426,-0.000523560209424,ARPA-USDT,0.038609705851547,0.0384670601443474,
2022-06-01 00:00:00,0.0382,0.03843,0.03652,0.03758,66819706,2488108.08373,11749,28525124,1063757.91921,0.0007989347536618,ARPA-USDT,0.0381803264115351,0.0382408990774248,0.0001
2022-06-01 01:00:00,0.03759,0.0376,0.03707,0.0372399999999999,17805584,664935.4563,3790,9040342,337635.72161,-0.0005367686527134,ARPA-USDT,0.0375594798250626,0.0374396686412847,
2022-06-01 02:00:00,0.03725,0.03734,0.03662,0.03712,22560983,834622.32609,3352,9802223,362639.67708,-0.0013451708366962,ARPA-USDT,0.0372332287333874,0.0372438850376686,
2022-06-01 03:00:00,0.03711,0.03719,0.03627,0.03705,33700319,1240570.08191,5441,19185243,707117.00203,-0.0042999193765117,ARPA-USDT,0.0371153312626003,0.0370722624812353,
2022-06-01 04:00:00,0.03704,0.03758,0.03668,0.0374699999999999,27475713,1020678.0821,4269,13899186,516081.61326,0.0002669514148398,ARPA-USDT,0.0371440597832188,0.0372215913868098,
2022-06-01 05:00:00,0.03744,0.03751,0.03686,0.03728,19505253,725066.26099,3121,9817213,364962.81678,0.0,ARPA-USDT,0.0374607192950677,0.0373737623006318,
2022-06-01 06:00:00,0.03727,0.03791,0.03717,0.03759,16718032,629410.59822,3396,8842696,332995.68184,-0.0002659574468085,ARPA-USDT,0.0372429137750881,0.0372908336965384,
2022-06-01 07:00:00,0.0376,0.03787,0.03731,0.03741,19972319,750973.74719,3876,10032405,377345.20968,0.0002673796791443,ARPA-USDT,0.0376320141691328,0.0375779103113224,
2022-06-01 08:00:00,0.03741,0.0377,0.03718,0.03732,18898832,707365.83737,3688,9147798,342523.45618,-0.0005356186395286,ARPA-USDT,0.0373705478067654,0.0374504535089678,0.0001
2022-06-01 09:00:00,0.03732,0.03777,0.03721,0.03771,19273793,722813.09842,3377,10103974,378735.3898,0.0002652519893899,ARPA-USDT,0.0373581301810418,0.0373746377614512,
2022-06-01 10:00:00,0.03772,0.03773,0.03715,0.03737,19848945,742542.84893,3336,9431250,352926.90172,0.0002676659528908,ARPA-USDT,0.0377187929149452,0.0375731385547294,
2022-06-01 11:00:00,0.03736,0.03766,0.03676,0.0372199999999999,23698251,881528.34031,4462,10233798,380817.35903,-0.0008053691275194,ARPA-USDT,0.0373187493289886,0.0373212684626795,
2022-06-01 12:00:00,0.0372,0.03764,0.03698,0.03753,19515502,729210.93715,3638,10335363,386357.42991,0.0,ARPA-USDT,0.0372490646171742,0.0372867370163144,
2022-06-01 13:00:00,0.0375,0.03787,0.03738,0.03773,21578570,812207.57965,3822,9892046,372477.36335,-0.0018518518518518,ARPA-USDT,0.0375503529688663,0.037516043744267,
2022-06-01 14:00:00,0.03776,0.03811,0.03607,0.03685,45997266,1705037.98644,7752,19991956,741456.27544,-0.0008134490238612,ARPA-USDT,0.0377765680601834,0.0378890013546615,
2022-06-01 15:00:00,0.03685,0.03696,0.03615,0.03622,27438585,1002705.19415,5354,14022594,512751.77844,0.0,ARPA-USDT,0.0368115098285824,0.0367409860348612,
2022-06-01 16:00:00,0.03621,0.03623,0.03477,0.03496,69094294,2434860.88039,11613,31273080,1101780.60595,-0.0014281633818908,ARPA-USDT,0.0361266442457735,0.0355998855387754,0.0001
2022-06-01 17:00:00,0.03497,0.03513,0.0337,0.03481,45579943,1569159.31109,6982,20905153,719788.76021,-0.0014343086632243,ARPA-USDT,0.0349654355023932,0.03495495678732,
2022-06-01 18:00:00,0.03482,0.03535,0.03457,0.03471,32238803,1126513.36083,5144,16124869,563892.87239,-0.0020126509488211,ARPA-USDT,0.034811466695068,0.034777788963753,
2022-06-01 19:00:00,0.03472,0.03501,0.03439,0.03493,20878168,725259.7452400001,3307,11714540,406924.32627,-0.0017147756501857,ARPA-USDT,0.0347467853015471,0.0346105693247424,
2022-06-01 20:00:00,0.03491,0.03507,0.03292,0.0339,38759259,1313575.96308,6768,17148811,582939.64793,-0.0014727540500736,ARPA-USDT,0.034907641087721,0.0349229188020521,
2022-06-01 21:00:00,0.03391,0.03435,0.0338199999999999,0.03398,11203987,382454.79373,2305,4241874,144753.97684000002,-0.0026416201937188,ARPA-USDT,0.0338926741779787,0.0339149735435051,
2022-06-01 22:00:00,0.03397,0.0343399999999999,0.03381,0.03427,9276972,316277.03799,2020,5572493,190006.53443,-0.0008746355685129,ARPA-USDT,0.0338947128951469,0.0339608803384426,
2022-06-01 23:00:00,0.03426,0.03461,0.03413,0.03418,11048160,379758.65893,2316,5987544,205774.57985,-0.0011689070718877,ARPA-USDT,0.0342433687743602,0.0342497162192329,
2022-06-02 00:00:00,0.03418,0.0343199999999999,0.03367,0.03401,20097690,683529.4696300001,4145,9271108,315260.63051,-0.0008813160987074,ARPA-USDT,0.0341502352055572,0.0340798686478895,-0.00018161
2022-06-02 01:00:00,0.03402,0.03473,0.03394,0.03441,10663691,367063.08498,2280,4703002,161801.94048,-0.0005808887598024,ARPA-USDT,0.034000985486656,0.0340271215342909,
2022-06-02 02:00:00,0.03444,0.0347,0.03416,0.03435,8832469,303939.55174,1848,4641061,159646.47666,-0.0011631288165163,ARPA-USDT,0.0344305068693086,0.034323034604361,
2022-06-02 03:00:00,0.03436,0.03447,0.03356,0.03372,17152447,583905.10901,2852,8731180,296997.68191,-0.0002964719833976,ARPA-USDT,0.0343864857676259,0.0343747938502151,
2022-06-02 04:00:00,0.03373,0.03392,0.03345,0.03386,10861144,366559.00579,2792,5441731,183634.48346,-0.0005903187721368,ARPA-USDT,0.0336991959963074,0.033779040253792,
2022-06-02 05:00:00,0.0338899999999999,0.03416,0.03349,0.03393,18511073,625153.20766,3189,9714001,327948.30969,-0.0008833922261483,ARPA-USDT,0.0338831867339581,0.0338070627897085,
2022-06-02 06:00:00,0.03393,0.03406,0.0335,0.03392,15246044,515059.85765,2958,6668365,225296.01239,-0.0008836524300442,ARPA-USDT,0.033980011310369,0.0339585776782298,
2022-06-02 07:00:00,0.03393,0.03451,0.0338199999999999,0.03421,16472307,562583.50068,3324,6803293,232323.40625,-0.0008761682242991,ARPA-USDT,0.0339475563918983,0.0339440936344621,
2022-06-02 08:00:00,0.0342,0.0345399999999999,0.03397,0.0343,11261702,385965.30769,2600,6134363,210159.91374,-0.0011648223645895,ARPA-USDT,0.0341463732007857,0.0341320011124899,0.0001
2022-06-02 09:00:00,0.0343,0.03457,0.03411,0.03431,11586450,397980.67792,2472,5648872,194044.80599,0.0,ARPA-USDT,0.0343038792604908,0.0343373362290199,
2022-06-02 10:00:00,0.03431,0.03467,0.034,0.0345899999999999,11059943,379566.31631,2611,5602073,192216.21364,-0.0002890173410433,ARPA-USDT,0.034300909525385,0.0343269384141043,
2022-06-02 11:00:00,0.0345899999999999,0.03499,0.03443,0.03497,11746042,406868.01571,2577,6026945,208849.31874,-0.0011425307055126,ARPA-USDT,0.034590019132353,0.0345611621505084,
2022-06-02 12:00:00,0.03496,0.03505,0.03436,0.03444,11472997,398227.33443,2612,5180747,179725.83617999998,0.0002904443799012,ARPA-USDT,0.0349906842872071,0.0349565895624087,
2022-06-02 13:00:00,0.03445,0.0345399999999999,0.03347,0.03405,29447347,999680.98196,6322,14107658,478490.54197,-0.0008802816901408,ARPA-USDT,0.0344612110124453,0.0344123348359506,
2022-06-02 14:00:00,0.03403,0.03441,0.03392,0.03436,13542655,462687.08488,3026,7036290,240435.21784,0.0,ARPA-USDT,0.0340162774914611,0.0340727642089887,
2022-06-02 15:00:00,0.03436,0.03491,0.03433,0.03449,11595198,401110.74935,2640,6163943,213276.10706,-0.0014475969889983,ARPA-USDT,0.0343562508294308,0.0344012728131031,
2022-06-02 16:00:00,0.0345,0.03494,0.03445,0.0348399999999999,8984343,311921.00938,2583,4778894,165942.26706,-0.0008603383997733,ARPA-USDT,0.0345457428282628,0.0345450849175533,0.0001
2022-06-02 17:00:00,0.0348399999999999,0.0350199999999999,0.03449,0.03468,11836613,411189.89907,2640,6297232,218798.29828,-0.0002882675122513,ARPA-USDT,0.0348453717614804,0.0349151812431664,
2022-06-02 18:00:00,0.03468,0.03507,0.03431,0.03442,15329905,532562.24015,3136,7746421,269331.13068,-0.0011607661056296,ARPA-USDT,0.0346916991295879,0.0346953668140537,
2022-06-02 19:00:00,0.03443,0.03465,0.03408,0.03462,13140441,450983.86334,2772,6412148,220150.16478,-0.0011540680900175,ARPA-USDT,0.0344072834170167,0.0343104949784777,
2022-06-02 20:00:00,0.03463,0.03515,0.0345,0.0345,27621716,963215.41125,4476,10980512,383103.07331,-0.0011580775911985,ARPA-USDT,0.0346197999978706,0.0346436939944447,
2022-06-02 21:00:00,0.0345,0.03488,0.03445,0.03476,10382558,360499.11276,2273,5304472,184157.30571,-0.0008623167576891,ARPA-USDT,0.034522679932824,0.0346351322970974,
2022-06-02 22:00:00,0.03475,0.03544,0.03468,0.0353399999999999,14371869,504997.18648,3322,8451218,296877.95129,-0.0005656108597313,ARPA-USDT,0.0347770194457754,0.0347468072095434,
2022-06-02 23:00:00,0.03533,0.03548,0.03513,0.0352699999999999,7714986,272314.08537,2064,3942777,139203.79736,-0.0014156285390741,ARPA-USDT,0.0353189760201636,0.0352136876105485,
2022-06-03 00:00:00,0.03528,0.0352899999999999,0.03461,0.03473,18901045,659430.66006,4443,7130218,248984.9663,-0.0014376078205865,ARPA-USDT,0.0352670538964297,0.0351592424847765,0.0001
2022-06-03 01:00:00,0.03472,0.03522,0.03463,0.03521,9348581,326146.43935,2172,4406360,153746.3752,-0.0008513053348467,ARPA-USDT,0.0346984291447977,0.0347025707015972,
2022-06-03 02:00:00,0.03521,0.03524,0.03449,0.03465,17313965,602770.15521,2985,8967424,311823.84398,0.0002886836027713,ARPA-USDT,0.0352094705381531,0.0352084363238197,
2022-06-03 03:00:00,0.03465,0.03474,0.03442,0.03467,26880883,930321.34592,2767,12788029,442912.10669,-0.0011524056467876,ARPA-USDT,0.0346306587080622,0.0346809196971096,
2022-06-03 04:00:00,0.03467,0.03478,0.0342,0.03427,12330381,424683.25896,2400,5148551,177347.89061,-0.0011658408627222,ARPA-USDT,0.034678647529609,0.0347084135444586,
2022-06-03 05:00:00,0.03429,0.03476,0.03424,0.03462,9417844,324471.2564,2137,5173930,178237.01386,-0.0008658008658009,ARPA-USDT,0.0342719222824042,0.0343584826561802,
2022-06-03 06:00:00,0.03462,0.03467,0.03425,0.0343,8381424,289017.55375,1974,4505931,155400.26481,-0.0014556040756914,ARPA-USDT,0.0345647692133309,0.0346112811954442,
2022-06-03 07:00:00,0.0343,0.03451,0.03408,0.03437,10408961,356900.938,2394,5582155,191410.65396,-0.0005815644082581,ARPA-USDT,0.034303561781317,0.034342269262895,
2022-06-03 08:00:00,0.03436,0.03439,0.03397,0.03416,12225283,418016.33649,2773,5667902,193809.8664,-0.0014615609470913,ARPA-USDT,0.0343020857249744,0.0342276839189083,8.817e-05
2022-06-03 09:00:00,0.03417,0.0343,0.0338,0.03392,18762063,637562.1125,3202,7970822,270815.78171,-0.0005892751915144,ARPA-USDT,0.0341358139658002,0.0341209271355953,
2022-06-03 10:00:00,0.03393,0.0340699999999999,0.0328699999999999,0.03295,19832509,663189.7622700001,4239,8608436,287861.66435,-0.0015151515151515,ARPA-USDT,0.0339007174326896,0.033973081406502,
2022-06-03 11:00:00,0.03296,0.03344,0.03273,0.03313,20352474,672335.60971,3456,10078598,332832.10893,-0.0015069318866787,ARPA-USDT,0.0329340285662034,0.0330255671495616,
2022-06-03 12:00:00,0.03315,0.03362,0.03301,0.03317,22229723,741082.31394,3315,10164743,339088.92696,-0.0027059530968129,ARPA-USDT,0.0331575202903059,0.0332813062445016,
2022-06-03 13:00:00,0.03318,0.0335699999999999,0.03312,0.03351,11906119,397084.34095,2418,6017394,200719.04748,-0.0002983293556086,ARPA-USDT,0.0331794564782118,0.033254736355385,
2022-06-03 14:00:00,0.03348,0.0337,0.03336,0.0336,14994881,502364.95167,2956,6777069,227123.97093,0.0,ARPA-USDT,0.0335317912110699,0.0335698271907721,
2022-06-03 15:00:00,0.03361,0.03378,0.03335,0.03361,13345039,447462.31334,2134,7505295,251626.73569,-0.0020783847980997,ARPA-USDT,0.0335524781635241,0.0334918628488079,
2022-06-03 16:00:00,0.0336399999999999,0.03417,0.03354,0.03393,19683223,666914.14971,3555,9924397,336179.21463,-0.0014714537963508,ARPA-USDT,0.0336660470769621,0.0336596082449075,-8.271e-05
2022-06-03 17:00:00,0.03393,0.03406,0.03343,0.0337,10203325,344699.50689,2246,4477678,151285.68654,-0.0005931198102016,ARPA-USDT,0.0339439927543692,0.0339411855604274,
2022-06-03 18:00:00,0.0337,0.03379,0.03348,0.03367,8294622,279360.72859,1742,4643001,156363.17773999998,0.0002970885323825,ARPA-USDT,0.033700314771814,0.0337246927127963,
2022-06-03 19:00:00,0.03367,0.03383,0.03355,0.03362,7066683,238120.83879,1681,2729308,92004.65095,-0.0017814726840856,ARPA-USDT,0.0336666494009978,0.0336712522009192,
2022-06-03 20:00:00,0.0336399999999999,0.03416,0.03361,0.0341,10409701,353511.49985,2295,4827744,163974.36569,-0.0005861664712778,ARPA-USDT,0.0336405994510501,0.0337190713853345,
2022-06-03 21:00:00,0.0340899999999999,0.03443,0.03401,0.0344,9438203,322163.83087,1820,5174785,176592.81577,-0.000290613193839,ARPA-USDT,0.0340983943321296,0.0340653616161195,
2022-06-03 22:00:00,0.03441,0.03445,0.03386,0.03412,9487184,324732.19951,1892,4618259,158180.03347,-0.0014632718759145,ARPA-USDT,0.034372501922629,0.0343783804264624,
2022-06-03 23:00:00,0.03412,0.03427,0.0338899999999999,0.03417,10003223,340873.52679000003,1811,4205172,143289.07837,0.0,ARPA-USDT,0.0341673808210963,0.0341884884732129,
2022-06-04 00:00:00,0.03418,0.03441,0.03383,0.03402,9121427,311490.18638,2007,4265047,145723.34531,-0.0017605633802816,ARPA-USDT,0.034202478224474,0.0341831022082015,-0.0001095
2022-06-04 01:00:00,0.03404,0.03427,0.0338,0.03383,11590765,394022.10664,2089,5816887,197690.97204,-0.0020648967551623,ARPA-USDT,0.03410014076329,0.0340898633713161,
2022-06-04 02:00:00,0.03385,0.03402,0.0333,0.03373,14656129,492225.08295,2379,5971766,200372.9142,-0.0020710059171595,ARPA-USDT,0.0338449935961292,0.0339385409737308,
2022-06-04 03:00:00,0.03374,0.03418,0.03365,0.03381,13721002,465019.29923,2063,8940977,303018.78854,0.0002958579881657,ARPA-USDT,0.0337234079026573,0.0338689570232339,
2022-06-04 04:00:00,0.03379,0.03466,0.03368,0.03439,16926154,580645.24642,2784,8215473,281425.21155,-0.0011617775196051,ARPA-USDT,0.0337403058699681,0.0338599160790999,
2022-06-04 05:00:00,0.03439,0.03445,0.0342,0.03441,7510333,257778.70179,1670,3644206,125121.5687,-0.0023195129022903,ARPA-USDT,0.0343661018751397,0.03431887239045,
2022-06-04 06:00:00,0.0344,0.0352899999999999,0.0344,0.03457,35535342,1239767.44,4862,16642217,580195.59716,-0.0017326017903552,ARPA-USDT,0.0344277377639548,0.0344691155772284,
2022-06-04 07:00:00,0.03457,0.03485,0.03425,0.0348,12983883,447598.13912,2525,7135599,246056.60131,-0.0025795356835769,ARPA-USDT,0.0345600064093687,0.0344736580369876,
2022-06-04 08:00:00,0.0347899999999999,0.03522,0.0346,0.03494,22611049,789326.2781,4110,8609687,300652.66125,0.0002862868594331,ARPA-USDT,0.0347680546483168,0.0347936657921403,6.034e-05
2022-06-04 09:00:00,0.03496,0.03498,0.03423,0.03444,17977082,622129.26346,2740,9609667,332626.40092,0.0,ARPA-USDT,0.0349264231649733,0.0348925459811578,
2022-06-04 10:00:00,0.03444,0.03458,0.03414,0.03424,8345304,286496.64091,1789,4745061,162962.86557,-0.0008754012255617,ARPA-USDT,0.0345043929084345,0.0345094534274744,
2022-06-04 11:00:00,0.03424,0.03445,0.03383,0.03397,11919504,406870.09388,2100,5825604,198931.10895,-0.0017631501616219,ARPA-USDT,0.0342619331989199,0.0343073708057521,
2022-06-04 12:00:00,0.03397,0.03403,0.0335699999999999,0.03372,16052400,541825.67915,2890,7144868,240971.78354,-0.0020716188221368,ARPA-USDT,0.0339090220112207,0.033913542527707,
2022-06-04 13:00:00,0.03369,0.03406,0.03362,0.03404,15724335,533628.97912,2166,7505059,254757.86557,-0.0005871990604814,ARPA-USDT,0.0336515392585187,0.033773959758174,
2022-06-04 14:00:00,0.03404,0.03451,0.03361,0.03428,16159209,550885.93956,2979,8189820,279036.84181,-0.0008743806470417,ARPA-USDT,0.0340419566752176,0.0339838029907047,
2022-06-04 15:00:00,0.03429,0.03437,0.03404,0.03425,7997091,273407.85422,1881,3812745,130393.08675,-0.0014577259475216,ARPA-USDT,0.0343064721744968,0.0342234996050554,
2022-06-04 16:00:00,0.03426,0.03444,0.03415,0.03425,6895271,236442.84774,1814,3556714,122021.76215,-0.0008751458576428,ARPA-USDT,0.0342051298763682,0.0342034332755149,-7.476e-05
2022-06-04 17:00:00,0.03427,0.03439,0.034,0.03431,5701170,195053.61052,1416,2942712,100667.39904,-0.001164483260553,ARPA-USDT,0.0342575199199974,0.0342010850198844,
2022-06-04 18:00:00,0.03431,0.03449,0.03426,0.0343199999999999,5416381,186120.33843,1446,2613122,89789.82198000001,-0.0011641443539028,ARPA-USDT,0.0343404484551422,0.0343782949832153,
2022-06-04 19:00:00,0.03431,0.03437,0.03412,0.03419,5178296,177247.39625,1242,2634629,90196.45985,-0.0011685655857434,ARPA-USDT,0.0342728432045125,0.0343080921208313,
2022-06-04 20:00:00,0.03418,0.03449,0.03415,0.03425,6401319,219540.89679,1591,3509844,120336.80585,-0.0002918855808522,ARPA-USDT,0.0341646035857858,0.034286952888228,
2022-06-04 21:00:00,0.03429,0.03457,0.03414,0.03446,5512318,189501.03234,1374,3052602,104908.10478,-0.000869817338359,ARPA-USDT,0.0342919245178879,0.0342999712279659,
2022-06-04 22:00:00,0.03445,0.03491,0.03437,0.0345,11664616,404347.09027,2334,5521501,191395.4066,-0.0020248770610353,ARPA-USDT,0.0344167977446739,0.0344789386342122,
2022-06-04 23:00:00,0.03449,0.03464,0.03436,0.03464,5916306,204092.3004,1393,2548273,87915.90321,0.0,ARPA-USDT,0.0345176797410169,0.0345391140293451,
2022-06-05 00:00:00,0.03464,0.03478,0.03429,0.03431,8574476,296310.84549,1917,4294175,148401.81373,-0.001164483260553,ARPA-USDT,0.0347240393656174,0.0346691956650199,0.0001
2022-06-05 01:00:00,0.0343,0.0343,0.03362,0.03371,10826996,367180.85845,1882,4844723,164358.51791,-0.0017767249037609,ARPA-USDT,0.0342897633658517,0.0341844413963319,
2022-06-05 02:00:00,0.0337,0.03403,0.03363,0.03398,6414890,217348.29429,1344,3038170,102954.35763,-0.000882093501911,ARPA-USDT,0.0336747165801041,0.0338337628062255,
2022-06-05 03:00:00,0.03399,0.03421,0.03395,0.03405,4640771,158157.3989,1242,2299370,78361.21739,-0.0002935995302408,ARPA-USDT,0.0340126224953884,0.0339885663350518,
2022-06-05 04:00:00,0.03408,0.03413,0.03385,0.03393,8141602,276489.28515,1532,3558866,120871.01063,-0.0008833922261483,ARPA-USDT,0.0340735019001266,0.034048326824912,
2022-06-05 05:00:00,0.03393,0.03451,0.03393,0.0343399999999999,10157402,347599.69633,1880,5896632,201728.66751,-0.0005820721769529,ARPA-USDT,0.0340216660319636,0.0339983794014926,
2022-06-05 06:00:00,0.0343399999999999,0.03435,0.03412,0.03433,6195509,212053.32065,1489,3092246,105826.04312,-0.0014543339150668,ARPA-USDT,0.0343328948416385,0.0342626627826435,
2022-06-05 07:00:00,0.03433,0.03449,0.03418,0.03421,6324958,217121.72331,1725,2374231,81522.91545,-0.0011678832116789,ARPA-USDT,0.0343321397505078,0.03433247688992,
2022-06-05 08:00:00,0.03422,0.03447,0.03411,0.03433,10244236,351239.49005,1683,3524522,120969.67027,-0.0008731082654249,ARPA-USDT,0.0342367840823367,0.0342198328932537,0.0001
2022-06-05 09:00:00,0.03433,0.03446,0.03394,0.0343199999999999,10794227,369385.16609,2220,5613449,192288.06463,-0.0002912904165481,ARPA-USDT,0.0343167970779883,0.0343056108755328,
2022-06-05 10:00:00,0.03433,0.03452,0.03418,0.03418,4982952,171048.25269,1512,2875591,98689.93838,-0.0005847953216373,ARPA-USDT,0.0342500738403657,0.0342468107261842,
2022-06-05 11:00:00,0.03419,0.0343199999999999,0.03402,0.03428,3897308,133168.1715,1399,2024186,69181.87054,-0.0008743806470417,ARPA-USDT,0.034202722345834,0.0341760034646055,
2022-06-05 12:00:00,0.03428,0.03439,0.03419,0.03425,6213321,213045.71268,1823,2781487,95396.88636,0.0,ARPA-USDT,0.0342447804423414,0.0342757427992383,
2022-06-05 13:00:00,0.03424,0.03435,0.03395,0.03403,5733576,195939.88837,1550,2479540,84740.85709,-0.0005873715124816,ARPA-USDT,0.0342968826091394,0.0343050072238774,
2022-06-05 14:00:00,0.03403,0.0343199999999999,0.03397,0.03428,7957472,271783.52558,1679,5081586,173599.56651,0.0,ARPA-USDT,0.0340360544892045,0.0340291524715989,
2022-06-05 15:00:00,0.03429,0.03464,0.03417,0.03457,8659069,298085.56422,2027,4102865,141272.39167,-0.001155735336608,ARPA-USDT,0.0342942995897297,0.0342591314783136,
2022-06-05 16:00:00,0.03458,0.03477,0.03412,0.03424,21648489,745606.82723,4627,9119148,313877.11535,-0.0011668611435238,ARPA-USDT,0.0345900163210949,0.0345042963638671,0.0001
2022-06-05 17:00:00,0.03423,0.03462,0.03416,0.03449,7164452,246702.14433,1747,3499111,120544.29583,-0.0005795421616922,ARPA-USDT,0.034238186768555,0.0342637825226222,
2022-06-05 18:00:00,0.0345,0.03467,0.03437,0.03439,9002658,310677.72856,1570,4717140,162764.33913,-0.0005812263876782,ARPA-USDT,0.0345423715110683,0.0345951980399631,
2022-06-05 19:00:00,0.03438,0.0346,0.0343,0.03453,4551473,156644.54794,1372,2481965,85396.81353,-0.0008680555555555,ARPA-USDT,0.0344031685006689,0.0344189130958942,
2022-06-05 20:00:00,0.0345399999999999,0.03477,0.03453,0.03456,6056414,209871.602,1492,3253871,112744.94576,-0.0008673026886384,ARPA-USDT,0.0346045591280096,0.0346750624140661,
2022-06-05 21:00:00,0.03457,0.03464,0.03441,0.03464,3465461,119547.26434,1204,2121224,73175.25823,0.0,ARPA-USDT,0.0345584370562885,0.0345233138200186,
2022-06-05 22:00:00,0.03464,0.03477,0.03422,0.03447,6170063,212985.53856,1736,2821316,97402.8056,-0.0005798782255725,ARPA-USDT,0.0346304596889478,0.0346234842154855,
2022-06-05 23:00:00,0.03447,0.0345899999999999,0.03394,0.03405,10656145,364395.20046,2198,5021727,171623.13836,0.0,ARPA-USDT,0.034520394306784,0.0345320897913142,
2022-06-06 00:00:00,0.0340699999999999,0.03483,0.03391,0.03476,13390919,460931.53413,3024,7453324,256524.89975,0.0005757052389177,ARPA-USDT,0.0340844109168201,0.0340225587588854,0.0001
2022-06-06 01:00:00,0.03476,0.03533,0.03472,0.03518,13007073,456000.54252,2793,5080340,178086.81409,-0.0005681818181817,ARPA-USDT,0.0347546832614754,0.0348064123585823,
2022-06-06 02:00:00,0.0352,0.03538,0.03505,0.03514,8125960,286336.34729,1914,3361358,118441.35946,-0.0005688282138793,ARPA-USDT,0.0352615746416607,0.0352673826596017,
2022-06-06 03:00:00,0.03515,0.03551,0.03513,0.0354,9576266,338362.89994,2057,5022815,177543.69058,0.0005652911249294,ARPA-USDT,0.0351715473059023,0.0351850551042026,
2022-06-06 04:00:00,0.03537,0.03572,0.0353,0.03533,13488360,478870.10227,2377,6973354,247535.70773,-0.0016953941791465,ARPA-USDT,0.0354084233758063,0.0354045149509836,
2022-06-06 05:00:00,0.0353399999999999,0.0356,0.0352699999999999,0.03548,7515695,266202.61902,1748,4248368,150522.88561,0.0002819283901887,ARPA-USDT,0.0353729387964728,0.0354375528186415,
2022-06-06 06:00:00,0.03549,0.03617,0.03533,0.03612,13640530,488402.63697,2715,7652974,273999.19354,-0.0005534034311012,ARPA-USDT,0.0354708455440477,0.0354518384924344,
2022-06-06 07:00:00,0.03613,0.03635,0.03596,0.03626,11153882,403467.97173,2280,5434586,196616.72841,0.000828043058239,ARPA-USDT,0.0361227093152952,0.0361638730923333,
2022-06-06 08:00:00,0.0362399999999999,0.03671,0.03618,0.03661,18206663,664797.1744,3277,8861601,323493.2446,-0.0002730748225014,ARPA-USDT,0.0362103794395427,0.0362515643494382,0.0001
2022-06-06 09:00:00,0.03661,0.0367,0.0365,0.03669,7061368,258424.14561,1768,3910067,143115.79914,0.0,ARPA-USDT,0.0366292078993334,0.0365847967785402,
2022-06-06 10:00:00,0.03666,0.0367,0.03634,0.03636,6230110,227276.90522,1519,2620540,95543.81515,-0.0002749518834203,ARPA-USDT,0.0366124514969284,0.0366356475607899,
2022-06-06 11:00:00,0.03634,0.0364899999999999,0.03571,0.0358,11905045,428469.61486,2419,4723607,170034.80367,0.0,ARPA-USDT,0.0363454466210516,0.0363448139304085,
2022-06-06 12:00:00,0.03581,0.03597,0.03543,0.0355199999999999,11050185,394916.23844,2395,4061446,145255.818,-0.0011248593925787,ARPA-USDT,0.0358186022466359,0.0358586385881778,
2022-06-06 13:00:00,0.03555,0.03575,0.03532,0.03547,11991736,426154.84796,2284,5702266,202725.36394,-0.0005635390250774,ARPA-USDT,0.0355352386740196,0.035607124260842,
2022-06-06 14:00:00,0.03547,0.03581,0.03526,0.03532,12216069,434703.54364,2230,5842444,207996.80285,0.0,ARPA-USDT,0.0355091624293938,0.0355580017307295,
2022-06-06 15:00:00,0.03533,0.03539,0.03495,0.0352699999999999,13801179,484894.53823,2555,7713879,271048.613,-0.0014156285390741,ARPA-USDT,0.0353062043573189,0.035297901531922,
2022-06-06 16:00:00,0.03528,0.03546,0.03481,0.03494,10627332,373206.6658,2272,5676722,199322.34033,0.0,ARPA-USDT,0.0352794831321326,0.0352742019571477,0.0001
2022-06-06 17:00:00,0.03491,0.03499,0.0347,0.03485,9172650,319548.59839,2034,5051219,175992.28425,0.0,ARPA-USDT,0.0348567069063609,0.0348327902939941,
2022-06-06 18:00:00,0.03488,0.03501,0.03458,0.03483,14363568,500537.93967,2130,5900736,205592.28071,-0.0008605851979346,ARPA-USDT,0.0348549641747481,0.0348934638689001,
2022-06-06 19:00:00,0.03483,0.03496,0.03458,0.03486,7285375,253316.88596,1585,3148171,109471.65866,0.0002869440459112,ARPA-USDT,0.0348072610276974,0.034776857090017,
2022-06-06 20:00:00,0.0348399999999999,0.03498,0.03453,0.0348,8379121,291270.57494,1958,4184604,145463.29719,-0.0005743825387708,ARPA-USDT,0.0348247530819954,0.0348093180400609,
2022-06-06 21:00:00,0.0348,0.03541,0.03478,0.0353399999999999,6531924,229440.92997,1549,4022855,141364.09247,-0.0005656108597313,ARPA-USDT,0.0348053885022404,0.0348949590141402,
2022-06-06 22:00:00,0.03533,0.0354,0.03489,0.03497,18921445,663756.7887500001,1959,9191046,322180.68499,-0.0005715918833952,ARPA-USDT,0.0353373185509213,0.0353151230091246,
2022-06-06 23:00:00,0.03499,0.03516,0.03478,0.03511,19176973,670856.83752,2143,8272753,289573.48005,0.0,ARPA-USDT,0.0349591433977103,0.0349364458487547,
2022-06-07 00:00:00,0.0350899999999999,0.03512,0.03298,0.03305,32195867,1094637.7098,6283,14909764,507138.11423,-0.0006047777441789,ARPA-USDT,0.0350737167563272,0.0349126816251336,0.0001
2022-06-07 01:00:00,0.03304,0.03329,0.03226,0.03277,17335011,568982.21002,3778,8627603,283313.3479,-0.0006099420555046,ARPA-USDT,0.0329625619765468,0.0330230747351037,
2022-06-07 02:00:00,0.03276,0.03298,0.03234,0.03291,12383162,403624.52784,2675,7058623,230101.84746,0.0006080875646092,ARPA-USDT,0.0327246851534005,0.0326150130302223,
2022-06-07 03:00:00,0.03291,0.0333399999999999,0.0328,0.03317,15238473,503441.49724,2150,6373990,210563.1769,-0.0015051173991571,ARPA-USDT,0.0328828306409908,0.0328846514672888,
2022-06-07 04:00:00,0.03315,0.0333899999999999,0.0331,0.0333,5723203,190124.9437,1360,3116556,103565.19814,-0.001798561151079,ARPA-USDT,0.0332092694077066,0.0331914682782764,
2022-06-07 05:00:00,0.03331,0.03342,0.0331,0.0332,7636445,253869.23236,1734,3297606,109600.33431,-0.0018039687312085,ARPA-USDT,0.0333165483889473,0.0333790819150445,
2022-06-07 06:00:00,0.03319,0.03365,0.03316,0.03353,10288183,344119.17733000003,1854,5295287,177109.1691,0.0005968367651447,ARPA-USDT,0.0331997419420471,0.0333193303373388,
2022-06-07 07:00:00,0.03352,0.03385,0.03341,0.03373,10457140,352159.91681,1973,6711546,225954.84883,-0.0005925925925925,ARPA-USDT,0.0335102896870606,0.0335119797644492,
2022-06-07 08:00:00,0.03372,0.03402,0.03356,0.0338399999999999,9524798,321844.70738,2144,4192848,141635.3932,-0.0005906674542263,ARPA-USDT,0.0336751753581032,0.0336445242151891,0.0001
2022-06-07 09:00:00,0.03383,0.03387,0.03363,0.03377,4650418,156806.89228,1187,1707512,57599.18673,-0.001478415138971,ARPA-USDT,0.0338510775454421,0.0337881211124037,
2022-06-07 10:00:00,0.03378,0.03416,0.03377,0.03393,8128625,276338.11762,1515,3319242,112876.0699,-0.000294637595757,ARPA-USDT,0.0337958194952622,0.033832645779742,
2022-06-07 11:00:00,0.03393,0.03467,0.03346,0.03429,62588171,2133920.11929,8301,35690419,1217719.65366,0.0,ARPA-USDT,0.0339559837280978,0.0337188038641914,
2022-06-07 12:00:00,0.0343,0.03431,0.03373,0.03397,37687056,1278731.57692,5371,17221080,584185.98093,-0.0014697236919459,ARPA-USDT,0.0342367257850056,0.0340876636411727,
2022-06-07 13:00:00,0.03396,0.0349,0.03391,0.03473,31446595,1083098.96668,4656,16437150,565838.90124,-0.0008630609896432,ARPA-USDT,0.0339522191712083,0.0339543823258199,
2022-06-07 14:00:00,0.03473,0.03481,0.03439,0.03442,27556272,953585.41859,4239,13266954,459273.0006,0.0005813953488371,ARPA-USDT,0.0346862813855356,0.0347004517755655,
2022-06-07 15:00:00,0.0344,0.0345399999999999,0.03408,0.03427,16406333,562759.84337,2712,7382049,253056.00828,-0.0008746355685129,ARPA-USDT,0.0344133516439824,0.0344201407507751,
2022-06-07 16:00:00,0.03427,0.0343,0.0338199999999999,0.0340699999999999,14888056,506863.5253,2377,6595178,224529.12593,-0.0011726766344211,ARPA-USDT,0.0342650704570575,0.0342418626706719,5.841e-05
2022-06-07 17:00:00,0.0340699999999999,0.0342,0.03386,0.0339,9059120,308233.19989,1620,4881653,166137.5254,-0.0002948982601003,ARPA-USDT,0.0340972823067714,0.0340922839699302,
2022-06-07 18:00:00,0.0338899999999999,0.03452,0.03375,0.03422,17547624,601369.6255,2866,7863603,269683.98502,0.0,ARPA-USDT,0.0338706674410399,0.0338156659532075,
2022-06-07 19:00:00,0.03422,0.03491,0.03419,0.03467,19960424,689741.20443,3759,10092192,348673.43943,-0.0005765350245027,ARPA-USDT,0.0342633272012557,0.0342369926996372,
2022-06-07 20:00:00,0.03467,0.04204,0.03464,0.04069,222107122,8500037.99398,27897,115793775,4432064.26141,0.0004917629702483,ARPA-USDT,0.0346832343186634,0.0347556046733495,
2022-06-07 21:00:00,0.04065,0.04521,0.03737,0.04281,487661375,20062462.19052,67209,239267533,9861307.60262,-0.0023304591004427,ARPA-USDT,0.0427669601524948,0.0411625596518911,
2022-06-07 22:00:00,0.04282,0.0449,0.03755,0.03918,329189808,13350325.09896,40789,156291929,6343052.58153,0.0,ARPA-USDT,0.0439269472119315,0.0428146006782873,
2022-06-07 23:00:00,0.03916,0.04167,0.03847,0.0391,153795473,6125001.31011,18949,78346003,3120203.33308,-0.0020418580908625,ARPA-USDT,0.0392158643365558,0.038950027904786,
2022-06-08 00:00:00,0.0391,0.03999,0.03732,0.0394399999999999,116771476,4480425.21088,15074,58556519,2247192.10036,0.0005073566717377,ARPA-USDT,0.0384892722017947,0.0382803964318275,0.0001
2022-06-08 01:00:00,0.03945,0.03963,0.0376899999999999,0.03812,43919692,1683762.30974,6379,21475771,822430.90191,0.0,ARPA-USDT,0.0394504679878499,0.0389525976068291,
2022-06-08 02:00:00,0.03812,0.0386699999999999,0.03771,0.0381,33255795,1270373.35833,4454,17918086,684167.17408,0.0,ARPA-USDT,0.0380728747778198,0.0381134302491835,
2022-06-08 03:00:00,0.0381,0.03858,0.03673,0.03701,135305872,5081860.47433,9686,67103317,2522749.28379,0.0,ARPA-USDT,0.0382107996039959,0.0382977433663112,
2022-06-08 04:00:00,0.03702,0.03765,0.03668,0.03673,28528650,1060635.96581,4200,14575242,541779.06218,-0.0016308779559663,ARPA-USDT,0.037196091740346,0.0372057289651142,
2022-06-08 05:00:00,0.0367399999999999,0.0374899999999999,0.03655,0.03734,30884630,1141380.16208,4699,14995786,554517.90325,-0.0002677376171352,ARPA-USDT,0.0367255809574455,0.0368148830312732,
2022-06-08 06:00:00,0.03734,0.03761,0.0367399999999999,0.03745,27533149,1023234.14043,4169,14705251,546572.08382,0.0013368983957218,ARPA-USDT,0.0373720535609695,0.037278999293859,
2022-06-08 07:00:00,0.0374699999999999,0.03862,0.03746,0.03812,63247443,2398988.16749,8623,31728981,1203624.78761,0.0007876082961408,ARPA-USDT,0.0376026611053803,0.0378140840447023,
2022-06-08 08:00:00,0.03812,0.0382,0.03728,0.03761,35846835,1347310.41041,4622,16307027,612598.29322,-0.0005314908317831,ARPA-USDT,0.0381509419891699,0.0379163656039451,0.0001
2022-06-08 09:00:00,0.03761,0.03779,0.03711,0.03752,23763577,889948.8424,3671,11138764,417231.17235,0.0,ARPA-USDT,0.0376157753260704,0.0374010017748569,
2022-06-08 10:00:00,0.03751,0.03753,0.03693,0.03721,41997475,1562054.87421,5263,19419791,722534.07406,-0.0016098738932116,ARPA-USDT,0.0375006148293963,0.0374119613617572,
2022-06-08 11:00:00,0.0372199999999999,0.0378,0.03705,0.03776,50020712,1868791.43353,4975,24898974,929800.50132,0.0005299417064121,ARPA-USDT,0.0371786974118565,0.0371913388689539,
2022-06-08 12:00:00,0.03775,0.04069,0.03773,0.0386899999999999,286986017,11258832.85326,38402,144486055,5672386.51978,-0.001032791117999,ARPA-USDT,0.0382067874416938,0.0388222033673659,
2022-06-08 13:00:00,0.0386899999999999,0.03988,0.0378,0.0392,109906842,4253718.68434,14092,50555275,1956623.66778,-0.0017825311942959,ARPA-USDT,0.0386337429316578,0.0387180462863062,
2022-06-08 14:00:00,0.03922,0.0393,0.03811,0.03891,51683957,1992555.93883,7569,28059321,1081247.13897,-0.0030745580322829,ARPA-USDT,0.0392223618255992,0.0391310848513962,
2022-06-08 15:00:00,0.03891,0.04,0.03841,0.03946,68426147,2685729.43109,9246,35735118,1402822.65663,0.0007608419984783,ARPA-USDT,0.0388716838954398,0.0388154865678201,
2022-06-08 16:00:00,0.03948,0.04,0.03877,0.03986,80590299,3169788.20875,11303,38168311,1501006.80499,-0.0007520681875157,ARPA-USDT,0.0394325442694188,0.0392194139854878,-8.09e-06
2022-06-08 17:00:00,0.03982,0.042,0.03908,0.0403,192756209,7838155.07982,25356,99106923,4036924.97055,-0.0029688273132111,ARPA-USDT,0.0398153449946776,0.0393956744024054,
2022-06-08 18:00:00,0.0403,0.04047,0.03868,0.03904,60539473,2384826.36225,9376,26936983,1061363.75952,-0.0005120327700972,ARPA-USDT,0.0402586965328711,0.0401984681411852,
2022-06-08 19:00:00,0.03902,0.04083,0.03851,0.03982,97313365,3872382.8452,12382,46439335,1849457.58352,0.0002511931675459,ARPA-USDT,0.0390122494824693,0.0390438291629261,
2022-06-08 20:00:00,0.03981,0.04167,0.0386699999999999,0.03879,160474631,6438389.6255,23231,79230272,3179335.984,-0.0007727975270479,ARPA-USDT,0.0398887042263928,0.0403320857707709,
2022-06-08 21:00:00,0.03879,0.0402,0.03876,0.03942,55701079,2201445.73318,7997,26910869,1063195.54205,0.0002537427048971,ARPA-USDT,0.0390116282440892,0.0391067312456652,
2022-06-08 22:00:00,0.03941,0.0397,0.03822,0.03834,49323505,1914771.67665,6993,22508765,874043.52197,-0.0005213764337851,ARPA-USDT,0.0394024051387372,0.0394705684034315,
2022-06-08 23:00:00,0.03834,0.0387,0.0377399999999999,0.03813,44122863,1685114.85212,6261,19074983,728582.65636,-0.0002621919244888,ARPA-USDT,0.0384009024784482,0.038230819879355,
2022-06-09 00:00:00,0.03812,0.03837,0.03723,0.03778,26290986,993409.71938,4984,11935121,451165.77738,0.0005296610169491,ARPA-USDT,0.0381489691079395,0.0381518825509478,5.27e-05
2022-06-09 01:00:00,0.03779,0.03874,0.03776,0.03807,33806287,1295215.659,4327,15422107,590966.2141100001,-0.0002626050420169,ARPA-USDT,0.0378772386308221,0.0379442259105284,
2022-06-09 02:00:00,0.03805,0.0388,0.03791,0.03871,21056467,806249.67093,3634,10457691,400468.59734,-0.0007743933918429,ARPA-USDT,0.0380452012017513,0.0381064844893599,
2022-06-09 03:00:00,0.0387,0.03905,0.03846,0.03899,19122630,741040.04718,3432,10560047,409049.08657,0.0,ARPA-USDT,0.0385733756555276,0.0386103452815398,
2022-06-09 04:00:00,0.03895,0.03935,0.0386,0.0389,26190029,1019754.79103,4155,13063026,508727.00957,-0.0012836970474968,ARPA-USDT,0.0389022652552656,0.038944138461908,
2022-06-09 05:00:00,0.0389,0.03911,0.03861,0.03879,18861296,732488.34833,3499,8906702,345913.90172,-0.0005153311002318,ARPA-USDT,0.0388476302529617,0.0387736820520767,
2022-06-09 06:00:00,0.0388,0.03884,0.03839,0.03865,14773649,570281.31604,2625,7220192,278737.12501,-0.00051719679338,ARPA-USDT,0.0388099930485765,0.0387370054666105,
2022-06-09 07:00:00,0.03868,0.03902,0.03857,0.03891,12064621,468313.60598,2592,5546161,215279.74076,-0.0007704160246533,ARPA-USDT,0.0386073075204509,0.038719732277754,
2022-06-09 08:00:00,0.03893,0.04073,0.03888,0.04052,175124873,7017798.3879,21636,89653277,3593836.12798,-0.0014785608674222,ARPA-USDT,0.0389476553205848,0.0390465326230511,0.0001
2022-06-09 09:00:00,0.04051,0.0419,0.0405,0.04085,156098944,6426122.45512,22158,80684287,3322032.83169,0.0007349338559528,ARPA-USDT,0.0407680318942358,0.0409139825043749,
2022-06-09 10:00:00,0.04086,0.0424,0.0408,0.04165,243763304,10153471.00678,38838,122032859,5084990.77226,-0.001199040767386,ARPA-USDT,0.040900468985711,0.0408801790868799,
2022-06-09 11:00:00,0.0416399999999999,0.04178,0.04085,0.04102,138183968,5694081.07806,21254,66007345,2721008.24863,-0.0007308160779537,ARPA-USDT,0.0414433394771769,0.041342986882649,
2022-06-09 12:00:00,0.04102,0.04131,0.04,0.04056,104847710,4261236.5626,16801,51719489,2103046.68783,-0.000739098300074,ARPA-USDT,0.0410424925762406,0.0411650042263221,
2022-06-09 13:00:00,0.04055,0.04068,0.04002,0.04041,48483203,1956967.40907,8654,23611275,953487.86842,0.0,ARPA-USDT,0.0404561604418584,0.0404251824729021,
2022-06-09 14:00:00,0.04041,0.0406399999999999,0.03977,0.0398699999999999,63209195,2540929.97906,8236,29618379,1191159.8706,-0.0002507522567728,ARPA-USDT,0.0404354027796732,0.0404740017231208,
2022-06-09 15:00:00,0.03986,0.0406399999999999,0.03963,0.0404,68880180,2772512.36587,9374,35138371,1414838.29142,0.0,ARPA-USDT,0.0397644025850174,0.0397426284657974,
2022-06-09 16:00:00,0.0403699999999999,0.04067,0.04015,0.04045,28483481,1150438.15162,4864,13547308,547405.38163,-0.0007411067193676,ARPA-USDT,0.0404625882367699,0.0405168364285254,0.0001
2022-06-09 17:00:00,0.04048,0.04118,0.0398,0.04005,59097625,2388765.99793,8070,27569610,1116253.419,-0.0004991265285749,ARPA-USDT,0.0404413178920939,0.0405151180496506,
2022-06-09 18:00:00,0.04005,0.04017,0.0391699999999999,0.03932,42701201,1695394.32993,6730,18010708,715274.5725400001,-0.0005083884087442,ARPA-USDT,0.0399762656587871,0.0399973682077071,
2022-06-09 19:00:00,0.0393,0.0394399999999999,0.03813,0.03834,60263605,2354004.48198,6512,25276664,989397.28844,-0.0010422094841062,ARPA-USDT,0.0392254362405509,0.0392520080719043,
2022-06-09 20:00:00,0.03835,0.03915,0.03814,0.03896,32764392,1271966.79165,5207,16412441,636918.2538300001,0.0002567394094994,ARPA-USDT,0.0383931096892528,0.038425097146177,
2022-06-09 21:00:00,0.03897,0.0391899999999999,0.03859,0.0387,14940746,581267.44863,2843,7185488,279415.13899,0.0,ARPA-USDT,0.0390363116948856,0.0390576040603633,
2022-06-09 22:00:00,0.0387,0.03895,0.03773,0.03802,27019028,1035767.80267,4099,12435693,477352.49748,-0.0013133701076963,ARPA-USDT,0.0387516335946179,0.0387769985038625,
2022-06-09 23:00:00,0.03803,0.03847,0.03786,0.03836,18884339,721331.56567,3339,10550946,403092.96434,-0.0005211047420531,ARPA-USDT,0.0381002006234291,0.0381038611847549,
2022-06-10 00:00:00,0.03838,0.03839,0.03619,0.03736,59174279,2195629.20128,11112,24950670,925273.07587,-0.0002675943270002,ARPA-USDT,0.0383388061571144,0.0382079059184946,0.0001
2022-06-10 01:00:00,0.03735,0.03762,0.03713,0.03717,16903412,631836.63232,3467,9322760,348550.60084,-0.0002689618074231,ARPA-USDT,0.0374347784194068,0.037411204784486,
2022-06-10 02:00:00,0.03717,0.03756,0.03712,0.03717,13546279,505506.60316,2567,7247235,270445.1921,-0.000806451612903,ARPA-USDT,0.0371706252789438,0.0372462871937799,
2022-06-10 03:00:00,0.03717,0.03779,0.03716,0.03763,21832317,820268.34173,3630,10217751,383927.75655,-0.0015919342000532,ARPA-USDT,0.0372133667374674,0.0374027214030439,
2022-06-10 04:00:00,0.03763,0.03779,0.0374,0.03764,11993006,450708.70698,2306,6034200,226780.86704,-0.0015915119363394,ARPA-USDT,0.0376060163238569,0.0376229030439002,
2022-06-10 05:00:00,0.03764,0.03845,0.03763,0.03801,16363915,622465.4111499999,3275,8315964,316465.75752,-0.0007886435331229,ARPA-USDT,0.0377272459290629,0.037827379972687,
2022-06-10 06:00:00,0.03802,0.03835,0.03783,0.03803,16820279,641151.74762,3183,6860406,261467.86703,-0.0002628811777075,ARPA-USDT,0.0379793976645171,0.0379275403003241,
2022-06-10 07:00:00,0.03802,0.03811,0.03777,0.03785,14701675,557879.51787,2790,6832551,259320.85742,-0.001055687516495,ARPA-USDT,0.0380264963063858,0.0380393108591189,
2022-06-10 08:00:00,0.03784,0.03819,0.03772,0.03784,23667156,899358.73598,5129,12649761,480640.93316,-0.0015831134564644,ARPA-USDT,0.0378421074550128,0.0379420627178055,-2.057e-05
2022-06-10 09:00:00,0.03784,0.03803,0.0372,0.03743,25201384,947319.12494,4937,12049672,453133.03442,-0.0008008542445275,ARPA-USDT,0.0378078862361431,0.0379227228625787,
2022-06-10 10:00:00,0.03745,0.03772,0.03731,0.0376,14697828,551681.12885,3634,7227270,271284.97873,-0.0013280212483399,ARPA-USDT,0.0373899471749879,0.0374832108649295,
2022-06-10 11:00:00,0.0376,0.03806,0.03749,0.03792,19505734,736777.71196,3818,10353239,391154.02555,0.0,ARPA-USDT,0.0375797893903344,0.0375665055181408,
2022-06-10 12:00:00,0.0379,0.03809,0.03514,0.0358,99541843,3641561.97064,15399,45362356,1659393.00118,-0.0025076623014766,ARPA-USDT,0.0378867567660705,0.0378273111716912,
2022-06-10 13:00:00,0.03582,0.03624,0.03508,0.0354,76797735,2738733.94468,12292,35748603,1275816.90492,-0.0016920473773265,ARPA-USDT,0.035830588571246,0.0360297354679789,
2022-06-10 14:00:00,0.03542,0.03655,0.03525,0.03623,56113612,2017184.68918,9114,31623992,1136653.50195,-0.0008273579702151,ARPA-USDT,0.0353597403986977,0.0353781549144738,
2022-06-10 15:00:00,0.03623,0.03645,0.03587,0.0362,27739412,1003106.69741,5425,13803440,499251.61099,-0.0008280430582389,ARPA-USDT,0.0362763314043658,0.0363195876396409,
2022-06-10 16:00:00,0.03619,0.03632,0.03499,0.03538,48998446,1742941.67577,8361,22804117,811503.83734,-0.0008472182999151,ARPA-USDT,0.0361636330564533,0.0361507153716238,4.42e-06
2022-06-10 17:00:00,0.03538,0.03568,0.03523,0.03542,24563417,870918.01787,4225,12944635,459090.06704,-0.0005643340857787,ARPA-USDT,0.0353742318626295,0.0353350862565249,
2022-06-10 18:00:00,0.03542,0.03558,0.03516,0.03548,13935816,492698.87919,2981,6668514,235749.58159,-0.0002817695125387,ARPA-USDT,0.0353813921169352,0.0353871965075555,
2022-06-10 19:00:00,0.03547,0.0359,0.03529,0.03564,16127238,574613.37377,3261,7597807,270696.30436,-0.0019602352282274,ARPA-USDT,0.0354282795161683,0.0353858392882638,
2022-06-10 20:00:00,0.03565,0.03623,0.03551,0.03602,19844194,714887.46068,3411,10079876,363118.64948,-0.0002775464890367,ARPA-USDT,0.0355569720145075,0.0359123933778556,
2022-06-10 21:00:00,0.03602,0.03625,0.03571,0.03615,11262255,405403.02401,2288,5810003,209291.70571,-0.0002765486725662,ARPA-USDT,0.0360417945764107,0.0360166146924234,
2022-06-10 22:00:00,0.03616,0.0363,0.03581,0.03581,11346439,409191.17518,2217,6092444,219689.32251,-0.0011157601115759,ARPA-USDT,0.0361833605996161,0.0361927940533891,
2022-06-10 23:00:00,0.03582,0.03592,0.0345,0.03538,33185934,1171944.64859,5053,14527294,513590.13567,-0.0016930022573362,ARPA-USDT,0.0358328344209159,0.0357428262663926,
2022-06-11 00:00:00,0.03538,0.03615,0.03526,0.03604,15265322,545465.11308,2990,6756233,241372.92548,-0.0005546311702717,ARPA-USDT,0.0353378738845573,0.0353737970869289,5.517e-05
2022-06-11 01:00:00,0.03604,0.0362,0.03583,0.03599,11882613,427955.37,2080,6838974,246309.83543,-0.0008328706274293,ARPA-USDT,0.0360458041270732,0.0360828255989326,
2022-06-11 02:00:00,0.03599,0.03634,0.03582,0.03619,9347993,337122.53723,2256,5566006,200684.27027,-0.0011040574109852,ARPA-USDT,0.0359840202345388,0.0359822357804039,
2022-06-11 03:00:00,0.0362,0.0363,0.03601,0.03608,7823758,282892.78689,1490,4705551,170138.03386,-0.0019363762102351,ARPA-USDT,0.036217508573647,0.0362014765447059,
2022-06-11 04:00:00,0.03608,0.03634,0.036,0.03622,10200336,369247.34386,1655,5214775,188731.44978,-0.0011031439602867,ARPA-USDT,0.0361339068378296,0.0361512008512514,
2022-06-11 05:00:00,0.03624,0.03642,0.03569,0.03591,11778219,425261.77317,2084,5001705,180663.50267,-0.0002783964365257,ARPA-USDT,0.036326115215196,0.0363023428637291,
2022-06-11 06:00:00,0.03589,0.0362,0.03585,0.03613,7700732,277787.91109,1624,4087260,147467.35214,-0.0002767017155504,ARPA-USDT,0.0359000761765694,0.0359013548141256,
2022-06-11 07:00:00,0.03613,0.03672,0.0361,0.03652,19654129,716069.72274,2781,9133780,332594.75991,-0.0016402405686168,ARPA-USDT,0.0361084866891871,0.0361319552732419,
2022-06-11 08:00:00,0.03652,0.0366,0.03509,0.03512,27125572,973664.08105,5186,11293622,405544.53864,-0.0019892014776925,ARPA-USDT,0.0365233469219226,0.0364775892921257,0.0001
2022-06-11 09:00:00,0.03509,0.03587,0.03466,0.03541,23910454,844062.24661,4607,10227789,360863.02786,-0.0022541561003101,ARPA-USDT,0.0348998960315813,0.0350800667456576,
2022-06-11 10:00:00,0.03542,0.03576,0.03531,0.03544,8247887,293088.27394,2003,3813076,135417.1398,-0.0019712756969867,ARPA-USDT,0.035455944380248,0.0355322791444729,
2022-06-11 11:00:00,0.03544,0.03544,0.03397,0.03442,47871824,1656492.88733,7901,22545178,780927.06118,-0.0011607661056296,ARPA-USDT,0.0353203237340486,0.035246956868613,
2022-06-11 12:00:00,0.03442,0.03473,0.03306,0.03326,36416425,1237607.88577,6150,17008676,578563.0080500001,-0.0021002100210021,ARPA-USDT,0.0344541517424791,0.0345674217723683,
2022-06-11 13:00:00,0.03327,0.03388,0.03306,0.03357,27181238,910991.98459,5174,12510547,419686.08127,-0.0038575667655785,ARPA-USDT,0.0332987501281492,0.0332825239216655,
2022-06-11 14:00:00,0.03358,0.03368,0.03263,0.03273,28208344,936913.10241,4743,11941780,396674.89914,-0.0015253203172664,ARPA-USDT,0.033590739084591,0.0336125440067975,
2022-06-11 15:00:00,0.03272,0.03295,0.03162,0.03193,52660469,1699528.29015,8336,26451012,853771.44324,0.0,ARPA-USDT,0.0327851653257456,0.0326918715548689,
2022-06-11 16:00:00,0.03193,0.03256,0.03159,0.03247,29492787,944450.50919,5192,16101908,516035.73791,-0.000923076923077,ARPA-USDT,0.0319432212579071,0.0318751577318344,-0.00036772
2022-06-11 17:00:00,0.03248,0.03278,0.03232,0.03257,32756298,1067944.32517,3637,15087914,492035.40995,-0.002450229709035,ARPA-USDT,0.0324489679160398,0.0324217930336568,
2022-06-11 18:00:00,0.03255,0.0332,0.03241,0.03304,21358241,701057.48356,3605,11275180,369931.13604,-0.000302571860817,ARPA-USDT,0.0325799705519665,0.0325958122315036,
2022-06-11 19:00:00,0.03304,0.03323,0.03284,0.03287,17401844,574364.91829,2400,9724204,321177.46425,-0.0018220467658669,ARPA-USDT,0.0330289609749859,0.033030046516761,
2022-06-11 20:00:00,0.03287,0.033,0.03239,0.03259,11477789,375571.63307,2449,4995183,163545.68726,-0.0024487297214569,ARPA-USDT,0.0328651241148204,0.0329115672518677,
2022-06-11 21:00:00,0.03261,0.03354,0.03259,0.03346,9035667,298999.05603,2061,3518332,116574.30191,-0.0026825633383011,ARPA-USDT,0.0326299265347005,0.032647546164214,
2022-06-11 22:00:00,0.03347,0.03395,0.03343,0.03379,13570809,457999.0093,2617,6573823,221793.96084,-0.0014775413711584,ARPA-USDT,0.0334489325444868,0.0335102761475452,
2022-06-11 23:00:00,0.03379,0.03379,0.03241,0.03306,19720296,651609.87201,3683,10225239,337778.83656,-0.0006045949214026,ARPA-USDT,0.0337597148776254,0.0336283156780471,
2022-06-12 00:00:00,0.03306,0.03341,0.0328699999999999,0.03319,12500376,414252.82073,2662,5573982,184694.89268,-0.0012037315678605,ARPA-USDT,0.0330262830120285,0.0330030357864366,
2022-06-12 01:00:00,0.0332,0.03323,0.03179,0.03192,18300147,592747.53872,3692,8569941,277498.01185,-0.00187617260788,ARPA-USDT,0.033171353238042,0.0331122903276929,
2022-06-12 02:00:00,0.03192,0.03226,0.02997,0.03047,45404094,1410887.27727,7448,21623223,672847.46821,-0.0016382699868937,ARPA-USDT,0.0319242653750162,0.0320751464301035,
2022-06-12 03:00:00,0.03046,0.03126,0.0304,0.03115,29741510,916225.53266,4679,13904999,428404.48406,-0.0022421524663677,ARPA-USDT,0.0304594571104789,0.0305541737270399,
2022-06-12 04:00:00,0.03112,0.03156,0.0304899999999999,0.03053,18924029,585983.6805,3630,10939570,338435.4713,-0.0006546644844517,ARPA-USDT,0.0311141796714466,0.03133811483254,
2022-06-12 05:00:00,0.03052,0.0308899999999999,0.03001,0.0306,34720258,1055047.20892,5776,17240141,524201.00419,-0.0022823606129768,ARPA-USDT,0.0305172002033643,0.0304100024006543,
2022-06-12 06:00:00,0.03056,0.03197,0.0305,0.03182,23522221,738102.0825,3864,11830007,370814.3498,-0.0018820577164365,ARPA-USDT,0.0306324286148528,0.0307163257578553,
2022-06-12 07:00:00,0.03183,0.03224,0.03131,0.03221,17789575,563268.71478,3436,8049294,254845.17674,-0.0012403100775193,ARPA-USDT,0.0318296637782296,0.0318485684299631,
2022-06-12 08:00:00,0.03221,0.03325,0.03211,0.03274,35259440,1152219.89837,6517,15334205,501379.51025,-0.001829268292683,ARPA-USDT,0.0321557975360483,0.0321611372792144,
2022-06-12 09:00:00,0.03273,0.03311,0.03218,0.03228,27980800,916101.1188,4117,13994551,458539.52505,-0.0012376237623762,ARPA-USDT,0.0327079321640524,0.0327244124773944,
2022-06-12 10:00:00,0.03228,0.03285,0.03178,0.03232,27883512,901744.04017,4986,12778045,413563.26451,-0.0009273570324573,ARPA-USDT,0.0323074450604703,0.0322790962632361,
2022-06-12 11:00:00,0.0323,0.03258,0.03182,0.03245,51832476,1667445.25318,5082,27889792,897661.37815,-0.0012311480455524,ARPA-USDT,0.0322971306516129,0.0322695472661226,
2022-06-12 12:00:00,0.03245,0.03275,0.0321399999999999,0.03215,18805326,610488.18851,3317,8909271,289233.12205,-0.0021725636250775,ARPA-USDT,0.0324787783310519,0.0325323616277805,
2022-06-12 13:00:00,0.03215,0.03232,0.03118,0.03136,21278586,674929.60364,3612,11115404,352928.61245,-0.001909611712285,ARPA-USDT,0.0321781072713875,0.0321942618267344,
2022-06-12 14:00:00,0.03135,0.03328,0.03078,0.03293,53322560,1702096.82283,8502,28108370,898548.34457,-0.0012132241431603,ARPA-USDT,0.0313398737336661,0.031480339582242,
2022-06-12 15:00:00,0.03296,0.034,0.03283,0.03317,43149872,1439762.29685,8405,22046362,735854.84198,-0.0030057108506162,ARPA-USDT,0.0328942650583312,0.0330171088623667,
2022-06-12 16:00:00,0.03318,0.03336,0.03236,0.03252,31613459,1040672.73221,4715,14141560,465734.12224,-0.0003074085459576,ARPA-USDT,0.0329713410810653,0.032996503480518,
2022-06-12 17:00:00,0.03253,0.03295,0.03207,0.0323899999999999,22925893,747344.12546,3530,9973414,325457.19905,-0.0024638127502341,ARPA-USDT,0.032544366204402,0.0325310988938024,
2022-06-12 18:00:00,0.0324,0.0327,0.03213,0.0323899999999999,39731629,1288489.45958,3678,17956289,582696.0744800001,-0.001541307028363,ARPA-USDT,0.0324442766778669,0.0324022539318746,
2022-06-12 19:00:00,0.0323899999999999,0.03259,0.03206,0.03234,25502291,825806.07449,3654,13288820,430368.92799,-0.0021598272138229,ARPA-USDT,0.0323811806423425,0.0324604378799687,
2022-06-12 20:00:00,0.03232,0.03253,0.03205,0.03209,15489556,500724.56297,2907,9074242,293474.31249,-0.0012449424214129,ARPA-USDT,0.0323885040791844,0.0324284250247077,
2022-06-12 21:00:00,0.03209,0.03244,0.03201,0.03211,6932193,223280.57772,1650,2568393,82717.21809,-0.0015547263681592,ARPA-USDT,0.0320807299091303,0.0321599912934057,
2022-06-12 22:00:00,0.0321,0.0321199999999999,0.03091,0.0309899999999999,26243006,827174.76067,4307,12232980,386142.58794,-0.0022537025112717,ARPA-USDT,0.0319762274204348,0.0317583345587304,
2022-06-12 23:00:00,0.031,0.03126,0.0297699999999999,0.02996,29248825,894249.5852900001,4641,12599873,385588.68635,-0.0026631158455392,ARPA-USDT,0.0309918546923413,0.0311081757511287,
2022-06-13 00:00:00,0.0299399999999999,0.0303,0.02852,0.02868,50951630,1509197.15101,8094,24413805,724764.23141,-0.0024347826086956,ARPA-USDT,0.0300813272298365,0.0300897358982485,-7.54e-05
2022-06-13 01:00:00,0.0286899999999999,0.02896,0.02779,0.02826,41225028,1166874.58706,6451,19922770,564025.34195,-0.0017661603673613,ARPA-USDT,0.0287560539432273,0.0288046416109224,
2022-06-13 02:00:00,0.02829,0.0284399999999999,0.02775,0.0278,29516882,828003.84361,4927,15173931,425759.7453,-0.0035842293906811,ARPA-USDT,0.0282901991000591,0.0282281639608243,
2022-06-13 03:00:00,0.0278,0.02871,0.02736,0.02836,41068829,1147116.88235,6488,21623950,604409.64265,-0.0007047216349541,ARPA-USDT,0.0277981860261445,0.0276688883033676,
2022-06-13 04:00:00,0.02835,0.02937,0.0283,0.02864,31329914,906763.11043,5204,14132857,408870.01825,-0.0010463899546565,ARPA-USDT,0.0283367925171107,0.028366463463023,
2022-06-13 05:00:00,0.02861,0.02885,0.0277199999999999,0.02773,18582384,525007.05048,3412,9053596,256054.1756,-0.0017998560115189,ARPA-USDT,0.0286277911862745,0.0286815301871916,
2022-06-13 06:00:00,0.02773,0.02835,0.02729,0.02791,27396207,762488.4008,4728,12997008,361460.62844,-0.0028581636298677,ARPA-USDT,0.0276888113497249,0.0276377981492536,
2022-06-13 07:00:00,0.02793,0.02837,0.02694,0.02732,31473455,868607.83926,5208,15816299,437263.84617,0.0,ARPA-USDT,0.0279979115523978,0.0281209885512052,
2022-06-13 08:00:00,0.02731,0.02752,0.02607,0.02615,47720964,1282274.87432,7716,22244767,598459.72432,-0.0038095238095238,ARPA-USDT,0.0272667543338044,0.0272107963336586,-0.00053962
2022-06-13 09:00:00,0.02615,0.0272399999999999,0.02566,0.0267199999999999,51491414,1359464.55339,8506,24902994,657315.61145,-0.0007479431563238,ARPA-USDT,0.0261688910629055,0.0261500239627847,
2022-06-13 10:00:00,0.02671,0.0275,0.0266,0.02666,36123565,976758.42359,6058,17942608,485017.76611,-0.0014981273408239,ARPA-USDT,0.0267219559457289,0.0268000861465007,
2022-06-13 11:00:00,0.02666,0.02696,0.0261,0.02678,26992290,714172.20479,5014,14139738,373986.07824,0.0,ARPA-USDT,0.0267019942082983,0.0267117153428517,
2022-06-13 12:00:00,0.02675,0.02783,0.0267199999999999,0.02702,30900031,846698.56181,5575,14757990,404715.36241,-0.0007396449704143,ARPA-USDT,0.0268221540974759,0.0269797088556846,
2022-06-13 13:00:00,0.0269899999999999,0.02753,0.0265,0.0273,35475375,958516.15296,6040,18355606,495736.04883,0.0,ARPA-USDT,0.0269098604430277,0.0268793117074864,
2022-06-13 14:00:00,0.02729,0.02743,0.02616,0.0268899999999999,31225296,836881.81641,5402,15800963,423225.85163,-0.0040740740740777,ARPA-USDT,0.0273227287471084,0.0272471735393882,
2022-06-13 15:00:00,0.02688,0.02823,0.0267899999999999,0.0279,28515353,782893.63987,5656,14482747,397418.30817,0.0007173601147776,ARPA-USDT,0.0269127531245844,0.0269944215170057,
2022-06-13 16:00:00,0.0278899999999999,0.02957,0.02752,0.02921,49238974,1411694.26828,8051,22999456,658966.43184,0.0,ARPA-USDT,0.0277974567664448,0.027765879623777,-0.00011305
2022-06-13 17:00:00,0.02921,0.02923,0.02821,0.02881,27875593,797227.39262,5278,14170707,405176.49067,-0.0017325017325018,ARPA-USDT,0.0291816472756651,0.0289060118760838,
2022-06-13 18:00:00,0.02881,0.02943,0.02865,0.02882,19455088,565187.68133,4236,9292290,269873.83626,-0.0027681660899654,ARPA-USDT,0.0288132815567247,0.0288189312011026,
2022-06-13 19:00:00,0.02883,0.02915,0.02847,0.02899,19260519,554956.12952,3566,9661122,278263.02168,-0.0010337698139215,ARPA-USDT,0.0288459861390686,0.0288218333974585,
2022-06-13 20:00:00,0.029,0.0302,0.02897,0.02976,30094435,896075.20793,5821,15819333,470795.59016,-0.0003359086328518,ARPA-USDT,0.0290825229012995,0.0293375511741408,
2022-06-13 21:00:00,0.02976,0.02976,0.02838,0.02848,21116193,614262.81465,4029,9608031,279251.61264,-0.0014025245441795,ARPA-USDT,0.029702209372446,0.0296722990483836,
2022-06-13 22:00:00,0.0284899999999999,0.02866,0.027,0.0271,39664306,1094861.81517,6299,19602589,540654.64875,-0.0022091310751104,ARPA-USDT,0.0285220500939909,0.0285773305790816,
2022-06-13 23:00:00,0.02711,0.0292899999999999,0.0271,0.02913,56592331,1599317.94944,9144,29492894,831871.2779699999,-0.0017135023989034,ARPA-USDT,0.0272662084593575,0.0276254451172715,
2022-06-14 00:00:00,0.02912,0.02961,0.02831,0.02885,51618858,1493726.53512,7707,26411753,763655.29421,-0.0027652955409609,ARPA-USDT,0.0287992403327072,0.0289237933400931,-3.179e-05
2022-06-14 01:00:00,0.0288399999999999,0.0289,0.02617,0.0262,51454372,1427733.06483,8207,25423353,705168.64179,-0.0015243902439023,ARPA-USDT,0.0287911918019573,0.0286822606308821,
2022-06-14 02:00:00,0.0262,0.0277,0.02606,0.02767,46016107,1230909.87207,7205,22923632,612394.33688,0.0,ARPA-USDT,0.0263538280225442,0.0263839007823595,
2022-06-14 03:00:00,0.02769,0.02905,0.02728,0.02899,37659124,1068531.29491,6760,18108990,513715.82081,0.0013816925734022,ARPA-USDT,0.0275762047889296,0.0274605881078299,
2022-06-14 04:00:00,0.02899,0.02931,0.02791,0.02818,25284473,721987.04579,5005,12338866,352031.07482,-0.0007092198581559,ARPA-USDT,0.0290227896822635,0.0291068668663296,
2022-06-14 05:00:00,0.0281899999999999,0.03008,0.02815,0.0296899999999999,42866157,1256974.6674,6905,21858451,640475.49881,-0.0010094212651446,ARPA-USDT,0.0281799545188921,0.0282976363497534,
2022-06-14 06:00:00,0.02968,0.03005,0.02935,0.02993,24210068,718994.98749,4844,12674045,376320.98424,0.0010033444816053,ARPA-USDT,0.0296477231820374,0.0297477595186845,
2022-06-14 07:00:00,0.02993,0.0301199999999999,0.02866,0.02963,31532133,924751.97292,5683,14795782,433849.8494,-0.0013481631277384,ARPA-USDT,0.0298565833611082,0.0298468903125845,
2022-06-14 08:00:00,0.0296,0.02967,0.0289,0.02898,24394319,713231.83834,4250,10916186,319266.90505,-0.0027529249827942,ARPA-USDT,0.0296194427523659,0.0294873495076153,0.0001
2022-06-14 09:00:00,0.02897,0.02914,0.02846,0.02846,18437979,531692.18635,3666,8727110,251732.84271,-0.0017537706068047,ARPA-USDT,0.0289913135261242,0.0289765483680705,
2022-06-14 10:00:00,0.02848,0.0287399999999999,0.02814,0.02839,22474680,639752.97899,3396,10548826,300346.91061,-0.0035100035100036,ARPA-USDT,0.0284922796792215,0.0284906523213727,
2022-06-14 11:00:00,0.02841,0.02847,0.02777,0.02804,21014685,591314.16422,3348,11170317,314421.83694,-0.0010687566797292,ARPA-USDT,0.028367345434178,0.0284150087189901,
2022-06-14 12:00:00,0.02805,0.02906,0.02745,0.02852,41226247,1165031.67901,5691,20812486,588077.40187,-0.0017500875043752,ARPA-USDT,0.0280341949384203,0.028161294834633,
2022-06-14 13:00:00,0.02852,0.03038,0.02851,0.02967,107415603,3176419.9709300003,16074,54651630,1617423.45164,-0.0010101010101011,ARPA-USDT,0.028571074204947,0.028644988156314,
2022-06-14 14:00:00,0.02968,0.03057,0.02846,0.02899,193878691,5723087.23735,23133,94882881,2805319.36773,-0.0024088093599449,ARPA-USDT,0.0296623791841274,0.0297855046083301,
2022-06-14 15:00:00,0.02899,0.02953,0.0287899999999999,0.0291899999999999,70562119,2059735.44803,9696,34145517,997089.63871,-0.0023923444976111,ARPA-USDT,0.0289355290857322,0.0290954270910939,
2022-06-14 16:00:00,0.0291699999999999,0.0292699999999999,0.02801,0.02831,54385151,1558966.57242,8752,24370425,699437.51682,-0.0014109347442681,ARPA-USDT,0.0290630207512362,0.0290175509995885,3.5e-07
2022-06-14 17:00:00,0.0283,0.0287,0.02798,0.02801,34870672,986515.29775,5086,16221653,459362.67977,-0.0021375133594585,ARPA-USDT,0.0283864493696598,0.0282925997580841,
2022-06-14 18:00:00,0.02801,0.02855,0.02793,0.0280699999999999,21128284,596213.39146,3493,11048354,311964.36051,-0.0017780938833605,ARPA-USDT,0.0279895254855173,0.0281298800902166,
2022-06-14 19:00:00,0.0280699999999999,0.02823,0.02762,0.02817,22531636,630239.56049,3596,11037427,308859.65163000004,-0.0014179369018078,ARPA-USDT,0.028043842013776,0.0280899448995629,
2022-06-14 20:00:00,0.02816,0.02822,0.02744,0.02803,26054612,724629.90267,3923,11347714,315713.61432,-0.0014250089063057,ARPA-USDT,0.0281461118298038,0.0281386472532668,
2022-06-14 21:00:00,0.02804,0.02833,0.02744,0.02767,18267919,509266.09546,3110,10034178,279950.1789,-0.004318100035984,ARPA-USDT,0.028081990646257,0.0281347398594282,
2022-06-14 22:00:00,0.02767,0.0283,0.02765,0.0281899999999999,18891936,529530.26105,3053,9806837,274999.08753,-0.0010630758327462,ARPA-USDT,0.0276763403790348,0.0278046748748572,
2022-06-14 23:00:00,0.0282,0.02931,0.02808,0.0290399999999999,27304901,783307.4410999999,4504,14285561,409272.32183,-0.0024046719340468,ARPA-USDT,0.0282042287245643,0.0281753898161758,
2022-06-15 00:00:00,0.02905,0.02923,0.02864,0.02871,19498998,564202.67367,3756,9751956,282256.72418,-0.0013913043478261,ARPA-USDT,0.0290342865486634,0.0289707976883313,-0.00017094
2022-06-15 01:00:00,0.02871,0.02933,0.0283399999999999,0.02913,15446308,445613.48577,3041,7021643,202643.77199,0.0006870491240122,ARPA-USDT,0.0286884866640102,0.0286298313786652,
2022-06-15 02:00:00,0.02916,0.0292,0.02828,0.0284199999999999,16113569,462374.37108,3026,7881049,226168.41529,-0.0014054813773751,ARPA-USDT,0.0291294485492447,0.0291218016826364,
2022-06-15 03:00:00,0.0284399999999999,0.02862,0.02773,0.02783,18264563,513161.03421,3411,7534857,211773.67257,-0.0028663561447509,ARPA-USDT,0.0285142077592492,0.0285394679441178,
2022-06-15 04:00:00,0.02783,0.02792,0.0268699999999999,0.02729,30815963,841842.70958,5007,15472567,422517.17984,-0.0021937842778794,ARPA-USDT,0.0278577951011272,0.027821050600942,
2022-06-15 05:00:00,0.0273,0.02755,0.02678,0.02732,23495847,640000.3691799999,4311,10878362,296248.66257,-0.003283473184969,ARPA-USDT,0.0273263985029957,0.0273499512539074,
2022-06-15 06:00:00,0.02731,0.02805,0.02713,0.02795,14212332,391649.23765,2827,7123672,196477.29018,-0.0014290818149339,ARPA-USDT,0.0273552418196493,0.0274050847115089,
2022-06-15 07:00:00,0.0279399999999999,0.02812,0.0272399999999999,0.02738,18377634,508639.01175,3446,9567159,264757.52681,-0.0018228217280349,ARPA-USDT,0.0279554782563593,0.0279608722974189,
2022-06-15 08:00:00,0.02738,0.0274,0.0266,0.0267199999999999,33901446,912355.36282,6622,17135893,461199.87147,-3.774758283725532e-15,ARPA-USDT,0.0273325752386354,0.0271294310609365,-0.00024606
2022-06-15 09:00:00,0.02671,0.02716,0.02657,0.0271,17292305,464035.99027,3917,8814476,236549.07242,0.0003691399040235,ARPA-USDT,0.0267642201685357,0.0267773480740558,
2022-06-15 10:00:00,0.0271,0.0279899999999999,0.02693,0.02769,26440035,727914.7291700001,5400,13137882,361532.89631,-0.0003610108303249,ARPA-USDT,0.0271155367485613,0.0270158156095747,
2022-06-15 11:00:00,0.0277,0.0288,0.02745,0.0283,32575416,919491.14868,6082,15970280,450832.50287,-0.0017636684303351,ARPA-USDT,0.0276949026158622,0.0277190351970769,
2022-06-15 12:00:00,0.0283199999999999,0.02889,0.02792,0.0279899999999999,36296371,1027890.39958,5818,16763638,475071.49516,0.0014311270125189,ARPA-USDT,0.0282845517913815,0.0282884353891498,
2022-06-15 13:00:00,0.02798,0.0287399999999999,0.02785,0.0285,23531896,667609.47895,4858,11935432,338506.27068,-0.0007012622720897,ARPA-USDT,0.0279658604573565,0.0279423244493681,
2022-06-15 14:00:00,0.0285,0.02882,0.02756,0.0277,21620210,608768.58782,4258,9430441,265584.22369,-0.0025207057976233,ARPA-USDT,0.0285554658410493,0.0286008952859622,
2022-06-15 15:00:00,0.02771,0.02812,0.02754,0.02806,16120562,448454.04959,3287,8633920,240277.21067,-0.0003562522265764,ARPA-USDT,0.0277187071188713,0.0277965306486936,
2022-06-15 16:00:00,0.0280699999999999,0.02827,0.02701,0.02715,19040232,526664.48585,4168,8558153,236606.52204,-0.0014711290915777,ARPA-USDT,0.0280438707674566,0.0281180891438284,0.0001
2022-06-15 17:00:00,0.02715,0.02851,0.02688,0.02839,35795019,992017.67733,5911,18364121,508446.65741,0.0031802120141342,ARPA-USDT,0.0271438225054945,0.0271088603554567,
2022-06-15 18:00:00,0.0284,0.03,0.02684,0.02938,86433262,2441546.1891,14580,44182725,1248607.30283,0.0013633265167007,ARPA-USDT,0.0283004214644218,0.0280422539639764,
2022-06-15 19:00:00,0.0294,0.0303899999999999,0.0293,0.02984,57328935,1715326.40936,10958,28004940,838050.62564,-0.0003350083752095,ARPA-USDT,0.0294910097932439,0.0295040727647693,
2022-06-15 20:00:00,0.02982,0.03,0.02932,0.0295899999999999,19448684,575890.06777,3996,10080881,298568.97743,-0.0020236087689746,ARPA-USDT,0.0299032992434674,0.0298326496012205,
2022-06-15 21:00:00,0.02961,0.03073,0.02961,0.03031,17127899,517366.76852,2906,8376820,252975.90744,-0.0019756338491933,ARPA-USDT,0.0296700036823132,0.0297109744320941,
2022-06-15 22:00:00,0.03034,0.0307199999999999,0.03003,0.03017,18436732,561044.62168,3547,8067436,245786.87863,-0.0009933774834437,ARPA-USDT,0.0302891191740024,0.0304096690111525,
2022-06-15 23:00:00,0.03016,0.03077,0.03006,0.03073,12238716,372693.34384,2844,6053291,184260.46671,-0.0009752925877762,ARPA-USDT,0.0301638903087748,0.0301394332062642,
2022-06-16 00:00:00,0.03073,0.03107,0.0302399999999999,0.0305,17315827,531051.56741,3776,7527708,230844.49685,0.0006561679790026,ARPA-USDT,0.0307302755815853,0.0308312650514582,0.0001
2022-06-16 01:00:00,0.03048,0.03111,0.03016,0.03021,12061259,368989.49043,2644,5813508,178016.97221,-0.0009920634920634,ARPA-USDT,0.0305319505149735,0.0305200854448383,
2022-06-16 02:00:00,0.03021,0.0303899999999999,0.02988,0.03023,10281497,309726.01015,2391,5083838,153255.05095,-0.0003306878306877,ARPA-USDT,0.0302395216406735,0.0303007061658837,
2022-06-16 03:00:00,0.03023,0.03043,0.02984,0.03,9645819,290374.33729,2080,5106564,153782.50804,0.0,ARPA-USDT,0.0302604718246917,0.0303296367376568,
2022-06-16 04:00:00,0.02998,0.0303899999999999,0.0297699999999999,0.0297899999999999,8643384,260178.19232,2202,3947976,118867.30664,-0.0010060362173071,ARPA-USDT,0.0300180947841521,0.0300901042512827,
2022-06-16 05:00:00,0.0298,0.0301,0.02941,0.02946,11017487,327759.92713,2362,5142099,153055.4306,-0.0010172939979653,ARPA-USDT,0.0297840248556387,0.0298497024208746,
2022-06-16 06:00:00,0.0294399999999999,0.0296,0.02911,0.02926,12140450,356467.28886000003,2831,6323783,185766.55757,0.0,ARPA-USDT,0.0294918780320891,0.0295275418110547,
2022-06-16 07:00:00,0.02924,0.02958,0.0286699999999999,0.02877,18448896,537452.36588,3616,8008839,233436.7476,-0.0010416666666666,ARPA-USDT,0.0292771468792965,0.0293878715867155,
2022-06-16 08:00:00,0.02877,0.02906,0.0284,0.02895,18033863,517472.28991,3177,8528180,244693.31406,-0.0020682523267838,ARPA-USDT,0.0287509863272658,0.0287443644430978,-2.687e-05
2022-06-16 09:00:00,0.0289399999999999,0.029,0.0277199999999999,0.0279399999999999,24670477,695817.37702,3966,11907770,335648.14723,-0.0021428571428607,ARPA-USDT,0.0289089800323799,0.0288558272954231,
2022-06-16 10:00:00,0.02795,0.0280699999999999,0.02743,0.02795,18525551,515433.06126,3437,10313083,286957.09833,-0.002498215560314,ARPA-USDT,0.0279370608098981,0.0279928933043947,
2022-06-16 11:00:00,0.02793,0.028,0.02743,0.02779,13119439,364470.36955,2773,6437217,178920.60118,-0.0003597122302158,ARPA-USDT,0.0279184979806164,0.0278276069603102,
2022-06-16 12:00:00,0.02776,0.0288,0.0277,0.02815,20936367,592092.49076,3423,10821697,305962.15516,-0.0035398230088495,ARPA-USDT,0.0277963437648843,0.0278467588265611,
2022-06-16 13:00:00,0.02816,0.02865,0.02736,0.0278,22163015,621944.34332,3911,10292564,289136.15001,-0.0025116612845353,ARPA-USDT,0.0281810875695376,0.0282604700145494,
2022-06-16 14:00:00,0.02778,0.02822,0.02746,0.02788,20726501,577398.64128,3928,10497845,292461.53333,-0.0035739814152967,ARPA-USDT,0.0277429923702096,0.0276662061892865,
2022-06-16 15:00:00,0.02787,0.02872,0.02785,0.02836,19034430,540190.11127,3652,10742958,304822.73406,0.0007057163020465,ARPA-USDT,0.0279270227780835,0.0280364626528443,
2022-06-16 16:00:00,0.02836,0.02899,0.028,0.02881,21080414,602488.44135,3929,11194667,320117.22526,0.0013903371567605,ARPA-USDT,0.0282641573357623,0.0282367218799719,-0.00012533
2022-06-16 17:00:00,0.0288,0.02907,0.02841,0.0284199999999999,12580100,361665.42429,2752,6171305,177439.64988,0.0003519887363567,ARPA-USDT,0.0287800721859706,0.0287411128504929,
2022-06-16 18:00:00,0.02841,0.0286699999999999,0.02818,0.02837,12002443,340587.80499,2236,5768258,163680.83153999998,-0.0003523608174771,ARPA-USDT,0.0283917206505062,0.0283953563478064,
2022-06-16 19:00:00,0.02836,0.02862,0.02763,0.02779,19720332,553304.90556,3852,9150275,256584.98437,-0.0003597122302158,ARPA-USDT,0.0283262288847104,0.0283785657001726,
2022-06-16 20:00:00,0.0278,0.02851,0.02771,0.02818,24787589,697969.27446,4055,12005936,338077.47796,-0.0010634526763558,ARPA-USDT,0.0278604982620388,0.0280347804371779,
2022-06-16 21:00:00,0.02822,0.0284,0.02791,0.02792,9453160,266830.95769,1741,4884476,137892.06706,-0.002144388849178,ARPA-USDT,0.028215652033412,0.0282379458959605,
2022-06-16 22:00:00,0.02796,0.02808,0.02731,0.0273399999999999,15889508,440045.86486,2841,7110543,197041.86671,-0.001460920379843,ARPA-USDT,0.027968358958483,0.0279711807874632,
2022-06-16 23:00:00,0.02735,0.02752,0.02686,0.0275,22188380,602590.94319,3478,10002135,271386.94019,-0.000363504180298,ARPA-USDT,0.027390970870729,0.0273433000312667,
2022-06-17 00:00:00,0.02753,0.0283199999999999,0.0272,0.02776,15608208,432343.26285,3507,7107743,196915.3534,-0.0003601008282319,ARPA-USDT,0.0275018365686675,0.0273629017689052,-0.00010357
2022-06-17 01:00:00,0.02775,0.02886,0.02771,0.0285899999999999,18497014,523817.32585,3620,9892836,280065.6733,-0.0017458100558693,ARPA-USDT,0.0277813878541864,0.0279329125336761,
2022-06-17 02:00:00,0.0285899999999999,0.02871,0.02796,0.02816,18678548,528498.75845,3182,10110868,285708.30938,-0.0003549875754348,ARPA-USDT,0.0286460656174827,0.0285149210778444,
2022-06-17 03:00:00,0.0281899999999999,0.0283,0.0277199999999999,0.0278,11159673,312951.76239,2348,4800542,134669.10872,-0.0014367816091954,ARPA-USDT,0.0282044394572154,0.0281018185046707,
2022-06-17 04:00:00,0.02781,0.0284899999999999,0.02778,0.0283199999999999,6561295,184638.71773,1760,3089902,86878.12914,-0.0014104372355464,ARPA-USDT,0.0277926641130243,0.0278170966689686,
2022-06-17 05:00:00,0.02833,0.02878,0.02831,0.0285899999999999,10401639,297199.09461000003,2126,5004553,142972.24653,-0.0003496503496538,ARPA-USDT,0.0283668367592726,0.0283924107029514,
2022-06-17 06:00:00,0.02858,0.02898,0.02823,0.02881,12961282,370922.60842,2261,6723310,192437.68146,-0.0003469812630118,ARPA-USDT,0.0285826737681226,0.0284910631282453,
2022-06-17 07:00:00,0.02881,0.02924,0.02862,0.02877,10243316,296089.94658,2410,4965734,143641.94258,-0.0010416666666666,ARPA-USDT,0.0288242216637098,0.0287402359878094,
2022-06-17 08:00:00,0.0288,0.02899,0.0285,0.02855,9283098,266775.85198,2298,4354100,125206.77065,-0.0010496850944717,ARPA-USDT,0.0287944482938895,0.0287284032038602,0.0001
2022-06-17 09:00:00,0.02855,0.02858,0.02821,0.0284,17564420,498656.69983,2367,5798668,164575.35014,-0.0017574692442881,ARPA-USDT,0.0285603676201953,0.0284706359796815,
2022-06-17 10:00:00,0.02839,0.0289199999999999,0.02827,0.02886,18201495,521504.75888,2758,10357062,296765.36617,0.0,ARPA-USDT,0.0283784982751554,0.0283927402754769,
2022-06-17 11:00:00,0.02886,0.0290399999999999,0.02846,0.02851,13402690,385896.82681,2230,7852675,226330.59652,-0.000701016473887,ARPA-USDT,0.0288806552025197,0.0288368518912736,
2022-06-17 12:00:00,0.02851,0.02861,0.02793,0.02811,16390196,464116.85,2373,8797889,249155.13838,-0.0017755681818182,ARPA-USDT,0.0285394960188504,0.0284855919169814,
2022-06-17 13:00:00,0.02811,0.02893,0.0278899999999999,0.0288,14451110,410527.38521,2856,7333777,208579.65403,0.0,ARPA-USDT,0.0280921434078314,0.0280963949780163,
2022-06-17 14:00:00,0.02881,0.0288399999999999,0.028,0.02835,12897747,365764.78696,2567,6296400,178664.68689,-0.002813928948294,ARPA-USDT,0.0288180410097799,0.0287024723976494,
2022-06-17 15:00:00,0.02835,0.02871,0.02815,0.02839,16783559,477198.85008,2633,8934145,254065.71587,0.0003523608174771,ARPA-USDT,0.0283333311674787,0.0284693870834551,
2022-06-17 16:00:00,0.02838,0.02873,0.02812,0.02827,14385815,408697.32103,2514,7236155,205597.30892,-0.000706963591375,ARPA-USDT,0.0283651731923236,0.0284017670157995,9.399e-05
2022-06-17 17:00:00,0.02827,0.02855,0.02813,0.02846,13902258,394102.03975,2400,6514730,184640.29006,-0.0003512469265893,ARPA-USDT,0.0282150980413388,0.0282331230437343,
2022-06-17 18:00:00,0.02848,0.0288,0.02839,0.02854,13278149,379624.31174,2607,6867548,196287.10403,0.0010522623640827,ARPA-USDT,0.0284638724582898,0.0284682821402699,
2022-06-17 19:00:00,0.02853,0.02861,0.0281899999999999,0.0283399999999999,16970708,481650.92596,2578,8243959,233970.84723,-0.0010574550581635,ARPA-USDT,0.0285798051767325,0.0285282045095395,
2022-06-17 20:00:00,0.02833,0.0287,0.02803,0.02835,33710821,955443.6796,4608,14669828,416083.27557,-0.0021119324181626,ARPA-USDT,0.0283518750936258,0.0284054721800639,
2022-06-17 21:00:00,0.0283399999999999,0.02855,0.02815,0.02829,18617000,527137.0875499999,2990,10001058,283234.31952,0.0003536067892504,ARPA-USDT,0.0284303577008062,0.0284061280605508,
2022-06-17 22:00:00,0.02828,0.02838,0.028,0.02818,15444438,435406.71046,2351,7276251,205112.76873,-0.0021246458923512,ARPA-USDT,0.0282982565554295,0.0283120057526438,
2022-06-17 23:00:00,0.0281899999999999,0.02868,0.0281,0.0281899999999999,13903658,394892.23553,2494,7216704,204910.55376,0.0003548616039708,ARPA-USDT,0.0281608186928844,0.0282423984417065,
2022-06-18 00:00:00,0.0281899999999999,0.0284399999999999,0.02808,0.02814,18698473,528923.96389,3279,8857776,250526.8253,-0.0031880977683317,ARPA-USDT,0.0281696238749472,0.0282139079361176,5.723e-05
2022-06-18 01:00:00,0.02817,0.0283199999999999,0.02741,0.02741,20130167,559241.45575,3133,8710958,242067.77144,-0.0025473071324599,ARPA-USDT,0.0282347608946303,0.0282392437347345,
2022-06-18 02:00:00,0.0274,0.02769,0.02733,0.02767,12613076,346580.27902,2738,6364288,174896.77833,-0.0018037518037518,ARPA-USDT,0.0273822514383749,0.0274011677528455,
2022-06-18 03:00:00,0.02766,0.02779,0.0275,0.02758,4799160,132636.45702,1245,2748688,75962.40232,-0.0018096272167932,ARPA-USDT,0.027662451665981,0.02767933733105,
2022-06-18 04:00:00,0.0275899999999999,0.02785,0.0275699999999999,0.0278,4966573,137753.98945,1380,2649650,73450.63444,-0.0017953321364453,ARPA-USDT,0.0275949748243847,0.0276283621811733,
2022-06-18 05:00:00,0.02779,0.02798,0.0276399999999999,0.0277,4697317,130474.50557,1202,1810184,50296.08304,-0.0014419610670513,ARPA-USDT,0.02782493359092,0.0279071323581501,
2022-06-18 06:00:00,0.0277,0.0279399999999999,0.02667,0.02684,25393922,692242.8920400001,3793,12449830,339580.95055,-0.0003724394785846,ARPA-USDT,0.0277076373267921,0.0277200323225805,
2022-06-18 07:00:00,0.02684,0.02695,0.02621,0.02632,33523026,891980.7572999999,5734,18533552,493461.88069,0.0011411182959299,ARPA-USDT,0.0268343755218699,0.0267915095417658,
2022-06-18 08:00:00,0.0263,0.0267399999999999,0.0257899999999999,0.02638,25639462,672653.06793,4633,11664351,305935.87933,-0.0022692889561271,ARPA-USDT,0.0262908195153804,0.026272443928121,-0.00043012
2022-06-18 09:00:00,0.0263699999999999,0.02665,0.02616,0.0265,10087668,266647.33658,2104,5624308,148771.79657,-0.0003772161448509,ARPA-USDT,0.0263403828623981,0.0263141659878556,
2022-06-18 10:00:00,0.0265,0.0272,0.0263699999999999,0.02692,19248530,516052.74857,3220,9487581,254331.98373,-0.0003713330857779,ARPA-USDT,0.0264293533748518,0.0265101324247518,
2022-06-18 11:00:00,0.0268899999999999,0.02716,0.02671,0.02683,9934264,267319.49532,2269,4740391,127601.51204,-0.0022313127556713,ARPA-USDT,0.0268816242615295,0.0268197075507391,
2022-06-18 12:00:00,0.02684,0.0269699999999999,0.02669,0.02692,7824974,209907.65366,1736,3244447,87078.41169,-0.0022238695329874,ARPA-USDT,0.0268312666497487,0.0268061875106031,
2022-06-18 13:00:00,0.02691,0.02712,0.0268,0.02688,8126696,218886.03988,1603,3623097,97568.2957,0.0,ARPA-USDT,0.0269115447165515,0.0268947164227256,
2022-06-18 14:00:00,0.02688,0.02719,0.02657,0.02673,10465385,281359.22201,1865,4423037,118926.5263,-0.0029839612085043,ARPA-USDT,0.0269443619316559,0.0270144641992138,
2022-06-18 15:00:00,0.02673,0.02691,0.0265,0.0266,7794908,208395.98188,1581,3803601,101680.36985,-0.0011265490048818,ARPA-USDT,0.0267277919022301,0.026736892936742,
2022-06-18 16:00:00,0.02661,0.0270899999999999,0.02653,0.02663,14924988,399880.35868,2624,7982604,214030.98382,-0.0022480329711501,ARPA-USDT,0.0266159822532584,0.0266685719305193,1.082e-05
2022-06-18 17:00:00,0.02666,0.02683,0.02621,0.02645,12975172,343696.05574,2432,5999823,158992.68732,-0.000755572346052,ARPA-USDT,0.0266509900252349,0.0267419394669434,
2022-06-18 18:00:00,0.02646,0.02659,0.02615,0.02622,15567713,410759.53537,2672,8292812,218858.18784,-0.0026626093571699,ARPA-USDT,0.0264299657224451,0.0264206829450447,
2022-06-18 19:00:00,0.02623,0.02634,0.02494,0.02508,29459168,754613.72639,4280,12672796,325417.21792,-0.0035756853396901,ARPA-USDT,0.0262699143748577,0.0261593800372918,
2022-06-18 20:00:00,0.02509,0.02537,0.0245,0.02515,36665463,914493.02696,5733,18059232,450210.83422,-0.001984126984127,ARPA-USDT,0.0250803970864448,0.0250619971940265,
2022-06-18 21:00:00,0.02516,0.02688,0.02515,0.0264,22597494,587753.77702,3998,10959084,285728.2057,0.0,ARPA-USDT,0.0252300958712529,0.0253327038605831,
2022-06-18 22:00:00,0.02636,0.02718,0.02623,0.02694,32241925,867156.82073,4953,16200644,435815.74834,0.0022321428571427,ARPA-USDT,0.0263667543664075,0.0263150126518961,
2022-06-18 23:00:00,0.02693,0.02712,0.02663,0.02678,13243880,355624.12481,2419,5946179,159728.44241,-0.0007462686567163,ARPA-USDT,0.027001468036998,0.0269873332956196,
2022-06-19 00:00:00,0.02678,0.0273399999999999,0.02651,0.02656,21074909,567009.70041,3122,9377066,252302.22428,-0.0018789928598271,ARPA-USDT,0.0268576913235522,0.0268595966438767,0.0001
2022-06-19 01:00:00,0.02658,0.02665,0.02572,0.0257699999999999,30237079,788260.37212,3555,13152093,342540.56204,-0.0003878975950387,ARPA-USDT,0.0265767633872211,0.0265901249650199,
2022-06-19 02:00:00,0.02578,0.02585,0.02538,0.02575,9374526,240230.15987,1889,4728833,121234.61072,-0.0015509887553315,ARPA-USDT,0.0257921195400473,0.0257664083608013,
2022-06-19 03:00:00,0.02574,0.02631,0.02573,0.02576,10285784,267848.89962,1977,5175919,134719.82635,-0.0003880481179666,ARPA-USDT,0.0257539886228337,0.0258338607288526,
2022-06-19 04:00:00,0.02575,0.02626,0.02572,0.02623,10840181,281706.39965,1658,5349097,138933.23916,0.0003813882532417,ARPA-USDT,0.0257435706146127,0.0257431988107739,
2022-06-19 05:00:00,0.02623,0.0272,0.02549,0.0258,28255103,737238.38908,4362,14950738,390239.94939,-0.0015479876160989,ARPA-USDT,0.0262204434758694,0.0261884589809167,
2022-06-19 06:00:00,0.0257899999999999,0.0265399999999999,0.02555,0.0262,20875700,545801.2107,2870,9943104,259684.60928,-0.0011437285550895,ARPA-USDT,0.025770222944587,0.0256868471663267,
2022-06-19 07:00:00,0.0262,0.02694,0.02607,0.0263,14708125,389471.70588,2577,7521610,199206.3355,-0.001897533206831,ARPA-USDT,0.0262147373474146,0.0261595368355077,
2022-06-19 08:00:00,0.02631,0.02651,0.02591,0.0264899999999999,21555258,564629.98022,3627,10160286,266195.17036,-0.0003773584905698,ARPA-USDT,0.0262916080124458,0.0262340972180612,0.0001
2022-06-19 09:00:00,0.02648,0.0269899999999999,0.02633,0.0266,16779736,448206.7297,3032,8598607,229576.33812,-0.0015015015015015,ARPA-USDT,0.0264483552741267,0.026409094309189,
2022-06-19 10:00:00,0.0266,0.0278199999999999,0.02653,0.02761,33151962,905961.83081,4771,19234056,525293.38141,-0.000362056480811,ARPA-USDT,0.0265623146511697,0.0265887712864078,
2022-06-19 11:00:00,0.02762,0.02769,0.02725,0.02729,11467849,315070.53291,2530,5081726,139768.7194,-0.0010980966325037,ARPA-USDT,0.0276253160893281,0.0275720629724241,
2022-06-19 12:00:00,0.0273,0.02761,0.02685,0.02701,14200820,386751.17063,2787,7327434,199701.47627,-0.0011094674556213,ARPA-USDT,0.0273071960774333,0.0273042991708944,
2022-06-19 13:00:00,0.027,0.02736,0.02683,0.02692,8790188,238312.03797,2083,4386689,118920.51308,-0.0003713330857779,ARPA-USDT,0.0270203391693491,0.0270782123457055,
2022-06-19 14:00:00,0.0269,0.0272399999999999,0.0268,0.02712,10747587,290490.63993,2015,5252214,142014.44065,0.0,ARPA-USDT,0.0269339258656381,0.0269679919504456,
2022-06-19 15:00:00,0.02712,0.02769,0.02683,0.02761,12225822,333442.50801,2232,6793931,185356.75368,-0.002528901734104,ARPA-USDT,0.0271752764990022,0.0271711855391366,
2022-06-19 16:00:00,0.02761,0.0277399999999999,0.02692,0.02713,9646339,263220.83369,2127,4506305,122941.38283,0.0,ARPA-USDT,0.0275811690338587,0.0276048447871359,0.0001
2022-06-19 17:00:00,0.02711,0.0273,0.02686,0.02712,9427441,255149.03502,1830,4184145,113260.70685,0.0,ARPA-USDT,0.027123102768663,0.0271306668955136,
2022-06-19 18:00:00,0.02711,0.02839,0.02708,0.02829,86418870,2410771.05079,8993,46961436,1311177.36566,-0.0014119308153901,ARPA-USDT,0.0271049265984019,0.0271060986773073,
2022-06-19 19:00:00,0.02828,0.02847,0.02786,0.02806,39886169,1122335.27573,4818,19782887,556936.26303,0.0003565062388592,ARPA-USDT,0.0283096432156813,0.0282529366082946,
2022-06-19 20:00:00,0.02806,0.02868,0.02791,0.0284399999999999,27480944,779006.4661,4100,14421097,409015.57317,-3.552713678800501e-15,ARPA-USDT,0.0281015668840929,0.02799828186422,
2022-06-19 21:00:00,0.02846,0.02847,0.02778,0.02793,16799871,471567.50181,2619,5810053,163221.94359,-0.0014301036825169,ARPA-USDT,0.0284172301699782,0.0283797323604176,
2022-06-19 22:00:00,0.0279399999999999,0.02822,0.02778,0.02788,11051356,308883.41756,2117,5358044,149839.65002,-0.0010748835542816,ARPA-USDT,0.0279398902839009,0.0279748874025089,
2022-06-19 23:00:00,0.02787,0.02815,0.02765,0.02811,10230433,285523.71383,2049,4345579,121355.58519,-0.0007109847138285,ARPA-USDT,0.027930108378947,0.0279263269079489,
2022-06-20 00:00:00,0.0281,0.02837,0.02735,0.02737,17221023,478985.10652,3387,7639843,212685.19972,-0.0018234865061999,ARPA-USDT,0.0281599120707685,0.0281892857423245,0.0001
2022-06-20 01:00:00,0.02737,0.02748,0.02686,0.0271399999999999,11837967,321306.12248,2805,5785524,157100.44001,-0.0022058823529448,ARPA-USDT,0.0273785270823545,0.0274104935275522,
2022-06-20 02:00:00,0.02713,0.02758,0.02688,0.02721,12742019,346868.05124,2429,5644213,153498.41858,-0.001101321585903,ARPA-USDT,0.0271672537450591,0.0272671731360832,
2022-06-20 03:00:00,0.0272199999999999,0.02778,0.0271399999999999,0.02752,8739056,240076.51428,1655,4999147,137402.70688,-0.0014513788098694,ARPA-USDT,0.0272188029196395,0.0272013115303815,
2022-06-20 04:00:00,0.02753,0.0278399999999999,0.02731,0.02737,8069375,222403.93699,1468,4457507,122865.78251,-0.001094890510949,ARPA-USDT,0.0275268525495006,0.0275129572503386,
2022-06-20 05:00:00,0.02736,0.02768,0.0271,0.02762,8180301,223458.92261,1727,3641886,99507.77351,-0.0003619254433586,ARPA-USDT,0.0273048102530895,0.0272915659879726,
2022-06-20 06:00:00,0.02763,0.02806,0.0274,0.02805,9488379,263055.6693,1856,4901206,135972.66005,0.0007135212272564,ARPA-USDT,0.0276240399314528,0.0276015261094278,
2022-06-20 07:00:00,0.02804,0.02808,0.02738,0.02779,9733824,269359.11086,1921,5048361,139600.45678,0.0,ARPA-USDT,0.0280480532739936,0.027975826810596,
2022-06-20 08:00:00,0.02779,0.02855,0.0277399999999999,0.02837,25980170,734049.88943,4229,12657722,357897.75035,0.0003526093088856,ARPA-USDT,0.0278033254638496,0.0278203103614738,0.0001
2022-06-20 09:00:00,0.02838,0.02856,0.0281899999999999,0.02843,15198614,431287.42185,2887,7649090,217091.76725,-0.000351617440225,ARPA-USDT,0.0283613299269779,0.028309741742065,
2022-06-20 10:00:00,0.0284199999999999,0.029,0.02826,0.0289199999999999,16669275,477161.51758,3227,9295871,266291.129,-3.4416913763379853e-15,ARPA-USDT,0.0284172532894736,0.0283915739413262,
2022-06-20 11:00:00,0.0289199999999999,0.0292,0.02866,0.02915,16890048,490107.89869,2896,6308278,182762.56651,-0.0006856359273227,ARPA-USDT,0.0289744780138104,0.0289220867220429,
2022-06-20 12:00:00,0.02915,0.0292699999999999,0.02836,0.0287399999999999,40516765,1169041.58291,5342,17766035,511964.02315,-0.0017367141368564,ARPA-USDT,0.029219693819846,0.0291341191493047,
2022-06-20 13:00:00,0.02873,0.02898,0.02838,0.0284899999999999,16692212,479000.49342,3137,7559249,216903.78561,-0.0003508771929859,ARPA-USDT,0.028730708456359,0.0287074158165174,
2022-06-20 14:00:00,0.02848,0.0293,0.02845,0.02915,24690147,715113.09015,3276,11333550,327934.23259,0.0,ARPA-USDT,0.0284644735763364,0.0285936606158459,
2022-06-20 15:00:00,0.02914,0.02922,0.02848,0.0289199999999999,15952724,459866.75875,3053,7514710,216688.8888,-0.0017259233690057,ARPA-USDT,0.029171382074068,0.029133071503514,
2022-06-20 16:00:00,0.02893,0.02908,0.02836,0.0286699999999999,18913547,543773.90608,3315,9434474,271094.35131,-0.000348675034871,ARPA-USDT,0.0289585439956582,0.0289488240375478,0.0001
2022-06-20 17:00:00,0.0286699999999999,0.02928,0.0284899999999999,0.0285699999999999,25380469,733405.35114,4245,14164261,409191.53854,-0.0006995452955613,ARPA-USDT,0.0287251837677011,0.0288186900908155,
2022-06-20 18:00:00,0.0285699999999999,0.0288399999999999,0.02839,0.02881,25263359,723563.6757199999,3572,12966091,371526.20749,0.0,ARPA-USDT,0.0286198372792157,0.0286123492378408,
2022-06-20 19:00:00,0.02882,0.0292,0.0284199999999999,0.02885,30063762,869053.8369400001,4284,15127390,437501.51175,0.0003467406380026,ARPA-USDT,0.0287696586292552,0.0287117776568895,
2022-06-20 20:00:00,0.0288399999999999,0.02916,0.0286,0.0291,21426020,620778.0998,3505,11907672,345165.04578,-0.0013726835964309,ARPA-USDT,0.0289044023614728,0.0287580422357032,
2022-06-20 21:00:00,0.0291,0.0292,0.0284899999999999,0.02871,17211562,495652.22515,2620,5967864,172138.04518000002,-0.0020855057351407,ARPA-USDT,0.0291027430160937,0.0291398939276644,
2022-06-20 22:00:00,0.02872,0.02891,0.02803,0.02882,17552199,498250.19984,3108,8758525,248780.34783,-0.0010398613518198,ARPA-USDT,0.0287127220344488,0.0286137061885273,
2022-06-20 23:00:00,0.02882,0.0293399999999999,0.02846,0.02906,16495005,477388.48714,3036,8815143,255209.73381,-0.000343997248022,ARPA-USDT,0.0288144001427232,0.0287884955593473,
2022-06-21 00:00:00,0.02905,0.02931,0.02852,0.02914,19949433,577933.31518,3608,9661415,279800.30666,0.0,ARPA-USDT,0.0290401038018604,0.0291172667229883,0.0001
2022-06-21 01:00:00,0.02914,0.02955,0.02887,0.0292699999999999,13203445,385655.81395,2843,6367583,186086.7215,-0.0013647219379084,ARPA-USDT,0.0291714751652815,0.0291855144478936,
2022-06-21 02:00:00,0.0292699999999999,0.02937,0.02877,0.02914,13662928,396891.4423,2659,6519394,189353.49958,-0.0006858710562414,ARPA-USDT,0.0293316539180027,0.0293062708281275,
2022-06-21 03:00:00,0.02915,0.02951,0.02903,0.02949,15868451,465045.11234,2972,7543534,221066.47761,0.000678656260604,ARPA-USDT,0.0292330860126774,0.0292011977428375,
2022-06-21 04:00:00,0.02949,0.02971,0.02901,0.02933,14025461,412015.86206,2666,6677113,196362.17864,0.0006823609689525,ARPA-USDT,0.0294952902988664,0.0294917712029249,
2022-06-21 05:00:00,0.02932,0.03028,0.02932,0.03001,22187360,662901.49263,4089,12786633,381969.81252,-0.0009986684420772,ARPA-USDT,0.0293649721442285,0.0294191487020393,
2022-06-21 06:00:00,0.02999,0.03032,0.02999,0.0302,11158834,336855.00129,2477,6739677,203466.93236,0.0,ARPA-USDT,0.0300477119500791,0.0301130072567367,
2022-06-21 07:00:00,0.0301899999999999,0.0302399999999999,0.02953,0.02965,11098128,332019.23209,2196,4892847,146451.72503,-0.0006740815638691,ARPA-USDT,0.0301842208968871,0.0301150252956566,
2022-06-21 08:00:00,0.02965,0.0306,0.0295899999999999,0.0305,14352297,433419.43101,2871,8277940,250029.55997,0.0,ARPA-USDT,0.0296588375983396,0.0297068979236703,0.0001
2022-06-21 09:00:00,0.0304899999999999,0.03058,0.02993,0.02998,10875084,329113.17344,2201,5216585,157960.38968,0.0003336670003335,ARPA-USDT,0.0305239076619333,0.0304904916549087,
2022-06-21 10:00:00,0.02997,0.03047,0.02986,0.03045,13737923,414144.30116,1895,6086042,183574.48511,0.0006572461386791,ARPA-USDT,0.0300064484902758,0.0299890929927496,
2022-06-21 11:00:00,0.03044,0.03047,0.0296899999999999,0.0297899999999999,18272394,549103.83909,2580,6753705,203656.86138,-0.0006709158000703,ARPA-USDT,0.0304166785437764,0.0304078138449762,
2022-06-21 12:00:00,0.0298,0.0301899999999999,0.02976,0.03013,8225296,246356.14923,2154,4604154,137871.74153,-0.0003317850033178,ARPA-USDT,0.0298403860201585,0.0298448580703743,
2022-06-21 13:00:00,0.03013,0.0308699999999999,0.02983,0.0308,19848514,604274.38481,3528,10830373,330002.79726,-0.0009730781706129,ARPA-USDT,0.0301706237706747,0.0301256699749404,
2022-06-21 14:00:00,0.03082,0.03103,0.03048,0.0307399999999999,13143934,404289.24143,2703,6475509,199223.91649,-0.0006501950585208,ARPA-USDT,0.0307504780098107,0.0307511250109499,
2022-06-21 15:00:00,0.03073,0.03077,0.03033,0.03052,10796158,329871.95626,2091,4351701,133046.80531,-0.0009819967266776,ARPA-USDT,0.0307241733497495,0.0306821803141254,
2022-06-21 16:00:00,0.03052,0.03131,0.03052,0.03085,21022415,650712.8577,3972,9876962,305852.66373000003,-0.0003240440699935,ARPA-USDT,0.0305756964162977,0.0305890180080991,0.0001
2022-06-21 17:00:00,0.03084,0.0309899999999999,0.03042,0.03046,13718180,421381.24425,2551,7025092,215794.58614,-0.0006561679790025,ARPA-USDT,0.0308490714139808,0.0308383085024988,
2022-06-21 18:00:00,0.03045,0.03138,0.0302899999999999,0.03059,34234289,1057143.01574,4939,17385759,537167.2891599999,-0.0003267973856209,ARPA-USDT,0.0304466590775409,0.0303826916522822,
2022-06-21 19:00:00,0.03057,0.0311,0.02992,0.02999,23235739,710091.30222,3667,10862981,332163.60022,-0.0009993337774817,ARPA-USDT,0.0305551083362028,0.0306459215913503,
2022-06-21 20:00:00,0.02998,0.0302399999999999,0.02961,0.03003,18193421,544819.87409,3193,9002853,269619.47103,0.0006664445184938,ARPA-USDT,0.0299703588728185,0.0301094740533364,
2022-06-21 21:00:00,0.03003,0.0302899999999999,0.02971,0.0299,10460777,313584.431,1822,4827764,144617.98983,-0.0020026702269693,ARPA-USDT,0.0300032857716883,0.0300110274465702,
2022-06-21 22:00:00,0.0299,0.03051,0.02957,0.03048,11948726,358419.60238,2211,5503759,165151.40882,0.0003281916639317,ARPA-USDT,0.0299485270208704,0.0299722099687433,
2022-06-21 23:00:00,0.03046,0.03071,0.02975,0.03007,12778287,385357.27425,2497,6151812,185524.64827,-0.0009966777408637,ARPA-USDT,0.0304113093048156,0.0303613949878184,
2022-06-22 00:00:00,0.03008,0.03016,0.02924,0.02986,16938132,502298.07117,3723,7635857,226369.73131,0.0003350083752093,ARPA-USDT,0.0300715412759846,0.0299732424499663,0.0001
2022-06-22 01:00:00,0.0298699999999999,0.03025,0.02905,0.0290899999999999,16675620,496578.92003,3400,8179196,243914.52019,-0.0013731548232097,ARPA-USDT,0.0297522225968274,0.0297167268912521,
2022-06-22 02:00:00,0.0291,0.02921,0.02852,0.02898,18473104,532774.81634,3969,8886053,256303.97336,0.0003451846738005,ARPA-USDT,0.029141222038759,0.0290850258367907,
2022-06-22 03:00:00,0.02898,0.02928,0.0287399999999999,0.02886,12090691,350884.85383,2452,5146811,149350.69604,0.0,ARPA-USDT,0.0289968484682145,0.0290356265017317,
2022-06-22 04:00:00,0.02886,0.0295,0.02876,0.02935,12328399,359090.8542,2297,6248052,181954.372,-0.0020401224073443,ARPA-USDT,0.0288714364216236,0.0288417876753077,
2022-06-22 05:00:00,0.02935,0.02968,0.02931,0.02939,7992675,235825.70561,1810,4131536,121912.83923,-0.0010197144799456,ARPA-USDT,0.0293625130476461,0.0293897131933599,
2022-06-22 06:00:00,0.02941,0.0297699999999999,0.02882,0.0291699999999999,20076604,587732.76176,3508,9627293,281780.01994,-0.0006851661527954,ARPA-USDT,0.0294805808949829,0.0294914831494785,
2022-06-22 07:00:00,0.0291899999999999,0.02943,0.02856,0.02861,22368190,648217.68812,3586,10427142,301897.2328,-0.0017445917655268,ARPA-USDT,0.0291885409799184,0.0290649727767649,
2022-06-22 08:00:00,0.02862,0.02897,0.02831,0.0289399999999999,16507832,472933.70944,3632,7786636,222992.97095,-0.0017247326664401,ARPA-USDT,0.0285857607787301,0.0285120206375709,0.0001
2022-06-22 09:00:00,0.02895,0.02966,0.0289399999999999,0.0294,21134355,618755.22656,3518,10346091,302871.93923,-0.0016977928692699,ARPA-USDT,0.0289844513165792,0.029136553581317,
2022-06-22 10:00:00,0.02938,0.02965,0.02911,0.02933,9979361,292476.5586,2085,4849561,142114.78026,-0.0003408316291753,ARPA-USDT,0.0293716807984714,0.0293335174723129,
2022-06-22 11:00:00,0.02932,0.02962,0.02918,0.02923,8541763,251030.45828,2235,3999120,117530.36028,-0.0006837606837607,ARPA-USDT,0.0293188224591154,0.0293448906301115,
2022-06-22 12:00:00,0.02923,0.0293,0.02864,0.02906,14984531,434179.54554,2596,6683141,193649.66117,-0.000343997248022,ARPA-USDT,0.0292357949032389,0.0291734264689551,
2022-06-22 13:00:00,0.0290399999999999,0.02985,0.02877,0.02981,14943308,437520.47273,3279,7487746,219464.07986,-0.0003353454057679,ARPA-USDT,0.0290106656366216,0.0289457429333229,
2022-06-22 14:00:00,0.0298,0.03008,0.0295,0.02961,18022781,537226.18579,3771,8889240,265093.37648,-0.0013490725126474,ARPA-USDT,0.0298607429127354,0.0297692858610062,
2022-06-22 15:00:00,0.02963,0.02966,0.02903,0.02911,15260814,447313.25382,3036,7536186,220789.16577,-0.0010295126973232,ARPA-USDT,0.0296411151422489,0.0295042848175441,
2022-06-22 16:00:00,0.02911,0.02936,0.02861,0.02933,17878214,517311.89615,3686,7647669,221209.60028,-0.0003408316291753,ARPA-USDT,0.0291073592709701,0.0291127075516966,0.0001
2022-06-22 17:00:00,0.02935,0.02958,0.02912,0.02935,10492500,307825.13079,2236,4984403,146257.08477,0.0,ARPA-USDT,0.0293181945950361,0.0292626676120001,
2022-06-22 18:00:00,0.0293399999999999,0.0295899999999999,0.02916,0.0292699999999999,12730056,373802.71703,2295,7004518,205557.73877,0.0003417634996547,ARPA-USDT,0.0293335911112392,0.0292939492541259,
2022-06-22 19:00:00,0.0292699999999999,0.02933,0.02881,0.02907,22258320,646135.57872,3334,8786605,255141.33698,-0.000343878954608,ARPA-USDT,0.0292848083144987,0.029213554058344,
2022-06-22 20:00:00,0.02906,0.0294399999999999,0.0279,0.02795,57451324,1636012.7640600002,7073,26284465,749124.5253099999,0.0007160759040458,ARPA-USDT,0.0291040602610278,0.0290211167008967,
2022-06-22 21:00:00,0.02796,0.02828,0.02773,0.02823,39140248,1096418.80348,6604,21985842,616065.94693,-0.0007079646017699,ARPA-USDT,0.0280127759703815,0.0279727235431019,
2022-06-22 22:00:00,0.02821,0.02838,0.02795,0.02833,10154195,286325.18087,2339,5199273,146662.95845,-0.0014099400775466,ARPA-USDT,0.0281989523682097,0.0282286847350387,
2022-06-22 23:00:00,0.0283199999999999,0.02836,0.02762,0.02769,14892461,416597.65616,2625,6680644,186932.06545,0.0,ARPA-USDT,0.0282778697535808,0.0283029662742957,
2022-06-23 00:00:00,0.02769,0.0286699999999999,0.02756,0.0284199999999999,27621492,779445.86224,4698,14033838,395980.34714,-0.0010544815465763,ARPA-USDT,0.0277045943825026,0.0277251625950218,0.0001
2022-06-23 01:00:00,0.0284199999999999,0.02886,0.02836,0.0284199999999999,12769552,364706.58959,2484,7368635,210450.24249,-0.0017562346329503,ARPA-USDT,0.0284200329799243,0.0284130754925172,
2022-06-23 02:00:00,0.02845,0.02888,0.0283199999999999,0.02868,12652612,361170.95886,2213,5798094,165761.66554,-0.0013927576601671,ARPA-USDT,0.0284341707386251,0.028443271474203,
2022-06-23 03:00:00,0.02868,0.02876,0.02847,0.02853,11109006,317824.29296,2227,5074307,145173.18429,-0.0017494751574528,ARPA-USDT,0.0287277271489186,0.0286312808986137,
2022-06-23 04:00:00,0.02852,0.02905,0.02841,0.02889,16525688,476062.8332,2715,9406684,271140.24753,0.0,ARPA-USDT,0.0285059521412587,0.0285741256929049,
2022-06-23 05:00:00,0.0289,0.0291699999999999,0.02868,0.0289399999999999,16656884,482570.86688,2776,8723657,252826.79398,-0.0013802622498308,ARPA-USDT,0.028921835731154,0.0289412890491341,
2022-06-23 06:00:00,0.02895,0.02955,0.02881,0.0292699999999999,24418347,711575.0901500001,3267,10172775,296242.21634,-0.0017053206002761,ARPA-USDT,0.0289676947050413,0.0289474850996205,
2022-06-23 07:00:00,0.02928,0.0295199999999999,0.0289399999999999,0.02903,19506421,569025.38308,2863,7752812,226262.29561,-0.0003443526170798,ARPA-USDT,0.029299371162611,0.0293452688048617,
2022-06-23 08:00:00,0.02898,0.02941,0.02898,0.02921,13349918,390140.49466,2772,6640556,194072.23086,-0.0010259917920656,ARPA-USDT,0.0290406292839001,0.0290660220935302,0.0001
2022-06-23 09:00:00,0.0292,0.02957,0.02913,0.02953,20510198,602676.8659,3201,10738628,315644.67848,0.0,ARPA-USDT,0.0292296499295298,0.0293641846959443,
2022-06-23 10:00:00,0.02953,0.0299,0.0294399999999999,0.0297699999999999,30827014,914883.14583,4152,17923664,532064.47506,-0.0010067114093993,ARPA-USDT,0.0295018899273792,0.0295551450666774,
2022-06-23 11:00:00,0.0297899999999999,0.0298899999999999,0.02946,0.0295199999999999,10991412,326308.02780000004,2326,4616463,137073.85986,-0.0010152284263993,ARPA-USDT,0.0297935532824573,0.029775548328584,
2022-06-23 12:00:00,0.0295199999999999,0.02995,0.02945,0.02947,17390010,516481.46738,2853,8130660,241610.74607,-0.0013554727211115,ARPA-USDT,0.0295438758087787,0.0296568432856797,
2022-06-23 13:00:00,0.02948,0.0297899999999999,0.02922,0.02935,14584322,430529.43465,2665,7147279,211053.56059,-0.0023793337865397,ARPA-USDT,0.0294934560826815,0.0295146718305556,
2022-06-23 14:00:00,0.02935,0.02953,0.0290399999999999,0.0295199999999999,13416410,392839.36012,2318,7406612,216926.467,-0.0003386386725398,ARPA-USDT,0.0293740158023902,0.0293354182020288,
2022-06-23 15:00:00,0.02953,0.02961,0.02893,0.0291699999999999,13812849,404220.48818,3064,6799136,199053.94383,-0.0003427004797841,ARPA-USDT,0.0295225192450162,0.029480113657149,
2022-06-23 16:00:00,0.02918,0.0294199999999999,0.0290199999999999,0.0290899999999999,9792255,285806.46265,1675,5110032,149159.96561,-0.0013731548232097,ARPA-USDT,0.0291643934286985,0.0290992091639986,0.0001
2022-06-23 17:00:00,0.02908,0.02975,0.02897,0.02953,12398499,363910.25959,2108,6866876,201749.60397,-0.0003385240352065,ARPA-USDT,0.0290685885385049,0.0290499611031559,
2022-06-23 18:00:00,0.02953,0.02976,0.02936,0.0295,9950724,294341.05808,1761,5353581,158432.35054,0.0,ARPA-USDT,0.0295397745646618,0.0296161667418221,
2022-06-23 19:00:00,0.02949,0.0306199999999999,0.02936,0.03015,39478537,1188892.37051,5284,20026492,602770.6392,-0.0003315649867373,ARPA-USDT,0.0295017522145799,0.0294536422212212,
2022-06-23 20:00:00,0.03016,0.0308699999999999,0.02996,0.03048,27448686,836832.46393,4422,15695921,478392.88201,0.0006565988181221,ARPA-USDT,0.0301451613294557,0.0300840164150371,
2022-06-23 21:00:00,0.0304899999999999,0.03246,0.03047,0.0311,76922174,2431897.24919,11561,40119822,1267874.56299,0.0003216468317785,ARPA-USDT,0.0304887833800444,0.0305203031947333,
2022-06-23 22:00:00,0.03106,0.03171,0.03102,0.03135,31983589,1003380.85802,5176,14371745,450727.45939,-0.0009560229445505,ARPA-USDT,0.0310671042727441,0.0310664787127342,
2022-06-23 23:00:00,0.03134,0.0314399999999999,0.0308699999999999,0.03116,21824727,680306.59762,3478,8989673,280226.90489,-0.0003208213025345,ARPA-USDT,0.031344323386668,0.0312864314155626,
2022-06-24 00:00:00,0.03117,0.0375,0.0310399999999999,0.03665,440307161,15691424.80599,52458,228539787,8142664.129,-0.0010902153175251,ARPA-USDT,0.0311871212902235,0.0311882837390633,0.0001
2022-06-24 01:00:00,0.03665,0.0388,0.03625,0.03752,568817891,21447038.56897,58926,285495723,10770864.96915,0.0,ARPA-USDT,0.0365575790422882,0.0367904095783222,
2022-06-24 02:00:00,0.0375,0.0378,0.03658,0.037,262344822,9720970.11147,30669,135135845,5008717.71918,0.0,ARPA-USDT,0.0375644577310524,0.0373536403450437,
2022-06-24 03:00:00,0.0369899999999999,0.03728,0.03653,0.03659,160359983,5904938.58551,19469,78586212,2894865.51572,-0.0002732240437158,ARPA-USDT,0.0369692725714488,0.0368347474508364,
2022-06-24 04:00:00,0.0366,0.0425,0.03656,0.04208,1193179969,47537552.54897,132682,660437399,26307750.26591,-0.1424495618504178,ARPA-USDT,0.0367207732713028,0.0373011601252948,
2022-06-24 05:00:00,0.0421,0.0453,0.0415,0.04396,1388300396,60452865.77684,165404,719117717,31340748.71138,-0.0395455538562377,ARPA-USDT,0.0419569631606156,0.0422356618986823,
2022-06-24 06:00:00,0.0439899999999999,0.04491,0.0420899999999999,0.04255,1039163346,45302875.29837,113338,507162117,22133794.82275,0.0,ARPA-USDT,0.0443589017152625,0.0438765839134197,
2022-06-24 07:00:00,0.04255,0.0433,0.04185,0.04303,483131698,20608864.84253,53262,258742445,11038979.35032,-0.0009287206872532,ARPA-USDT,0.042532601146486,0.042244886901522,
2022-06-24 08:00:00,0.04303,0.0435,0.0416,0.04314,505861286,21462315.40715,56652,252819322,10732474.89723,-0.0050738007380074,ARPA-USDT,0.0427050852293392,0.0423556690583165,-0.0075
2022-06-24 09:00:00,0.04315,0.04388,0.04226,0.0430899999999999,387425041,16655169.00177,47874,196111300,8436818.69582,-0.002084298286246,ARPA-USDT,0.0430409816325608,0.0431285073578604,
2022-06-24 10:00:00,0.04308,0.04492,0.04273,0.04459,776989680,34202634.26314,87367,416676877,18352820.47241,-0.0035754189944133,ARPA-USDT,0.0430563610350278,0.0431021706943616,
2022-06-24 11:00:00,0.04459,0.04471,0.0427699999999999,0.04336,487502229,21259720.53602,62518,230968871,10073838.86694,-0.0011518083390922,ARPA-USDT,0.0445295116661799,0.0443159124977146,
2022-06-24 12:00:00,0.04336,0.0435,0.04187,0.0422899999999999,418051293,17850540.16678,54596,209514297,8952435.03253,0.0004731488052966,ARPA-USDT,0.0432933798559197,0.0430413328698446,
2022-06-24 13:00:00,0.04228,0.04245,0.04041,0.04115,535745801,21979283.59679,65744,275777513,11313709.87108,-0.0024242424242424,ARPA-USDT,0.0423532599891739,0.0418144584122168,
2022-06-24 14:00:00,0.04116,0.04174,0.04019,0.0406,327037849,13343389.86308,44220,168108081,6861213.61249,-0.0017211703958691,ARPA-USDT,0.0414931213968823,0.0414605798539771,
2022-06-24 15:00:00,0.04059,0.0413199999999999,0.03973,0.0398,329946945,13381028.24439,42875,171139625,6949009.07241,0.0007543374402816,ARPA-USDT,0.0405418098258796,0.0407580291919179,
2022-06-24 16:00:00,0.0398,0.04119,0.03972,0.04085,278126010,11310037.46054,40031,163794504,6661428.73549,-0.0004893564962075,ARPA-USDT,0.0399345896213,0.0401256406845838,-0.00061896
2022-06-24 17:00:00,0.04085,0.043,0.04067,0.04115,320307636,13342562.75004,43682,179464783,7478428.361289999,-0.000242954324587,ARPA-USDT,0.0407612448181592,0.0408704773604109,
2022-06-24 18:00:00,0.04113,0.04115,0.0403,0.04069,149988292,6097756.650450001,20901,82159356,3340440.23589,0.0002458210422811,ARPA-USDT,0.0410594523001494,0.0408995855469453,
2022-06-24 19:00:00,0.04071,0.04088,0.04002,0.04032,129220207,5212921.28609,18678,60665428,2447714.04107,0.0002480774001489,ARPA-USDT,0.0406581151699122,0.0407229006741986,
2022-06-24 20:00:00,0.0403,0.0409,0.04026,0.04047,115627114,4690996.46034,16728,60107914,2439077.98656,-0.0012339585389931,ARPA-USDT,0.0403836318515321,0.0404650597546087,
2022-06-24 21:00:00,0.04047,0.04087,0.04021,0.04069,63388615,2568627.26135,10231,32857016,1332110.67918,0.0,ARPA-USDT,0.0404656451911684,0.040448349564364,
2022-06-24 22:00:00,0.0407,0.04118,0.04058,0.0408,81997025,3350832.9627,12196,42336756,1730610.52227,-0.0009794319294809,ARPA-USDT,0.0406435353477121,0.040741816484389,
2022-06-24 23:00:00,0.04081,0.041,0.04027,0.0403,81481849,3316340.49865,12862,40521819,1650405.77068,-0.000743863129184,ARPA-USDT,0.0407754349255021,0.040832099898077,
2022-06-25 00:00:00,0.04031,0.04045,0.0384899999999999,0.03893,200018329,7833534.28062,26133,95151715,3725552.90617,-0.0005134788189986,ARPA-USDT,0.0402965037285468,0.0402137129884741,0.0001
2022-06-25 01:00:00,0.0389199999999999,0.03912,0.03866,0.0389,52173839,2028375.79541,8432,27235029,1059154.90843,-0.0005138746145941,ARPA-USDT,0.0389414252263777,0.0388020657325434,
2022-06-25 02:00:00,0.03891,0.03973,0.03886,0.0393899999999999,86959256,3416291.97427,13404,47879800,1880618.75354,-0.0017739483020806,ARPA-USDT,0.0389560366802511,0.0390522395773894,
2022-06-25 03:00:00,0.03941,0.0403,0.03914,0.04018,58230350,2312762.42294,9613,34040829,1352752.14148,-0.0012428535918469,ARPA-USDT,0.0393638134137605,0.0393394979293612,
2022-06-25 04:00:00,0.04017,0.04018,0.03953,0.03988,50360255,2005525.93191,8724,24892239,991167.05247,-0.0007516913054372,ARPA-USDT,0.0399903821907437,0.0398804299612539,
2022-06-25 05:00:00,0.03988,0.04099,0.03961,0.04032,86630888,3495323.00309,13607,47016721,1896764.59289,-0.0012385434728758,ARPA-USDT,0.0398438318278684,0.039748833988392,
2022-06-25 06:00:00,0.04033,0.0406,0.04,0.04051,54776134,2207690.45,9421,28567206,1151583.62258,-0.0007400098667982,ARPA-USDT,0.0402222987229778,0.0401463338905035,
2022-06-25 07:00:00,0.0405,0.041,0.04043,0.04085,52383585,2135160.29801,9227,27437194,1118436.8681,0.0004898359049718,ARPA-USDT,0.0404625316417731,0.0405770136411401,
2022-06-25 08:00:00,0.04086,0.04133,0.04015,0.04017,59003266,2407609.92243,9961,28846048,1178499.88539,-0.0007462686567164,ARPA-USDT,0.0409039350067517,0.0409113165091852,-0.00020313
2022-06-25 09:00:00,0.04018,0.04063,0.04017,0.04045,38760829,1566302.9045,6589,18771976,758465.01366,0.0002472799208705,ARPA-USDT,0.0402391481324026,0.0402817946707769,
2022-06-25 10:00:00,0.04044,0.0406,0.0401,0.04051,40512654,1636290.85979,7014,19855388,802160.06299,0.0,ARPA-USDT,0.0405171014430294,0.040508400021182,
2022-06-25 11:00:00,0.0405,0.04058,0.0396399999999999,0.0398,50560113,2028712.20894,8449,22098359,886840.3457,-0.0005022601707684,ARPA-USDT,0.040543642135887,0.0404643251547637,
2022-06-25 12:00:00,0.03981,0.04013,0.03875,0.03908,108547824,4260693.70175,15721,54451967,2138435.84549,0.0,ARPA-USDT,0.0398687277785367,0.0398937737600537,
2022-06-25 13:00:00,0.03907,0.03959,0.03887,0.03938,40665014,1595028.57758,7391,24247695,950971.2153,-0.000507614213198,ARPA-USDT,0.0391096365092744,0.0390282156457874,
2022-06-25 14:00:00,0.03938,0.03958,0.0391,0.0394,24428223,962211.58146,5004,13049305,514133.39194,-0.0002537427048973,ARPA-USDT,0.0394206694534239,0.039469770003234,
2022-06-25 15:00:00,0.03938,0.03971,0.0389199999999999,0.03897,34729979,1365215.71527,6582,16057799,631761.19334,-0.0002565418163161,ARPA-USDT,0.0393615452341187,0.0393474547352707,
2022-06-25 16:00:00,0.039,0.0401,0.03891,0.0398899999999999,40110310,1586111.17355,7653,20446790,808942.37566,-0.0007515030060145,ARPA-USDT,0.0389680967262576,0.0390273188531557,0.0001
2022-06-25 17:00:00,0.0398699999999999,0.04223,0.03971,0.04183,110733206,4542201.9028,16096,62990125,2583447.4199,-0.0011938872970391,ARPA-USDT,0.0399003903195505,0.0399031192200309,
2022-06-25 18:00:00,0.04185,0.04213,0.0412,0.04186,63707766,2647197.8304,10202,32739138,1360892.43237,0.0004780114722753,ARPA-USDT,0.041907454850328,0.0417326155676145,
2022-06-25 19:00:00,0.04185,0.04196,0.04073,0.04099,39099086,1614311.52172,7035,15544470,641384.4102800001,0.0017106549364613,ARPA-USDT,0.0418749154893568,0.0418095613414331,
2022-06-25 20:00:00,0.04099,0.04127,0.0404,0.04049,27020327,1100789.10793,4678,12194340,497279.33018,-0.0007403751233958,ARPA-USDT,0.0409404080194388,0.0409811031277644,
2022-06-25 21:00:00,0.0405,0.04158,0.04043,0.04108,38834312,1594901.6988,6375,18847307,773317.6369800001,-0.000729749452688,ARPA-USDT,0.0404569035755792,0.0405334783474731,
2022-06-25 22:00:00,0.04106,0.04127,0.04042,0.04063,30168287,1231189.75995,4798,13192798,538219.92267,0.0002461841457408,ARPA-USDT,0.0410269868462743,0.0411014990667586,
2022-06-25 23:00:00,0.04065,0.04123,0.0406,0.04117,21996187,899752.40255,4195,11565895,472967.73502,0.0009725261366397,ARPA-USDT,0.0406422881257006,0.0406886965203328,
2022-06-26 00:00:00,0.04117,0.04187,0.0408,0.04112,39849083,1643892.04145,7121,19009546,784777.43208,0.0,ARPA-USDT,0.0413200488643977,0.0412354085668625,0.0001
2022-06-26 01:00:00,0.04113,0.04195,0.04081,0.04101,34814068,1440437.73833,6140,17244444,713416.50869,0.0002439024390243,ARPA-USDT,0.0411234767890509,0.0412142451906694,
2022-06-26 02:00:00,0.041,0.04126,0.04027,0.04065,24227225,987138.28475,4739,11001171,448472.56289,0.0004922471080481,ARPA-USDT,0.0410036571084583,0.0410881305846902,
2022-06-26 03:00:00,0.04065,0.04091,0.04046,0.04073,11566258,471272.17519,2935,4778292,194695.79403,-0.0009811135638949,ARPA-USDT,0.0406150811879795,0.0405427112294655,
2022-06-26 04:00:00,0.04074,0.04115,0.04059,0.04092,18892321,773820.50008,3420,9472346,388048.4816,-0.0007326007326008,ARPA-USDT,0.0408125812999776,0.0408584723322368,
2022-06-26 05:00:00,0.04092,0.04119,0.0407,0.04103,12298154,503764.50336,2917,6996964,286632.63523,0.0009758477677481,ARPA-USDT,0.0409324585239848,0.0409883260040997,
2022-06-26 06:00:00,0.04104,0.0415699999999999,0.04065,0.04151,22387008,921582.67575,4527,12186719,501924.7607,-0.0004815795810257,ARPA-USDT,0.0410716830277576,0.0411261127056509,
2022-06-26 07:00:00,0.04151,0.04174,0.04105,0.04113,18993868,786696.8169999999,4274,9859330,408539.63185,-0.0002430724355858,ARPA-USDT,0.0415475607536215,0.0416080057671811,
2022-06-26 08:00:00,0.04113,0.04149,0.04085,0.0411,19592067,806722.70691,4598,9397805,387038.47187,0.0,ARPA-USDT,0.0411286418328996,0.0412001492461315,0.0001
2022-06-26 09:00:00,0.0411,0.04125,0.04027,0.04033,22376068,912282.75671,4797,10272134,418923.72091,-0.0004956629491945,ARPA-USDT,0.0411105774165345,0.0410435206825427,
2022-06-26 10:00:00,0.04034,0.04059,0.04,0.04059,20445282,824443.77166,4488,10551797,425710.48688,0.0002464268112372,ARPA-USDT,0.0403625048668084,0.0402676235338624,
2022-06-26 11:00:00,0.0406,0.04125,0.04052,0.04111,21740416,889840.19559,5203,11191107,457976.22651,0.0004867364322218,ARPA-USDT,0.0406004267691251,0.0406758787731948,
2022-06-26 12:00:00,0.04108,0.04155,0.04045,0.04061,25623671,1052341.44621,5749,13737200,564474.67544,-0.0017207472959686,ARPA-USDT,0.0411243487322472,0.0411299525825505,
2022-06-26 13:00:00,0.04061,0.0409,0.04031,0.04068,20245148,821401.38627,4168,10798182,438225.21005,0.0002458814851242,ARPA-USDT,0.040667180087366,0.0406271994819913,
2022-06-26 14:00:00,0.04068,0.04136,0.04063,0.0409,50231570,2061201.40884,7790,22458657,921689.94431,-0.0007329587099926,ARPA-USDT,0.0406942361626361,0.0406951665445559,
2022-06-26 15:00:00,0.0409,0.04096,0.04004,0.04065,34020795,1376671.74771,6738,16053077,649567.74151,0.0,ARPA-USDT,0.0408963650900353,0.0407541275713292,
2022-06-26 16:00:00,0.04065,0.04083,0.04013,0.04036,18471538,749936.50759,3861,8047593,326842.11969,0.0014888337468981,ARPA-USDT,0.0406056393711458,0.040638590437701,0.0001
2022-06-26 17:00:00,0.04038,0.04065,0.03975,0.04016,20305426,816218.23802,4650,8670059,348681.88975000003,-0.0012434717731907,ARPA-USDT,0.0403718372013789,0.0404818059213628,
2022-06-26 18:00:00,0.04017,0.04022,0.03868,0.03931,84572665,3309820.53593,13358,44830447,1753447.44534,-0.0010165184243965,ARPA-USDT,0.040189582301138,0.0401407817757764,
2022-06-26 19:00:00,0.03931,0.03981,0.03927,0.03965,29989940,1186463.03535,5305,16327823,646117.12714,0.0002522704339049,ARPA-USDT,0.0393223358323772,0.0393890059048119,
2022-06-26 20:00:00,0.03965,0.04088,0.03958,0.04067,45295367,1828475.17072,7889,23984841,967850.2207,0.0012309207287048,ARPA-USDT,0.0396202897994494,0.0397632284861613,
2022-06-26 21:00:00,0.04067,0.04067,0.0401,0.0403699999999999,20552036,830609.74389,3824,9157150,369945.31936,-0.0014840465001262,ARPA-USDT,0.0406146066283764,0.0405821139874259,
2022-06-26 22:00:00,0.0403699999999999,0.04074,0.0397,0.04047,44085209,1773418.74727,6707,19810342,796706.11063,-0.0002470355731225,ARPA-USDT,0.0404502122362552,0.0405005123853428,
2022-06-26 23:00:00,0.04047,0.0408,0.03977,0.04013,23073885,929092.5141,4912,11620831,468104.56362,-0.0004981320049812,ARPA-USDT,0.0404756581160584,0.040567862909423,
2022-06-27 00:00:00,0.04013,0.0430399999999999,0.0401,0.04161,154632441,6486850.89741,21986,83508626,3501329.44914,-0.0002402691013935,ARPA-USDT,0.0401482044452182,0.0403926241672152,0.0001
2022-06-27 01:00:00,0.0415699999999999,0.04252,0.04065,0.04235,93987218,3908068.67675,13171,45569834,1895410.06453,-0.0009436187780136,ARPA-USDT,0.0415593466703698,0.0411917226620875,
2022-06-27 02:00:00,0.04235,0.04294,0.04195,0.04252,57613606,2446842.06507,9399,29084634,1235386.429,-0.0011745360582569,ARPA-USDT,0.0422879194385342,0.0422337019927367,
2022-06-27 03:00:00,0.04253,0.04264,0.04183,0.0424,37068193,1565181.88627,6200,18480655,780484.8594,0.0,ARPA-USDT,0.0425149089878409,0.0425408154892192,
2022-06-27 04:00:00,0.04238,0.0425,0.04186,0.04218,27751316,1171804.33095,5204,13332382,562920.17217,-0.00023702299123,ARPA-USDT,0.0424161484640803,0.0423424301870615,
2022-06-27 05:00:00,0.04219,0.04283,0.04165,0.04243,58823698,2486395.78374,8867,26113338,1104449.00422,-0.0002356267672006,ARPA-USDT,0.0422044063585773,0.0420771992643833,
2022-06-27 06:00:00,0.04243,0.04289,0.0420699999999999,0.0427699999999999,48564015,2059348.00759,7067,26960891,1143964.60286,-0.0004673989249849,ARPA-USDT,0.0424229021713453,0.0423420162348335,
2022-06-27 07:00:00,0.0427699999999999,0.04411,0.0424,0.04305,140669042,6089287.36292,20781,74917745,3244973.19887,-0.0002322340919648,ARPA-USDT,0.0426890872672089,0.042805262127465,
2022-06-27 08:00:00,0.04305,0.04337,0.0425,0.043,61209302,2628353.33795,9462,27377966,1176345.16835,-0.0004649000464901,ARPA-USDT,0.0429976850140549,0.0430460296997811,0.0001
2022-06-27 09:00:00,0.04298,0.04303,0.0426,0.0427,42227312,1806838.30813,7255,19064951,815774.27324,-0.0002341372044016,ARPA-USDT,0.0429004138526623,0.0429168382498041,
2022-06-27 10:00:00,0.0427,0.04294,0.04187,0.04243,66094565,2799941.39263,9823,28909797,1224480.19254,0.0,ARPA-USDT,0.0427235666507445,0.0427354710782066,
2022-06-27 11:00:00,0.04243,0.0431,0.04177,0.04206,64316450,2724256.1497400003,9551,32985119,1398223.37123,-0.0007127583749109,ARPA-USDT,0.0424637741804523,0.042441135893797,
2022-06-27 12:00:00,0.0420699999999999,0.04222,0.0415,0.04195,47724595,1994636.02843,8237,25533407,1067728.77672,-0.0007146260123869,ARPA-USDT,0.0420811299886482,0.0421112901301425,
2022-06-27 13:00:00,0.04195,0.04261,0.04081,0.04101,80016524,3335859.65627,12709,39614254,1653144.89625,-0.0007309941520468,ARPA-USDT,0.0419011402042074,0.0418407573396062,
2022-06-27 14:00:00,0.04101,0.04138,0.0405,0.04104,66954001,2740417.06265,11061,35940751,1471550.70466,-0.0009737098344693,ARPA-USDT,0.0408544247814185,0.0410052460484653,
2022-06-27 15:00:00,0.04103,0.0411399999999999,0.04033,0.0407,38443456,1565095.85291,6481,18300690,745311.31437,-0.0007365578197888,ARPA-USDT,0.0410532573947653,0.0409526091433122,
2022-06-27 16:00:00,0.04069,0.04095,0.04026,0.04072,29115083,1182786.78493,5391,14635408,594802.89479,-0.0002455192732629,ARPA-USDT,0.0406791055167804,0.0406514765207048,0.0001
2022-06-27 17:00:00,0.04073,0.0422,0.04071,0.04124,70425458,2915166.61019,11295,36253402,1500365.99469,-0.0002424242424242,ARPA-USDT,0.0407643776634254,0.0408471454435831,
2022-06-27 18:00:00,0.04123,0.0417,0.04031,0.0413,53290891,2193868.49642,9369,24809359,1022525.50116,-0.0007258649891118,ARPA-USDT,0.0411504500094838,0.0410398322118364,
2022-06-27 19:00:00,0.04128,0.04128,0.04031,0.04075,33025804,1345067.88669,6293,15238441,620564.58666,-0.0004905567819475,ARPA-USDT,0.0412133807105831,0.0411283922153172,
2022-06-27 20:00:00,0.04075,0.04116,0.04056,0.04096,27513606,1125503.99632,5020,12386015,506879.0052,0.0004885197850514,ARPA-USDT,0.0407806730504729,0.0407011961462999,
2022-06-27 21:00:00,0.04094,0.0411399999999999,0.04071,0.04081,14627952,598473.34582,2946,6740328,275796.66137,-0.0007345739471107,ARPA-USDT,0.0409353986874892,0.0409261653073232,
2022-06-27 22:00:00,0.04081,0.0416399999999999,0.0408,0.04126,19757654,816698.74442,3849,12352524,510447.51253,-0.0012103606874849,ARPA-USDT,0.0408217947077428,0.0408821334729945,
2022-06-27 23:00:00,0.04127,0.04163,0.04073,0.04093,17303668,712262.0247300001,3705,8092551,333381.9826,0.0004888780249328,ARPA-USDT,0.0412711190847468,0.0412570466198735,
2022-06-28 00:00:00,0.04093,0.0422,0.04078,0.04206,48743225,2035173.26565,8403,28806686,1202461.92163,0.0,ARPA-USDT,0.0409281508189458,0.0412896084785322,0.0001
2022-06-28 01:00:00,0.04206,0.04238,0.0417,0.0418399999999999,31654567,1329176.93478,5592,14772063,620611.3990699999,-0.0007165034631024,ARPA-USDT,0.0420935763175632,0.0421279527705771,
2022-06-28 02:00:00,0.04183,0.04227,0.04158,0.04223,35483669,1488014.09718,6065,18878504,791742.65421,0.0002368545712931,ARPA-USDT,0.0417394759530963,0.0418051697686157,
2022-06-28 03:00:00,0.04222,0.0435,0.04221,0.04346,62043691,2655178.4716,9826,36001307,1541718.22568,-0.0011491611123879,ARPA-USDT,0.0423406971580382,0.0424418658680487,
2022-06-28 04:00:00,0.04348,0.04438,0.04319,0.04394,107250048,4696514.12213,17164,57899961,2535976.11617,-0.0002275312855518,ARPA-USDT,0.0433738881557326,0.04341995968017,
2022-06-28 05:00:00,0.04392,0.04521,0.04389,0.04432,150546611,6703599.15362,23537,82824235,3687984.68768,-0.0004510599909788,ARPA-USDT,0.0439452809876205,0.044031178985051,
2022-06-28 06:00:00,0.04432,0.0449,0.0435199999999999,0.04362,108090363,4794654.06298,15997,54531319,2420421.98093,-0.0002292000916801,ARPA-USDT,0.0443514680440539,0.0444283870635843,
2022-06-28 07:00:00,0.04364,0.04419,0.0432899999999999,0.04338,71927231,3146909.69536,11972,36460183,1596448.49183,-0.0006910850034552,ARPA-USDT,0.0437265087177775,0.0439137471504979,
2022-06-28 08:00:00,0.04339,0.0442,0.04301,0.04397,79388571,3457681.52841,13301,44070120,1921239.68688,-0.0004546487838145,ARPA-USDT,0.0434381171742672,0.0435303647827673,0.0001
2022-06-28 09:00:00,0.04394,0.04413,0.0433,0.04385,56238110,2459725.17774,8702,27890431,1219757.63473,-0.0009113693324219,ARPA-USDT,0.0440303361970436,0.0440101389716183,
2022-06-28 10:00:00,0.04385,0.04465,0.04373,0.04411,72920604,3219973.98798,11880,40431346,1785486.78536,-0.0004532064355313,ARPA-USDT,0.0439777876438899,0.0440372823671419,
2022-06-28 11:00:00,0.0441,0.04589,0.0441,0.04476,184583844,8303883.35051,26135,97216049,4375834.73854,-0.0004466279589102,ARPA-USDT,0.0442378489772315,0.0443353990155458,
2022-06-28 12:00:00,0.04476,0.04618,0.0447,0.04518,141779549,6457860.65942,21006,76550071,3487891.87338,-0.0006635700066357,ARPA-USDT,0.044795972508952,0.0448328280095864,
2022-06-28 13:00:00,0.04517,0.04537,0.04441,0.04453,82104067,3690629.6071,13857,41051074,1846711.24126,-0.000448933782267,ARPA-USDT,0.0451813062221397,0.0451052157390172,
2022-06-28 14:00:00,0.04453,0.04455,0.04308,0.04348,120361407,5256142.69876,17799,60598543,2646507.17916,-0.0011486331265794,ARPA-USDT,0.0444664841534353,0.0442605084553355,
2022-06-28 15:00:00,0.04348,0.04363,0.0428,0.04318,69556712,3006204.09101,11846,32320733,1397244.42747,-0.0004629629629629,ARPA-USDT,0.0434529387004932,0.0434891439332661,
2022-06-28 16:00:00,0.04318,0.0442,0.04317,0.04353,59737177,2610322.22046,10570,30383933,1327920.79709,-0.000459242250287,ARPA-USDT,0.0432214339222932,0.0433338283152816,4.26e-05
2022-06-28 17:00:00,0.04353,0.04384,0.04322,0.04328,33797289,1472477.31137,6126,16165868,704542.61925,-0.0006926806742092,ARPA-USDT,0.043526109741354,0.0436074501199141,
2022-06-28 18:00:00,0.0432899999999999,0.04341,0.0423399999999999,0.04265,64899437,2773160.18033,9917,29476680,1259499.65306,-0.0009369875849144,ARPA-USDT,0.0432911884981698,0.0432833434849386,
2022-06-28 19:00:00,0.04265,0.04361,0.04261,0.0428399999999999,53146604,2293203.3668,7739,29061240,1254149.09599,-0.0011657729074399,ARPA-USDT,0.042762229440213,0.0428661155583863,
2022-06-28 20:00:00,0.0428399999999999,0.0432699999999999,0.04244,0.04288,42937934,1842706.25834,6385,21661495,929837.24309,-0.0013972985561248,ARPA-USDT,0.0428364646535409,0.0427827387565498,
2022-06-28 21:00:00,0.04288,0.04357,0.04288,0.04322,32544559,1409349.47027,5574,17391935,753177.2352,-0.0009246417013406,ARPA-USDT,0.0429407732302655,0.0430633629335679,
2022-06-28 22:00:00,0.04323,0.04325,0.04217,0.04226,38395179,1643990.84873,6463,17375088,743761.40334,0.000710395453469,ARPA-USDT,0.043222576774843,0.0431150605343188,
2022-06-28 23:00:00,0.04225,0.04249,0.04161,0.04224,71223224,2990691.86765,10196,30632762,1285727.38374,-0.0004732607666824,ARPA-USDT,0.0422305326699255,0.0421204063029813,
2022-06-29 00:00:00,0.04223,0.04278,0.0418199999999999,0.04252,34184743,1450818.80062,6779,15422633,654743.65522,-0.0009398496240601,ARPA-USDT,0.0423134989835279,0.0423144528755937,0.0001
2022-06-29 01:00:00,0.04252,0.04316,0.04242,0.04293,38315025,1642077.72854,5825,21191158,908346.94887,-0.0013956734124214,ARPA-USDT,0.0425239920412828,0.042533915963437,
2022-06-29 02:00:00,0.04294,0.04334,0.0423399999999999,0.04291,43310325,1859345.96572,7593,22168604,952430.60068,-0.0009313154831199,ARPA-USDT,0.0428931778269444,0.0428783955096772,
2022-06-29 03:00:00,0.0429,0.04345,0.04273,0.043,43437033,1870035.32163,8083,20340813,875670.33453,-0.0027829313543599,ARPA-USDT,0.042883526718855,0.0429800059133123,
2022-06-29 04:00:00,0.0430199999999999,0.0437,0.043,0.0435,39763218,1726655.69808,7646,21114024,916860.41649,-0.0013774104683196,ARPA-USDT,0.0431366330709816,0.0432515768016781,
2022-06-29 05:00:00,0.04349,0.0444,0.04305,0.04346,56519430,2472491.71218,10019,30101797,1316980.45755,-0.0004599816007359,ARPA-USDT,0.0434803814395064,0.0435098049357341,
2022-06-29 06:00:00,0.04348,0.04486,0.04257,0.04408,82545691,3594795.0136100003,14272,45198706,1970956.47653,-0.0009066183136898,ARPA-USDT,0.0434736449304586,0.0433719331272194,
2022-06-29 07:00:00,0.0441,0.0465,0.04372,0.04639,125390687,5638575.33782,19908,71065738,3198270.29619,-0.0023655913978494,ARPA-USDT,0.0439959689598016,0.0439504959911332,
2022-06-29 08:00:00,0.04639,0.0484,0.0456899999999999,0.04588,298866290,14079653.16696,49909,156871202,7392679.74774,-0.001306051371354,ARPA-USDT,0.0463082059975542,0.0465714005507887,-0.00011464
2022-06-29 09:00:00,0.04587,0.04681,0.045,0.04515,137129624,6299937.39883,22834,63453088,2916861.83342,-0.0017687375635638,ARPA-USDT,0.0459873088278688,0.0459192829789351,
2022-06-29 10:00:00,0.0452,0.04546,0.04411,0.0444,72035149,3225015.21689,11989,34539706,1546366.3244,-0.0015740948954351,ARPA-USDT,0.0453559149524775,0.0452380233556323,
2022-06-29 11:00:00,0.04441,0.04555,0.04438,0.04541,77541589,3491241.62563,12718,42579837,1917507.78421,-0.0004402377283733,ARPA-USDT,0.0445547579770214,0.0446286078684182,
2022-06-29 12:00:00,0.04539,0.0457,0.0435,0.04373,82531070,3678524.50653,12585,36007957,1605625.93862,-0.0018260671079662,ARPA-USDT,0.045443156889565,0.045555510401536,
2022-06-29 13:00:00,0.04374,0.04433,0.04351,0.04403,42332557,1859297.00461,8278,22485635,987678.21679,-0.0006808896958693,ARPA-USDT,0.043731847344236,0.0437407414619009,
2022-06-29 14:00:00,0.04402,0.0473,0.04401,0.04675,176801915,8094989.62761,24927,100356360,4594758.58573,-0.0055307381408211,ARPA-USDT,0.0440364970616592,0.0441734293877103,
2022-06-29 15:00:00,0.04676,0.0469,0.04533,0.04648,133788298,6180311.3815,22252,67687419,3128530.66215,-0.0015037593984962,ARPA-USDT,0.0467303690202389,0.0464515878623707,
2022-06-29 16:00:00,0.04646,0.04695,0.04541,0.04608,81143122,3737509.39514,14450,42283110,1947804.90789,-0.0004338394793925,ARPA-USDT,0.0463346850503475,0.0462518698917478,-0.00025958
2022-06-29 17:00:00,0.04606,0.0469199999999999,0.04511,0.0463,90081536,4150041.46308,14192,49377128,2276314.54933,-0.0010787486515642,ARPA-USDT,0.0460057379132418,0.0459175352684018,
2022-06-29 18:00:00,0.04631,0.04655,0.04559,0.04579,32935405,1515079.22841,6738,15345452,705709.14127,-0.0006547359231776,ARPA-USDT,0.0463318943665185,0.0462659705302809,
2022-06-29 19:00:00,0.04577,0.04722,0.04564,0.04685,68795018,3202548.11353,12420,36450044,1696824.45252,-0.0002134016218522,ARPA-USDT,0.0458202014455611,0.0457655188943605,
2022-06-29 20:00:00,0.04686,0.04686,0.04528,0.04562,64129435,2947640.18221,11529,27889581,1283271.88035,-0.0013134851138353,ARPA-USDT,0.0466503367331602,0.0466557824222376,
2022-06-29 21:00:00,0.04563,0.04647,0.04534,0.04565,36914776,1691155.27511,6289,17316498,793508.4134,-0.0019676432006996,ARPA-USDT,0.0456145356361406,0.0457464791398565,
2022-06-29 22:00:00,0.04565,0.04579,0.045,0.04528,28406135,1288757.69252,4929,15426291,699958.62642,-0.0019836896627727,ARPA-USDT,0.0456882608749528,0.045613023705002,
2022-06-29 23:00:00,0.04528,0.04538,0.0442199999999999,0.045,38617968,1722915.00908,7665,18420212,821516.54398,0.0011123470522802,ARPA-USDT,0.045299312552042,0.0452594744678741,
2022-06-30 00:00:00,0.04501,0.04613,0.04452,0.0457,50260119,2283173.6845400003,10404,25894211,1177399.21813,-0.0028365699323588,ARPA-USDT,0.0449127900564281,0.044789718701718,-0.00023704
2022-06-30 01:00:00,0.0456899999999999,0.04589,0.0431,0.04318,74491892,3305974.41222,11502,33623897,1494125.37149,-0.0006942837306177,ARPA-USDT,0.0456768026965779,0.0457197546017015,
2022-06-30 02:00:00,0.04319,0.04448,0.04263,0.04439,47031278,2047645.78512,8871,23615226,1028427.86985,-0.0009002925950933,ARPA-USDT,0.0431229655294264,0.0428615089981205,
2022-06-30 03:00:00,0.0444,0.04482,0.04389,0.0442399999999999,31017967,1376031.30689,6047,14820749,657569.6659,-2.3314683517128287e-15,ARPA-USDT,0.044350142146009,0.0443759496713817,
2022-06-30 04:00:00,0.0442399999999999,0.04433,0.04321,0.04341,23532477,1032448.89946,4334,10318508,452823.58608,-0.0009205983889529,ARPA-USDT,0.0442827291679862,0.0441739925900731,
2022-06-30 05:00:00,0.0434,0.0437899999999999,0.04263,0.04374,43511526,1880688.18593,7174,19920550,861322.01071,-0.0027359781121751,ARPA-USDT,0.0433893722728015,0.0433677335226343,
2022-06-30 06:00:00,0.04374,0.0439899999999999,0.04186,0.04192,62714958,2678585.44682,10538,29551244,1261918.65298,-0.0009532888465204,ARPA-USDT,0.0437733157931511,0.043827436717744,
2022-06-30 07:00:00,0.04193,0.0425,0.04167,0.04195,30397155,1279526.75617,6316,15456025,650951.61431,0.0007156488549617,ARPA-USDT,0.042081749514286,0.0420981903615035,
2022-06-30 08:00:00,0.04194,0.04196,0.04078,0.0410699999999999,49343610,2040180.00259,8520,21878752,904696.22303,-0.0004867364322244,ARPA-USDT,0.0418911742727969,0.0415494206538406,-0.00013588
2022-06-30 09:00:00,0.0410899999999999,0.04195,0.04046,0.04175,49525188,2036545.65983,9440,27274069,1122051.24381,0.0009590026372574,ARPA-USDT,0.0411207128679314,0.0410610864572155,
2022-06-30 10:00:00,0.04175,0.04185,0.0408899999999999,0.0415899999999999,27050713,1120724.27494,5655,12069248,500106.00832,-0.0019198464122894,ARPA-USDT,0.0417967714341936,0.0416992076012217,
2022-06-30 11:00:00,0.0416,0.04169,0.04091,0.04149,22080759,913209.11137,4853,10189517,421456.41286,0.0002410800385728,ARPA-USDT,0.0416148070859061,0.0415411964567906,
2022-06-30 12:00:00,0.04147,0.04215,0.0410699999999999,0.04176,29561494,1233572.14774,5759,16287292,679587.82191,-0.0011958861516383,ARPA-USDT,0.0414498810658803,0.0413438955953139,
2022-06-30 13:00:00,0.04177,0.04203,0.04,0.04048,38516420,1578035.36345,7197,16787572,687779.79883,-0.0009871668311944,ARPA-USDT,0.041726835335805,0.0418483010120946,
2022-06-30 14:00:00,0.04045,0.0412,0.04042,0.0410899999999999,24328014,992793.20178,4808,13675023,558076.3236700001,-0.0019431624969662,ARPA-USDT,0.0405076688504107,0.040572418945174,
2022-06-30 15:00:00,0.0410899999999999,0.0413199999999999,0.04052,0.04072,27974508,1144335.57262,5826,14229006,582284.63478,-0.0007361963190184,ARPA-USDT,0.0410124388451485,0.0409477280635326,
2022-06-30 16:00:00,0.04072,0.04113,0.0401199999999999,0.04051,26229209,1066182.6247,6272,12627012,513488.56111,-0.0009864364981505,ARPA-USDT,0.0407170798152023,0.0406720512811932,0.0001
2022-06-30 17:00:00,0.04051,0.04083,0.04024,0.04044,17456502,707553.34861,3563,8132420,329620.39602,-0.0012348728081007,ARPA-USDT,0.0404961311421217,0.0404886292320976,
2022-06-30 18:00:00,0.04044,0.04055,0.03936,0.03968,28163482,1125424.54396,5476,12087880,483471.9758,-0.0010070493454178,ARPA-USDT,0.0404596560241493,0.0404593489062357,
2022-06-30 19:00:00,0.03965,0.04035,0.03963,0.04018,21042822,841274.78621,4280,10948012,437826.86684,-0.0007460830639145,ARPA-USDT,0.0397689154178417,0.0398576188683153,
2022-06-30 20:00:00,0.04018,0.04025,0.03915,0.03948,25442656,1010240.67313,4540,13010734,516949.32945,-0.0017699115044248,ARPA-USDT,0.040091446855996,0.0400114377602656,
2022-06-30 21:00:00,0.03948,0.04009,0.0394,0.03947,16508480,656227.10644,3378,7114495,282829.47195,-0.0037859666834932,ARPA-USDT,0.0395765367497286,0.0395679254591601,
2022-06-30 22:00:00,0.03948,0.04042,0.03923,0.03993,26183639,1044927.69076,4986,14305340,571193.1174400001,-0.0010007505629221,ARPA-USDT,0.0395144165935795,0.0396267076750311,
2022-06-30 23:00:00,0.03993,0.04099,0.03886,0.0407,43170986,1722831.40722,7982,20832072,831718.12675,-0.0002456398919185,ARPA-USDT,0.0398990080140665,0.0400699573939853,
2022-07-01 00:00:00,0.0407,0.0428399999999999,0.04017,0.04213,75446849,3146996.26447,11337,38549757,1607760.76891,-0.0004744958481612,ARPA-USDT,0.0405912576854337,0.0404796078796002,-0.00022273
2022-07-01 01:00:00,0.04214,0.04256,0.04171,0.04186,20653150,869104.31701,4527,10411178,438139.34179,0.0002389486260454,ARPA-USDT,0.0421028377268848,0.0421746771718448,
2022-07-01 02:00:00,0.04187,0.04216,0.0413399999999999,0.04147,22392213,935224.10709,4209,8584800,358806.01103,0.0,ARPA-USDT,0.0418345267565453,0.0418233111065311,
2022-07-01 03:00:00,0.04147,0.04148,0.03976,0.03981,30702338,1250894.31116,5362,12059850,490793.52944,-0.0017552657973921,ARPA-USDT,0.0413952408916278,0.0412971069832422,
2022-07-01 04:00:00,0.03982,0.03988,0.0387,0.0389399999999999,35724635,1404001.41788,7063,16432924,645977.08995,-0.0005133470225898,ARPA-USDT,0.0397954801467954,0.0397551234689431,
2022-07-01 05:00:00,0.0389399999999999,0.03933,0.03843,0.03899,33490045,1302892.66506,5745,15808858,615334.88579,-0.0012807377049181,ARPA-USDT,0.0389829339387922,0.0388987936349527,
2022-07-01 06:00:00,0.03898,0.03941,0.0386,0.0391,29295272,1142011.59798,4076,16450625,641256.55961,0.0,ARPA-USDT,0.0389732379838835,0.0390231804230125,
2022-07-01 07:00:00,0.03907,0.04003,0.03871,0.03965,29995958,1185718.11528,5393,14795317,585061.4705,-0.0012594458438287,ARPA-USDT,0.0390787709300555,0.0388875301076352,
2022-07-01 08:00:00,0.03967,0.03998,0.03914,0.03921,33895797,1343661.04636,4450,17886235,709472.85699,-0.0010191082802547,ARPA-USDT,0.0396072449794778,0.0395701832486767,8.453e-05
2022-07-01 09:00:00,0.03921,0.03973,0.03907,0.03929,22295747,877292.60948,3786,12459316,490284.51879,-0.0017784552845528,ARPA-USDT,0.03932176338523,0.0393435634033108,
2022-07-01 10:00:00,0.03928,0.03937,0.0381,0.03831,37896139,1466829.08792,6295,17260977,667884.65876,-0.0010430247718384,ARPA-USDT,0.0392376277545437,0.0392371068125356,
2022-07-01 11:00:00,0.03831,0.03878,0.03816,0.03866,21308198,820283.07125,4204,10696298,411889.67144,-0.0010335917312661,ARPA-USDT,0.0383260730202181,0.0382998059675709,
2022-07-01 12:00:00,0.03865,0.03897,0.03838,0.0386699999999999,23032769,891992.41498,3826,9472053,366938.16225,-0.0005169294391341,ARPA-USDT,0.0386215251677829,0.0386961273792547,
2022-07-01 13:00:00,0.0386699999999999,0.03953,0.03854,0.03928,29183379,1139982.33754,4954,14458501,564441.83519,-0.0007631645891629,ARPA-USDT,0.0386921836110053,0.0387658218309266,
2022-07-01 14:00:00,0.03927,0.03938,0.03847,0.03879,26096434,1011460.86685,3936,11779341,456738.5765,-0.0005153311002318,ARPA-USDT,0.0392497471670722,0.0390725636039248,
2022-07-01 15:00:00,0.03879,0.03908,0.0384199999999999,0.03873,14658442,567942.2018,2798,5824607,225743.42052,-0.0002581311306142,ARPA-USDT,0.0388148357628668,0.0387198266866763,
2022-07-01 16:00:00,0.0387,0.0393,0.03855,0.0389,14610561,568656.63947,2908,8132147,316613.84774,-0.0007706139224249,ARPA-USDT,0.0387146476473738,0.0386465450452492,-1.611e-05
2022-07-01 17:00:00,0.03891,0.03935,0.03881,0.03928,12756450,498769.55793,2876,6669066,260704.80842,0.000254647313471,ARPA-USDT,0.0388846650330768,0.0389220371262276,
2022-07-01 18:00:00,0.03927,0.03937,0.03887,0.03902,10191467,398838.82981,2442,4886279,191285.85067,-0.0002562131693569,ARPA-USDT,0.0392411807329759,0.0392014765761202,
2022-07-01 19:00:00,0.039,0.03923,0.03883,0.03916,9645053,376190.37787,2330,4638661,180955.45254,-0.0005104645227156,ARPA-USDT,0.0390215704334467,0.0389610918812265,
2022-07-01 20:00:00,0.03916,0.03978,0.0389199999999999,0.03914,26394247,1038960.73995,4046,12881751,507558.95566,-0.0015306122448979,ARPA-USDT,0.0392094734428646,0.0391526077447774,
2022-07-01 21:00:00,0.0391699999999999,0.03943,0.0386,0.03903,11763732,460028.69159,2391,6366962,249157.5921,-0.0012794268167859,ARPA-USDT,0.039154483979269,0.0392025544158042,
2022-07-01 22:00:00,0.03905,0.03908,0.03855,0.0386899999999999,12468363,483257.20335,2622,5934880,230058.20249,-2.664535259100376e-15,ARPA-USDT,0.0390084918054915,0.0388889328798746,
2022-07-01 23:00:00,0.03868,0.0392,0.03832,0.03868,10304726,399816.23956,2410,4759540,184615.24875,0.0,ARPA-USDT,0.0387038600914175,0.038790129124607,
2022-07-02 00:00:00,0.03868,0.03918,0.03823,0.03828,23304366,902556.74066,4216,10754460,416562.87166,0.0,ARPA-USDT,0.0386995666471033,0.038555530913552,-0.00017239
2022-07-02 01:00:00,0.0382399999999999,0.0389399999999999,0.03822,0.03861,25478982,981749.22699,4208,13292816,512257.99141,-0.000776397515528,ARPA-USDT,0.0383373986978846,0.0383926841187559,
2022-07-02 02:00:00,0.0386,0.0389,0.03812,0.03829,20470038,786822.66432,3639,10399078,399664.85676,0.0002612330198537,ARPA-USDT,0.0386470194203964,0.0386889026560056,
2022-07-02 03:00:00,0.03832,0.03858,0.03813,0.0382399999999999,18770061,719122.94846,3132,9217662,353171.47873,-0.0002614379084993,ARPA-USDT,0.0383353016147303,0.0382765063788157,
2022-07-02 04:00:00,0.0382399999999999,0.03875,0.03818,0.03859,11763995,452599.57398,2187,5766255,221913.90282,-0.0005180005180005,ARPA-USDT,0.0382483997770551,0.038249966463325,
2022-07-02 05:00:00,0.0386,0.03914,0.03857,0.03879,9986803,388012.64625,2008,5091856,197842.27926,-0.0002577319587629,ARPA-USDT,0.0386041785354946,0.0386480058323524,
2022-07-02 06:00:00,0.03879,0.03907,0.0384899999999999,0.03858,13090520,507917.5275,2225,6115516,237305.80902,-0.0007770007770006,ARPA-USDT,0.038863839044169,0.0388951695459435,
2022-07-02 07:00:00,0.03857,0.03893,0.03832,0.0384,7464066,288378.90679,1776,3395016,131101.75904,-0.0002603488674824,ARPA-USDT,0.0385908312524815,0.0385767000994008,
2022-07-02 08:00:00,0.0384,0.03859,0.03785,0.038,21162575,807423.04943,3528,8160540,311440.46061,0.0,ARPA-USDT,0.0384020227211447,0.038462347692328,0.0001
2022-07-02 09:00:00,0.038,0.03816,0.0374699999999999,0.03804,16698253,631640.5479700001,3086,7971952,301523.82306,0.0005260389268806,ARPA-USDT,0.0381007239206058,0.0380536543556652,
2022-07-02 10:00:00,0.03803,0.0382,0.03777,0.03801,10179780,386763.84629,2283,5768718,219179.10912,0.0002631578947369,ARPA-USDT,0.0380019916802997,0.0380145209038074,
2022-07-02 11:00:00,0.038,0.03818,0.03785,0.03791,6132276,233176.84908,1364,2892961,109990.15288,-0.0005272871078302,ARPA-USDT,0.0380191800482402,0.0380309361835695,
2022-07-02 12:00:00,0.03789,0.03845,0.03785,0.03828,13644589,520490.74194,2269,6214777,237040.8752,-0.0005221932114882,ARPA-USDT,0.0378636746371236,0.0379208803700296,
2022-07-02 13:00:00,0.0383,0.0383,0.03797,0.03808,7222034,275229.18505000003,1420,3162659,120515.61743,-0.0002625360987135,ARPA-USDT,0.0382824316767165,0.0382691030122529,
2022-07-02 14:00:00,0.03809,0.03827,0.038,0.03805,4431981,168987.46126,1265,2049879,78180.80048,0.0,ARPA-USDT,0.0380940276637988,0.0380921669583041,
2022-07-02 15:00:00,0.03805,0.0381,0.03752,0.03781,12704295,480090.87637,2232,5628870,212669.5298,-0.001320655044902,ARPA-USDT,0.0380693285048349,0.038058414461283,
2022-07-02 16:00:00,0.03782,0.03811,0.03765,0.03787,8983022,340722.82801,2133,3972051,150709.01323,-0.0013185654008439,ARPA-USDT,0.0378282633632948,0.0378247021405767,0.0001
2022-07-02 17:00:00,0.0379,0.03822,0.0378,0.03807,9107634,346217.1313,1901,4932978,187601.52686,-0.0002626050420169,ARPA-USDT,0.0379137093647396,0.037932741662647,
2022-07-02 18:00:00,0.03808,0.03848,0.03795,0.03827,8948082,341298.91714,1805,4883044,186237.1261,-0.001044113808405,ARPA-USDT,0.0380198949641555,0.0380281625974617,
2022-07-02 19:00:00,0.03827,0.03837,0.03796,0.03805,6336285,241671.3225,1381,2406399,91758.52261,-0.0005253480430784,ARPA-USDT,0.0382767646237853,0.0382865242411942,
2022-07-02 20:00:00,0.03806,0.0381,0.03782,0.03786,5057794,191791.63281,1417,2215944,84036.715,-0.0007917656373713,ARPA-USDT,0.0380760162742632,0.0380525167488381,
2022-07-02 21:00:00,0.03789,0.03831,0.03785,0.03825,4379403,166882.3789,1207,2465849,93982.32732,-0.0007836990595612,ARPA-USDT,0.0378886522656597,0.0379223214549722,
2022-07-02 22:00:00,0.03829,0.03835,0.03797,0.0379899999999999,6885684,262830.00751,1250,3731223,142470.46455,-0.001051801209574,ARPA-USDT,0.038273173887335,0.0382779167131844,
2022-07-02 23:00:00,0.0379899999999999,0.03804,0.03734,0.03742,11488662,432706.25148,1983,4018336,151342.94573,-0.0010678056593699,ARPA-USDT,0.0379879343701984,0.0379953218380449,
2022-07-03 00:00:00,0.03742,0.03764,0.03675,0.03719,23420629,871944.84033,4933,9673505,360041.17033,-0.0002688172043009,ARPA-USDT,0.0374819750272314,0.0374585237123641,0.0001
2022-07-03 01:00:00,0.03721,0.03723,0.03671,0.03691,9143862,338221.09296,1664,4191084,154981.3587,0.000271002710027,ARPA-USDT,0.0371481858248727,0.0371182749659792,
2022-07-03 02:00:00,0.0369,0.03716,0.03675,0.03708,8137228,300474.35781,1846,4355759,160858.64656,-0.0002696144513344,ARPA-USDT,0.0368651390679085,0.0368391221498094,
2022-07-03 03:00:00,0.03709,0.03736,0.0369,0.03729,7118722,264350.39329,1535,3142344,116752.73514,-0.0005360493165372,ARPA-USDT,0.0370213996186772,0.0370270081866081,
2022-07-03 04:00:00,0.03727,0.03764,0.03661,0.0374899999999999,15560479,578994.08288,2936,7987774,297234.52444,-0.0013319126265343,ARPA-USDT,0.0373336162267366,0.0373577696864502,
2022-07-03 05:00:00,0.0374899999999999,0.03793,0.03698,0.03704,15180859,569089.95438,3007,7693981,288466.16128,0.0002700513097486,ARPA-USDT,0.0377424767103699,0.0377259288753625,
2022-07-03 06:00:00,0.03706,0.0377,0.03692,0.0374,12279106,459026.27226,2423,6619163,247423.97192,-0.0002673082063617,ARPA-USDT,0.0370352203305767,0.0370237132641299,
2022-07-03 07:00:00,0.0374,0.03752,0.03721,0.03732,7135466,266616.91753,1799,3732534,139491.7238,-0.0013379716350013,ARPA-USDT,0.0373499901450418,0.0374137547256821,
2022-07-03 08:00:00,0.03732,0.0374,0.03688,0.03709,12185805,452530.9314,2588,4433981,164649.94731,-0.0008081896551724,ARPA-USDT,0.0373468304163901,0.0373324390231684,0.0001
2022-07-03 09:00:00,0.0371,0.03741,0.0369,0.03732,8676454,322217.92981,1698,5131531,190476.57555,-0.0002678810608091,ARPA-USDT,0.0371280543748965,0.0370916790304677,
2022-07-03 10:00:00,0.03732,0.0375,0.0372,0.0372399999999999,8476093,316282.61753,1654,3799428,141789.99139,-0.0008049369466085,ARPA-USDT,0.0373582155630446,0.0374222924042389,
2022-07-03 11:00:00,0.0372199999999999,0.03755,0.03719,0.03732,5949765,222561.27254,1342,2863841,107128.98389,-0.0008032128514057,ARPA-USDT,0.0372087690297449,0.0372612117294297,
2022-07-03 12:00:00,0.03731,0.03753,0.03695,0.03721,6861812,255595.11256,1471,2503535,93296.59273,-0.0010738255033556,ARPA-USDT,0.0373277970139875,0.0373652362238327,
2022-07-03 13:00:00,0.03721,0.03733,0.03693,0.03694,6391424,237307.36412,1377,3043848,113038.10796,-0.0005411255411255,ARPA-USDT,0.0372457840808786,0.0372682988540166,
2022-07-03 14:00:00,0.03694,0.03742,0.0369,0.03718,6856961,255130.4477,1525,3732433,138846.46329,-0.0005376344086021,ARPA-USDT,0.0370024689653258,0.0370793178700664,
2022-07-03 15:00:00,0.03719,0.03734,0.03711,0.03711,3060512,113928.97359,982,1422570,52961.62825,-0.0018827326519634,ARPA-USDT,0.037196495024077,0.0372347399911443,
2022-07-03 16:00:00,0.03711,0.03751,0.037,0.03739,9608940,358073.08008,1859,4498897,167611.36483,-0.0005346164127238,ARPA-USDT,0.0371486925617987,0.0371945599911547,0.0001
2022-07-03 17:00:00,0.03737,0.0375,0.03712,0.03742,6464811,241064.10786,1366,3257789,121468.38732,-0.0013344008540165,ARPA-USDT,0.0373865653318625,0.0373546940266029,
2022-07-03 18:00:00,0.03744,0.03763,0.03728,0.0374699999999999,8296192,310844.47175,1646,4505154,168832.86916,-0.0005334755934943,ARPA-USDT,0.0374656271020025,0.0375193400315432,
2022-07-03 19:00:00,0.03746,0.03798,0.0374,0.03787,14074455,531167.27703,2645,7144268,269625.77661,0.0002641310089805,ARPA-USDT,0.0374983942001662,0.0374954045133939,
2022-07-03 20:00:00,0.03787,0.03798,0.03764,0.0377,11518840,435804.49515,2402,5071874,191935.92967,-0.0010598834128247,ARPA-USDT,0.0379137529207634,0.0379284454517218,
2022-07-03 21:00:00,0.0377,0.03781,0.0374,0.03748,6817998,256140.5607,1647,2962724,111262.8666,-0.0007997867235404,ARPA-USDT,0.0377235311319057,0.0377448677486209,
2022-07-03 22:00:00,0.03748,0.03779,0.03718,0.03741,6215617,232741.43298,1587,3111512,116572.51724,-0.0002672367717798,ARPA-USDT,0.0374661041128599,0.0375347461911772,
2022-07-03 23:00:00,0.03741,0.03772,0.03729,0.03757,8437921,316582.05616000004,1717,5055563,189684.25029,-0.0013290802764487,ARPA-USDT,0.0374012953359452,0.037367782093658,
2022-07-04 00:00:00,0.03758,0.03777,0.03734,0.03768,10187038,382582.65034,2149,4724114,177381.75035,-0.0002653223666756,ARPA-USDT,0.0375462250451998,0.0375608824102522,0.0001
2022-07-04 01:00:00,0.03766,0.0376899999999999,0.03721,0.03738,7622006,284974.33258,1641,3686065,137799.99012,-0.0008019246190859,ARPA-USDT,0.0376305907243859,0.0376001980473153,
2022-07-04 02:00:00,0.03738,0.03751,0.03652,0.03659,12647019,467623.6358,2789,5275582,195097.21957,-0.0010920010920012,ARPA-USDT,0.0374024308901418,0.0373809176487243,
2022-07-04 03:00:00,0.03657,0.0367899999999999,0.0363,0.03665,15479641,565404.45785,2743,7294505,266532.50704,-0.0010902153175251,ARPA-USDT,0.0364927174005904,0.0364855158675122,
2022-07-04 04:00:00,0.03665,0.03695,0.0365,0.03684,8020045,294498.10389,1619,4114243,151068.01722,-0.0002713704206241,ARPA-USDT,0.0365975383039069,0.0366959631250874,
2022-07-04 05:00:00,0.03685,0.03715,0.0367,0.03701,7503361,276883.40623,1563,4011975,148092.94858,-0.0005401026194976,ARPA-USDT,0.0368237180290323,0.0368032232778504,
2022-07-04 06:00:00,0.03701,0.0372399999999999,0.03662,0.0367199999999999,9391244,347065.99311,1899,4020794,148584.16728,-0.0010881392818308,ARPA-USDT,0.0370342374054454,0.0370096852781615,
2022-07-04 07:00:00,0.03676,0.03701,0.03667,0.03689,6857842,252622.21211,1681,3438605,126690.59752,-0.0002710027100272,ARPA-USDT,0.0367400713993322,0.0367584242986747,
2022-07-04 08:00:00,0.03689,0.03708,0.03676,0.0367899999999999,7065964,260774.35783,1536,3481082,128461.60846,-0.0010860711376623,ARPA-USDT,0.0368800167986927,0.0368881621946757,0.0001
2022-07-04 09:00:00,0.03678,0.0373,0.03677,0.03713,8705709,322592.65167,1614,4148406,153697.8969,-0.0005383580080753,ARPA-USDT,0.0368039849263252,0.0368424201808599,
2022-07-04 10:00:00,0.03713,0.03727,0.03695,0.037,9742371,361474.38884,1789,5265140,195374.79424,-0.0008101539292466,ARPA-USDT,0.0371869759638791,0.037218366309272,
2022-07-04 11:00:00,0.03698,0.0376899999999999,0.03681,0.03757,14698381,546726.0737000001,2645,7845999,291751.95290000003,0.0,ARPA-USDT,0.0369878432471084,0.037014584673927,
2022-07-04 12:00:00,0.03758,0.0376899999999999,0.03717,0.03734,16117054,602742.70849,2688,6349043,237447.90036,-0.0008027829810008,ARPA-USDT,0.0376199091786072,0.0375894456738593,
2022-07-04 13:00:00,0.03733,0.0374,0.0368,0.03694,16805448,623702.2724,2878,8799814,326641.43068,-0.0010816657652784,ARPA-USDT,0.0373368515909247,0.037341296783262,
2022-07-04 14:00:00,0.03694,0.03716,0.0367899999999999,0.03707,14275246,527885.68227,2630,7558445,279555.2983,-0.0010778765831311,ARPA-USDT,0.0369157589421498,0.0369460242686497,
2022-07-04 15:00:00,0.03707,0.03801,0.03703,0.03723,38741970,1452796.37431,6303,20590756,772295.98363,-0.0013412017167382,ARPA-USDT,0.0370527100470685,0.0371565341184983,
2022-07-04 16:00:00,0.03725,0.03748,0.03717,0.03736,14270294,532613.53292,2507,7274723,271533.9442,-0.0008023535704734,ARPA-USDT,0.0372395086834478,0.0372480671584312,-1.312e-05
2022-07-04 17:00:00,0.03737,0.03792,0.03726,0.0376899999999999,15024024,565634.93129,2056,5883916,221386.63236,-0.0002652519893925,ARPA-USDT,0.0373594136768235,0.0373256347375075,
2022-07-04 18:00:00,0.0376899999999999,0.03784,0.03743,0.03777,12169106,457724.13341,2168,5317850,200129.63919,-0.0010579211848719,ARPA-USDT,0.0376273976357001,0.0375289004365178,
2022-07-04 19:00:00,0.03776,0.0378,0.03748,0.0376899999999999,8319405,313120.71039,1396,3911827,147211.9362,-0.0007953340402995,ARPA-USDT,0.0377621023617587,0.0377629117437014,
2022-07-04 20:00:00,0.0376899999999999,0.03777,0.03736,0.03752,7783888,292360.57713,1519,3680220,138179.97005,-0.0002664535038636,ARPA-USDT,0.0377007151934917,0.0376597936825415,
2022-07-04 21:00:00,0.03754,0.03793,0.0374899999999999,0.03778,8243327,310785.98719,1485,4579231,172658.62489,0.0,ARPA-USDT,0.0375285158315936,0.0375376650932795,
2022-07-04 22:00:00,0.03778,0.03811,0.03752,0.0379,15422111,584290.31837,2285,7967668,302166.3852,-0.0010542962572482,ARPA-USDT,0.0378033509931428,0.0377723304627694,
2022-07-04 23:00:00,0.03791,0.03839,0.03785,0.03816,21208435,809349.80862,3344,9287300,354370.79251,-0.0005238344683079,ARPA-USDT,0.0379476930613302,0.0379193024674979,
2022-07-05 00:00:00,0.03816,0.03863,0.03795,0.03853,19365828,742272.92184,2960,10596102,406333.52222,-0.0005188067444876,ARPA-USDT,0.0382106992803014,0.0381221855870962,0.0001
2022-07-05 01:00:00,0.03855,0.03868,0.0381,0.0386,12357279,474358.64587,2257,5590428,214670.03416,-0.0005178663904712,ARPA-USDT,0.0385812836646499,0.0385258998987704,
2022-07-05 02:00:00,0.03857,0.03876,0.03767,0.03809,18494585,706597.13376,3094,8494157,324748.61678,-0.0007869884575026,ARPA-USDT,0.0386045018977511,0.0386627144167663,
2022-07-05 03:00:00,0.03811,0.03843,0.03809,0.03837,6738281,257776.36494,1354,3760880,143839.50313,0.0,ARPA-USDT,0.0381439209258649,0.0381670473797413,
2022-07-05 04:00:00,0.03837,0.03843,0.03792,0.03843,8914802,340923.805,1721,4678262,178939.11384,0.0002602811035918,ARPA-USDT,0.03835788935831,0.0383480888885739,
2022-07-05 05:00:00,0.0384199999999999,0.03887,0.03821,0.03847,16667442,642554.8283,2721,8476906,326591.33456,-0.0007792207792208,ARPA-USDT,0.0384108535554172,0.0384138406584834,
2022-07-05 06:00:00,0.03847,0.0386899999999999,0.03832,0.0385,10020350,385801.00784,1873,5316434,204701.23401,-0.0002596728122565,ARPA-USDT,0.0384785803216878,0.0384356369220543,
2022-07-05 07:00:00,0.0385,0.03855,0.03809,0.0384199999999999,13966462,535271.57489,2430,5560615,213065.83925,-2.664535259100376e-15,ARPA-USDT,0.0385173283655527,0.0384755794714276,
2022-07-05 08:00:00,0.03841,0.0384399999999999,0.03741,0.0375,30040263,1136926.9205,5628,12842790,485763.69617,-0.0002665955745135,ARPA-USDT,0.0384033305402132,0.0383476482199951,0.0001
2022-07-05 09:00:00,0.03748,0.03762,0.0369,0.03715,17006253,634024.92763,3136,8451542,315271.81388000003,-0.0002691065662001,ARPA-USDT,0.0374374115628161,0.0374274110079622,
2022-07-05 10:00:00,0.03712,0.03727,0.03678,0.03706,20179443,747159.66648,3122,9468339,350645.86948,-0.0010781671159029,ARPA-USDT,0.0370790762216191,0.0369893914207514,
2022-07-05 11:00:00,0.0371,0.03729,0.03652,0.03665,16676276,615369.92587,2986,6650150,245595.50389,-0.0010902153175251,ARPA-USDT,0.037086987803716,0.0370955985360977,
2022-07-05 12:00:00,0.03665,0.03665,0.03576,0.03586,30773294,1112203.64816,5365,14116625,510414.54575,-0.0011142061281336,ARPA-USDT,0.0366113329090672,0.0365241727054963,
2022-07-05 13:00:00,0.03586,0.03661,0.03581,0.03618,26755132,968511.82423,3742,13101192,474676.39296,-0.0005524861878454,ARPA-USDT,0.0358702358390141,0.0360326789112226,
2022-07-05 14:00:00,0.03617,0.03652,0.03608,0.03619,10687479,388022.23787,2072,5540462,201144.81898,-0.0005523336095001,ARPA-USDT,0.0361432476752829,0.0362176056436613,
2022-07-05 15:00:00,0.03616,0.03633,0.0358,0.03617,11689171,422055.94153,2639,5288566,191035.88197,0.0002765486725664,ARPA-USDT,0.0361524386835443,0.0362026634376754,
2022-07-05 16:00:00,0.03617,0.03636,0.03596,0.03599,20817271,751811.55798,4526,8284893,299239.614,-0.0019412090959511,ARPA-USDT,0.0361824175460598,0.0361191765126834,0.0001
2022-07-05 17:00:00,0.03598,0.03642,0.03596,0.03627,8365902,303193.28181,1587,4952572,179572.15811,-0.0008264462809918,ARPA-USDT,0.0360023711614643,0.0360716394543414,
2022-07-05 18:00:00,0.03627,0.0367899999999999,0.03605,0.03675,14758636,538637.12131,2303,6647421,242487.38226,-0.0002720348204571,ARPA-USDT,0.0362687495863851,0.0362778003164095,
2022-07-05 19:00:00,0.03675,0.03732,0.03658,0.03694,19617714,725290.68537,3577,9420744,348358.21399,-0.0010816657652784,ARPA-USDT,0.0366990551117389,0.0367308425213103,
2022-07-05 20:00:00,0.03695,0.03739,0.03692,0.03704,17551567,652658.64741,2995,9021552,335499.1884,-0.0010787486515643,ARPA-USDT,0.0369555790880075,0.0370653822043103,
2022-07-05 21:00:00,0.03703,0.0372199999999999,0.03662,0.03691,10511009,387400.79706,2005,4801756,177007.36947,0.000271002710027,ARPA-USDT,0.0370575317041845,0.0371282124362687,
2022-07-05 22:00:00,0.03692,0.037,0.03659,0.03683,7870542,289269.654,1705,3888905,142982.92952,-0.0005427408412482,ARPA-USDT,0.0369426657243208,0.0369333133069264,
2022-07-05 23:00:00,0.03684,0.03685,0.03617,0.03645,16132763,588456.11327,2699,6512417,237610.72019,-0.0019167579408541,ARPA-USDT,0.0368315756475616,0.0368070863869949,
2022-07-06 00:00:00,0.03644,0.03735,0.03643,0.03718,40575794,1499606.64749,6404,20963480,774816.21783,0.0,ARPA-USDT,0.036451241852457,0.0365833534416417,-6.466e-05
2022-07-06 01:00:00,0.03717,0.03727,0.03616,0.03642,22955540,844192.38754,3466,11630522,428005.53366,-0.0008230452674897,ARPA-USDT,0.0372361926559577,0.0371849789134176,
2022-07-06 02:00:00,0.03643,0.03663,0.03619,0.03637,12600400,459164.65978,2374,5923916,215893.63788,-0.00164699423552,ARPA-USDT,0.036371403810916,0.0363566602565114,
2022-07-06 03:00:00,0.03637,0.03706,0.03615,0.03693,11691338,428148.78555,2093,5571742,204015.75983,-0.0002707092582566,ARPA-USDT,0.0363584575335435,0.0363453004377776,
2022-07-06 04:00:00,0.03692,0.03729,0.03661,0.0367,19070302,703982.05474,3184,9357667,345490.16261,-0.0002724053391445,ARPA-USDT,0.0368904089520875,0.0367641058059479,
2022-07-06 05:00:00,0.0367,0.03696,0.03652,0.03673,8172041,299940.13842000003,1551,4028255,147878.31924,0.0,ARPA-USDT,0.0367326901458468,0.0367537431359719,
2022-07-06 06:00:00,0.0367399999999999,0.03687,0.03638,0.0367899999999999,12986079,475929.37922,2262,5721069,209732.96587,-0.0005433306166831,ARPA-USDT,0.0367235660385652,0.0367264898196847,
2022-07-06 07:00:00,0.0368,0.03707,0.03661,0.03669,17019947,627055.08203,2699,8480606,312403.44415,0.0,ARPA-USDT,0.0368425610317153,0.0369432834165044,
2022-07-06 08:00:00,0.03666,0.03704,0.03643,0.0368,16558565,609790.68075,2750,7266781,267690.74596,-0.001085776330076,ARPA-USDT,0.0366925559331634,0.036592523372169,0.0001
2022-07-06 09:00:00,0.03677,0.03712,0.03659,0.0367399999999999,17439192,642543.53396,2698,7330048,270103.7648,-0.0010875475802094,ARPA-USDT,0.0368306963072781,0.0367655586279847,
2022-07-06 10:00:00,0.03676,0.0369,0.03656,0.0367199999999999,11162989,409875.48676,2134,4699364,172554.17272,-0.0008163265306149,ARPA-USDT,0.0367922286739637,0.036790223486538,
2022-07-06 11:00:00,0.0367199999999999,0.03684,0.0366,0.03677,8394310,308405.46363,1743,4702091,172755.60714,-0.0005436259853223,ARPA-USDT,0.0367138992766716,0.0367350132236897,
2022-07-06 12:00:00,0.03677,0.03694,0.03642,0.03677,15394141,564962.9958,2722,7798090,286227.95789,-0.0008152173913044,ARPA-USDT,0.0367663841610992,0.0366337264614751,
2022-07-06 13:00:00,0.03677,0.03713,0.03651,0.03684,15670077,577367.29883,2729,8629417,318118.65154,0.0,ARPA-USDT,0.0367809903250599,0.0367489793631318,
2022-07-06 14:00:00,0.03682,0.03694,0.03662,0.03687,8774096,322876.00922,1744,4092585,150608.90659,0.0008143322475571,ARPA-USDT,0.0367763679264105,0.0368183146092979,
2022-07-06 15:00:00,0.03682,0.03686,0.03656,0.03676,8358755,306631.54213,1801,3458352,126875.08639,0.0010893246187362,ARPA-USDT,0.0368364715843063,0.0367874072064492,
2022-07-06 16:00:00,0.03677,0.0371,0.03669,0.03695,10519338,388318.30927,2068,5659170,209000.9821,-0.0002705627705628,ARPA-USDT,0.0367583815959689,0.0367792503490817,2.44e-05
2022-07-06 17:00:00,0.03698,0.03707,0.0367899999999999,0.03693,4949611,182766.19923,1363,2192186,80948.56896,-0.0002707092582566,ARPA-USDT,0.0370130801032466,0.0370120929462345,
2022-07-06 18:00:00,0.03693,0.0375,0.0367399999999999,0.03721,15377110,571453.72521,3183,7439378,276462.05919,0.000268817204301,ARPA-USDT,0.0369155241265318,0.0368437381164402,
2022-07-06 19:00:00,0.03721,0.03733,0.0367899999999999,0.0369699999999999,7013252,259885.28021,1863,3377318,125236.88415,-0.0008108108108134,ARPA-USDT,0.0371714947427675,0.0371279057511925,
2022-07-06 20:00:00,0.03698,0.0372199999999999,0.03691,0.03719,6101796,226155.73689,1416,3069763,113777.70164,0.0,ARPA-USDT,0.0369507106336428,0.0370184286718607,
2022-07-06 21:00:00,0.03719,0.0373,0.03688,0.03703,9155943,339847.87644,1741,3281725,121898.52279,-0.0008094981111711,ARPA-USDT,0.0372028351995011,0.0371932708657711,
2022-07-06 22:00:00,0.03705,0.03756,0.03704,0.03731,8403840,313977.77266,1947,4097639,153129.74858,-0.0002679528403,ARPA-USDT,0.0370692639895536,0.037130959279804,
2022-07-06 23:00:00,0.03732,0.03755,0.03712,0.03715,6949664,259603.40609,1594,3116655,116423.99577,-0.0002691065662001,ARPA-USDT,0.0373180128791841,0.0374171025684308,
2022-07-07 00:00:00,0.03715,0.03775,0.03705,0.03755,13518260,506705.39703,2634,8140917,305114.87384,-0.0013297872340426,ARPA-USDT,0.0371443106720325,0.0371885580585358,0.0001
2022-07-07 01:00:00,0.03756,0.03784,0.0373,0.03753,8731652,328127.40215,1907,4558834,171306.83631,-0.0007987220447285,ARPA-USDT,0.0375344509819976,0.0374569557839069,
2022-07-07 02:00:00,0.03754,0.03766,0.03723,0.03737,7390032,276296.74395,1757,3865838,144583.50784,-0.0005349023803156,ARPA-USDT,0.0375664313012699,0.0375501664107135,
2022-07-07 03:00:00,0.03735,0.03765,0.03721,0.03762,6649995,249151.40953,1630,3504703,131238.21421,0.0,ARPA-USDT,0.0373585560082789,0.0372905766300439,
2022-07-07 04:00:00,0.03761,0.03766,0.03733,0.03754,4624287,173367.59753,1230,2233921,83777.71029,-0.0013301409949455,ARPA-USDT,0.0376101892990596,0.0376165516521379,
2022-07-07 05:00:00,0.03755,0.03801,0.03739,0.03759,16247716,613302.52898,2781,8209777,309773.33843,-0.0002659574468085,ARPA-USDT,0.0375178853758252,0.0374550469683735,
2022-07-07 06:00:00,0.03761,0.03955,0.0375,0.03882,99753539,3876728.35047,14021,53957716,2097670.88473,-0.0007722007722008,ARPA-USDT,0.0376162005608142,0.0375739206445375,
2022-07-07 07:00:00,0.03882,0.03929,0.0384199999999999,0.03885,66399216,2578010.37851,9240,33555330,1302769.74617,0.0,ARPA-USDT,0.0387822695713262,0.0386482486504479,
2022-07-07 08:00:00,0.03885,0.03914,0.03852,0.03868,36665819,1422177.6818,5428,15349722,595415.68107,-0.0002584647195658,ARPA-USDT,0.0388057633022824,0.0389175300507544,-3.33e-06
2022-07-07 09:00:00,0.03866,0.0388,0.03828,0.0384199999999999,22767958,877258.0574,4010,8878659,342209.9456,0.0007814535035139,ARPA-USDT,0.038720248215685,0.0386967728320608,
2022-07-07 10:00:00,0.0384,0.0385,0.03782,0.0379399999999999,30602702,1165630.8499,4752,12952890,493448.9109,-0.0002635046113332,ARPA-USDT,0.038462233728129,0.0383387222867874,
2022-07-07 11:00:00,0.0379399999999999,0.03829,0.03788,0.03827,12350593,470440.94855,2401,7656340,291576.85091,-0.001044113808405,ARPA-USDT,0.0379286916572793,0.0379220702754731,
2022-07-07 12:00:00,0.03827,0.03846,0.0379399999999999,0.03812,22352074,853737.89286,3272,10970019,418765.02696,-0.0005243838489774,ARPA-USDT,0.0382769557853374,0.0383059773363138,
2022-07-07 13:00:00,0.03813,0.03885,0.03806,0.03859,45058698,1736752.05396,6163,22562971,869971.70367,0.0,ARPA-USDT,0.0381381204644101,0.0381646240100188,
2022-07-07 14:00:00,0.0386,0.03887,0.03845,0.0387,29414000,1138823.20739,4269,13516093,523352.27205,-0.0010325245224573,ARPA-USDT,0.0385407708062892,0.0385328653258953,
2022-07-07 15:00:00,0.03872,0.03881,0.03833,0.03846,18634781,719648.64205,3023,8644624,333947.73772,-0.0005197505197505,ARPA-USDT,0.0387120009193372,0.0387444172357129,
2022-07-07 16:00:00,0.03847,0.03915,0.03839,0.03881,25815432,999633.21057,3679,12919365,500400.69689,-0.0002575991756826,ARPA-USDT,0.0384894383639749,0.0385199131387203,7.612e-05
2022-07-07 17:00:00,0.03881,0.03908,0.03872,0.03889,24859974,966830.81684,3364,11406613,443660.1436,-0.0005140066820868,ARPA-USDT,0.0388148072320741,0.0388343752176416,
2022-07-07 18:00:00,0.0389,0.03929,0.03884,0.03907,23147612,904724.75743,3635,11876767,464223.00114,-0.0012781186094069,ARPA-USDT,0.0389007799350222,0.0389630391164868,
2022-07-07 19:00:00,0.03908,0.04189,0.03908,0.04073,251510117,10290458.31649,28521,124911339,5109215.26536,-0.0009811135638949,ARPA-USDT,0.0391506566186196,0.0391847956745813,
2022-07-07 20:00:00,0.04072,0.04087,0.04002,0.04019,57162629,2312823.39596,7764,28615398,1158081.06488,0.0,ARPA-USDT,0.0405993275569595,0.0405259338277784,
2022-07-07 21:00:00,0.04018,0.04033,0.03977,0.04021,25750721,1030271.24034,4503,14345091,573966.45939,-0.0022332506203474,ARPA-USDT,0.0401965610966089,0.0401160751290454,
2022-07-07 22:00:00,0.04021,0.04075,0.03961,0.03981,47792364,1919446.1787,6534,24828219,996477.51608,-0.0007530120481927,ARPA-USDT,0.0402993389087393,0.0404332816715968,
2022-07-07 23:00:00,0.03982,0.04002,0.03942,0.03952,19057146,758220.30473,3523,7903213,314595.75729,0.0,ARPA-USDT,0.0398411660329707,0.0399393904054926,
2022-07-08 00:00:00,0.03952,0.03988,0.03924,0.03984,24520185,969723.49897,3983,10448962,413520.08694,-0.0012534469791928,ARPA-USDT,0.0395880629718748,0.0396388293698375,8.242e-05
2022-07-08 01:00:00,0.03985,0.04049,0.03979,0.04006,23729590,952003.54147,4294,9654034,387287.63313,0.0,ARPA-USDT,0.0398705077326941,0.0398461615623919,
2022-07-08 02:00:00,0.04006,0.0401,0.03972,0.03991,11153823,445168.10354,2360,5253966,209783.10669,-0.0005008765339343,ARPA-USDT,0.0400517641406149,0.040028353172757,
2022-07-08 03:00:00,0.03993,0.04036,0.03985,0.04027,10216036,409613.01562,2109,3927257,157534.96644000002,0.0012431626056688,ARPA-USDT,0.0399513295541195,0.0399557554643951,
2022-07-08 04:00:00,0.04025,0.0403899999999999,0.03975,0.03982,12635359,507100.50074,2313,5237143,210248.27575,0.0002511931675459,ARPA-USDT,0.0403321857890202,0.0403071318637514,
2022-07-08 05:00:00,0.03981,0.04009,0.0393,0.0396199999999999,13071051,520126.15755,2384,5045232,200851.32914,-0.000252334090338,ARPA-USDT,0.0398454507640975,0.0398547997876173,
2022-07-08 06:00:00,0.03961,0.03971,0.03923,0.03943,11126243,439268.47601,2241,4562156,180118.56695,-0.0002535496957404,ARPA-USDT,0.0396614268803322,0.0396023182558045,
2022-07-08 07:00:00,0.03945,0.04019,0.03924,0.04017,25728996,1019346.29749,3807,12805408,507441.91791,-0.0004976362279173,ARPA-USDT,0.0394349202854265,0.0395055210047566,
2022-07-08 08:00:00,0.04017,0.04021,0.03912,0.03913,26460085,1049582.99075,4384,12679575,503183.49193,-0.0007660878447396,ARPA-USDT,0.040085424554446,0.0399500142840101,0.0001
2022-07-08 09:00:00,0.03912,0.0393,0.0382,0.03905,39173596,1516893.93701,6312,20059130,777279.03201,-0.0007676560900715,ARPA-USDT,0.0390855676171441,0.0389170602252041,
2022-07-08 10:00:00,0.03907,0.03936,0.03884,0.03886,12843196,502246.78589,2516,7310980,285981.80925,0.0,ARPA-USDT,0.0390589333288244,0.0391391524086161,
2022-07-08 11:00:00,0.03887,0.03938,0.03886,0.03909,12603940,493273.83943,2361,5942740,232631.45713,-0.0007668711656442,ARPA-USDT,0.0389059262580888,0.0389513867329258,
2022-07-08 12:00:00,0.03914,0.03965,0.03885,0.03908,19882552,779814.55851,3733,9724918,381511.27148,-0.0010224948875257,ARPA-USDT,0.0391995603321073,0.0392056949193669,
2022-07-08 13:00:00,0.03907,0.0393899999999999,0.03888,0.039,13672929,535056.4048,2647,6764243,264786.7308,-0.0007686395080708,ARPA-USDT,0.0391061595288615,0.0391327632761717,
2022-07-08 14:00:00,0.039,0.03996,0.0389399999999999,0.03992,29944561,1185654.85907,4186,15473468,612322.02178,-0.0007509386733417,ARPA-USDT,0.0389968216705354,0.0390586706700042,
2022-07-08 15:00:00,0.03992,0.0406399999999999,0.0396899999999999,0.03995,34390654,1380057.80497,5644,17539986,703934.24879,-0.000500375281461,ARPA-USDT,0.0398725949273299,0.039922474555859,
2022-07-08 16:00:00,0.03995,0.03999,0.03945,0.0397,24881562,986506.63439,4035,13347134,529129.50658,0.0,ARPA-USDT,0.0399536899461124,0.0399018349880132,0.0001
2022-07-08 17:00:00,0.03971,0.04019,0.03949,0.03999,16338420,650280.17494,3079,8034505,319858.4076,-0.00025,ARPA-USDT,0.0397027716311587,0.0396259893007188,
2022-07-08 18:00:00,0.03999,0.0401,0.03967,0.0399,15265899,609285.7143100001,2873,7971020,318179.4745,-0.000501002004008,ARPA-USDT,0.039931582387616,0.0399023243051289,
2022-07-08 19:00:00,0.0399,0.04038,0.0398,0.03999,16513649,661263.6106,3509,8264848,330924.31907,-0.00025,ARPA-USDT,0.0398595342340492,0.0400887106374312,
2022-07-08 20:00:00,0.03997,0.04,0.03946,0.03955,21232468,842004.45319,3854,10498960,416314.22351,0.0010124019235635,ARPA-USDT,0.0399652448253852,0.0399330952042747,
2022-07-08 21:00:00,0.03955,0.03978,0.03923,0.03929,8268608,326727.11297,1997,3183498,125870.30911,-0.0012709710218606,ARPA-USDT,0.0395790297989745,0.0396252257854243,
2022-07-08 22:00:00,0.03926,0.0396399999999999,0.03926,0.03955,4778801,188857.59263,1459,2219142,87694.42341,0.0,ARPA-USDT,0.0393446777867081,0.0394315598377498,
2022-07-08 23:00:00,0.03955,0.04005,0.03915,0.03922,10723391,425299.93752,2498,4216568,167165.98364,-0.0012732365673542,ARPA-USDT,0.0395728562352941,0.0395730237882872,
2022-07-09 00:00:00,0.03922,0.0399,0.0389199999999999,0.03923,25956834,1021794.69559,5616,11212873,441630.47339,-0.0002548419979612,ARPA-USDT,0.0392581095002002,0.0392247466671033,0.0001
2022-07-09 01:00:00,0.03922,0.0398,0.0385,0.03898,18276834,716087.56085,3363,8033153,315207.95290000003,-0.0005128205128205,ARPA-USDT,0.0392535859270229,0.0394062159430776,
2022-07-09 02:00:00,0.03896,0.03945,0.0389199999999999,0.03922,14014218,549343.48162,2691,7312872,286748.40212,0.000255036980362,ARPA-USDT,0.0389948742891875,0.0390322583271811,
2022-07-09 03:00:00,0.03921,0.03936,0.03885,0.03931,10305152,403658.16365,1966,4622442,181116.89294,0.0,ARPA-USDT,0.039267533851671,0.0392044531471682,
2022-07-09 04:00:00,0.0393,0.03985,0.03926,0.03975,12192528,482579.16863,2493,7053730,279167.96673,-0.0015071590052749,ARPA-USDT,0.0392807290673234,0.039342023099393,
2022-07-09 05:00:00,0.03976,0.04008,0.0396399999999999,0.03982,11639712,463663.06551,2315,6333087,252355.37627,0.0007539582809752,ARPA-USDT,0.0398010861870926,0.0398779492154844,
2022-07-09 06:00:00,0.03981,0.04001,0.03955,0.03986,15472693,615503.27576,2769,7686325,305716.43511,-0.0005015045135405,ARPA-USDT,0.0397783159281466,0.0397392276559452,
2022-07-09 07:00:00,0.03988,0.04034,0.0398699999999999,0.04005,128114091,5143611.09821,6545,65926544,2648270.7788,0.0004996252810391,ARPA-USDT,0.0398898766755024,0.0399439401231633,
2022-07-09 08:00:00,0.04002,0.04023,0.03975,0.04006,56851506,2273575.88031,3896,27497984,1100321.0889,0.0002496878901372,ARPA-USDT,0.0400867763616284,0.0399842622458994,0.0001
2022-07-09 09:00:00,0.04003,0.04015,0.0398,0.03992,8024830,320624.9805,1594,2987263,119395.95729,-0.001001001001001,ARPA-USDT,0.0400244408644932,0.0400573134870087,
2022-07-09 10:00:00,0.03991,0.04022,0.0398699999999999,0.04016,8659116,346552.62593,1636,4911804,196625.85154,-0.0004977600796416,ARPA-USDT,0.0399114165528181,0.0399240558727142,
2022-07-09 11:00:00,0.04016,0.0403,0.03948,0.0396399999999999,19093931,763657.99066,2929,9128455,365319.08265,-0.0007562389715175,ARPA-USDT,0.040139085661222,0.0401032422419564,
2022-07-09 12:00:00,0.0396399999999999,0.04005,0.0394399999999999,0.04005,11887705,473319.55314,2314,5289570,210701.89872,-0.0007485029940118,ARPA-USDT,0.0395549311194058,0.0396193538240564,
2022-07-09 13:00:00,0.04004,0.04066,0.03997,0.04023,30938093,1248662.98271,5205,13959261,563301.45235,-0.0004968944099378,ARPA-USDT,0.0400147921547396,0.040136488878926,
2022-07-09 14:00:00,0.04023,0.04108,0.04006,0.04085,44901750,1825181.9644,6331,23353800,948911.82572,-0.0009782342871118,ARPA-USDT,0.0401612352097991,0.040116196004973,
2022-07-09 15:00:00,0.04085,0.04088,0.04061,0.04077,19906219,810813.27671,3298,8599293,350373.03835,-0.0004903162539837,ARPA-USDT,0.0408268444896719,0.0407414421142486,
2022-07-09 16:00:00,0.04076,0.04099,0.04054,0.04066,18946043,772556.65961,3442,8719387,355661.02448,-0.000245881485124,ARPA-USDT,0.0408083888754501,0.0408089261538633,0.0001
2022-07-09 17:00:00,0.04066,0.04081,0.0404,0.04059,11301440,459177.39809,2458,5343055,217135.39332,-0.000738552437223,ARPA-USDT,0.040685580067418,0.0406954375911342,
2022-07-09 18:00:00,0.04059,0.04078,0.04052,0.04066,12395893,503753.97663,2430,6317798,256786.39929,-0.000245881485124,ARPA-USDT,0.0406440015851205,0.0406627918930925,
2022-07-09 19:00:00,0.0406399999999999,0.04281,0.04025,0.04275,96043886,3989947.84253,13860,50744726,2108633.79931,-0.0027991602519242,ARPA-USDT,0.0406361317557765,0.0406407046578347,
2022-07-09 20:00:00,0.04274,0.0433,0.04152,0.04193,165024496,7020248.67379,23435,77199650,3286418.47896,-0.0007149666348902,ARPA-USDT,0.0428880528945758,0.0425872233214902,
2022-07-09 21:00:00,0.04193,0.04241,0.04155,0.04204,35141415,1473770.4661,6103,16148021,677397.12171,-0.0009505703422052,ARPA-USDT,0.0419318372278504,0.0419469736923314,
2022-07-09 22:00:00,0.042,0.04216,0.04148,0.04169,21697419,908479.43432,4105,9775893,409476.72684,-0.0002398081534772,ARPA-USDT,0.0419795138114886,0.0420507507813988,
2022-07-09 23:00:00,0.0417,0.04205,0.04124,0.04143,18467775,769547.68041,3943,8214442,342533.27533,-0.0019272464466393,ARPA-USDT,0.0416354616211121,0.041795092853887,
2022-07-10 00:00:00,0.04143,0.04185,0.04059,0.041,34559938,1427403.82049,7137,13879008,573980.67678,0.0,ARPA-USDT,0.0413285829348571,0.0415241433437186,-7.14e-05
2022-07-10 01:00:00,0.041,0.0414,0.04071,0.04095,20088960,826087.29131,3613,9199803,378360.89487,0.0004886391399951,ARPA-USDT,0.0408153666164327,0.0409885089756904,
2022-07-10 02:00:00,0.04093,0.04138,0.0402,0.04054,28586364,1164578.26339,4736,13551034,552507.19535,-0.0007394626571358,ARPA-USDT,0.0409095307589507,0.0408966661389894,
2022-07-10 03:00:00,0.04054,0.04093,0.04048,0.0408899999999999,12718420,517596.96366,2541,6097195,248239.80644,-0.0009772782799927,ARPA-USDT,0.0405130209625713,0.0405782804706743,
2022-07-10 04:00:00,0.04087,0.04119,0.04063,0.04113,19993546,817484.27683,3414,10795118,441447.90419,-0.0002430724355858,ARPA-USDT,0.040885945474015,0.0408553876844786,
2022-07-10 05:00:00,0.0411,0.04215,0.04103,0.04201,81309141,3395205.14244,6950,42206626,1763223.65772,-0.0014261944378417,ARPA-USDT,0.0410935384325342,0.0410709148948677,
2022-07-10 06:00:00,0.04199,0.04206,0.0410899999999999,0.04138,34074091,1416121.05933,6045,15156903,629984.16806,-0.0007244626901714,ARPA-USDT,0.0419851397558184,0.0419100479642395,
2022-07-10 07:00:00,0.04138,0.0417,0.04115,0.0413199999999999,74419156,3083674.90257,6618,36799959,1524428.99008,-0.0007255139056856,ARPA-USDT,0.0413622088184111,0.0413095651239103,
2022-07-10 08:00:00,0.04133,0.04144,0.04076,0.04092,30368314,1246701.02257,5487,11795987,484441.98284,-0.0019512195121952,ARPA-USDT,0.0413250480695618,0.0413189511678578,0.0001
2022-07-10 09:00:00,0.04095,0.04129,0.04091,0.04105,14752075,606213.96938,2674,5670320,233079.99706,-0.0009734728644438,ARPA-USDT,0.0409343647108876,0.0409852486682315,
2022-07-10 10:00:00,0.04104,0.0411,0.0406,0.0408399999999999,14649963,598925.9263,2741,6071777,248312.11393,-0.0004894762604038,ARPA-USDT,0.0410537496866302,0.0410397452507317,
2022-07-10 11:00:00,0.0408399999999999,0.04094,0.0403699999999999,0.04054,22025260,894641.63166,4001,9126078,370798.37278,-0.0012318305001232,ARPA-USDT,0.0408863662209364,0.0409026989519192,
2022-07-10 12:00:00,0.04054,0.04094,0.04046,0.04071,17896201,728064.38184,3416,8601169,349990.1419,-0.0002455795677798,ARPA-USDT,0.0405606226160331,0.0405748669116967,
2022-07-10 13:00:00,0.0407,0.0407,0.03943,0.03967,41201516,1648372.65493,6257,16374569,655325.5687599999,-0.0005039052658102,ARPA-USDT,0.0406755968003189,0.0406365662732375,
2022-07-10 14:00:00,0.03968,0.03968,0.03885,0.039,40475862,1587500.21603,6109,16149132,633032.48879,-0.0002563445270443,ARPA-USDT,0.0396213331890988,0.0395260564554963,
2022-07-10 15:00:00,0.03899,0.0393,0.03893,0.03907,17173236,671723.15362,2939,7646472,299160.36483,-0.000255885363357,ARPA-USDT,0.0389900980964543,0.0390294813227978,
2022-07-10 16:00:00,0.03906,0.03959,0.0387,0.03949,22606043,884518.03964,3519,10660512,417231.01636,-0.0020217336365935,ARPA-USDT,0.0390909430511841,0.0390816714629538,1.784e-05
2022-07-10 17:00:00,0.0395,0.0396199999999999,0.03918,0.0393899999999999,11738701,462387.37235,2323,5807772,228814.50535,-0.000507485409797,ARPA-USDT,0.039500402442748,0.0395129856584295,
2022-07-10 18:00:00,0.0393899999999999,0.0394399999999999,0.03914,0.03937,9805357,385325.34961,1800,5575368,219104.08674,-0.0010149708195889,ARPA-USDT,0.0394123716024733,0.0394269280835477,
2022-07-10 19:00:00,0.03938,0.03951,0.03911,0.03951,12178493,478232.27007,1833,5623750,220937.27247,-0.0002530364372468,ARPA-USDT,0.039341735802933,0.0392769480142844,
2022-07-10 20:00:00,0.03952,0.0396399999999999,0.03932,0.03956,13204536,521549.10724,2535,5699938,225126.93655,0.0010121457489877,ARPA-USDT,0.0394699903971995,0.0394643621294082,
2022-07-10 21:00:00,0.03956,0.0398,0.03948,0.03954,12286186,487058.49349,2415,5536918,219506.06999,-0.0010106114199089,ARPA-USDT,0.0395442675899134,0.0395730506327836,
2022-07-10 22:00:00,0.03953,0.03958,0.03902,0.03953,12483534,490417.02847,2417,6138649,241199.20956,-0.0002529084471419,ARPA-USDT,0.0394873192755352,0.0393074526827615,
2022-07-10 23:00:00,0.03952,0.03955,0.0392,0.03946,7607477,299501.12214,1674,3292311,129591.50256,-0.0002533569799847,ARPA-USDT,0.0395300953918447,0.039395365267168,
2022-07-11 00:00:00,0.03947,0.03956,0.03886,0.03933,14280523,560050.34986,2860,6713870,263222.25103,-0.0010160020320042,ARPA-USDT,0.0393849997855707,0.0392989314344808,0.0001
2022-07-11 01:00:00,0.03934,0.03938,0.03848,0.03863,12986108,504789.3447,2532,5583918,217206.95338,-0.0007759958613554,ARPA-USDT,0.0393511796475539,0.0393314741022439,
2022-07-11 02:00:00,0.03864,0.03906,0.03858,0.03878,8122123,315202.25329,1993,3483492,135148.73536,-0.001544799176107,ARPA-USDT,0.0386810143771292,0.0387182691383692,
2022-07-11 03:00:00,0.03877,0.03921,0.03865,0.03913,6386825,249121.84476,1455,3009887,117382.10953,-0.0005108556832694,ARPA-USDT,0.0388118912210431,0.0387943433735274,
2022-07-11 04:00:00,0.03911,0.03931,0.03888,0.0391699999999999,8449291,330357.20259,1934,3874806,151500.44777,-0.0002552322613603,ARPA-USDT,0.0391375630432149,0.0391874671954569,
2022-07-11 05:00:00,0.0391699999999999,0.03959,0.03904,0.0391899999999999,11987718,470861.47693,2440,6266467,246107.64502,-0.0005100739607268,ARPA-USDT,0.0391552250341185,0.0391271370171339,
2022-07-11 06:00:00,0.0391899999999999,0.03943,0.03884,0.03911,17277342,676813.97415,3765,9138671,357863.40087,-0.0005111167901865,ARPA-USDT,0.0391845211641609,0.0391917912519468,
2022-07-11 07:00:00,0.0391,0.03976,0.03904,0.03958,20837778,822049.5815099999,4156,10515847,414688.90298,0.000252716704574,ARPA-USDT,0.0390773022866527,0.0391180254629335,
2022-07-11 08:00:00,0.03957,0.03985,0.03941,0.03965,14544251,576404.97468,3068,8070126,319780.16335,-0.0015109544195417,ARPA-USDT,0.0395183964529046,0.0395941546593173,0.0001
2022-07-11 09:00:00,0.03967,0.03993,0.03952,0.03952,13299754,528540.59173,2436,6125671,243489.87925,-0.0005058168942841,ARPA-USDT,0.0396667611674944,0.0397220216800461,
2022-07-11 10:00:00,0.03952,0.03973,0.03929,0.03935,10013334,395849.77944,2134,4832015,191108.60435,0.0,ARPA-USDT,0.0395185965847045,0.0395494716523489,
2022-07-11 11:00:00,0.03936,0.03945,0.03905,0.03915,7921251,310945.18166,1892,3067455,120484.03712,-0.0002553626149132,ARPA-USDT,0.0392848868675582,0.039261973763516,
2022-07-11 12:00:00,0.03914,0.03961,0.03901,0.03949,9270701,364101.53851,2267,4428012,173899.53219,-0.0010118897040224,ARPA-USDT,0.0391073094359665,0.0391005510263165,
2022-07-11 13:00:00,0.0395,0.03957,0.03871,0.03883,17330131,677298.61924,3249,6669687,260628.92957,0.0005153311002321,ARPA-USDT,0.0394610486439787,0.0394776857652956,
2022-07-11 14:00:00,0.03882,0.03937,0.03856,0.03904,19250824,749242.3315,3832,9776920,380628.14566,-0.0007678525723061,ARPA-USDT,0.0387677492146005,0.0387996786119734,
2022-07-11 15:00:00,0.03905,0.03945,0.039,0.03928,10987449,430384.39565,2581,5524889,216415.43609,-0.0005089058524172,ARPA-USDT,0.0390367858941099,0.039051027252933,
2022-07-11 16:00:00,0.0393,0.03938,0.03891,0.03893,15837141,618706.96082,4098,6999815,273423.6323,-0.0010264305876315,ARPA-USDT,0.039312406256263,0.0391799772717106,0.0001
2022-07-11 17:00:00,0.0389199999999999,0.03935,0.0389199999999999,0.0391699999999999,8974974,351828.65481,2011,4485175,175849.97367,-0.0005103342689487,ARPA-USDT,0.0389420345332496,0.0389781555313897,
2022-07-11 18:00:00,0.03918,0.03928,0.03896,0.0391,7786631,304519.50165,1981,3318396,129785.71955,-0.0010219724067449,ARPA-USDT,0.039207843722714,0.0391145497369306,
2022-07-11 19:00:00,0.03908,0.03918,0.03888,0.0389399999999999,7206762,281024.71335,1736,3381689,131889.46219,-0.0012823800974633,ARPA-USDT,0.0391006555909956,0.0390580197231419,
2022-07-11 20:00:00,0.03895,0.0391699999999999,0.0382,0.03838,18249657,703322.93542,4277,7187370,277093.46093,-0.0007810466024473,ARPA-USDT,0.0389667436648629,0.0390022999639004,
2022-07-11 21:00:00,0.0384,0.03846,0.037,0.03744,27354588,1031037.85384,4629,10502014,396150.86438,-0.00080064051241,ARPA-USDT,0.0383296253065844,0.0383152817982128,
2022-07-11 22:00:00,0.03745,0.0374699999999999,0.0355,0.03567,63324665,2299810.49289,9681,25923664,941242.17661,-0.0011201344161299,ARPA-USDT,0.0373492472316254,0.0370562389103771,
2022-07-11 23:00:00,0.03567,0.03616,0.03555,0.03578,24514049,878545.97938,4430,12522886,449059.64434,-0.001674107142857,ARPA-USDT,0.0356619917791511,0.0356462381539153,
2022-07-12 00:00:00,0.03578,0.03626,0.03556,0.03558,21233626,762793.5965,4081,10601324,381068.95446,-0.0019635343618513,ARPA-USDT,0.0357271428658412,0.0357937135963283,2.819e-05
2022-07-12 01:00:00,0.03559,0.03592,0.03498,0.03507,22582755,800581.37483,3945,10619813,376825.04758,-0.0011392765593849,ARPA-USDT,0.0356665407202239,0.0357886187864973,
2022-07-12 02:00:00,0.03507,0.03546,0.03496,0.03533,18722806,659113.72763,3555,9395244,330885.67834,-0.0019774011299434,ARPA-USDT,0.0350214398104789,0.0350774311724341,
2022-07-12 03:00:00,0.03532,0.03547,0.03493,0.03531,12893929,453936.46086,2337,5903693,207873.01529,-0.0019785189372526,ARPA-USDT,0.0353093245356301,0.0353869999341942,
2022-07-12 04:00:00,0.0352899999999999,0.03572,0.03528,0.03562,12121098,430601.77958,2138,6244598,221842.84287,-0.0019613337069207,ARPA-USDT,0.0352950135033112,0.0353327339589039,
2022-07-12 05:00:00,0.03563,0.03598,0.03558,0.03569,9222980,330132.93972,2092,4761236,170443.7771,-0.0019574944071588,ARPA-USDT,0.0356120869123037,0.0356543535493882,
2022-07-12 06:00:00,0.03568,0.03581,0.03542,0.03555,9180909,327201.37475,2140,4585060,163443.94211,-0.0014044943820225,ARPA-USDT,0.0356639840832421,0.0356884813460863,
2022-07-12 07:00:00,0.03555,0.03558,0.03503,0.0354,17853104,630198.70314,2972,9177120,323950.93774,-0.0008467400508044,ARPA-USDT,0.0355178116309403,0.0354937866143225,
2022-07-12 08:00:00,0.03539,0.0358,0.03523,0.03558,15762231,559928.34485,2920,8459218,300473.66094000003,-0.0019635343618513,ARPA-USDT,0.0353690143729291,0.0353227692802131,-7.156e-05
2022-07-12 09:00:00,0.03558,0.03564,0.03482,0.0348399999999999,17435793,612742.78718,3299,8572873,301525.03573,-0.0028620492272495,ARPA-USDT,0.0355849696440302,0.0355387177364935,
2022-07-12 10:00:00,0.03488,0.03541,0.03483,0.03514,16089369,565758.97447,2890,9252717,325430.80848,-0.0014208581983518,ARPA-USDT,0.0348846493769921,0.0348894883165603,
2022-07-12 11:00:00,0.03513,0.03573,0.03503,0.03563,17812319,631181.5177,3132,9417254,333814.87247,-0.0014013452914798,ARPA-USDT,0.0350984548496082,0.035108605552682,
2022-07-12 12:00:00,0.03561,0.03585,0.03542,0.03557,17696953,630326.74892,3156,7371566,262753.49021,-0.0016839741790627,ARPA-USDT,0.0356488014408684,0.0357008608604282,
2022-07-12 13:00:00,0.03556,0.03584,0.03537,0.03551,18895218,673022.26043,3087,8799139,313521.36489,-0.0008441193021947,ARPA-USDT,0.035529824309103,0.0355257055074016,
2022-07-12 14:00:00,0.03549,0.03582,0.03536,0.0357699999999999,12953036,460783.13948,2201,6725830,239218.86804,-0.0008379888268184,ARPA-USDT,0.0354322951058073,0.0354354463778734,
2022-07-12 15:00:00,0.03576,0.03609,0.03573,0.03599,17923783,643752.51627,2789,8594343,308665.71111,-0.0022179096201828,ARPA-USDT,0.0357601777136598,0.0358179308470067,
2022-07-12 16:00:00,0.03599,0.0368,0.03599,0.0362899999999999,28694889,1044681.93134,6162,14890042,542253.26001,-0.0005508124483641,ARPA-USDT,0.0360424295666548,0.0360990166408556,-0.00024543
2022-07-12 17:00:00,0.03628,0.03634,0.03573,0.0359,15114277,543693.57525,2706,7151152,257307.09369,-0.0016685205784203,ARPA-USDT,0.0362899997228914,0.0362274657238187,
2022-07-12 18:00:00,0.03589,0.03621,0.03566,0.03587,15027756,540185.1117,2769,8028105,288717.39094,-0.0022253129346315,ARPA-USDT,0.0359535183974598,0.0358677108789486,
2022-07-12 19:00:00,0.03585,0.03594,0.03525,0.03553,17617108,626834.22591,3105,7475652,266058.50572,-0.0019662921348314,ARPA-USDT,0.0358052625321807,0.0358528368198732,
2022-07-12 20:00:00,0.0355399999999999,0.0358,0.0353,0.03556,9037292,321189.87142,1656,4564587,162225.32077,0.0008443568815086,ARPA-USDT,0.0355680892273568,0.035548459588885,
2022-07-12 21:00:00,0.03555,0.03556,0.03507,0.03511,22072117,777364.02506,3196,11469847,404008.7476,-0.0014220705346983,ARPA-USDT,0.0355182266902802,0.0354392334306345,
2022-07-12 22:00:00,0.03512,0.03546,0.03493,0.03533,15459895,544181.85848,2556,8237160,290050.24313,0.0,ARPA-USDT,0.0351354172766904,0.0350486743250795,
2022-07-12 23:00:00,0.03532,0.03564,0.03477,0.03481,14410942,507340.45609,2792,7523755,265050.14484,0.0,ARPA-USDT,0.0352980347749363,0.0353233758607035,
2022-07-13 00:00:00,0.0348,0.03523,0.03428,0.03507,17780436,617525.94699,3485,8537244,296702.76843,-0.0005699629524082,ARPA-USDT,0.0348544289547503,0.0345416826044373,-0.00015571
2022-07-13 01:00:00,0.03508,0.03544,0.03496,0.03526,8756221,308145.62918,1649,4550965,160154.30721,-0.0011331444759206,ARPA-USDT,0.0350658954696404,0.0350855293492242,
2022-07-13 02:00:00,0.0352699999999999,0.03547,0.03513,0.03514,10043135,354432.69979,1577,5475455,193291.7616,-0.0017045454545455,ARPA-USDT,0.0352348262226792,0.0352830366299858,
2022-07-13 03:00:00,0.03515,0.03545,0.0350199999999999,0.03513,9786523,344618.71597,1737,6394865,225211.19595,-0.0017050298380221,ARPA-USDT,0.0351692650191197,0.0352652712468671,
2022-07-13 04:00:00,0.03514,0.0357899999999999,0.03514,0.03537,12762176,452942.95494,2574,7105659,252237.32703,0.0,ARPA-USDT,0.0352132946577699,0.0353241571705603,
2022-07-13 05:00:00,0.03537,0.0357,0.03499,0.03536,11857399,418863.65039,2124,6323374,223426.56738,-0.0005652911249293,ARPA-USDT,0.0353555146314836,0.0353804585375192,
2022-07-13 06:00:00,0.03535,0.03566,0.03524,0.03564,6629502,234624.48532,1695,3023739,107023.78112,-0.0008410428931876,ARPA-USDT,0.0353864570656803,0.0353618907774974,
2022-07-13 07:00:00,0.03563,0.03583,0.03528,0.03581,32042705,1138551.72029,3073,15671581,556916.02131,0.0002793296089387,ARPA-USDT,0.0356204578987955,0.0355558391413164,
2022-07-13 08:00:00,0.0358,0.0360399999999999,0.03565,0.0359,11627137,416977.30455,2395,5217642,187176.78935,-0.0016685205784203,ARPA-USDT,0.0357994876895345,0.0358269667840987,-0.00027325
2022-07-13 09:00:00,0.0359,0.03597,0.03555,0.03566,9070253,324541.92095,1803,3953720,141442.06977,-0.0002803476310625,ARPA-USDT,0.0359331263408603,0.0359142573298371,
2022-07-13 10:00:00,0.03564,0.03567,0.0353399999999999,0.03547,10560294,374869.59755,2025,5228933,185599.6904,-0.0011264432554209,ARPA-USDT,0.0356539940873065,0.0356198237283881,
2022-07-13 11:00:00,0.03546,0.03575,0.03536,0.03563,6814176,242442.42951,1690,3706188,131907.33566,-0.0011213905242499,ARPA-USDT,0.0354609166542418,0.0354344028193795,
2022-07-13 12:00:00,0.03566,0.03606,0.0333399999999999,0.03383,53276845,1838913.81566,8204,25053282,865355.21876,-0.0005908419497784,ARPA-USDT,0.0356422355628821,0.035672851980807,
2022-07-13 13:00:00,0.03383,0.034,0.03318,0.03399,27784563,932877.72118,4874,12538113,421177.62354,-0.0011754334410813,ARPA-USDT,0.0336387834527652,0.0337540581558331,
2022-07-13 14:00:00,0.03399,0.03499,0.0338399999999999,0.0348,20218231,695135.59027,3460,10251606,352499.08647,-0.0014347202295552,ARPA-USDT,0.0339333834095658,0.0340137384239438,
2022-07-13 15:00:00,0.03481,0.03549,0.03429,0.0343399999999999,26012848,905376.49365,4018,11427779,397881.45584,-0.0011634671320565,ARPA-USDT,0.0351945982708973,0.0349690376193038,
2022-07-13 16:00:00,0.03431,0.03475,0.03413,0.03471,7794060,267794.03224,1883,4145198,142499.43407,-0.0017256255392581,ARPA-USDT,0.034324091226708,0.0343224333819821,-0.00033275
2022-07-13 17:00:00,0.03472,0.03533,0.03465,0.03528,19586116,686674.17842,3080,10503394,368301.33689,-0.0011325028312569,ARPA-USDT,0.0346968207657582,0.0348988403451658,
2022-07-13 18:00:00,0.0352699999999999,0.03528,0.03483,0.0350899999999999,11337012,397073.20605,2091,6135742,214954.27426,-0.0014228799089385,ARPA-USDT,0.0351970486582001,0.0350151299635712,
2022-07-13 19:00:00,0.0351,0.03515,0.03475,0.03485,5238160,183056.14936,1242,2250444,78658.59457,-0.0014326647564469,ARPA-USDT,0.0350734578527777,0.0350757053778569,
2022-07-13 20:00:00,0.0348399999999999,0.03495,0.03471,0.0348,5533955,192737.95763,1300,2331103,81191.70643,-0.0022935779816515,ARPA-USDT,0.0348498884313834,0.0348825516169837,
2022-07-13 21:00:00,0.03481,0.03524,0.03475,0.03522,5358914,187535.76858,1201,2882155,100843.39806,-0.0017006802721087,ARPA-USDT,0.0348042384110755,0.0347980553586508,
2022-07-13 22:00:00,0.03521,0.03558,0.03518,0.03522,8167148,288822.36468,1932,4221234,149293.25573,-0.0025488530161427,ARPA-USDT,0.0352268218590061,0.0353582033421871,
2022-07-13 23:00:00,0.03521,0.03605,0.03519,0.03599,12985784,464269.01357,2647,6153315,220075.17273,-0.0002777777777777,ARPA-USDT,0.0352073022129331,0.0353599215983749,
2022-07-14 00:00:00,0.03597,0.0361,0.03567,0.03582,11662874,418457.02234,2684,5296546,190153.87345,-0.000836820083682,ARPA-USDT,0.0359823046154807,0.0360093664735728,-0.00031172
2022-07-14 01:00:00,0.03581,0.03615,0.03561,0.0357699999999999,8265996,296181.77778,1886,3441055,123356.23424,-0.0005588153115424,ARPA-USDT,0.035823714995757,0.0358202486862009,
2022-07-14 02:00:00,0.0357699999999999,0.03587,0.03546,0.0355399999999999,5090858,181599.53798,1598,2097336,74865.43811,-0.0014048890137706,ARPA-USDT,0.0357752678295292,0.0357323905520422,
2022-07-14 03:00:00,0.03556,0.03607,0.03555,0.03584,6259713,224526.68923,1580,3246351,116455.82242,0.0,ARPA-USDT,0.035603349089779,0.0357345559871912,
2022-07-14 04:00:00,0.03582,0.03599,0.03551,0.03556,7231902,258650.16247,1638,3303183,118160.54277,-0.0011235955056179,ARPA-USDT,0.0358392937681002,0.0358454150123053,
2022-07-14 05:00:00,0.03555,0.03595,0.03555,0.03576,4705469,168275.1166,1323,2582399,92355.54673,-0.0005589714924538,ARPA-USDT,0.0355880970604707,0.0355907175107094,
2022-07-14 06:00:00,0.03576,0.03576,0.03539,0.03568,5592517,199053.77586,1304,2500988,88995.49167,-0.0005602240896358,ARPA-USDT,0.0357364976052001,0.0357176557077061,
2022-07-14 07:00:00,0.03568,0.03572,0.0353,0.03538,6156209,218335.2955,1498,3041421,107892.90788,-0.0014112334180074,ARPA-USDT,0.03570760769246,0.0356499240333868,
2022-07-14 08:00:00,0.03539,0.03555,0.03496,0.03499,8382983,295513.51011,1926,3608420,127275.77907,-0.0002857142857143,ARPA-USDT,0.0353812978650137,0.0354716121859773,5.795e-05
2022-07-14 09:00:00,0.035,0.035,0.03465,0.03498,7155924,249321.6407,1670,3700757,128956.94604,-0.0017123287671234,ARPA-USDT,0.0349298355535942,0.0349036841491848,
2022-07-14 10:00:00,0.035,0.03621,0.03486,0.03594,30486495,1088260.18019,5137,16486381,587951.5385799999,-0.0019439044709802,ARPA-USDT,0.034990403992779,0.0349916938079315,
2022-07-14 11:00:00,0.03595,0.03595,0.03518,0.03541,26953133,956741.94316,4395,14986810,532086.80827,-0.0011283497884345,ARPA-USDT,0.0358408200929611,0.0357211166843059,
2022-07-14 12:00:00,0.03538,0.0356,0.03506,0.03551,13861433,489782.53382,2529,6648634,234871.41795,-0.00112517580872,ARPA-USDT,0.0353599166433174,0.0352853948584453,
2022-07-14 13:00:00,0.0355,0.03558,0.0350899999999999,0.03532,15251732,538468.97849,2345,6050139,213657.05638,-0.0016958733747881,ARPA-USDT,0.0354757887086047,0.035524487417586,
2022-07-14 14:00:00,0.03532,0.03561,0.03511,0.03544,12750124,449909.62043,2209,6942668,244905.62911,-0.0005640157924421,ARPA-USDT,0.0353229582674001,0.0352344518752492,
2022-07-14 15:00:00,0.03547,0.03613,0.03543,0.03596,17089685,612474.32526,3026,7571178,271173.90204,-0.0013885031935574,ARPA-USDT,0.035480848425975,0.0355171148099683,
2022-07-14 16:00:00,0.03595,0.03628,0.03567,0.03575,16267182,585676.7389700001,2567,7764404,279623.20812,-0.0011176306230792,ARPA-USDT,0.0360285891757118,0.0361297220371845,-0.00033028
2022-07-14 17:00:00,0.0357699999999999,0.03657,0.03571,0.03646,17210566,623480.93568,3193,8952564,324193.039,-0.0010958904109588,ARPA-USDT,0.0357924719842301,0.0357595618190625,
2022-07-14 18:00:00,0.03646,0.03692,0.03628,0.0367399999999999,19736987,723006.91784,3406,10934956,400621.14992,-0.001359064963308,ARPA-USDT,0.0364969377359148,0.0365158247391151,
2022-07-14 19:00:00,0.0367399999999999,0.03685,0.03631,0.03632,11230139,410970.6218,2255,5001920,183084.61137,-0.0011001100110012,ARPA-USDT,0.0367292609937496,0.0367655596358422,
2022-07-14 20:00:00,0.03635,0.03642,0.03621,0.03631,8379093,304335.32597,1959,3913917,142157.89331,-0.000825536598789,ARPA-USDT,0.0362968578261922,0.0363309451704198,
2022-07-14 21:00:00,0.0363,0.03638,0.03581,0.03588,6550112,236576.64741,1619,1618911,58495.54185,0.0002787844995819,ARPA-USDT,0.0363022366106405,0.0363278574313693,
2022-07-14 22:00:00,0.03588,0.03612,0.0358,0.0360199999999999,5176140,186058.51814,1367,2435951,87573.38190000001,-0.001386193512617,ARPA-USDT,0.0359250487645609,0.0359583618984543,
2022-07-14 23:00:00,0.0360199999999999,0.0365,0.03598,0.03617,6224952,225783.15051,1660,3436168,124737.20377,-0.0005526388505111,ARPA-USDT,0.0360761290712348,0.0360581635947664,
2022-07-15 00:00:00,0.03616,0.03632,0.03594,0.03614,7633530,275745.62852,2090,3888617,140455.46051,-0.0008294166436273,ARPA-USDT,0.0361261676099041,0.0362187387587201,-0.00013781
2022-07-15 01:00:00,0.03612,0.03665,0.03603,0.0366,5090550,184581.41646,1522,2845473,103153.29474,-0.0008190008190008,ARPA-USDT,0.0361531398437298,0.0360987676445064,
2022-07-15 02:00:00,0.0366,0.03678,0.03607,0.03621,8589182,312462.69747,2152,3822617,139099.80651,0.0,ARPA-USDT,0.0366490945558027,0.0366017701855896,
2022-07-15 03:00:00,0.03621,0.03666,0.03619,0.03657,4527749,164665.05947,1390,2296857,83501.91494,-0.0021828103683493,ARPA-USDT,0.0362289734071197,0.0362431203884495,
2022-07-15 04:00:00,0.03657,0.03673,0.03619,0.0363,8842854,322379.76945,1912,3914027,142741.43803,-0.0002754062241807,ARPA-USDT,0.0366066556524287,0.0365964188733582,
2022-07-15 05:00:00,0.0362899999999999,0.0365399999999999,0.03614,0.03653,4713050,171458.56837,1326,2336785,85009.25641,0.0008219178082191,ARPA-USDT,0.0363074694371368,0.0363153168164674,
2022-07-15 06:00:00,0.03653,0.03655,0.03616,0.03622,7521380,273471.65178,1506,2762011,100518.68476,-0.0011031439602867,ARPA-USDT,0.0365205964366287,0.0364975887914433,
2022-07-15 07:00:00,0.03623,0.03682,0.03608,0.03673,13604647,496528.18707,2690,6148635,224592.84404,-0.0002721829069135,ARPA-USDT,0.0362044057949238,0.0361745463369942,
2022-07-15 08:00:00,0.0367199999999999,0.03738,0.03668,0.03703,29833896,1104152.24658,5405,15923457,589545.52306,-0.0002699784017277,ARPA-USDT,0.0367178773865895,0.0367481193700741,0.0001
2022-07-15 09:00:00,0.03701,0.03753,0.03689,0.03705,19317809,718533.85523,3341,9403119,349715.60398,-0.0016168148746967,ARPA-USDT,0.036989166385066,0.0369564919666572,
2022-07-15 10:00:00,0.03706,0.03714,0.03667,0.03694,12217962,450969.08543,2448,5414001,199868.84543,-0.0005411255411255,ARPA-USDT,0.037067057630751,0.0370047317709335,
2022-07-15 11:00:00,0.03693,0.03706,0.0365399999999999,0.03657,13201656,485696.60621,2476,4923234,181217.17291,-0.0010925976509149,ARPA-USDT,0.0369084369797986,0.0369438149639494,
2022-07-15 12:00:00,0.03657,0.03715,0.0365399999999999,0.03698,13637231,502501.74067,2634,6115035,225332.54475,-0.0008105917319644,ARPA-USDT,0.0365883638303547,0.0366043494491335,
2022-07-15 13:00:00,0.03696,0.03713,0.03656,0.0367199999999999,13599226,500923.30744,2312,5479964,202026.8759,-0.0016313213703127,ARPA-USDT,0.0369671306449447,0.0369793814275703,
2022-07-15 14:00:00,0.03675,0.0369699999999999,0.03653,0.03658,8030213,294970.3869,1711,3422989,125823.12008,-0.0010922992900054,ARPA-USDT,0.0368131746404896,0.0367526721508843,
2022-07-15 15:00:00,0.03656,0.0367,0.03606,0.03611,9831117,357653.20133,2112,3359733,122244.78009,-0.0013827433628317,ARPA-USDT,0.0365408320998467,0.0365633045396716,
2022-07-15 16:00:00,0.03611,0.03626,0.03533,0.03597,25160922,900374.02663,4450,12054115,431473.35934,-0.0019422863485016,ARPA-USDT,0.0361244915743413,0.0361365448546136,3.7e-05
2022-07-15 17:00:00,0.03596,0.03641,0.03589,0.03593,6799711,245682.51897,1535,2881828,104108.27223,-0.0011120378092857,ARPA-USDT,0.0359759766093032,0.0360110471322577,
2022-07-15 18:00:00,0.03592,0.03676,0.03587,0.0367399999999999,7110550,258670.02734,1794,4176146,151919.75884,-0.001359064963308,ARPA-USDT,0.0359088405757617,0.035919619065615,
2022-07-15 19:00:00,0.03675,0.03683,0.0362399999999999,0.03673,13398029,489445.57825,2282,6651351,242966.32722,-0.0008161044613711,ARPA-USDT,0.036777846334195,0.0367368377480859,
2022-07-15 20:00:00,0.03673,0.03688,0.0361,0.03639,13871600,506086.35271,2811,6258136,228177.73745,-0.0005492996429552,ARPA-USDT,0.0367221874177415,0.0366461756665084,
2022-07-15 21:00:00,0.03638,0.03666,0.03606,0.03665,7340797,266997.49972,1665,4186067,152149.69707,0.0,ARPA-USDT,0.0363850368983957,0.036379525442345,
2022-07-15 22:00:00,0.03662,0.03669,0.03628,0.03646,5611005,204947.51962,1379,3433148,125375.5303,-0.0019162332329591,ARPA-USDT,0.0366397609514605,0.0366317889553107,
2022-07-15 23:00:00,0.0364699999999999,0.03667,0.03593,0.03594,8180341,296807.69624,2072,3183698,115598.79284,-0.0036041031327972,ARPA-USDT,0.0364766474306128,0.0364756177194974,
2022-07-16 00:00:00,0.03595,0.03614,0.0354,0.0355399999999999,20046506,716211.04022,5807,9281262,331490.01373,-0.0022459292532313,ARPA-USDT,0.0360461565058902,0.0360214503103314,4.978e-05
2022-07-16 01:00:00,0.03553,0.0358,0.03546,0.0357,5691452,202745.62749,1461,2396299,85379.0285,-0.0013986013986012,ARPA-USDT,0.0355667141109379,0.0355979455706797,
2022-07-16 02:00:00,0.0357,0.03596,0.03548,0.03591,7915736,282672.89406,1838,4963546,177333.38332,-0.0013904338153504,ARPA-USDT,0.0357283776937051,0.0356560997786578,
2022-07-16 03:00:00,0.03592,0.03599,0.0358,0.03591,5581260,200267.49627,1195,3461179,124209.03416,-0.0011126564673158,ARPA-USDT,0.0358996359924633,0.0358719110973816,
2022-07-16 04:00:00,0.03591,0.03607,0.03568,0.03606,5259813,188617.55649,1341,2691321,96517.17181,-0.0008312551953448,ARPA-USDT,0.0359537147489486,0.0358982796461747,
2022-07-16 05:00:00,0.03605,0.03607,0.03576,0.03578,3054385,109796.27541,863,1174659,42229.66324,-0.0022308979364195,ARPA-USDT,0.0360229430475613,0.0360063922484221,
2022-07-16 06:00:00,0.0357699999999999,0.03586,0.03559,0.03573,7591961,271265.74009,1670,2991035,106864.5469,-0.0016764459346186,ARPA-USDT,0.0357799886973787,0.0357668673579931,
2022-07-16 07:00:00,0.03572,0.03599,0.03563,0.0357,5755901,205904.54815,1308,2174896,77785.46176,-0.0011191941801902,ARPA-USDT,0.0357421898965909,0.035725834230388,
2022-07-16 08:00:00,0.0357,0.03612,0.03568,0.03584,16119172,579148.58359,3278,6262971,224994.03639,0.0008377548170901,ARPA-USDT,0.0357041372303068,0.0357919501655075,-0.00030741
2022-07-16 09:00:00,0.03584,0.0359,0.03564,0.03571,6039078,215987.68235,1199,2906161,103935.44828,0.0005603810591201,ARPA-USDT,0.035822390606724,0.0357702797241211,
2022-07-16 10:00:00,0.03573,0.03588,0.03563,0.03571,4788917,171176.80996,1093,2402156,85860.52609,-0.0005597537083682,ARPA-USDT,0.0357284766893381,0.0357312763017405,
2022-07-16 11:00:00,0.03571,0.03587,0.03561,0.0357699999999999,4568601,163362.11888,1031,2512076,89822.09474,-0.0002794857462297,ARPA-USDT,0.035726930272984,0.0357084215564505,
2022-07-16 12:00:00,0.03574,0.03612,0.03566,0.0360399999999999,7493671,268993.72743,1951,4179207,150048.48952,-0.0016620498614986,ARPA-USDT,0.0357488339045007,0.0357332966758583,
2022-07-16 13:00:00,0.03603,0.03659,0.03599,0.0364699999999999,30698795,1114731.03445,3688,15999606,581340.59813,-0.0002741228070203,ARPA-USDT,0.0360437270476583,0.0360519557610133,
2022-07-16 14:00:00,0.03646,0.03653,0.03591,0.03631,99221739,3593960.59279,13602,53839903,1950781.61002,-0.000825536598789,ARPA-USDT,0.0364029099970706,0.0363814555985172,
2022-07-16 15:00:00,0.03633,0.0365,0.03616,0.03648,37317638,1355850.13286,5530,19899534,723276.20334,-0.0002740476842971,ARPA-USDT,0.0363528438825343,0.0363305989220241,
2022-07-16 16:00:00,0.03645,0.0372,0.03633,0.03688,98199068,3606495.79994,12642,49130336,1804544.32765,-0.0005420054200542,ARPA-USDT,0.0364716700470905,0.0364596989523587,0.0001
2022-07-16 17:00:00,0.03688,0.0371,0.0364699999999999,0.03653,23392439,862271.18297,3540,10004915,369088.47744,-0.0019125683060109,ARPA-USDT,0.0369010306715506,0.0369657325329955,
2022-07-16 18:00:00,0.03652,0.03684,0.0365,0.03667,13842354,507619.26474,2319,7218063,264748.23804,-0.0029907558455681,ARPA-USDT,0.0365833097848787,0.036677109270245,
2022-07-16 19:00:00,0.03665,0.03693,0.0365,0.0365399999999999,10396588,381370.05837,1939,5247947,192607.50382,-0.0010934937124139,ARPA-USDT,0.0366733229551045,0.0366951405007554,
2022-07-16 20:00:00,0.03655,0.0367,0.03633,0.0366,14398544,525923.66769,2364,8548738,312415.39764,-0.0002731494127286,ARPA-USDT,0.0365360732841856,0.0365630938547429,
2022-07-16 21:00:00,0.0366,0.03681,0.03637,0.03673,9912401,363112.6403,1821,6003188,219942.78739,-0.0005442176870747,ARPA-USDT,0.0365773039709211,0.0365521114180224,
2022-07-16 22:00:00,0.0367199999999999,0.03691,0.0364899999999999,0.03684,9224009,338343.45797,1711,4706714,172700.91846000002,-0.0016260162601626,ARPA-USDT,0.0366547314082269,0.0365634333744601,
2022-07-16 23:00:00,0.03685,0.03688,0.03661,0.03682,5794263,212990.17186,1156,2275569,83660.43058,-0.000542888165038,ARPA-USDT,0.0368562716298799,0.0368364219915391,
2022-07-17 00:00:00,0.0367899999999999,0.03698,0.03664,0.03683,10492351,386445.55889,2632,5430346,200015.67222,-0.0005427408412482,ARPA-USDT,0.0368082298010556,0.0367990083210665,-0.00014425
2022-07-17 01:00:00,0.03682,0.03692,0.03643,0.0366,7671956,280841.19609,1557,3953608,144832.2157,-0.0005461496450026,ARPA-USDT,0.0368409448215106,0.0368715036447799,
2022-07-17 02:00:00,0.03661,0.03689,0.0364699999999999,0.03661,9695351,356163.83436,1348,5809619,213385.12999,-0.0005460005460007,ARPA-USDT,0.0366126865987564,0.0365991049681228,
2022-07-17 03:00:00,0.03661,0.03702,0.03661,0.0369,5860206,216138.72169,1205,3013596,111132.29623,0.0,ARPA-USDT,0.0366365092542491,0.0366386860927761,
2022-07-17 04:00:00,0.03691,0.03719,0.03682,0.03701,9958506,368482.52329,1901,4771340,176577.74149,-0.0013491635186184,ARPA-USDT,0.0369285074920419,0.0369980064211694,
2022-07-17 05:00:00,0.03702,0.03793,0.0369,0.03767,23640943,883543.60776,3811,13859492,518311.35295,-0.0015902464882056,ARPA-USDT,0.0370507975515619,0.0370014936982867,
2022-07-17 06:00:00,0.03766,0.03793,0.03735,0.0377399999999999,21497846,809016.02161,3628,11852205,446010.05276,-0.001058761249341,ARPA-USDT,0.0376726430333611,0.0376480811720153,
2022-07-17 07:00:00,0.03773,0.03785,0.03743,0.0375,13501206,508305.81457,2420,5685763,214112.26464,0.0008006405124099,ARPA-USDT,0.0377715915320966,0.0377328478910082,
2022-07-17 08:00:00,0.0374899999999999,0.03772,0.03712,0.0374,14957826,559470.77326,2505,7001414,261711.91103,0.0002674511901579,ARPA-USDT,0.0375070336390605,0.0376135755852226,-7.212e-05
2022-07-17 09:00:00,0.03741,0.0374899999999999,0.03686,0.0369899999999999,11018775,409169.42119,2234,5486939,203799.31552,-0.0008103727714775,ARPA-USDT,0.0373823514844981,0.0373710613840048,
2022-07-17 10:00:00,0.0369899999999999,0.03712,0.03667,0.03706,11567416,426517.34157,2197,5011470,184683.56639,0.0008101539292466,ARPA-USDT,0.0369784602551439,0.0370336392717428,
2022-07-17 11:00:00,0.03706,0.03719,0.03685,0.03715,6397772,236882.62342,1431,3221426,119244.40982,-0.0016124697661917,ARPA-USDT,0.037072313903129,0.0369421854379835,
2022-07-17 12:00:00,0.03717,0.0372,0.03684,0.0369,4709400,174330.64945,1361,1736527,64286.35723,-0.0008123476848089,ARPA-USDT,0.0371455557999767,0.0371127171665509,
2022-07-17 13:00:00,0.03687,0.03694,0.0364,0.0368,12472089,457483.53396,2514,5996302,219829.56754,-0.0021691973969631,ARPA-USDT,0.0368817521007823,0.0367569421396433,
2022-07-17 14:00:00,0.0368,0.03704,0.03668,0.03682,7470608,275457.44615,1634,3984514,146911.32207,0.0005434782608695,ARPA-USDT,0.036765630309466,0.036747489517684,
2022-07-17 15:00:00,0.03682,0.037,0.0367,0.03685,5705539,210327.90993,1214,2999028,110607.41279,-0.0005424464334147,ARPA-USDT,0.036839603973192,0.0368663781775857,
2022-07-17 16:00:00,0.03685,0.03705,0.03658,0.0368,9744151,358701.57357,2189,4493353,165490.17005000002,-0.0008145533532446,ARPA-USDT,0.0368629290400498,0.036891476503956,-1.96e-06
2022-07-17 17:00:00,0.03682,0.03738,0.03631,0.03645,14660024,540209.71116,2565,7744094,285594.82552,-0.00054839594187,ARPA-USDT,0.0368338836591242,0.0368195828194003,
2022-07-17 18:00:00,0.03645,0.03677,0.03633,0.03652,6385454,233559.84416,1699,3449127,126151.82932,-0.00109409190372,ARPA-USDT,0.0364602897431804,0.0365043832391358,
2022-07-17 19:00:00,0.0365399999999999,0.0368,0.03639,0.03667,6231454,228265.82922,1397,3035773,111208.80899,-0.0005451076587625,ARPA-USDT,0.0365384966766723,0.036579962981778,
2022-07-17 20:00:00,0.03665,0.03669,0.0362399999999999,0.03643,9613738,350673.21667,2018,4244295,154885.48705,-0.0010967918837402,ARPA-USDT,0.0366617434262445,0.0366504202308776,
2022-07-17 21:00:00,0.03646,0.03665,0.03631,0.03658,5763905,210521.49028,1197,2567364,93797.23693,-0.0013650013650013,ARPA-USDT,0.0364122983662707,0.0364079885926688,
2022-07-17 22:00:00,0.03659,0.03676,0.0365,0.03675,3929221,144055.68565,1074,2015637,73910.2835,0.0002721829069134,ARPA-USDT,0.0366210022620918,0.0366940871181195,
2022-07-17 23:00:00,0.03675,0.03681,0.0361,0.0362399999999999,6851705,249471.54789,1696,3572421,130033.52031,0.000552181115403,ARPA-USDT,0.0367540796689484,0.0366659163361909,
2022-07-18 00:00:00,0.03622,0.03648,0.0361,0.03628,10090461,366604.0061,2885,4843733,176026.43085,-0.0002755580049601,ARPA-USDT,0.0362165125467806,0.0361955884007352,4.246e-05
2022-07-18 01:00:00,0.03628,0.0368,0.03628,0.03673,5369929,196738.35215,1494,2652758,97133.67644,0.0010902153175251,ARPA-USDT,0.0363181505421964,0.0363684578060062,
2022-07-18 02:00:00,0.03673,0.0374699999999999,0.03673,0.03726,9959800,370016.82561,2239,5416242,201131.99182,-0.0005364806866952,ARPA-USDT,0.0367720601181392,0.0368492728534462,
2022-07-18 03:00:00,0.0373,0.03752,0.03711,0.03716,8102573,302496.07925,1760,3798857,141821.40418,0.0002691790040376,ARPA-USDT,0.0372988310758023,0.0373227507797333,
2022-07-18 04:00:00,0.03715,0.03735,0.03705,0.0372399999999999,9074730,337743.33441,1852,5203074,193658.29875,-0.0016085790884745,ARPA-USDT,0.0371626671613203,0.0372518688575701,
2022-07-18 05:00:00,0.03729,0.0377399999999999,0.03729,0.03766,13396053,502597.66616,2598,6855069,257285.54035,0.0002656042496678,ARPA-USDT,0.0373528863469661,0.0373446660059562,
2022-07-18 06:00:00,0.03765,0.0384,0.03733,0.03797,23302439,883578.04617,4858,10587095,401349.55557,-0.0007894736842105,ARPA-USDT,0.037654859717131,0.0375663927734793,
2022-07-18 07:00:00,0.03796,0.03803,0.03748,0.03779,11760931,444147.98328,2968,5369730,202858.5698,-0.0013213530655391,ARPA-USDT,0.0379227561512877,0.0378987482486182,
2022-07-18 08:00:00,0.03779,0.03815,0.03767,0.038,16800952,636101.62153,3475,7169691,271438.82109,-0.0002630886608787,ARPA-USDT,0.0377573098659972,0.0378089449623158,0.0001
2022-07-18 09:00:00,0.0379899999999999,0.03912,0.03787,0.03908,49980478,1924507.99116,6760,25711037,989688.54752,-0.0002558199027885,ARPA-USDT,0.0379918734024328,0.0380182818618418,
2022-07-18 10:00:00,0.03908,0.03925,0.03858,0.0389199999999999,31570745,1227621.2756,4682,16987421,660656.32525,-0.0002568713074775,ARPA-USDT,0.0391203338368413,0.03882193735984,
2022-07-18 11:00:00,0.03891,0.03895,0.03801,0.03829,25682083,988774.15887,3848,11576170,446367.79643,0.0002612330198537,ARPA-USDT,0.0388871635773422,0.0388182073641856,
2022-07-18 12:00:00,0.03828,0.03866,0.03789,0.0386,19414297,743033.88045,3500,8912701,341292.75558,-0.0002590002590001,ARPA-USDT,0.0383349835039614,0.0383234565516736,
2022-07-18 13:00:00,0.03862,0.03926,0.0384199999999999,0.0391,30019293,1164608.54755,4429,15291956,593191.92038,-0.0005112474437627,ARPA-USDT,0.038602140612181,0.0385512526054217,
2022-07-18 14:00:00,0.03908,0.0391699999999999,0.0385,0.03913,28233831,1096777.32628,4118,12473897,484711.77291,0.0002556237218813,ARPA-USDT,0.0390685963246966,0.0389513301092108,
2022-07-18 15:00:00,0.03913,0.03982,0.03911,0.03949,35594464,1403716.92394,5694,16274216,641758.57849,-0.0010118897040224,ARPA-USDT,0.0391542119357188,0.0391989780874681,
2022-07-18 16:00:00,0.0395,0.03976,0.03879,0.03896,23104106,905336.76353,5304,10586869,414589.70395,-0.0002566076469078,ARPA-USDT,0.0394967188477087,0.0395491390506156,0.0001
2022-07-18 17:00:00,0.03895,0.03936,0.0384199999999999,0.03843,26283877,1020543.10634,4283,13124297,510085.16161,-0.0002601456815817,ARPA-USDT,0.0389955124036188,0.0389697106081359,
2022-07-18 18:00:00,0.0384399999999999,0.03865,0.03814,0.03821,8397526,322868.61529,2191,4210159,161914.51837,-0.0005231493591419,ARPA-USDT,0.0384571232271383,0.0384651172643545,
2022-07-18 19:00:00,0.03821,0.03841,0.03779,0.03809,21737821,828155.3085800001,3612,10457544,398460.09796,-0.0002624671916011,ARPA-USDT,0.0382450297859593,0.0382955040773782,
2022-07-18 20:00:00,0.0381,0.03822,0.03781,0.03798,7980067,303270.05961,1951,3469783,131908.72454,-0.0007892659826361,ARPA-USDT,0.0380997467940482,0.0380292981478676,
2022-07-18 21:00:00,0.03801,0.0385,0.03792,0.03827,11505018,441082.28726,1933,3893872,149089.80573,-0.0007832898172324,ARPA-USDT,0.0380414467349291,0.0380452863272785,
2022-07-18 22:00:00,0.03827,0.0389399999999999,0.0382399999999999,0.03882,9563090,369544.62707,2214,6184726,239130.21258,0.0005154639175257,ARPA-USDT,0.0382591846852732,0.0383262804449432,
2022-07-18 23:00:00,0.03882,0.0391899999999999,0.0387,0.03893,22984376,893881.96453,3628,11217115,436350.4715,-0.0010264305876315,ARPA-USDT,0.0388345103916866,0.0388514815893846,
2022-07-19 00:00:00,0.03891,0.03963,0.03851,0.03901,26121443,1021058.95981,5282,12374381,483737.99707,0.0,ARPA-USDT,0.0389259341063546,0.0387198796319416,0.0001
2022-07-19 01:00:00,0.03901,0.03927,0.0385,0.03861,12795228,498568.80505,2834,6495622,253188.28646,-0.0012933264355924,ARPA-USDT,0.0390176254379562,0.0391308563427437,
2022-07-19 02:00:00,0.0386,0.03889,0.03835,0.03887,7020778,271381.44422,1861,3243806,125345.79062,0.0007723995880535,ARPA-USDT,0.0386265942375751,0.0386328706003409,
2022-07-19 03:00:00,0.03888,0.03955,0.03883,0.03891,15233168,597591.72138,3157,7355408,288410.51094,-0.0023076923076923,ARPA-USDT,0.0388769402686044,0.0389842782010546,
2022-07-19 04:00:00,0.0389199999999999,0.03903,0.03833,0.0389,13887541,536946.56891,2944,6944623,268367.60564,0.0,ARPA-USDT,0.0388885112504294,0.0387832848103275,
2022-07-19 05:00:00,0.0389,0.03947,0.03875,0.03927,9391555,368191.09341,2230,4228626,165752.5223,0.0015302218821728,ARPA-USDT,0.0388892693676705,0.0388694398980577,
2022-07-19 06:00:00,0.03925,0.0394399999999999,0.03814,0.03847,23591877,912916.25185,3780,9115651,352797.23147,-0.0005196154845416,ARPA-USDT,0.0392116785859602,0.0392907646025444,
2022-07-19 07:00:00,0.03848,0.03875,0.03826,0.03847,10617048,408867.13708,2684,4678010,180156.05704,-0.0005196154845416,ARPA-USDT,0.0384904150441672,0.038607523245853,
2022-07-19 08:00:00,0.03846,0.0389399999999999,0.03835,0.03889,13792452,533636.5850900001,2700,6831931,264376.51931,0.0007720020586721,ARPA-USDT,0.0384706638441354,0.0384510135837217,0.0001
2022-07-19 09:00:00,0.03887,0.03895,0.03866,0.03875,10951592,425084.8883,2271,5440593,211159.03222,-0.0002579979360165,ARPA-USDT,0.0388491671077039,0.0388582794607166,
2022-07-19 10:00:00,0.03875,0.03918,0.03872,0.03907,9976697,388432.54745,2288,4982414,193998.05028,0.0007684426229508,ARPA-USDT,0.0387652437134218,0.038827450771308,
2022-07-19 11:00:00,0.03905,0.03941,0.03887,0.03898,14014260,548998.82058,2852,6255045,245216.80146,-0.0010251153254741,ARPA-USDT,0.0390848826596257,0.0390979135243326,
2022-07-19 12:00:00,0.03898,0.03974,0.03898,0.03965,23335994,919244.43155,4058,11970094,471544.82265,0.001009845998485,ARPA-USDT,0.0390190268258586,0.0391542243963499,
2022-07-19 13:00:00,0.0396399999999999,0.0398699999999999,0.03918,0.03956,23867839,944892.45878,3904,10623272,420629.64965,-0.0002527167045742,ARPA-USDT,0.0396427889258393,0.0396389564641598,
2022-07-19 14:00:00,0.0396,0.03977,0.03923,0.03961,17337604,685438.92053,3238,8710770,344482.09842,-0.0002523977788996,ARPA-USDT,0.0395418824300962,0.0395932103021881,
2022-07-19 15:00:00,0.0396199999999999,0.03978,0.03864,0.03955,31405776,1235202.81293,5327,14884635,585786.1515800001,0.0,ARPA-USDT,0.0396101170426982,0.0396378606881272,
2022-07-19 16:00:00,0.03956,0.03998,0.03943,0.03976,21214259,844168.68721,4794,10722818,426711.02071,-0.0005027652086476,ARPA-USDT,0.0395163988459383,0.0396031167703098,0.0001
2022-07-19 17:00:00,0.03975,0.03984,0.03928,0.0396399999999999,12165882,481224.69411,2580,5352162,211834.48408,-0.0007562389715175,ARPA-USDT,0.039796701143312,0.0397251119765345,
2022-07-19 18:00:00,0.0396399999999999,0.03983,0.03954,0.03977,9281005,368411.25001,2251,4628423,183814.49067,0.0005031446540879,ARPA-USDT,0.0396720987969271,0.0397210015892684,
2022-07-19 19:00:00,0.03976,0.04006,0.03963,0.03974,21963298,875481.84561,4070,11442888,456309.10603,0.0005035246727089,ARPA-USDT,0.0397520783031076,0.0397749936349303,
2022-07-19 20:00:00,0.0396899999999999,0.0399,0.03956,0.0398,13056929,518708.73676,2712,6220385,247152.88898,-0.0002511931675457,ARPA-USDT,0.0397060794678962,0.0396930087620022,
2022-07-19 21:00:00,0.03978,0.04078,0.03966,0.04025,29604992,1187513.04746,5075,15028541,602881.3867,-0.0007447864945382,ARPA-USDT,0.0397997561926158,0.0397998867968198,
2022-07-19 22:00:00,0.04025,0.04029,0.03977,0.03999,12650791,506537.28715,2350,6068780,242937.88679,-0.0012487512487512,ARPA-USDT,0.0402601351790636,0.0401705866048804,
2022-07-19 23:00:00,0.04001,0.0403,0.03949,0.03983,11613431,463181.8794,2592,5438759,216938.82891,-0.0010032605969402,ARPA-USDT,0.0400213103004291,0.0400321671193887,
2022-07-20 00:00:00,0.03983,0.04027,0.03958,0.03997,15127703,604335.67335,3497,8181863,326905.69515,0.0005006257822277,ARPA-USDT,0.0398856945898389,0.0398225605692005,0.0001
2022-07-20 01:00:00,0.03995,0.04068,0.03965,0.04038,11100466,446327.56674,2381,6387316,256866.62295,0.0007434944237918,ARPA-USDT,0.0398984952817582,0.0399033625170659,
2022-07-20 02:00:00,0.04041,0.04065,0.04024,0.04041,6183695,250268.63626,1770,3059486,123827.78369,0.0,ARPA-USDT,0.0404025964307824,0.0403306754787713,
2022-07-20 03:00:00,0.04042,0.04056,0.04024,0.0403899999999999,8292511,335009.35599,1987,3540901,143066.79941,0.0004954173891478,ARPA-USDT,0.0403821679099553,0.0403862935005246,
2022-07-20 04:00:00,0.04036,0.04063,0.04016,0.04032,7565331,305379.24151,2043,3347840,135193.59973,0.0009930486593843,ARPA-USDT,0.0404017550270405,0.0404031864996842,
2022-07-20 05:00:00,0.04032,0.04059,0.04016,0.04058,7969970,321663.69705,1851,3354202,135397.04347,0.0002464875523784,ARPA-USDT,0.0403314837296198,0.0403183672135022,
2022-07-20 06:00:00,0.04057,0.0413,0.04057,0.04128,17497863,715830.72835,3505,8491289,347446.08638,-0.0007262164124909,ARPA-USDT,0.0405945182657093,0.0406613164383374,
2022-07-20 07:00:00,0.04126,0.0413,0.04025,0.0403,20338967,831086.40287,3952,8429590,344786.39708,-0.000991571641051,ARPA-USDT,0.0411555122262845,0.0409842632159089,
2022-07-20 08:00:00,0.04028,0.0405,0.03928,0.03947,26190175,1048402.66372,4655,10534834,421910.55357,-0.0002532928064843,ARPA-USDT,0.040425122793858,0.0403005404068579,0.0001
2022-07-20 09:00:00,0.03946,0.04028,0.03926,0.04003,10933595,435359.75101,2534,5474823,218008.51594,0.0002498750624688,ARPA-USDT,0.039481851021181,0.0394335680149722,
2022-07-20 10:00:00,0.04003,0.04055,0.0398899999999999,0.04019,17229241,692353.02586,3025,8941399,359167.23227000004,-0.0002487562189055,ARPA-USDT,0.0399972700300774,0.039983451343259,
2022-07-20 11:00:00,0.04017,0.04026,0.0396199999999999,0.0398899999999999,7782198,310956.87783,1881,3136993,125352.06476,-0.0005011275369607,ARPA-USDT,0.0401381521010979,0.0401187788556842,
2022-07-20 12:00:00,0.03988,0.04022,0.03965,0.04005,11173979,446269.57142,2762,5689201,227267.48902,-0.0002496255616574,ARPA-USDT,0.0399642145049943,0.0399240286283105,
2022-07-20 13:00:00,0.04007,0.04045,0.03979,0.03983,18550278,743694.2429300001,2997,9323401,373783.35144,-0.0005018820577163,ARPA-USDT,0.0400630919444052,0.0399927296454449,
2022-07-20 14:00:00,0.0398,0.04038,0.03975,0.04027,9177294,368098.57181,2006,4294377,172239.22153,0.0002483854942871,ARPA-USDT,0.0398735177812841,0.0398744338532935,
2022-07-20 15:00:00,0.04028,0.0403899999999999,0.0398,0.0399,9362049,375228.24317,2303,4531906,181662.90685,-0.000501002004008,ARPA-USDT,0.0402665279291058,0.0402718408957729,
2022-07-20 16:00:00,0.0398899999999999,0.04005,0.03871,0.03909,25226340,992641.91329,5234,12577733,494436.55618,-0.0007668711656442,ARPA-USDT,0.0399601647917487,0.0399349377789611,0.0001
2022-07-20 17:00:00,0.03912,0.03921,0.03865,0.03871,10603551,412671.70277,2447,5288745,205868.14927,-0.0010322580645161,ARPA-USDT,0.0391049858276644,0.0390838538680701,
2022-07-20 18:00:00,0.0387,0.03918,0.03868,0.03896,5861009,228311.82261,1692,2585947,100702.50628,0.0002567394094994,ARPA-USDT,0.0387433367436278,0.0387347277684027,
2022-07-20 19:00:00,0.03896,0.03922,0.03871,0.03873,3887782,151489.62378,1261,1868560,72820.25403,0.0,ARPA-USDT,0.0389531035322507,0.0390609594393976,
2022-07-20 20:00:00,0.03872,0.0389399999999999,0.03666,0.03718,36271571,1355564.22512,6506,14600040,545172.94124,-0.00107469102633,ARPA-USDT,0.038693317839134,0.038795688456478,
2022-07-20 21:00:00,0.03719,0.0381899999999999,0.03708,0.03802,10630149,400957.51239,2476,5568827,210147.03348,-0.0002629503023929,ARPA-USDT,0.037248139264056,0.0371763846584432,
2022-07-20 22:00:00,0.03802,0.03803,0.03743,0.03745,5148679,194467.68656,1622,2373154,89620.8584,-0.0005337603416067,ARPA-USDT,0.0379933001174507,0.0379218816992567,
2022-07-20 23:00:00,0.03744,0.03751,0.0369699999999999,0.0372199999999999,7090902,264297.61865,2215,3215834,119866.17262,-0.0008053691275194,ARPA-USDT,0.0374417896576539,0.0373666609095866,
2022-07-21 00:00:00,0.03721,0.03755,0.03691,0.03742,8249424,306925.57792,2750,4050708,150742.8979,0.0,ARPA-USDT,0.0372041809163294,0.0372337842496482,8.406e-05
2022-07-21 01:00:00,0.0374,0.0378,0.037,0.03712,8998495,336214.51083,1665,4828668,180278.24088,-0.0010764262648008,ARPA-USDT,0.0373883882149046,0.0374488875245474,
2022-07-21 02:00:00,0.03714,0.0372199999999999,0.03572,0.03575,22477341,820552.93895,3923,9832393,358866.29423,-0.0005591277606934,ARPA-USDT,0.0371258191620748,0.0370971002963188,
2022-07-21 03:00:00,0.0357699999999999,0.03582,0.0350899999999999,0.03515,24783018,879442.96892,4280,13380648,475030.083,-0.0017040613462083,ARPA-USDT,0.0357624072301265,0.0357228610741199,
2022-07-21 04:00:00,0.03515,0.03583,0.03478,0.03551,26195199,924571.86004,4323,12735533,449661.7565,-0.0016868147315152,ARPA-USDT,0.0351753623738589,0.0353900449393248,
2022-07-21 05:00:00,0.0355199999999999,0.03598,0.03551,0.03575,13413531,479574.53613,2902,6793065,242914.24988,-0.0013966480446927,ARPA-USDT,0.0355525642827845,0.0356686627842181,
2022-07-21 06:00:00,0.03574,0.03591,0.03548,0.0355199999999999,9899459,353491.90934,2375,4650561,166104.64859,-0.0011248593925787,ARPA-USDT,0.0357341130347875,0.0357956940397328,
2022-07-21 07:00:00,0.0355199999999999,0.0361,0.03549,0.03603,13767439,494521.7717,2957,5572167,200216.63226,-0.0030437188710569,ARPA-USDT,0.0355663662160683,0.0356121242559628,
2022-07-21 08:00:00,0.0360399999999999,0.03621,0.03584,0.03615,19335233,696629.2565,4043,9172796,330560.09153,-0.0011052777010223,ARPA-USDT,0.0360025715511675,0.0360753754590403,-0.00045996
2022-07-21 09:00:00,0.03614,0.0364,0.03612,0.03635,9178275,332885.05432,1868,4023074,145922.98776,-0.0016478989288656,ARPA-USDT,0.0361308329184624,0.0362040475184281,
2022-07-21 10:00:00,0.03635,0.0364699999999999,0.03596,0.03601,13347798,484557.45558,2286,5074785,184323.50538,-0.0008324084350721,ARPA-USDT,0.0363637228700838,0.0364024364532698,
2022-07-21 11:00:00,0.0360199999999999,0.03616,0.03568,0.03609,13091135,470969.17247,2373,5673046,204219.12072,0.0,ARPA-USDT,0.0360250036801913,0.0360450499584824,
2022-07-21 12:00:00,0.0361,0.03663,0.03589,0.03645,14088984,511838.68187,2810,7311738,265563.35072,-0.00054839594187,ARPA-USDT,0.0360785965937877,0.0360574056771774,
2022-07-21 13:00:00,0.03646,0.03651,0.03608,0.0362899999999999,11604650,421274.8875,2414,4837500,175616.04542,-0.001650618982121,ARPA-USDT,0.036427835211567,0.0363745617140332,
2022-07-21 14:00:00,0.03631,0.03642,0.03575,0.03626,15892058,573222.35654,2743,7216766,260399.40386,-0.0005512679162072,ARPA-USDT,0.0363784931827601,0.0363031767499081,
2022-07-21 15:00:00,0.03625,0.03636,0.03612,0.03628,7245201,262748.66784,1756,3462736,125574.20386,-0.0016510731975784,ARPA-USDT,0.0362567882769075,0.0362762162078186,
2022-07-21 16:00:00,0.03628,0.03708,0.03625,0.03704,15580276,573069.47551,3399,6931299,255162.56944,-0.0016172506738545,ARPA-USDT,0.0362753172921235,0.0363647139479509,7.404e-05
2022-07-21 17:00:00,0.03705,0.0372199999999999,0.0366,0.0367,9418319,347393.69944,2093,3951453,145790.09149,-0.0010887316276537,ARPA-USDT,0.037042188447481,0.037084776464479,
2022-07-21 18:00:00,0.0367,0.0369699999999999,0.03666,0.03676,5362757,197359.79046,1521,2719417,100079.3165,-0.0008154389779831,ARPA-USDT,0.0366936071433238,0.0367180166649657,
2022-07-21 19:00:00,0.03675,0.03708,0.03675,0.03708,7109289,262576.44504,1794,3467773,128075.7236,-0.0013466199838405,ARPA-USDT,0.0367890790222128,0.0368263104917904,
2022-07-21 20:00:00,0.03707,0.03726,0.03694,0.03704,10344535,383854.6745,1994,4680475,173643.92131,-0.0032292787944026,ARPA-USDT,0.0370897140297926,0.0371594708029598,
2022-07-21 21:00:00,0.03705,0.03709,0.03685,0.03693,4475008,165565.70203,1192,2293223,84855.67592,-0.0018918918918918,ARPA-USDT,0.0370723412027104,0.0370496513399259,
2022-07-21 22:00:00,0.03694,0.03698,0.03659,0.03678,7704116,283304.25847,1553,3572929,131489.42175,-0.0005434782608695,ARPA-USDT,0.0369185145775975,0.0369124787900367,
2022-07-21 23:00:00,0.0367899999999999,0.03727,0.03673,0.03698,7785806,288471.66549,1632,4639576,171889.81245,-0.0005405405405405,ARPA-USDT,0.0367967850106886,0.0367930887910085,
2022-07-22 00:00:00,0.0369899999999999,0.03765,0.03671,0.03753,10642653,396515.85404,2679,6020218,224531.42202,0.0005331911490269,ARPA-USDT,0.0369733325463865,0.0369290019017868,-0.00022081
2022-07-22 01:00:00,0.03753,0.03759,0.0371,0.03715,6275814,234200.57863,1404,3456230,129086.01802,0.0,ARPA-USDT,0.0375217912845967,0.0374472728315298,
2022-07-22 02:00:00,0.03711,0.03719,0.03694,0.03698,5698890,211246.40138,1495,3154419,116919.41498,-0.0008105917319644,ARPA-USDT,0.0371349666747889,0.0370938709121473,
2022-07-22 03:00:00,0.03698,0.03716,0.0368,0.03701,4740516,175456.75323,1258,2062619,76321.45421,-0.0018878101402373,ARPA-USDT,0.0369971415772335,0.037072252830216,
2022-07-22 04:00:00,0.03701,0.03714,0.0367,0.0371,4513589,167086.07056,1569,1942309,71916.07564,-0.0013458950201884,ARPA-USDT,0.037022613618351,0.0370653683775198,
2022-07-22 05:00:00,0.03709,0.03742,0.03684,0.0374,7672404,285225.8208,1923,3952805,147000.02898,-0.0008014961261019,ARPA-USDT,0.0370802448097188,0.0370978155307343,
2022-07-22 06:00:00,0.03742,0.03753,0.0372399999999999,0.03745,6800431,254508.52733,1861,3223565,120673.10801,0.0,ARPA-USDT,0.0374312474216222,0.0374763985500755,
2022-07-22 07:00:00,0.03746,0.03753,0.03705,0.0372199999999999,7705958,287335.87599,2031,3234989,120638.33216,-0.001341561577679,ARPA-USDT,0.037456368449333,0.0373740873220599,
2022-07-22 08:00:00,0.03723,0.03743,0.03712,0.03738,6133598,228478.6176,1927,2430545,90554.25363,-0.0026680896478122,ARPA-USDT,0.0372611950378512,0.0372184887065603,-0.00012638
2022-07-22 09:00:00,0.0374,0.03764,0.03729,0.0374699999999999,8634576,323799.22143,1863,3880500,145578.96048,-0.0002668089647839,ARPA-USDT,0.0373736235005172,0.0374034399022937,
2022-07-22 10:00:00,0.0374699999999999,0.03762,0.03733,0.03735,7122524,267142.17396,1806,3293206,123556.86912,-0.0008025682182983,ARPA-USDT,0.0374790750953178,0.0374781996650334,
2022-07-22 11:00:00,0.03736,0.03748,0.03716,0.03746,6848843,255764.87642,1581,3690988,137857.61693,-0.0002668801708033,ARPA-USDT,0.0373345875536916,0.0373750024131235,
2022-07-22 12:00:00,0.03745,0.03773,0.03732,0.03746,9143882,343025.4333,2338,3813627,143044.34675,-0.001865174527045,ARPA-USDT,0.037447871013092,0.0374650482127151,
2022-07-22 13:00:00,0.03746,0.03756,0.03698,0.0371,15428697,574993.4722000001,3116,7109468,265037.98819,-0.0010770059235325,ARPA-USDT,0.0374758360599444,0.0374210707348868,
2022-07-22 14:00:00,0.03711,0.03732,0.03673,0.03727,14205865,525349.59682,2749,7180788,265625.62756,-0.0005363368195225,ARPA-USDT,0.0370037194564987,0.036939843040054,
2022-07-22 15:00:00,0.03729,0.03729,0.03625,0.03646,10916001,401033.55803,2546,4880320,179259.66198,0.0,ARPA-USDT,0.0372566692163361,0.0372057722941968,
2022-07-22 16:00:00,0.03645,0.03659,0.03622,0.03643,11227606,409080.33575,2572,5887941,214581.48004,0.0,ARPA-USDT,0.0363926049307588,0.0363350795211388,1.02e-06
2022-07-22 17:00:00,0.03643,0.03657,0.03603,0.03627,5463969,198095.01777,1550,2704022,98036.14023,-0.0002756339581037,ARPA-USDT,0.0364265084279956,0.0363895760620962,
2022-07-22 18:00:00,0.03628,0.03648,0.03596,0.03645,6344456,229530.20004,1725,3478326,125861.13121,-0.0010961907371882,ARPA-USDT,0.0362714918474904,0.036124848073034,
2022-07-22 19:00:00,0.03643,0.03669,0.03544,0.0355399999999999,16472382,595124.72089,2929,7780435,281130.71199,-0.0016853932584298,ARPA-USDT,0.0364282148012593,0.0365339850504283,
2022-07-22 20:00:00,0.0355199999999999,0.03562,0.03537,0.03547,6537337,232118.30134,1767,3045635,108122.16912,0.0,ARPA-USDT,0.035476123743815,0.0355310634787748,
2022-07-22 21:00:00,0.03547,0.0362,0.0354,0.03612,5309661,190210.06992,1351,2700389,96626.42183,-0.001658374792703,ARPA-USDT,0.0354320970616067,0.0354398921648459,
2022-07-22 22:00:00,0.03612,0.03627,0.03582,0.03615,6202039,223587.73805,1451,3108607,111993.59546,-0.0013812154696133,ARPA-USDT,0.0361054225694557,0.036035204116537,
2022-07-22 23:00:00,0.03616,0.03627,0.03584,0.03594,5605887,202200.01413,1489,3226835,116347.79189,-0.0011117287381878,ARPA-USDT,0.0361584489358316,0.036175008693824,
2022-07-23 00:00:00,0.03596,0.03633,0.0355,0.03626,9905854,356086.84399,2640,5066655,182133.59275,-0.0008266740148802,ARPA-USDT,0.035912424484374,0.0359401700178381,-0.00013951
2022-07-23 01:00:00,0.03625,0.03632,0.03605,0.03607,5149069,186346.7583,1389,1923249,69593.78046,-0.0019369120088544,ARPA-USDT,0.0362659806356215,0.0362587793321429,
2022-07-23 02:00:00,0.03608,0.03643,0.03608,0.0362899999999999,5094999,184917.00051,1431,2628703,95398.08707,0.0011034482758593,ARPA-USDT,0.0361291405271265,0.0362555977265755,
2022-07-23 03:00:00,0.03628,0.03638,0.03617,0.03619,3539351,128408.69279,1287,1619556,58756.73707,-0.0019305019305019,ARPA-USDT,0.0362806146655523,0.0362511481631372,
2022-07-23 04:00:00,0.03619,0.03686,0.03616,0.03658,6338128,231160.45862,1652,3148307,114749.02494,-0.0019099590723056,ARPA-USDT,0.0361692841549535,0.0362380936823422,
2022-07-23 05:00:00,0.03659,0.03695,0.03657,0.03669,6688611,245830.40145,1820,3691874,135699.94417,-0.0005448106782892,ARPA-USDT,0.036644649998447,0.0367610036877218,
2022-07-23 06:00:00,0.03669,0.03684,0.0365,0.03663,5582268,204726.3465,1777,2800342,102696.00791,0.0,ARPA-USDT,0.036701670338862,0.0367141110265092,
2022-07-23 07:00:00,0.03663,0.0367899999999999,0.03633,0.03645,5345203,195239.0554,1672,2782380,101635.23864,0.0,ARPA-USDT,0.0366667711362243,0.0366978475688873,
2022-07-23 08:00:00,0.03645,0.03677,0.03621,0.03626,8944641,326951.2917,2215,4460183,163045.17893,-0.0022014309301044,ARPA-USDT,0.0364487231546828,0.0364952124817758,0.0001
2022-07-23 09:00:00,0.03626,0.03659,0.0362,0.0364899999999999,5111591,186062.92186,1329,3011267,109606.34443,-0.0013683634373318,ARPA-USDT,0.036245002207809,0.0362748360930591,
2022-07-23 10:00:00,0.0364899999999999,0.0365399999999999,0.03606,0.03614,6079442,220639.97231,1777,3211748,116560.42083,-0.001381597126278,ARPA-USDT,0.0364921317383671,0.0364795535992471,
2022-07-23 11:00:00,0.03614,0.03619,0.03569,0.0357,9869380,355383.93656,2162,4951985,178311.76722,-0.0013986013986012,ARPA-USDT,0.0361413389824563,0.036144233942164,
2022-07-23 12:00:00,0.03571,0.0361,0.0355,0.03593,8978326,321444.24958,2235,4857354,173972.65068,-0.0011120378092857,ARPA-USDT,0.0356858609400351,0.035682023466132,
2022-07-23 13:00:00,0.03595,0.036,0.03582,0.03597,6622212,237802.89389,1475,3388701,121687.60515,-0.0002779321845468,ARPA-USDT,0.0359139507472402,0.0359025655519083,
2022-07-23 14:00:00,0.03597,0.03608,0.03542,0.03564,8724941,312369.31374,2005,4256473,152468.82891,-0.0005608524957936,ARPA-USDT,0.0359575941272183,0.0358673531863612,
2022-07-23 15:00:00,0.03565,0.03597,0.03559,0.0357699999999999,5164938,184710.76694,1509,2669492,95451.32573,-2.886579864025407e-15,ARPA-USDT,0.0356826265078174,0.0357526385290194,
2022-07-23 16:00:00,0.0357699999999999,0.03608,0.0357,0.03575,5990398,214888.59338,1997,3056346,109641.36478,-0.0013966480446927,ARPA-USDT,0.0357686960181887,0.0357793531293234,-0.00017246
2022-07-23 17:00:00,0.03575,0.0359,0.03541,0.03557,5789186,206232.37872,1541,2825177,100610.16643,-0.0008426966292135,ARPA-USDT,0.0357289331564365,0.0357811757716485,
2022-07-23 18:00:00,0.03558,0.03565,0.0352,0.03525,8314711,294805.93165,1817,3565396,126471.22716,-0.0016992353440953,ARPA-USDT,0.0355185975808063,0.0355046020225186,
2022-07-23 19:00:00,0.0352699999999999,0.03566,0.03516,0.03562,6025607,213034.04524,1565,3358140,118730.84845,-0.0005611672278338,ARPA-USDT,0.03529824300166,0.0353126823297931,
2022-07-23 20:00:00,0.0356,0.03613,0.0356,0.03608,7454333,267400.53013,1987,3663405,131378.04512,-0.0005540166204985,ARPA-USDT,0.0356211403576256,0.0356344004380345,
2022-07-23 21:00:00,0.03608,0.0361,0.03566,0.03583,5966323,214166.28263,1716,3183999,114294.14237,-0.0005578800557879,ARPA-USDT,0.0360469200125942,0.0360212327524485,
2022-07-23 22:00:00,0.03581,0.03633,0.03575,0.03625,8282659,299234.72718,2040,3906613,141101.68489,-0.0019273127753304,ARPA-USDT,0.0358276710074647,0.0357961693579302,
2022-07-23 23:00:00,0.0362399999999999,0.03634,0.036,0.03608,4573342,165465.3797,1704,2204067,79728.70312,-0.0008307947936859,ARPA-USDT,0.0362393097222755,0.0362349791876246,
2022-07-24 00:00:00,0.03606,0.03665,0.03605,0.0364,7177851,261210.6336,2578,3535439,128614.23499,-0.0019193857965451,ARPA-USDT,0.0360600666305416,0.0362114951712206,-7.112e-05
2022-07-24 01:00:00,0.0364,0.03656,0.03609,0.03619,4408436,160182.82896,1521,1630125,59243.19831,0.0,ARPA-USDT,0.0364450942976179,0.0364676164526484,
2022-07-24 02:00:00,0.03621,0.0364899999999999,0.03607,0.03648,4379758,158746.35887,1213,2815279,102081.3072,-0.0005479452054794,ARPA-USDT,0.0362085583805631,0.0361754876300922,
2022-07-24 03:00:00,0.03648,0.0364899999999999,0.03587,0.03592,3205072,115804.81081,1249,1445098,52218.92531,-0.0005564830272676,ARPA-USDT,0.0364656577849225,0.0363913887475193,
2022-07-24 04:00:00,0.03592,0.03627,0.03585,0.03622,3130347,112840.29303,1290,1492506,53799.94425,-0.0008275862068963,ARPA-USDT,0.0359571451538292,0.0359864782059566,
2022-07-24 05:00:00,0.03622,0.03675,0.03619,0.03663,7536371,275832.78068,1938,4055930,148389.74509,-0.0008183306055644,ARPA-USDT,0.0362426510923003,0.0362503949446413,
2022-07-24 06:00:00,0.03663,0.03673,0.0364,0.0365399999999999,6231006,227799.25478,1776,3252930,118926.93347,-0.0008203445447114,ARPA-USDT,0.0366561690671357,0.0366115727304552,
2022-07-24 07:00:00,0.0365399999999999,0.03657,0.03634,0.03636,4705126,171537.19909,1489,2538005,92523.48986,-0.0013732491073878,ARPA-USDT,0.03654,0.036514311395118,
2022-07-24 08:00:00,0.03636,0.0365,0.03616,0.03628,6541646,237556.4038,2233,2902071,105397.32241,-0.001101321585903,ARPA-USDT,0.0364160715764309,0.0364245005570957,-5.807e-05
2022-07-24 09:00:00,0.03626,0.03646,0.03615,0.03619,4875100,177028.91626,1502,2684337,97491.21609,-0.0002762430939227,ARPA-USDT,0.0362464663704884,0.0362852128218812,
2022-07-24 10:00:00,0.03618,0.0363,0.03587,0.03605,7512419,271095.26163,1926,3600726,129962.29367,-0.0013850415512465,ARPA-USDT,0.0361850870030707,0.0361472018135023,
2022-07-24 11:00:00,0.03606,0.03656,0.03599,0.03622,9788802,356136.22823,2024,3872085,140849.0799,-0.0008275862068963,ARPA-USDT,0.036084300052231,0.0360570030993513,
2022-07-24 12:00:00,0.03622,0.03642,0.03597,0.03603,6937317,251291.75459,1894,3525713,127726.35405,-0.0019390581717452,ARPA-USDT,0.0362704121510336,0.0362347977449007,
2022-07-24 13:00:00,0.03603,0.0362899999999999,0.03591,0.03615,4693259,169318.30122,1453,2268972,81842.21952,-0.0016570008285003,ARPA-USDT,0.0360387768529613,0.036025269356645,
2022-07-24 14:00:00,0.03614,0.0364,0.03599,0.03638,5621820,203884.80158,1671,2979565,108064.9264,-0.0013724951962666,ARPA-USDT,0.0361775294251868,0.0362165718993802,
2022-07-24 15:00:00,0.03638,0.0365399999999999,0.03628,0.03639,6491086,236159.04306,1628,2523581,91809.04515,0.0002748763056623,ARPA-USDT,0.0363792692131962,0.0363589813563884,
2022-07-24 16:00:00,0.0364,0.03646,0.036,0.03623,6539013,236727.25161,1825,2710888,98154.52686,-0.000551724137931,ARPA-USDT,0.0364230299200876,0.0363801109861818,9.6e-07
2022-07-24 17:00:00,0.03623,0.03642,0.03615,0.03632,5033613,182758.54277,1198,2374809,86200.41552,-0.000550357732526,ARPA-USDT,0.0362301796369836,0.0362254822716845,
2022-07-24 18:00:00,0.03632,0.03648,0.03613,0.0362,3624375,131593.75317,1094,1817858,66030.94897,-0.0008280430582389,ARPA-USDT,0.0363571914922688,0.0363076583317512,
2022-07-24 19:00:00,0.03618,0.03628,0.03605,0.03614,2316946,83828.99546,905,1221011,44179.80075,-0.0011055831951354,ARPA-USDT,0.0361909785731276,0.0361687349887644,
2022-07-24 20:00:00,0.03611,0.03626,0.0360199999999999,0.03611,4211975,152125.71148,1449,1265022,45697.90311,-0.0019347705914868,ARPA-USDT,0.0361178976918278,0.0361261597830843,
2022-07-24 21:00:00,0.0361,0.03639,0.0360399999999999,0.03632,3190017,115566.17572,1135,1458514,52836.38892,-0.000550357732526,ARPA-USDT,0.0361169573108259,0.0361372776183177,
2022-07-24 22:00:00,0.03634,0.03653,0.03571,0.03589,8551512,309639.83128,1954,3883946,140764.22693,-0.0016689847009736,ARPA-USDT,0.0363483700752451,0.0363521164577056,
2022-07-24 23:00:00,0.03591,0.03616,0.03573,0.03578,6258987,224855.96795,1945,2591054,93038.96526,-0.0011166945840311,ARPA-USDT,0.0360127936801171,0.0359641714308144,
2022-07-25 00:00:00,0.03575,0.03598,0.03497,0.03508,16056361,569112.7782,4059,6497687,230323.6517,-0.0022753128555175,ARPA-USDT,0.0357738936409426,0.0358325689046584,-4.06e-06
2022-07-25 01:00:00,0.0351,0.03514,0.03486,0.03498,7553739,264218.73642000003,1835,2970063,103883.3006,-0.002281802624073,ARPA-USDT,0.035064108440509,0.0350801893233286,
2022-07-25 02:00:00,0.03497,0.0350199999999999,0.03462,0.03473,9135853,318153.00196,1768,3844949,133998.00167,-0.0011504170261721,ARPA-USDT,0.0349491288252873,0.0349750994130577,
2022-07-25 03:00:00,0.03473,0.03482,0.03455,0.03472,6466148,224278.06069,1426,2964676,102815.19641,-0.0014380212827149,ARPA-USDT,0.0347043492468319,0.0347401252159865,
2022-07-25 04:00:00,0.03472,0.03497,0.03449,0.03496,6879664,239001.78773,1551,2743123,95274.5378,-0.0005717552887364,ARPA-USDT,0.0346968825795223,0.0346993701215972,
2022-07-25 05:00:00,0.03496,0.0353,0.03493,0.03528,5937532,208593.23038,1522,2655830,93288.96736,-0.0019801980198019,ARPA-USDT,0.0349845015973236,0.0349914214555137,
2022-07-25 06:00:00,0.0352899999999999,0.03532,0.03489,0.03508,6066540,212919.86858,1773,2396468,84071.08379,-0.0014232849416453,ARPA-USDT,0.0352994993273673,0.0352491996612281,
2022-07-25 07:00:00,0.0351,0.0379399999999999,0.0350199999999999,0.03659,205208294,7598593.84551,25084,103177409,3821021.60432,-0.0002732240437158,ARPA-USDT,0.0351081344411721,0.0350762813832305,
2022-07-25 08:00:00,0.03657,0.03673,0.03566,0.0362899999999999,89738254,3244710.11688,12852,43194268,1561413.28341,-0.0005508124483641,ARPA-USDT,0.0365975876144413,0.0363100246762318,-0.00043984
2022-07-25 09:00:00,0.0362899999999999,0.03643,0.03551,0.0355199999999999,35036417,1261811.59656,5970,14209713,511999.00262,-0.0019668446192778,ARPA-USDT,0.0363452354857927,0.0363500304896731,
2022-07-25 10:00:00,0.03556,0.03585,0.03546,0.03564,21228578,756467.79164,3959,8472422,301973.92293,-0.0005608524957936,ARPA-USDT,0.0355929923603532,0.0355934582329694,
2022-07-25 11:00:00,0.03564,0.03576,0.03538,0.0355199999999999,19735634,701732.8558,3470,8485752,301732.73825,-0.0019668446192778,ARPA-USDT,0.0356581684071813,0.0356702442018632,
2022-07-25 12:00:00,0.03551,0.03556,0.03503,0.0353,25784646,909142.1989,4250,12199802,430147.54541,-0.0028248587570621,ARPA-USDT,0.0355112962720682,0.035490830360227,
2022-07-25 13:00:00,0.03532,0.0355199999999999,0.03501,0.03528,19744292,696781.18632,3673,8453743,298412.70496,-0.0025445292620864,ARPA-USDT,0.0353713411656463,0.0353617394780522,
2022-07-25 14:00:00,0.03528,0.03539,0.0349,0.03505,19829001,696165.78482,3653,9827256,345078.84821,-0.0008551881413911,ARPA-USDT,0.0353323146813376,0.0353318456761642,
2022-07-25 15:00:00,0.03506,0.03528,0.0345899999999999,0.03488,19619843,684949.80483,3454,6946619,242698.37546,-0.0022883295194506,ARPA-USDT,0.0350850445318341,0.0351812581085635,
2022-07-25 16:00:00,0.03488,0.03507,0.03477,0.035,11970704,418472.75889,2738,4770187,166769.16805,-0.0011415525114154,ARPA-USDT,0.0348708525605219,0.0349421837625247,-0.00077822
2022-07-25 17:00:00,0.03499,0.03515,0.03472,0.0347899999999999,7338569,256556.99753,1972,3102633,108481.06932,-0.0022942357327244,ARPA-USDT,0.035033822353144,0.0350374937243032,
2022-07-25 18:00:00,0.0347899999999999,0.03494,0.03475,0.03486,6706362,233629.56593,1917,2416202,84207.8041,-0.0017182130584191,ARPA-USDT,0.0347982667072115,0.0348116269364026,
2022-07-25 19:00:00,0.03487,0.03491,0.03418,0.03442,22479805,774104.42967,4070,9199419,316749.27296,-0.0026079397276151,ARPA-USDT,0.034884741767072,0.034858751292996,
2022-07-25 20:00:00,0.03441,0.03501,0.0344,0.03492,13051462,453657.30502,2849,6188847,215148.44189,-0.0017152658662091,ARPA-USDT,0.0344376300561573,0.034581596492694,
2022-07-25 21:00:00,0.03493,0.03501,0.03468,0.03475,5300178,184867.71121,1624,2366082,82553.95201000001,-0.0014367816091952,ARPA-USDT,0.0349032428582707,0.0348988130617657,
2022-07-25 22:00:00,0.03475,0.03478,0.0343199999999999,0.0347,11069122,382638.0244,2503,5702762,197091.42392,-0.0011514104778352,ARPA-USDT,0.0347666802899444,0.0347394651789359,
2022-07-25 23:00:00,0.0347,0.03471,0.0335,0.03365,16301474,555252.28684,3096,6157039,210012.05364,-0.0032582938388625,ARPA-USDT,0.0346416851104899,0.03460520364933,
2022-07-26 00:00:00,0.0336399999999999,0.03365,0.03274,0.03278,25038722,829245.87377,4718,10363230,343049.68266,-0.0021308980213089,ARPA-USDT,0.0335155255840734,0.0333895674639955,-0.00104779
2022-07-26 01:00:00,0.03278,0.03298,0.03263,0.03265,8344332,273551.59281,1859,4198700,137655.36327,-0.0033577533577533,ARPA-USDT,0.0327595159365172,0.0327702435188203,
2022-07-26 02:00:00,0.03266,0.03293,0.0326399999999999,0.0328,9905924,324803.8785,2087,5805215,190356.09184,-0.0021296014602981,ARPA-USDT,0.0326615054424187,0.0327383198263601,
2022-07-26 03:00:00,0.0328,0.03328,0.03271,0.03323,11412166,376510.82547,2477,5314501,175283.86742,-0.0018023430459597,ARPA-USDT,0.0327680975520534,0.0327920204730312,
2022-07-26 04:00:00,0.03324,0.03344,0.0331399999999999,0.03322,9671549,321795.00321,2261,4306186,143283.51669,-0.0024024024024025,ARPA-USDT,0.0332540237092589,0.0333063787102263,
2022-07-26 05:00:00,0.03322,0.03338,0.03302,0.03329,5042923,167214.51367,1619,2449528,81224.80819,-0.001799100449775,ARPA-USDT,0.0332142394641937,0.0331961972817432,
2022-07-26 06:00:00,0.03328,0.03345,0.03308,0.03323,8394980,279360.53402,2311,4641030,154427.30949,-0.0030003000300028,ARPA-USDT,0.0332952457106292,0.0333091286866368,
2022-07-26 07:00:00,0.03322,0.03336,0.03298,0.03313,9237833,306702.62915,2314,4482389,148896.04218,-0.0018077734257305,ARPA-USDT,0.0332308787468733,0.0332569401724943,
2022-07-26 08:00:00,0.03312,0.03324,0.03299,0.03323,8580113,284195.55641,2444,4281815,141850.94345,-0.0009019843656041,ARPA-USDT,0.0331234487472388,0.0331083538178599,-0.00103217
2022-07-26 09:00:00,0.03322,0.03346,0.03315,0.03341,3607779,120152.86269,1384,2277717,75869.48635,-0.0029841838257235,ARPA-USDT,0.0332062275773563,0.0331987354629204,
2022-07-26 10:00:00,0.03341,0.03351,0.0330899999999999,0.03315,5160001,171735.26125,1640,2477596,82476.01727,-0.0024074631357208,ARPA-USDT,0.0334360282857876,0.0334739467038848,
2022-07-26 11:00:00,0.0331399999999999,0.03331,0.0328699999999999,0.03315,6532237,216573.91309,1816,2982126,98901.76302,-0.0027075812274368,ARPA-USDT,0.0331101086208076,0.0331530032362337,
2022-07-26 12:00:00,0.03316,0.0333899999999999,0.0328699999999999,0.03296,9396346,311463.13333,2359,3865385,128167.62154,-0.0027231467473525,ARPA-USDT,0.0331373546048789,0.03312750644418,
2022-07-26 13:00:00,0.03298,0.03301,0.0326399999999999,0.03275,12040002,395058.75176,2735,5294767,173701.78613,-0.0003052503052501,ARPA-USDT,0.0329241132799676,0.0329390368645471,
2022-07-26 14:00:00,0.03273,0.03291,0.03246,0.03271,8581341,280558.05809,2081,3675616,120160.29418,-0.0006110601894285,ARPA-USDT,0.0326839145168763,0.0327195945797182,
2022-07-26 15:00:00,0.03271,0.03272,0.03223,0.03227,6481507,210308.7266,1829,3063809,99415.8836,-0.0027812113720642,ARPA-USDT,0.0327097472095352,0.0326842775649982,
2022-07-26 16:00:00,0.03228,0.03244,0.03193,0.03244,32397697,1041966.25599,4482,15025859,483280.4614,-0.0006161429451634,ARPA-USDT,0.0322839505227517,0.0322940061885292,-0.00064097
2022-07-26 17:00:00,0.03242,0.03251,0.03215,0.03222,8783683,284105.54714,1647,3626603,117330.22658,-0.0018587360594797,ARPA-USDT,0.0324131746730977,0.0323956581792051,
2022-07-26 18:00:00,0.03222,0.0323699999999999,0.03182,0.03195,8775550,281666.79277,2147,5220158,167520.48316,-0.0018744142455482,ARPA-USDT,0.0322111258987459,0.0322098959053136,
2022-07-26 19:00:00,0.03197,0.03197,0.03161,0.0318,7039463,223595.67582,1893,3183089,101094.81586,-0.0009425070688028,ARPA-USDT,0.0319399801956582,0.0318955613563261,
2022-07-26 20:00:00,0.0318,0.03227,0.03173,0.03222,11579636,370867.24657,2305,6505555,208328.18744,-0.0015494267121165,ARPA-USDT,0.0318135947032272,0.0318369682887174,
2022-07-26 21:00:00,0.03222,0.03252,0.03216,0.03228,7530165,243670.45577,1735,3538488,114518.80882,-0.0006191950464395,ARPA-USDT,0.032227515410585,0.0322866046696175,
2022-07-26 22:00:00,0.03228,0.03297,0.03227,0.03288,8390561,274575.49619,1977,3834445,125440.35648,-0.0009115770282589,ARPA-USDT,0.0322745007025761,0.0324040034577292,
2022-07-26 23:00:00,0.0328699999999999,0.03316,0.03267,0.0331,5890727,193855.90707,1671,2933524,96592.1527,-0.0018094089264174,ARPA-USDT,0.0328841990360079,0.032848748131786,
2022-07-27 00:00:00,0.0330899999999999,0.03369,0.03302,0.03319,15152909,505237.21401,3719,8814889,293902.37546,-0.0006022282445048,ARPA-USDT,0.033172825973473,0.0331820950620701,-0.00024969
2022-07-27 01:00:00,0.03319,0.03322,0.03281,0.03284,5797213,191500.75538,1694,3269455,108055.59482,-0.0015202189115233,ARPA-USDT,0.0331664077088029,0.0331521965137499,
2022-07-27 02:00:00,0.03284,0.03311,0.0326399999999999,0.03302,6710277,220647.69491,1668,3386348,111387.80526,-0.0021154427319431,ARPA-USDT,0.0328535910642539,0.032827291329701,
2022-07-27 03:00:00,0.03301,0.03311,0.03283,0.03298,7110965,234550.42041,1653,3801642,125421.5663,-0.0012113870381585,ARPA-USDT,0.0330313825387607,0.0330341447924665,
2022-07-27 04:00:00,0.03297,0.0333,0.03288,0.03322,5664637,187280.52971,1766,3048322,100744.90769,-0.0015028554253081,ARPA-USDT,0.0330088691049584,0.0329471717824935,
2022-07-27 05:00:00,0.03322,0.03395,0.0331399999999999,0.0336399999999999,10763330,362008.54672,2469,5108389,171596.55961,-0.00118764845606,ARPA-USDT,0.0332296025277922,0.0332023605034798,
2022-07-27 06:00:00,0.03363,0.03368,0.03326,0.03343,6397022,214047.588,1978,3483223,116563.2914,0.0,ARPA-USDT,0.0336125575399922,0.0336197807673362,
2022-07-27 07:00:00,0.03343,0.03376,0.0333899999999999,0.03347,9019865,302743.17867,2120,4802321,161095.63894,-0.0020870602265951,ARPA-USDT,0.0334114557524607,0.0335742676643188,
2022-07-27 08:00:00,0.03347,0.0338,0.03346,0.03353,9155063,308001.78072,2776,4852356,163234.27951,-0.0020833333333333,ARPA-USDT,0.0334700050633897,0.0335527002044826,-0.00033133
2022-07-27 09:00:00,0.03354,0.03378,0.03342,0.03349,9508433,319543.71384,1806,4585832,154092.43306,-0.0014907573047108,ARPA-USDT,0.0335543510637756,0.0335950795864804,
2022-07-27 10:00:00,0.03349,0.03356,0.03331,0.03338,5569092,186305.9408,1559,2792858,93427.08854,-0.0014956625785222,ARPA-USDT,0.0335077718982952,0.0335154693010325,
2022-07-27 11:00:00,0.03337,0.03356,0.03312,0.03333,5887100,196313.14289,1339,2835554,94571.58591,-0.0002999400119977,ARPA-USDT,0.0333701860716491,0.0333454684563316,
2022-07-27 12:00:00,0.0333399999999999,0.03373,0.0331,0.03368,9267981,310311.90902,2349,4929815,164973.06758,-0.0002968239833777,ARPA-USDT,0.033255343271079,0.0331827318519929,
2022-07-27 13:00:00,0.03368,0.0339,0.03341,0.0338,9544786,321066.14068,2046,5235159,176094.86558,-0.0005913660555886,ARPA-USDT,0.0336679427005295,0.0336780263259819,
2022-07-27 14:00:00,0.03379,0.03391,0.03356,0.03371,7139858,240639.62544,1649,4026639,135703.83301,-0.0008891523414346,ARPA-USDT,0.0337759865313386,0.0337240277181872,
2022-07-27 15:00:00,0.03371,0.03371,0.03343,0.03346,8270789,277499.48052,2583,4058532,136224.39663,-0.0035735556879095,ARPA-USDT,0.0336981213493861,0.0336484649668691,
2022-07-27 16:00:00,0.03348,0.03393,0.03318,0.03328,12611015,424333.58712,2803,5331876,179407.17191,-0.0012004801920769,ARPA-USDT,0.0335144068298239,0.0335772002821279,-9.956e-05
2022-07-27 17:00:00,0.03328,0.03353,0.03312,0.03335,7857274,261890.13316,1843,3937722,131268.32859,-0.0002997601918466,ARPA-USDT,0.0332520329783282,0.033248720192818,
2022-07-27 18:00:00,0.03335,0.03477,0.03335,0.0346,36017471,1237888.5993,5746,17702178,608379.18785,-0.0005777007510109,ARPA-USDT,0.033535786146315,0.0340625088884995,
2022-07-27 19:00:00,0.0346,0.03494,0.03455,0.03488,15146389,526385.66827,2800,7300955,253829.29703,-0.0008593526210253,ARPA-USDT,0.0346381903409352,0.0346200438748418,
2022-07-27 20:00:00,0.03488,0.03505,0.03477,0.03487,8410848,293602.22731,2246,4048010,141324.1302,-0.0005732301519059,ARPA-USDT,0.034903027688458,0.0349542901164278,
2022-07-27 21:00:00,0.03487,0.03496,0.0347,0.03489,5376404,187338.31921,1653,2395998,83492.6033,-0.0022876751501287,ARPA-USDT,0.034895999888932,0.034846775364617,
2022-07-27 22:00:00,0.03489,0.03549,0.03489,0.03537,9741037,342744.73277,2328,5034298,177177.96013,-0.0011296243998869,ARPA-USDT,0.0349264935033334,0.0349495381756312,
2022-07-27 23:00:00,0.03539,0.03568,0.03519,0.03568,9471435,335197.4238,2456,4722100,166961.61183,-0.0008401008120972,ARPA-USDT,0.0353865102199844,0.0353391860809406,
2022-07-28 00:00:00,0.03567,0.0357699999999999,0.03524,0.03542,10947665,388207.37881,2438,5703354,202170.13456,-0.0011280315848842,ARPA-USDT,0.0356909696457151,0.0356715189243677,3.497e-05
2022-07-28 01:00:00,0.03543,0.03545,0.0350899999999999,0.0352699999999999,3543747,124840.93299,1216,1673428,58955.70922,-0.0002834467120209,ARPA-USDT,0.035440721920712,0.0354000869896986,
2022-07-28 02:00:00,0.03526,0.03605,0.03517,0.03581,10606521,378222.64799,2160,5545866,197533.81269,0.0,ARPA-USDT,0.0352669694378683,0.0352650358010143,
2022-07-28 03:00:00,0.0358,0.03587,0.03543,0.0355199999999999,7628461,271946.57813,1933,3134151,111787.76679,-0.000281452293839,ARPA-USDT,0.0358373516010792,0.0358095820150045,
2022-07-28 04:00:00,0.0355199999999999,0.03559,0.03496,0.03507,16034885,564441.04479,3626,6223402,219096.69011,-0.0017079419299744,ARPA-USDT,0.0355478848413631,0.0354107157847456,
2022-07-28 05:00:00,0.03505,0.03567,0.0350399999999999,0.03567,6531166,230777.22754,1639,3531066,124715.31687,-0.0008403361344538,ARPA-USDT,0.0350881511465623,0.0351219907367669,
2022-07-28 06:00:00,0.03566,0.03571,0.03548,0.03556,7703836,274217.01363,1904,3922028,139640.00927,0.0008443568815086,ARPA-USDT,0.0356914499954608,0.0356462242632697,
2022-07-28 07:00:00,0.03557,0.0356,0.03494,0.03503,7434869,261986.89673,1860,3184956,112258.87306,-0.0005706134094151,ARPA-USDT,0.0355718056000569,0.0355217614050848,
2022-07-28 08:00:00,0.0350199999999999,0.03538,0.03494,0.03535,6822160,239676.71575,1676,2502430,87953.90052,-0.000847936687394,ARPA-USDT,0.0350322369838698,0.0350325495115092,-2.54e-05
2022-07-28 09:00:00,0.03535,0.03555,0.0351,0.03532,8064911,284940.37348,1607,3797031,134181.06719,-0.0014136273678259,ARPA-USDT,0.0353909514350012,0.0354620938282535,
2022-07-28 10:00:00,0.03532,0.03569,0.03531,0.03551,7758777,275401.53075000003,1672,4188030,148644.05803,-0.00112517580872,ARPA-USDT,0.0353251614254076,0.0353487813480591,
2022-07-28 11:00:00,0.0355199999999999,0.03761,0.03549,0.03738,39710649,1451803.19794,5046,23272469,850899.1194099999,-0.0026680896478122,ARPA-USDT,0.0355055195728912,0.0355514193142146,
2022-07-28 12:00:00,0.03737,0.03771,0.03512,0.03608,85534460,3117649.83125,11598,40387903,1473485.61039,-0.0008307947936859,ARPA-USDT,0.0373133070492491,0.0372927037597097,
2022-07-28 13:00:00,0.0361,0.03678,0.03569,0.03599,28229613,1023588.04301,5023,14764426,535638.7047,0.0005560189046427,ARPA-USDT,0.0360778852847235,0.035994387479189,
2022-07-28 14:00:00,0.03599,0.0364699999999999,0.03596,0.03645,12526248,453669.55826,2562,6823803,246997.52851,0.0,ARPA-USDT,0.0360124247327932,0.0360785481928302,
2022-07-28 15:00:00,0.03644,0.03762,0.03642,0.03737,24840732,921840.10971,4999,11131645,412917.17738,0.0005354752342703,ARPA-USDT,0.0365021966600163,0.0365717493237324,
2022-07-28 16:00:00,0.03738,0.03806,0.03727,0.0374899999999999,26907402,1012948.17323,4961,12904612,486143.54631,0.0010680907877143,ARPA-USDT,0.03738632790972,0.0374083257042209,9.28e-06
2022-07-28 17:00:00,0.03748,0.03806,0.03741,0.03787,13560050,512486.72462,2966,6411864,242415.84062,0.0,ARPA-USDT,0.0374533796311405,0.0375253289176395,
2022-07-28 18:00:00,0.0379,0.03834,0.0376899999999999,0.03809,18598875,705738.32125,3979,9271278,351818.3655,0.0002626050420166,ARPA-USDT,0.0378104559737856,0.0378210244809373,
2022-07-28 19:00:00,0.03808,0.0415899999999999,0.0379899999999999,0.03973,141612695,5664731.04214,19254,68396646,2733263.39432,-0.0007545271629777,ARPA-USDT,0.0380636026977775,0.0382326845065378,
2022-07-28 20:00:00,0.03972,0.03973,0.0386,0.03873,38482730,1501926.57836,6062,18337844,715819.9105,0.0,ARPA-USDT,0.0396360930960127,0.0393522959870187,
2022-07-28 21:00:00,0.03872,0.0391,0.03838,0.03853,18736505,725925.13491,3407,9915331,384227.78484,0.0010392309690827,ARPA-USDT,0.0387130349339315,0.0388129007042083,
2022-07-28 22:00:00,0.03853,0.03879,0.0382,0.03862,17565377,676546.74122,3007,8202446,315869.74702,0.0,ARPA-USDT,0.0385103788438208,0.0385634276898659,
2022-07-28 23:00:00,0.03861,0.0389,0.03813,0.0385,18121195,697616.26126,3615,8784254,338187.36099,-0.0005192107995846,ARPA-USDT,0.0386070178855269,0.0385602292270663,
2022-07-29 00:00:00,0.0385,0.03915,0.0382,0.0388,25205968,976182.53577,4956,12743687,493606.10668,-0.0002576655501158,ARPA-USDT,0.0385708458370566,0.0385587109735251,0.0001
2022-07-29 01:00:00,0.0388,0.0391,0.03848,0.03882,12797519,497125.15669,2256,6869792,266716.52604,-0.0005149330587023,ARPA-USDT,0.0388386737872317,0.0389524176303365,
2022-07-29 02:00:00,0.0388,0.0396199999999999,0.0388,0.03914,16121468,632480.40542,2937,7200896,282551.56192,-0.0005107252298263,ARPA-USDT,0.038852328492079,0.0389960742248817,
2022-07-29 03:00:00,0.03914,0.0398899999999999,0.0389,0.03941,14923449,587714.27553,3110,6481862,255140.06165,0.0005077430820004,ARPA-USDT,0.0391338851246919,0.0390654748127723,
2022-07-29 04:00:00,0.03941,0.04005,0.03937,0.03974,15808601,628719.28263,3429,7719619,307029.64442,0.0,ARPA-USDT,0.0394668010630741,0.039621314708325,
2022-07-29 05:00:00,0.03974,0.03981,0.03921,0.03961,18814759,744813.00308,3058,8120589,321408.99455,-0.0002523977788996,ARPA-USDT,0.0397313127310499,0.039616216098409,
2022-07-29 06:00:00,0.03961,0.03975,0.03878,0.03896,11709551,461851.67182,2844,5119717,201923.56206,-0.0002566076469078,ARPA-USDT,0.0396194239720577,0.0395813922392144,
2022-07-29 07:00:00,0.03895,0.03905,0.03853,0.03874,11158190,432878.01724,3335,4664581,180941.44303,-0.0005159958720332,ARPA-USDT,0.0389852320243233,0.0388630856911751,
2022-07-29 08:00:00,0.03875,0.0395,0.0385,0.03931,13109686,511344.85388,3156,6063773,236943.93611,-0.0002543234994913,ARPA-USDT,0.0387776826477397,0.038778651884333,0.0001
2022-07-29 09:00:00,0.03931,0.0398,0.03905,0.03976,9803231,385987.32737,2258,5038094,198410.68354,0.0007550969041025,ARPA-USDT,0.0393009053602791,0.0392353904689144,
2022-07-29 10:00:00,0.03975,0.04027,0.03953,0.0398899999999999,20656232,823370.52177,3452,9562193,381096.59604,0.0002507522567678,ARPA-USDT,0.0397345173379495,0.0397565090655125,
2022-07-29 11:00:00,0.03988,0.03995,0.03806,0.0385,22325322,870064.2787,4536,9456392,367945.59277,0.0002598077422706,ARPA-USDT,0.0398694941385983,0.0398871498289036,
2022-07-29 12:00:00,0.0385,0.03911,0.03773,0.03828,20179761,776348.9854,4777,9615466,369818.41652,0.0010460251046024,ARPA-USDT,0.0384821929938959,0.0387642424090149,
2022-07-29 13:00:00,0.03827,0.03924,0.03815,0.03905,13894796,538377.28004,3693,6400991,247953.65056,0.0005124263387137,ARPA-USDT,0.0382703019519658,0.0382541112433352,
2022-07-29 14:00:00,0.03908,0.03979,0.03901,0.03904,12120876,478122.26762,3479,5007628,197489.65212,0.0,ARPA-USDT,0.039101675962843,0.0391671070924612,
2022-07-29 15:00:00,0.03904,0.03924,0.03865,0.03865,15582706,607122.06487,4423,6933423,270381.41808,-0.0010338588782632,ARPA-USDT,0.03905530151571,0.0390151611482279,
2022-07-29 16:00:00,0.03866,0.03885,0.03763,0.03826,25330574,967463.17492,5591,11473305,438513.87725,0.0002614379084968,ARPA-USDT,0.0387741054108822,0.0386660357521053,0.0001
2022-07-29 17:00:00,0.03825,0.03836,0.03767,0.03826,6982683,266070.88877,2494,3095749,117959.81878,0.0,ARPA-USDT,0.0382645394811621,0.038203110189599,
2022-07-29 18:00:00,0.03826,0.03893,0.03821,0.03847,8852440,341578.71573,2937,4427063,170854.0974,-0.0007792207792208,ARPA-USDT,0.0382614975411707,0.0383116990991005,
2022-07-29 19:00:00,0.0384899999999999,0.03886,0.03833,0.03876,7845508,302688.31442,2143,3911744,150915.25313,0.0007745933384972,ARPA-USDT,0.0385036757597441,0.038526068697323,
2022-07-29 20:00:00,0.03874,0.03895,0.03835,0.03877,10568304,408470.77597,2653,4843491,187305.40947,0.0005161290322579,ARPA-USDT,0.0387226500816651,0.0387130346975219,
2022-07-29 21:00:00,0.03876,0.03883,0.0383,0.0386699999999999,5901811,227750.14987,1831,2824943,108966.65422,0.0010354646647656,ARPA-USDT,0.0388079287538331,0.0387691434936148,
2022-07-29 22:00:00,0.0386699999999999,0.03958,0.03859,0.03957,8924662,349233.77906,2201,5415902,212240.65295,0.0010118897040223,ARPA-USDT,0.0386553965897908,0.0386244934188026,
2022-07-29 23:00:00,0.03957,0.0397,0.03866,0.03879,11161704,438082.78716,3506,4693995,184167.9906,-0.0005153311002318,ARPA-USDT,0.0395617570384234,0.039336517759147,
2022-07-30 00:00:00,0.0388,0.03978,0.03876,0.03954,10999941,432430.62129,3499,6178572,242818.41922,0.0015197568389058,ARPA-USDT,0.0388409530860915,0.0388509540304752,0.0001
2022-07-30 01:00:00,0.03953,0.0396199999999999,0.03862,0.03941,5740091,224894.32728,2275,2755979,107913.85174,0.001016002032004,ARPA-USDT,0.039588134000435,0.0395042249667266,
2022-07-30 02:00:00,0.0394399999999999,0.03949,0.03888,0.0393899999999999,4378819,171715.39141,1864,2425132,95121.33163,0.0005080010159994,ARPA-USDT,0.0393288102227876,0.0392146309502573,
2022-07-30 03:00:00,0.0394,0.03945,0.03901,0.03925,4841703,189768.96332,1796,2874126,112609.63137,0.0007649158592555,ARPA-USDT,0.039376454478068,0.0392586019000994,
2022-07-30 04:00:00,0.03927,0.03937,0.0388,0.03903,7637431,298239.38484,2323,3547908,138600.79674,0.0007692307692308,ARPA-USDT,0.0392120819257268,0.0392784390287583,
2022-07-30 05:00:00,0.03903,0.03954,0.03897,0.03941,5541862,217783.09016,1737,2802048,110097.67684,0.0007618080243778,ARPA-USDT,0.0390567390201202,0.0390563349664482,
2022-07-30 06:00:00,0.03941,0.03971,0.03926,0.0396199999999999,7627315,301301.41147,2312,3938677,155578.39771,0.0007577671129046,ARPA-USDT,0.039360675879674,0.0393926278452666,
2022-07-30 07:00:00,0.0396199999999999,0.04025,0.03959,0.0396399999999999,11252480,448475.09461,3226,5754723,229445.85144,0.001515917129861,ARPA-USDT,0.0396555102887733,0.0397868082338838,
2022-07-30 08:00:00,0.03965,0.04008,0.03956,0.03997,11460856,456985.43673,3194,4832543,192706.55526,0.0015033826108743,ARPA-USDT,0.0396484785503461,0.0396660242655148,0.0001
2022-07-30 09:00:00,0.03996,0.04126,0.03972,0.04003,51047181,2060168.60134,7118,27708880,1118068.86931,0.0002498750624688,ARPA-USDT,0.0399721278494209,0.0398850906193537,
2022-07-30 10:00:00,0.04005,0.04007,0.03932,0.03975,10803922,428618.5505,3007,5224210,207301.46778,0.0005033979360684,ARPA-USDT,0.040003895143601,0.0398261689048184,
2022-07-30 11:00:00,0.03974,0.04026,0.03968,0.04,7663448,306771.37185,1997,2870927,114868.98159,0.0007505629221917,ARPA-USDT,0.0397471193191037,0.0397575146175675,
2022-07-30 12:00:00,0.04001,0.04034,0.0398699999999999,0.04018,12965826,520068.893,3148,5420724,217454.14832,0.0004980079681273,ARPA-USDT,0.0399560265811866,0.039997495412196,
2022-07-30 13:00:00,0.04018,0.0413,0.04007,0.04078,44842392,1832185.10261,7660,21830940,893114.58289,0.0009818360333824,ARPA-USDT,0.0401860272069296,0.0401796039203533,
2022-07-30 14:00:00,0.04076,0.04129,0.04033,0.04053,17511527,715047.90843,3625,7854681,320864.2649,0.0014825796886581,ARPA-USDT,0.0407709375955236,0.0408119450792455,
2022-07-30 15:00:00,0.04054,0.04102,0.04053,0.04074,9879440,403311.76312,3050,4385238,178944.82398000002,0.0012288031457361,ARPA-USDT,0.0405713041101233,0.040635385729715,
2022-07-30 16:00:00,0.04075,0.04119,0.0406,0.0410899999999999,8976175,367208.03756,3000,4436196,181509.02619,0.0007306380905967,ARPA-USDT,0.0407123151976074,0.0407150071648696,0.0001
2022-07-30 17:00:00,0.0410899999999999,0.0410899999999999,0.0403,0.04056,8279322,336804.65261,2276,2600347,105824.70806,0.0,ARPA-USDT,0.0410563290691847,0.0410276095653282,
2022-07-30 18:00:00,0.04057,0.04069,0.04043,0.04051,7188870,291495.99382,3100,2948624,119578.80062,0.0004939491232403,ARPA-USDT,0.0405813598259726,0.0405601610576521,
2022-07-30 19:00:00,0.04051,0.04054,0.03945,0.03957,11108428,444298.03002,3252,4293044,171740.91218,0.0007587253414265,ARPA-USDT,0.0405010931768994,0.0405171077980731,
2022-07-30 20:00:00,0.03954,0.03982,0.03932,0.03968,6636704,262819.23181,2736,3311690,131196.51771,-0.0007554772097708,ARPA-USDT,0.0395633413875465,0.0396355158736168,
2022-07-30 21:00:00,0.0396899999999999,0.03974,0.03911,0.03915,5518195,217659.30037,2050,2461436,97130.59785,-0.0005105948429922,ARPA-USDT,0.0396976487717464,0.0397053989013388,
2022-07-30 22:00:00,0.03914,0.03915,0.03835,0.03883,9492116,367374.1929,2881,4203453,162662.23808,0.0010311936065998,ARPA-USDT,0.0390049565267353,0.0388284280289913,
2022-07-30 23:00:00,0.03882,0.03897,0.03816,0.0385,6061782,233156.84809,2210,2775467,106766.1445,0.0002598077422706,ARPA-USDT,0.0387967994822765,0.038808686519383,
2022-07-31 00:00:00,0.03853,0.03926,0.03828,0.03916,7166400,278746.83653000003,2961,4240525,164881.90819000002,0.0012784454103809,ARPA-USDT,0.0385018410617643,0.0384465797742986,0.0001
2022-07-31 01:00:00,0.03913,0.0393,0.03888,0.03912,4124733,161166.21309,1888,1998377,78124.65549,0.0002556890820761,ARPA-USDT,0.039086850058258,0.0391008839989113,
2022-07-31 02:00:00,0.03911,0.03948,0.03906,0.03935,5063158,198823.44466,1829,2436388,95660.43869,0.0012722646310432,ARPA-USDT,0.0391618232262467,0.0392311819708535,
2022-07-31 03:00:00,0.03933,0.03952,0.03913,0.03947,5509059,216648.18027,1854,2524766,99289.34506,0.0017766497461928,ARPA-USDT,0.0393297073463268,0.0393755995281026,
2022-07-31 04:00:00,0.03945,0.0403,0.03945,0.04027,8348675,333749.6273,2526,4680893,187124.33828,0.0012431626056688,ARPA-USDT,0.0394869720007187,0.0396645952734016,
2022-07-31 05:00:00,0.04027,0.04041,0.03966,0.03977,6748679,270436.81634,2147,3060176,122714.77304,0.0007549068948162,ARPA-USDT,0.0401987076601154,0.0402487721175815,
2022-07-31 06:00:00,0.03975,0.03999,0.03963,0.0398899999999999,4575797,182232.80598,1674,2199218,87603.17459,0.0010037641154303,ARPA-USDT,0.0397680481706261,0.039819907702175,
2022-07-31 07:00:00,0.03991,0.04022,0.03974,0.0398,4846839,193690.13511,1718,2072523,82876.61667,-0.0002511931675457,ARPA-USDT,0.0399260790723612,0.0400092190643996,
2022-07-31 08:00:00,0.03978,0.0406399999999999,0.03936,0.03954,22662198,909106.09774,5514,11645145,467191.40835,0.0005060728744938,ARPA-USDT,0.0397979439404367,0.0397977692674164,0.0001
2022-07-31 09:00:00,0.03955,0.04024,0.0392,0.04017,6947275,277050.39313,1970,3189283,127151.6573,0.0004981320049812,ARPA-USDT,0.0394963378561909,0.0393982080447341,
2022-07-31 10:00:00,0.04019,0.04043,0.03992,0.04035,6581861,264703.31847,2011,2989156,120218.2918,0.0,ARPA-USDT,0.0401589020421696,0.0401342682357917,
2022-07-31 11:00:00,0.04036,0.04043,0.03999,0.04032,5422331,218092.53005,1824,2530811,101802.08889,0.0007446016381236,ARPA-USDT,0.0403788624220837,0.0403223036032493,
2022-07-31 12:00:00,0.04032,0.04046,0.03986,0.04045,7891745,316364.34958,2407,3881360,155666.44048,0.0017335314512134,ARPA-USDT,0.0403139291705785,0.0402011538168106,
2022-07-31 13:00:00,0.04041,0.0405,0.03968,0.03996,6975459,279223.16455,2397,3051306,122124.89513,0.0015037593984963,ARPA-USDT,0.040477753261709,0.0404049251822877,
2022-07-31 14:00:00,0.03996,0.04038,0.03968,0.04,7108411,284793.222,2156,3552880,142402.20551,0.0025062656641605,ARPA-USDT,0.0399870325376349,0.0400029630275271,
2022-07-31 15:00:00,0.04,0.04022,0.03984,0.04004,5198232,208205.06082,1959,2933403,117517.72009,0.0004997501249375,ARPA-USDT,0.0400360764854043,0.0400427977009677,
2022-07-31 16:00:00,0.04005,0.04049,0.03976,0.04034,9141668,366964.50349,3015,4283686,172088.39417,0.0012410027302061,ARPA-USDT,0.0399767864902341,0.0401103995167721,0.0001
2022-07-31 17:00:00,0.04034,0.04045,0.04001,0.04025,6132036,246704.65347,2112,2919703,117505.18045,0.0014929086837522,ARPA-USDT,0.0403410546857869,0.0402783622419372,
2022-07-31 18:00:00,0.04023,0.04096,0.0393899999999999,0.04011,20057729,806095.63136,4835,9151751,368083.62365,0.0002493765586035,ARPA-USDT,0.0402208185675933,0.0402434662280985,
2022-07-31 19:00:00,0.0401199999999999,0.04065,0.0399399999999999,0.04009,7052499,284177.04088,2082,3576803,144148.19557,-0.00049862877088,ARPA-USDT,0.0401355561564428,0.0401821910818071,
2022-07-31 20:00:00,0.04009,0.04029,0.03996,0.04015,5595573,224529.64546,1838,2609996,104739.88341,0.0002491280518186,ARPA-USDT,0.0400745094707771,0.0401017835770551,
2022-07-31 21:00:00,0.0401399999999999,0.04043,0.03981,0.03985,5340908,214349.55385,1745,2588823,104010.57126,-0.0007522567703109,ARPA-USDT,0.0401526351299984,0.0401957079366194,
2022-07-31 22:00:00,0.0398699999999999,0.0398899999999999,0.03835,0.03863,12858975,501707.64089,3328,5577174,217664.99244,0.0005180005180005,ARPA-USDT,0.0398546808083217,0.0396979455142159,
2022-07-31 23:00:00,0.03864,0.03906,0.0382399999999999,0.03856,7468977,288193.56794,2353,3588219,138539.93346,0.0005189413596262,ARPA-USDT,0.0386499961185442,0.0385599931323496,
2022-08-01 00:00:00,0.03858,0.03975,0.03848,0.03973,9976724,390028.76649,2712,5651518,220918.47958,0.0007556675062971,ARPA-USDT,0.0385445565086287,0.0386238155217044,0.0001
2022-08-01 01:00:00,0.03974,0.04019,0.03948,0.04007,8098343,323157.73502,2403,3890137,155271.3167,0.0004993757802747,ARPA-USDT,0.039765328744572,0.0398238454078675,
2022-08-01 02:00:00,0.04008,0.0402,0.0394399999999999,0.0396899999999999,6302342,250430.48342,2051,2653986,105467.51286,0.001514004542011,ARPA-USDT,0.0400373526645685,0.0400606171725799,
2022-08-01 03:00:00,0.03968,0.04003,0.03941,0.03998,4856325,192549.896,1599,2375226,94217.77802,0.0015030060120242,ARPA-USDT,0.0396838034346888,0.0397136194151308,
2022-08-01 04:00:00,0.03995,0.04063,0.03981,0.04035,8816775,355307.55641,2135,4253479,171450.01194,0.0002478929102627,ARPA-USDT,0.0399881054099754,0.0400010283991663,
2022-08-01 05:00:00,0.04034,0.0405,0.0397,0.04003,9889882,396282.82915,2189,3937360,157764.30461,0.0015011258443833,ARPA-USDT,0.0403406993447882,0.0403930873193064,
2022-08-01 06:00:00,0.04001,0.04001,0.03923,0.03963,7981763,316089.83474,2237,3515673,139261.67274,0.001010356150543,ARPA-USDT,0.0399819205051377,0.0399657894866364,
2022-08-01 07:00:00,0.0396199999999999,0.04002,0.03924,0.03988,5802864,230231.41868,2078,2790459,110665.81304,-0.0002506893958386,ARPA-USDT,0.0396763045701541,0.0397107965571873,
2022-08-01 08:00:00,0.0398899999999999,0.04071,0.0398699999999999,0.04016,12786059,514501.70025,3334,6640971,267433.86467,0.0012465719272003,ARPA-USDT,0.0398936880666984,0.0399316724236291,0.0001
2022-08-01 09:00:00,0.04017,0.04049,0.04005,0.04033,8890099,358681.10009,2074,4747957,191562.76747,0.0019875776397515,ARPA-USDT,0.0401274874310023,0.0401556613386936,
2022-08-01 10:00:00,0.04034,0.0435399999999999,0.0403,0.04245,244371159,10356839.61854,39023,130727256,5535746.71231,0.0007072135785006,ARPA-USDT,0.0408668110260849,0.0412845077791775,
2022-08-01 11:00:00,0.04247,0.04285,0.0416399999999999,0.04189,60346700,2541153.9594900003,10252,29406272,1239027.31991,0.000716674629718,ARPA-USDT,0.0425945928397796,0.0425311974077266,
2022-08-01 12:00:00,0.04191,0.04199,0.04085,0.0411,44854540,1858099.37605,9186,19170402,794590.84145,-0.0009722897423433,ARPA-USDT,0.0418576490355214,0.0418619447136571,
2022-08-01 13:00:00,0.04111,0.0414,0.04027,0.0410899999999999,42139876,1720524.06706,8688,18730501,765117.93891,-0.0012153621779316,ARPA-USDT,0.0411021443403743,0.040999204366049,
2022-08-01 14:00:00,0.0410699999999999,0.04266,0.04097,0.04233,42273821,1759778.51336,8736,20021748,833946.86711,-0.0016509433962264,ARPA-USDT,0.0411527111004063,0.0411822537400247,
2022-08-01 15:00:00,0.04233,0.04344,0.04174,0.0422,70260556,2989180.53328,12586,37434017,1594183.43635,-0.0002369106846717,ARPA-USDT,0.0423885957274174,0.0426204868905056,
2022-08-01 16:00:00,0.04222,0.04231,0.04121,0.0418199999999999,30714983,1284554.12071,6224,14359456,601029.67584,-2.4424906541753444e-15,ARPA-USDT,0.0422125349322081,0.0421556267712465,0.0001
2022-08-01 17:00:00,0.0418199999999999,0.0418399999999999,0.04081,0.04129,26002550,1072487.97456,5529,10535369,434723.3503,-0.0007260406582769,ARPA-USDT,0.0417519929382105,0.0417345642322161,
2022-08-01 18:00:00,0.04129,0.0413,0.04058,0.0410699999999999,16009857,655641.61279,4054,6525007,267263.46011,0.0004872107186333,ARPA-USDT,0.0412641915649344,0.0412264646122009,
2022-08-01 19:00:00,0.04106,0.04138,0.04079,0.04138,17074605,702704.37375,4023,7565359,311359.49969,-0.0002416042522349,ARPA-USDT,0.0410956748971259,0.0409943905685867,
2022-08-01 20:00:00,0.04138,0.04165,0.04123,0.04154,14593037,605152.39481,3698,6061444,251382.37351,0.0019295706705257,ARPA-USDT,0.0413694773199446,0.0413313730360234,
2022-08-01 21:00:00,0.04156,0.0416,0.04081,0.04108,8674941,357276.40284,2654,3433148,141372.60407,0.0,ARPA-USDT,0.0415241056347719,0.0415042853495967,
2022-08-01 22:00:00,0.0410699999999999,0.0413,0.04053,0.04122,11266296,460502.59399,2816,4998804,204117.48432,0.0004854368932039,ARPA-USDT,0.0410724008414764,0.0410560486394216,
2022-08-01 23:00:00,0.04122,0.04144,0.04108,0.04123,8932946,368742.10593,2350,3581733,147897.9103,-0.0002424830261881,ARPA-USDT,0.0412389323803187,0.0412561883577266,
2022-08-02 00:00:00,0.04123,0.04163,0.04081,0.04096,9236153,380722.98776,2924,3997127,164736.05801,-0.0002440810349034,ARPA-USDT,0.0412425200800847,0.0412168516930667,0.0001
2022-08-02 01:00:00,0.04096,0.0413199999999999,0.03998,0.04004,13338288,542303.0307,3122,5097061,207469.39201,-0.0014962593516208,ARPA-USDT,0.040948211684807,0.0409633068778325,
2022-08-02 02:00:00,0.04003,0.04019,0.039,0.03928,16158213,640898.96412,3710,6746861,268159.14592,-0.0007631645891629,ARPA-USDT,0.040024018629147,0.0399897864076415,
2022-08-02 03:00:00,0.03925,0.03929,0.0384199999999999,0.03854,21790092,844738.86027,4151,9373473,363440.72129,-0.0018130018130018,ARPA-USDT,0.0392396447291707,0.0391935349449047,
2022-08-02 04:00:00,0.03855,0.03887,0.03818,0.03862,11170698,430726.50737,2927,4788813,184635.78247,-0.0010346611484738,ARPA-USDT,0.0385290105335364,0.0385740495186302,
2022-08-02 05:00:00,0.03862,0.03916,0.03855,0.0389,9944351,387389.42279,2416,5052909,196837.34211,-0.0028197897974879,ARPA-USDT,0.0385991758496181,0.0386312940971436,
2022-08-02 06:00:00,0.03891,0.03974,0.03886,0.0392,14236694,560197.5157,3348,7029177,276721.79729,-0.0010193679918449,ARPA-USDT,0.0389023190740635,0.0390629584480209,
2022-08-02 07:00:00,0.0391899999999999,0.0393,0.03868,0.0392,10846295,423025.05942,2811,4654058,181544.44836,-0.0005099439061703,ARPA-USDT,0.0391822278823806,0.0390961783292613,
2022-08-02 08:00:00,0.0392,0.03926,0.0386899999999999,0.0388,8700107,338983.8532,2678,3550169,138382.56032,-0.0007725985063096,ARPA-USDT,0.039217073405325,0.0391443021606666,8.745e-05
2022-08-02 09:00:00,0.03879,0.0389,0.03832,0.03853,13454907,518895.1387,3208,6360646,245298.07191,-0.001296008294453,ARPA-USDT,0.0388011620739453,0.0387230494965072,
2022-08-02 10:00:00,0.03855,0.03909,0.0384399999999999,0.0388,24388238,946226.64027,4783,12155838,471747.87852,-0.0020576131687242,ARPA-USDT,0.0385630688866558,0.0385347038074829,
2022-08-02 11:00:00,0.03879,0.0391,0.0387,0.03882,13346412,519097.85175,2989,6759944,262992.9571,-0.0020565552699227,ARPA-USDT,0.0387933517390307,0.0388526165344006,
2022-08-02 12:00:00,0.03881,0.0391899999999999,0.03861,0.03883,16063273,625114.9544,4169,8999868,350415.82962,0.0,ARPA-USDT,0.0388051864349476,0.0389041287604846,
2022-08-02 13:00:00,0.03883,0.03942,0.03874,0.03921,20774517,813704.65321,4226,11157109,437123.89622,-0.0002549719530851,ARPA-USDT,0.0387963523146928,0.0388489358381723,
2022-08-02 14:00:00,0.03922,0.03976,0.03861,0.03959,24173590,949098.26518,4870,11438880,449385.70761,0.0005054334091483,ARPA-USDT,0.0391372761961705,0.0390662347994405,
2022-08-02 15:00:00,0.03957,0.04078,0.03932,0.03976,25675613,1025113.8404,5262,15068441,602368.71868,-0.0007539582809751,ARPA-USDT,0.0396150479026821,0.0398043617990715,
2022-08-02 16:00:00,0.03976,0.04058,0.03967,0.0403,20269637,816296.56217,4801,10114497,407322.70246,-0.0002480774001487,ARPA-USDT,0.0397316898150922,0.0399481017679182,0.0001
2022-08-02 17:00:00,0.04031,0.04054,0.03988,0.04009,11082112,445758.71128,2690,5064768,203743.82268,-0.00049862877088,ARPA-USDT,0.0403084222962503,0.0403854504296655,
2022-08-02 18:00:00,0.04009,0.04036,0.03952,0.03956,8357115,333776.15078,2294,4063044,162479.22168,0.0,ARPA-USDT,0.0400711899346546,0.0401275723133036,
2022-08-02 19:00:00,0.03956,0.03995,0.03934,0.03957,9836088,389800.60504,2563,5154607,204210.01657,-0.0010098459984851,ARPA-USDT,0.0396017155599232,0.0395501191829586,
2022-08-02 20:00:00,0.03959,0.04001,0.03957,0.0399399999999999,7055463,280881.11697,2197,3763962,149871.85486,0.0005010020040054,ARPA-USDT,0.0396049570677539,0.0396568314333041,
2022-08-02 21:00:00,0.03995,0.04008,0.03958,0.04004,5700559,226843.34175,1761,2597299,103364.07194,0.0,ARPA-USDT,0.0399503675662054,0.0399467458872406,
2022-08-02 22:00:00,0.04004,0.04028,0.03977,0.04,5956758,238403.08007,1500,2946795,117931.83383,0.0,ARPA-USDT,0.040027454035724,0.0399843202866401,
2022-08-02 23:00:00,0.04,0.04009,0.03936,0.03953,5722868,227520.73221,1835,2818172,112077.7881,-0.0002529084471419,ARPA-USDT,0.0399803525349349,0.0399935517970497,
2022-08-03 00:00:00,0.03953,0.03977,0.03865,0.0389199999999999,13369499,523770.42952,4023,5687113,222884.79871,-2.664535259100376e-15,ARPA-USDT,0.0395706943420216,0.0395063521038397,0.0001
2022-08-03 01:00:00,0.03891,0.03986,0.03871,0.0396899999999999,11761123,461588.06586,2959,6441707,252776.50496,-2.664535259100376e-15,ARPA-USDT,0.0388928895134876,0.0388310225308536,
2022-08-03 02:00:00,0.0397,0.04017,0.03945,0.03999,8938596,355802.62383,2376,4706936,187399.43936,-0.0004998750312421,ARPA-USDT,0.0396509801193061,0.0397861975543906,
2022-08-03 03:00:00,0.03999,0.04052,0.03973,0.0404,9196019,369976.14165,2361,5223896,210197.15525,0.0002475860361474,ARPA-USDT,0.0399531049947968,0.0399480861278369,
2022-08-03 04:00:00,0.04041,0.04169,0.04035,0.04101,29327833,1205272.10417,7071,15411903,633417.19147,-0.0004874482086277,ARPA-USDT,0.0404050671566863,0.0404791551679943,
2022-08-03 05:00:00,0.04098,0.04145,0.04081,0.04124,14457748,595309.23935,2999,8898054,366311.51941,0.0,ARPA-USDT,0.0409847283619142,0.0409703249330054,
2022-08-03 06:00:00,0.04124,0.04153,0.04085,0.04127,11303508,466275.43853,2941,5731923,236518.44112,0.0002423654871546,ARPA-USDT,0.0413198884227699,0.0413357748901734,
2022-08-03 07:00:00,0.04127,0.04141,0.04097,0.04135,9919717,408396.06608,2872,4915900,202447.80266,-0.0007249879168681,ARPA-USDT,0.0412289466541231,0.0411879780051694,
2022-08-03 08:00:00,0.0413399999999999,0.04155,0.04096,0.04155,16473139,679470.35223,3899,8163857,336822.45687,0.000240731824747,ARPA-USDT,0.0413429128042635,0.0412567470188278,0.0001
2022-08-03 09:00:00,0.04155,0.04192,0.04147,0.04183,16822042,701665.64455,3651,8490294,354198.56697,0.0002391200382592,ARPA-USDT,0.0415458534973248,0.0415960232635026,
2022-08-03 10:00:00,0.04183,0.0420699999999999,0.0415,0.04163,12744707,532374.70128,2996,5722102,239160.37132,0.0004806536890169,ARPA-USDT,0.0418971025592017,0.0418786451603526,
2022-08-03 11:00:00,0.04163,0.04192,0.04152,0.04192,8915578,371986.50213,2056,4845628,202206.2084,-0.0002384927259719,ARPA-USDT,0.0416478024864638,0.0416600048018492,
2022-08-03 12:00:00,0.04191,0.04216,0.04162,0.04166,14966790,627417.01856,3588,6280456,263250.6468,-0.0011987532965714,ARPA-USDT,0.0419565812830584,0.0419283573347083,
2022-08-03 13:00:00,0.04166,0.0420699999999999,0.04166,0.04195,7458614,312334.16719,2025,3957043,165738.09900000002,0.0,ARPA-USDT,0.0417576189291371,0.0417962554138097,
2022-08-03 14:00:00,0.04193,0.04211,0.04151,0.04194,11788340,493260.82806,2708,4923544,206030.90781,-0.0002383790226461,ARPA-USDT,0.0419027738185136,0.0419481408771386,
2022-08-03 15:00:00,0.04193,0.04325,0.04174,0.04294,50183590,2143291.70657,10297,27408323,1170908.21611,-0.0011630611770179,ARPA-USDT,0.0419311070922047,0.0418638859525148,
2022-08-03 16:00:00,0.04293,0.04458,0.04228,0.0444,128879731,5611317.21838,21994,70409156,3065137.71966,0.0,ARPA-USDT,0.0428067343629322,0.0426791934363027,0.0001
2022-08-03 17:00:00,0.04439,0.04445,0.0432,0.04322,74159623,3254040.36078,12548,36568008,1605201.53647,-0.0009246417013406,ARPA-USDT,0.0443732187888378,0.0442098726781037,
2022-08-03 18:00:00,0.04325,0.04365,0.04288,0.04305,32712828,1417240.44795,5922,15052787,652427.74995,-0.0002322340919648,ARPA-USDT,0.0431875092273097,0.0433635211287802,
2022-08-03 19:00:00,0.0430399999999999,0.04328,0.04263,0.0431,21738757,934167.11856,4519,9059541,389338.61879,-0.0006955715279388,ARPA-USDT,0.0430167229308005,0.0430595527915847,
2022-08-03 20:00:00,0.0431,0.04323,0.04258,0.04267,16412582,703602.47483,3872,7248071,310717.59048,-0.0004684937924572,ARPA-USDT,0.0430994857438512,0.0430666646360625,
2022-08-03 21:00:00,0.04267,0.04285,0.0424,0.04243,12559282,535820.03347,2857,5843121,249321.29392,-0.0007065473386715,ARPA-USDT,0.0426912161180898,0.0427451539062512,
2022-08-03 22:00:00,0.04244,0.04244,0.04142,0.04156,17894308,750865.95779,4129,6654338,279304.71228,-0.0004810004810004,ARPA-USDT,0.0424312359132628,0.0423989751237055,
2022-08-03 23:00:00,0.04153,0.04155,0.041,0.0410899999999999,24555232,1011792.31281,4568,12619309,519774.28867,-0.0017006802721113,ARPA-USDT,0.0414937606200224,0.0413822060930063,
2022-08-04 00:00:00,0.0411,0.04214,0.04104,0.0420699999999999,20768815,866734.0835899999,4496,10709323,446728.93349,0.0002377555872539,ARPA-USDT,0.0411118998574611,0.0411407540821201,0.0001
2022-08-04 01:00:00,0.04206,0.04288,0.04205,0.04253,12622202,536301.72036,2889,6854912,291229.33333,0.0002351834430855,ARPA-USDT,0.0421081887743767,0.0421869820408337,
2022-08-04 02:00:00,0.04252,0.04341,0.0424,0.0430899999999999,11263364,482969.81489,2742,5729034,245764.92309,0.0004643603436242,ARPA-USDT,0.042515619693986,0.0424744606168749,
2022-08-04 03:00:00,0.04306,0.0432,0.04242,0.04314,12356098,528461.33916,2609,5052110,216167.54213,0.0004638218923933,ARPA-USDT,0.0430463631125206,0.0429771439180143,
2022-08-04 04:00:00,0.04314,0.0432899999999999,0.04287,0.0430399999999999,10363461,446354.12942,2307,5755658,247895.84844,-0.0011603620329567,ARPA-USDT,0.0431361915397789,0.043002187650903,
2022-08-04 05:00:00,0.0430399999999999,0.04326,0.04263,0.04285,7634928,327327.84926,1942,3338212,143096.13663,0.0004669624095259,ARPA-USDT,0.0430981455420352,0.0431424402955817,
2022-08-04 06:00:00,0.04285,0.04313,0.04161,0.0420699999999999,19342203,817104.55737,4303,8166853,344543.92501,-0.0007125890736365,ARPA-USDT,0.0428688305869561,0.042918447154731,
2022-08-04 07:00:00,0.04208,0.04244,0.04196,0.04198,7337180,309605.51093,2168,2831649,119493.54045,0.0004766444232604,ARPA-USDT,0.0420603179672805,0.0421095356572061,
2022-08-04 08:00:00,0.04198,0.04223,0.04172,0.04186,10503224,441050.46351,2597,4539312,190697.60178,0.0,ARPA-USDT,0.0419659441598597,0.0419952676679221,0.0001
2022-08-04 09:00:00,0.04185,0.04217,0.04175,0.04215,8211931,344568.72694,2156,3920024,164574.05975,-0.0009480919649205,ARPA-USDT,0.0417829077828285,0.0418183976959971,
2022-08-04 10:00:00,0.04215,0.04238,0.04192,0.04206,5174599,218111.086,1647,2532857,106771.60487,-0.0007127583749109,ARPA-USDT,0.0421446828163566,0.0421635463564558,
2022-08-04 11:00:00,0.04206,0.04217,0.0419,0.04202,6178246,259800.01578,1675,2811532,118222.32561,-0.001188495364868,ARPA-USDT,0.0420599809355692,0.0420452716751564,
2022-08-04 12:00:00,0.04202,0.04225,0.0417,0.04185,8126901,340797.89286,2761,3790002,158923.90505,-0.0011933174224344,ARPA-USDT,0.0419938474933048,0.042099305088031,
2022-08-04 13:00:00,0.04186,0.04253,0.04167,0.04231,12635257,531898.18885,3026,5854669,246467.93841,0.0,ARPA-USDT,0.0418541878429374,0.0417968440529838,
2022-08-04 14:00:00,0.04228,0.04283,0.04185,0.0423,22571140,954251.23474,4521,10223917,432075.38441,0.0,ARPA-USDT,0.0423145350224741,0.0424386761914122,
2022-08-04 15:00:00,0.04231,0.04246,0.04197,0.04236,9022864,380641.05763,2288,4538614,191468.32036,0.0,ARPA-USDT,0.0422697855858885,0.0422413187401311,
2022-08-04 16:00:00,0.04238,0.04264,0.0414,0.04152,16755548,704608.2124600001,3951,7223472,303743.53041,-0.0014430014430013,ARPA-USDT,0.0423318576103094,0.0423246488689295,0.0001
2022-08-04 17:00:00,0.04155,0.04212,0.04153,0.04206,12363404,517137.29418,2533,7317166,306309.16736,0.0004757373929591,ARPA-USDT,0.0416210210639057,0.0416574263287767,
2022-08-04 18:00:00,0.04206,0.0423199999999999,0.0416,0.04194,11265342,472931.21616,2855,5088936,213602.23725,-0.0002383790226461,ARPA-USDT,0.0420639042251727,0.0420375492121407,
2022-08-04 19:00:00,0.04193,0.04223,0.04169,0.04187,7513040,315144.25968,1950,3562383,149471.86842,-0.0004774409166865,ARPA-USDT,0.0419507404722859,0.0419566089538282,
2022-08-04 20:00:00,0.04187,0.0420899999999999,0.0418,0.04196,6236495,261704.75297,1639,3155901,132421.37382,-0.0002382654276865,ARPA-USDT,0.0418899987700986,0.0419410903476005,
2022-08-04 21:00:00,0.04196,0.04219,0.04169,0.0417,4972810,209025.3256,1254,2359619,99216.87272,-0.0004793863854266,ARPA-USDT,0.0420059365560958,0.042033841517482,
2022-08-04 22:00:00,0.04171,0.04212,0.04162,0.04206,5751263,241192.87824,1546,3021629,126774.04771,0.0,ARPA-USDT,0.0416761457053911,0.0418051569766964,
2022-08-04 23:00:00,0.04206,0.04237,0.04196,0.04215,4825012,203366.24213,1557,2189616,92286.95608,0.0002373042240153,ARPA-USDT,0.0420688090310793,0.0420723468848538,
2022-08-05 00:00:00,0.04215,0.04247,0.04202,0.04202,6089253,257564.62455,2047,2725488,115276.92583,-0.0019002375296911,ARPA-USDT,0.0421873117913947,0.0422617897201971,0.0001
2022-08-05 01:00:00,0.04203,0.0428,0.04202,0.04266,7201630,305827.36593,1736,3484599,148064.01266,-0.0004686035613872,ARPA-USDT,0.0420691922585461,0.0421108595560925,
2022-08-05 02:00:00,0.04266,0.04301,0.04263,0.04272,8843856,378459.04755,2006,4510378,193108.70807,0.0004683840749415,ARPA-USDT,0.042707778744463,0.0427755015392521,
2022-08-05 03:00:00,0.04272,0.0432699999999999,0.04269,0.04314,5589551,240518.36834,1512,2544601,109493.16987,0.0,ARPA-USDT,0.0427216974974144,0.0428091434499514,
2022-08-05 04:00:00,0.04312,0.04353,0.04292,0.04335,16759674,724430.58286,2748,7521794,325210.41618,0.0002307337332718,ARPA-USDT,0.0431472143325102,0.0431334488282149,
2022-08-05 05:00:00,0.04334,0.04398,0.04331,0.0437,18871344,823349.82397,3534,8882500,387809.66279,-0.0004574565416285,ARPA-USDT,0.0433779623023303,0.0436161773823487,
2022-08-05 06:00:00,0.04371,0.04426,0.0435399999999999,0.04414,14552183,638922.84458,3008,6914259,303508.90536,0.0,ARPA-USDT,0.0437153359382499,0.0437607030156558,
2022-08-05 07:00:00,0.04414,0.0442399999999999,0.04385,0.04394,12084953,531790.82102,2812,6166269,271409.14969,0.0004553734061929,ARPA-USDT,0.0441256746426301,0.0441234891942965,
2022-08-05 08:00:00,0.04393,0.04631,0.04391,0.04514,121164976,5496903.48443,18637,61840423,2804664.20795,-0.0008853474988932,ARPA-USDT,0.0443234974699738,0.0446756399812382,0.0001
2022-08-05 09:00:00,0.04514,0.04554,0.0448,0.0449899999999999,25416422,1146288.86925,4493,12060007,544004.37117,-2.3314683517128287e-15,ARPA-USDT,0.0451533046055624,0.0452903362259269,
2022-08-05 10:00:00,0.0449899999999999,0.04513,0.04453,0.04513,15774099,707720.0035,3151,7560231,339344.39508,0.0006651884700665,ARPA-USDT,0.0450037903961347,0.0449614764950361,
2022-08-05 11:00:00,0.04512,0.04523,0.04481,0.04504,16240900,731072.3684200001,3229,7984931,359515.74075,0.0004442470013328,ARPA-USDT,0.0450406448079259,0.0449860016004529,
2022-08-05 12:00:00,0.04503,0.0451,0.04381,0.04414,26481084,1176469.55304,5185,11212403,497907.83456,0.0011340440009073,ARPA-USDT,0.0450258188121878,0.0449949851366973,
2022-08-05 13:00:00,0.04413,0.0445,0.04373,0.04414,17195125,758330.9289,3530,7378885,325538.94581,-0.0002265005662515,ARPA-USDT,0.0441213292241226,0.0441752572140832,
2022-08-05 14:00:00,0.04414,0.04505,0.04412,0.04456,19670613,879398.61694,3613,11362407,507942.84764,-0.0004486316733961,ARPA-USDT,0.0441650010191488,0.0442711971747833,
2022-08-05 15:00:00,0.0445399999999999,0.04459,0.04415,0.04448,9097896,403790.11684,2202,4627270,205344.47218,0.0002248706993477,ARPA-USDT,0.0445434537372451,0.0445388422325692,
2022-08-05 16:00:00,0.04443,0.04467,0.04408,0.04453,11954880,531135.74621,2588,5495331,244087.18686,-0.000448933782267,ARPA-USDT,0.0443943878146429,0.0444127820468871,0.0001
2022-08-05 17:00:00,0.0445399999999999,0.04477,0.04408,0.04437,8744943,388334.94913,1984,4442363,197194.73238,0.0,ARPA-USDT,0.0445803327529436,0.0445774576958282,
2022-08-05 18:00:00,0.04436,0.0446,0.0442,0.04437,5980462,265662.75976,1546,3084295,136983.33104,0.0002254283137963,ARPA-USDT,0.0444248235755358,0.0443965260500311,
2022-08-05 19:00:00,0.04436,0.04458,0.04436,0.04444,6243225,277614.66156,1440,2759064,122652.53656,-0.0006746120980436,ARPA-USDT,0.0444311275283924,0.0444630442720897,
2022-08-05 20:00:00,0.04444,0.04448,0.04413,0.04425,4986895,220858.26768,1580,2372964,105117.03061,0.0006784260515602,ARPA-USDT,0.0444100012543722,0.0444038164913349,
2022-08-05 21:00:00,0.0442399999999999,0.0447,0.04423,0.0444899999999999,4694100,208873.54053,1482,2140589,95256.42332,-0.0006738544474416,ARPA-USDT,0.0442712947797565,0.0443682324248921,
2022-08-05 22:00:00,0.0445,0.04476,0.04443,0.04473,3735732,166549.14428,1175,2072124,92397.52332,0.0006711409395974,ARPA-USDT,0.0444957867166899,0.0445153168690032,
2022-08-05 23:00:00,0.0447399999999999,0.0451,0.0447,0.0449899999999999,5403266,242529.18436,1516,2604218,116919.68041,-0.0008882966910971,ARPA-USDT,0.0447554890603207,0.0448358724449924,
2022-08-06 00:00:00,0.045,0.04514,0.04444,0.04448,9259345,414810.50771,2544,3183555,142781.97974,-0.0002247696111485,ARPA-USDT,0.0450130919123655,0.0450571973337016,0.0001
2022-08-06 01:00:00,0.04448,0.04475,0.0444,0.0444699999999999,4177784,186230.94789,1237,2091893,93274.59566,-2.3314683517128287e-15,ARPA-USDT,0.0444799999999999,0.0444676720743532,
2022-08-06 02:00:00,0.0444699999999999,0.0447,0.0444,0.04466,4099802,182600.99577,1185,2093983,93268.57721,-0.0004476275738585,ARPA-USDT,0.0444494423430238,0.0444482929229883,
2022-08-06 03:00:00,0.04466,0.04471,0.04433,0.0444,4632286,206016.38829,1163,1533101,68177.08662,0.0004506534474988,ARPA-USDT,0.0446636540756785,0.0446127641001071,
2022-08-06 04:00:00,0.0444,0.04446,0.04426,0.04442,4083705,181132.59413,1220,2032531,90169.88683,-0.0006749156355455,ARPA-USDT,0.0443593421606032,0.0443724794938441,
2022-08-06 05:00:00,0.04442,0.04466,0.0442399999999999,0.04456,7271385,323272.47018,1692,3846765,171070.8051,0.0004490345756622,ARPA-USDT,0.0444126958578894,0.044453883626618,
2022-08-06 06:00:00,0.0445399999999999,0.04484,0.04445,0.0447199999999999,5141841,229584.04865,1588,2582263,115300.24598,0.0002236636099284,ARPA-USDT,0.0445386596841548,0.0445427895461867,
2022-08-06 07:00:00,0.0447199999999999,0.04489,0.04457,0.04488,5210816,232985.78019,1649,2276693,101790.97583,0.0004458314757023,ARPA-USDT,0.0447147848311752,0.0446974237976821,
2022-08-06 08:00:00,0.04488,0.04506,0.0447,0.04475,8291488,372272.08745,2351,3618543,162516.63001,-0.0002234137622878,ARPA-USDT,0.0449191991777254,0.044883434190259,0.0001
2022-08-06 09:00:00,0.04475,0.04484,0.04464,0.0447399999999999,3735906,167162.03239,1316,1326811,59377.99457,-0.000223463687153,ARPA-USDT,0.0447668049148282,0.0447924776295064,
2022-08-06 10:00:00,0.04473,0.045,0.04473,0.04484,3843578,172482.34614,1181,1582111,71014.32629,0.0002230649118892,ARPA-USDT,0.0447444551444035,0.0448108884672257,
2022-08-06 11:00:00,0.04484,0.04492,0.0445399999999999,0.04462,4477797,200239.35123,1165,1880652,84144.21494,-0.000448028673835,ARPA-USDT,0.0448293795592055,0.0448637420858723,
2022-08-06 12:00:00,0.04463,0.0447199999999999,0.04456,0.04465,3785606,169004.68694,1360,1702314,75998.20234,0.0008966599417172,ARPA-USDT,0.0446552751036729,0.0446746970497492,
2022-08-06 13:00:00,0.04465,0.04482,0.04456,0.04462,4445081,198700.62835,1321,2100467,93919.27706,0.0,ARPA-USDT,0.0446674854709707,0.0446289662796817,
2022-08-06 14:00:00,0.04462,0.04471,0.04445,0.04466,7178664,319944.57015,1844,2892684,128925.1714,-0.0002238638907544,ARPA-USDT,0.0445933588373411,0.0446455099463113,
2022-08-06 15:00:00,0.04467,0.0447399999999999,0.0444899999999999,0.04453,4213990,188035.45408,1519,1778002,79354.7277,-0.0006732495511669,ARPA-USDT,0.0447116118411599,0.0446628717963947,
2022-08-06 16:00:00,0.04453,0.04478,0.0444699999999999,0.04452,7139521,318708.38556,1693,2770514,123732.24087,0.000449438202247,ARPA-USDT,0.0445526285979756,0.0445588429472716,0.0001
2022-08-06 17:00:00,0.0444899999999999,0.04475,0.04411,0.0445,9582736,425486.52385,2372,4325509,192169.0357,-0.0008980691513247,ARPA-USDT,0.0443526983920909,0.0442379352260818,
2022-08-06 18:00:00,0.0445,0.04468,0.04435,0.04458,3567622,158809.05482,1295,1477827,65793.52809,0.0004488330341112,ARPA-USDT,0.0445026621489195,0.0444460455171985,
2022-08-06 19:00:00,0.04458,0.0447899999999999,0.0445,0.04462,3479556,155317.79443,1083,1759109,78525.0096,0.0004484304932734,ARPA-USDT,0.0445894209959244,0.0446214681371341,
2022-08-06 20:00:00,0.04463,0.0447,0.04445,0.04469,2779163,123891.0397,1182,1339897,59743.75115,0.0008958566629337,ARPA-USDT,0.0446435255949778,0.0446399812098424,
2022-08-06 21:00:00,0.04469,0.0448,0.04465,0.04469,2349017,105055.29363,742,1076038,48135.21769,-0.0004473272198612,ARPA-USDT,0.0446785727083312,0.0446732724707535,
2022-08-06 22:00:00,0.04469,0.04482,0.0446,0.04465,1906075,85218.70203,830,941481,42096.78345,0.0,ARPA-USDT,0.0446878533167535,0.0447480303843396,
2022-08-06 23:00:00,0.04466,0.04466,0.0439,0.04448,9473004,418976.76848,2264,4617645,204261.83943,0.0006749156355454,ARPA-USDT,0.0446027256567622,0.044572464188079,
2022-08-07 00:00:00,0.04448,0.04459,0.04273,0.04315,16830317,735944.91788,3832,6219446,272455.71979,0.0002318034306907,ARPA-USDT,0.0444773128534618,0.0444132442217704,0.0001
2022-08-07 01:00:00,0.04315,0.04365,0.04303,0.04355,6900980,299812.92929,2340,4059263,176302.65941,0.0002296738631142,ARPA-USDT,0.0430935585564425,0.0432216209679741,
2022-08-07 02:00:00,0.0435399999999999,0.04384,0.04351,0.0437699999999999,3083109,134729.3024,1329,1603594,70086.68034,0.0002285191956101,ARPA-USDT,0.0435527571239856,0.0435715276382784,
2022-08-07 03:00:00,0.0437699999999999,0.04469,0.04363,0.04441,23505507,1038479.14176,3678,11927427,526638.2281899999,-0.0013492241960874,ARPA-USDT,0.0437768137820906,0.0438227607829464,
2022-08-07 04:00:00,0.04441,0.04488,0.04427,0.0444,13318733,593481.99528,2420,6093485,271362.52803,-0.0006752194463199,ARPA-USDT,0.0444193474083957,0.0445451050070619,
2022-08-07 05:00:00,0.04441,0.04461,0.04433,0.04437,6218012,276653.30734,1226,3408277,151677.56107,-0.0006756756756757,ARPA-USDT,0.0443900486862368,0.0444646302448172,
2022-08-07 06:00:00,0.04437,0.04457,0.0442899999999999,0.0444699999999999,4509714,200416.84333,1234,2156913,95890.85847,-0.0004495392222995,ARPA-USDT,0.0443292626172764,0.0444018719928052,
2022-08-07 07:00:00,0.04446,0.04466,0.04436,0.0446,5297328,235716.24794,1286,2929240,130363.91072,-0.0011198208286674,ARPA-USDT,0.0444758289340698,0.0445005593425386,
2022-08-07 08:00:00,0.04461,0.04469,0.04411,0.0442199999999999,7108236,316004.43492,1687,2618256,116327.94013,-2.3314683517128287e-15,ARPA-USDT,0.0445969508901887,0.0446228502158088,0.0001
2022-08-07 09:00:00,0.0442199999999999,0.0444699999999999,0.0442,0.04441,5104120,226346.08185,1062,2532704,112344.86823,-0.0004501462975466,ARPA-USDT,0.0443119165365302,0.0442978289112804,
2022-08-07 10:00:00,0.04441,0.04459,0.04432,0.04438,3501716,155645.00819,971,1775860,78933.10698,-0.0002252759630546,ARPA-USDT,0.0443997032301292,0.0444104336789236,
2022-08-07 11:00:00,0.04437,0.0444899999999999,0.0442,0.04436,2424551,107507.15161,808,1105003,48980.47266,0.0011284134506881,ARPA-USDT,0.0443796715695231,0.0443883104922649,
2022-08-07 12:00:00,0.04435,0.04465,0.0443,0.0445399999999999,5537150,246088.8538,1573,2635369,117165.69689,0.0004492362982906,ARPA-USDT,0.0443911155344069,0.0444487264963703,
2022-08-07 13:00:00,0.04453,0.04467,0.04441,0.04463,5250910,234052.01119,1187,2424912,108114.47681,0.0004483299708586,ARPA-USDT,0.0446220292994867,0.0446080424752759,
2022-08-07 14:00:00,0.04462,0.04469,0.04432,0.04452,4037086,179697.24091,935,1969875,87723.51124,0.000449438202247,ARPA-USDT,0.044652279415886,0.0446073340802018,
2022-08-07 15:00:00,0.04452,0.04452,0.04426,0.04427,3246366,144006.18766999998,955,1527845,67755.46576,0.0006781193490053,ARPA-USDT,0.0445111757575757,0.0444398933695253,
2022-08-07 16:00:00,0.04427,0.04445,0.0442399999999999,0.0442899999999999,4649461,206145.3637,1326,1898272,84186.19014,0.0004517732098463,ARPA-USDT,0.0443219715736354,0.0443138000752078,0.0001
2022-08-07 17:00:00,0.0442899999999999,0.04458,0.04425,0.04444,3503612,155740.22806,1191,1856955,82548.09193000001,-0.0002249718785152,ARPA-USDT,0.0442905053495655,0.0442905018107766,
2022-08-07 18:00:00,0.04445,0.04453,0.04436,0.04453,3094321,137563.71159,1109,1231773,54773.28844,-0.0002245172878312,ARPA-USDT,0.0444653502722323,0.0444884113470277,
2022-08-07 19:00:00,0.04453,0.0445399999999999,0.04436,0.04439,2470473,109849.41939,944,1304178,57991.69992,-0.0004503490204909,ARPA-USDT,0.0445260096308876,0.0444763403358981,
2022-08-07 20:00:00,0.0444,0.04475,0.0444,0.0447399999999999,3661237,163204.61789,1218,1961706,87467.26625,0.0004472271914108,ARPA-USDT,0.0444324291026044,0.0444709713711031,
2022-08-07 21:00:00,0.04475,0.04494,0.04423,0.04445,10828519,483233.69735,1974,4000926,178782.58033,-0.0004497413986956,ARPA-USDT,0.0447792618763922,0.0448226056445237,
2022-08-07 22:00:00,0.04445,0.04446,0.04391,0.044,8845763,390446.63923,2129,3259184,143846.66537,-0.0011350737797957,ARPA-USDT,0.044375545065814,0.0442729619978733,
2022-08-07 23:00:00,0.04401,0.04406,0.04375,0.0439899999999999,5057303,221976.7463,1675,2337016,102619.45837,-0.0004544421722358,ARPA-USDT,0.0439813415029243,0.0439208558487397,
2022-08-08 00:00:00,0.04398,0.04441,0.04393,0.04434,4430187,195715.68003,1693,2369204,104712.3735,-0.0004508566275923,ARPA-USDT,0.0439667174712612,0.0439900982903994,0.0001
2022-08-08 01:00:00,0.04435,0.04439,0.04397,0.0442199999999999,5014269,221616.86803,1320,2678687,118396.54205,-0.0004520795660059,ARPA-USDT,0.0443488372548699,0.044326848901069,
2022-08-08 02:00:00,0.04421,0.04466,0.04419,0.04459,4109605,182556.29042,1154,1803112,80112.91281,0.0,ARPA-USDT,0.0442264120184418,0.0442251183973711,
2022-08-08 03:00:00,0.0446,0.04469,0.04445,0.04458,3137792,139859.7149,1050,1414584,63074.35579,0.0,ARPA-USDT,0.044606763378681,0.044582149714233,
2022-08-08 04:00:00,0.04459,0.04477,0.04453,0.04467,3862163,172529.2931,1340,1774730,79291.90294,0.0006720430107527,ARPA-USDT,0.0446353761930519,0.04463942596458,
2022-08-08 05:00:00,0.04465,0.0449,0.04465,0.0447399999999999,5856950,262290.91316,1394,2670398,119594.22748,-0.0004468275245778,ARPA-USDT,0.0446960270920772,0.0447203493232089,
2022-08-08 06:00:00,0.0447399999999999,0.0452,0.04471,0.045,11253983,506320.82271,2425,5099952,229465.38618,-0.0006662225183211,ARPA-USDT,0.044752029738445,0.0447858435207178,
2022-08-08 07:00:00,0.04501,0.04506,0.0447199999999999,0.04477,6522980,292734.28828,1574,3283325,147390.23645,-0.00111557340473,ARPA-USDT,0.0450101980304515,0.0450195565521579,
2022-08-08 08:00:00,0.04478,0.04505,0.0444699999999999,0.04496,14843441,664017.41093,3517,6582864,294601.28652,-0.0008888888888888,ARPA-USDT,0.0448035467736616,0.0446559571488584,0.0001
2022-08-08 09:00:00,0.0449699999999999,0.0454899999999999,0.0449699999999999,0.04508,15340016,693814.19929,3055,8364592,378332.97288,0.0,ARPA-USDT,0.0450088059599363,0.0450361311022775,
2022-08-08 10:00:00,0.04508,0.0462,0.0448,0.0461,44318783,2017810.57462,5923,23211793,1057382.54297,-0.0002168726957275,ARPA-USDT,0.0451119931243535,0.0451183589779128,
2022-08-08 11:00:00,0.0461,0.04777,0.04602,0.047,187223489,8798049.25248,26380,96679482,4540376.08271,0.0008517887563883,ARPA-USDT,0.0461252351792259,0.0463215870665797,
2022-08-08 12:00:00,0.04698,0.04738,0.0466,0.04673,51128309,2399796.44521,8795,24175371,1135134.31482,0.0004281738385785,ARPA-USDT,0.0469510558687406,0.0470755225097464,
2022-08-08 13:00:00,0.04674,0.04674,0.0462,0.04645,33159788,1540527.34858,5495,13049289,606426.83991,0.0004307559767391,ARPA-USDT,0.046664872726548,0.0466345395164348,
2022-08-08 14:00:00,0.0464399999999999,0.04666,0.04621,0.0465,16014094,743856.14834,3151,6616337,307371.56008,0.0,ARPA-USDT,0.0464173700834818,0.0464277129408603,
2022-08-08 15:00:00,0.04648,0.04663,0.04552,0.04578,35363877,1625111.98254,6106,14849741,682527.95332,-0.0002183882943873,ARPA-USDT,0.0464836525691444,0.0464406372333559,
2022-08-08 16:00:00,0.04577,0.0459399999999999,0.0447,0.04513,33207923,1500545.50171,6057,13780416,622945.9080599999,0.0013312624805859,ARPA-USDT,0.0457646780241791,0.045850178501926,0.0001
2022-08-08 17:00:00,0.04512,0.0454399999999999,0.04502,0.04534,13110327,593563.90496,2594,7378125,334084.22958,-0.0006612298875909,ARPA-USDT,0.0451102013253489,0.0451437668034662,
2022-08-08 18:00:00,0.04534,0.04545,0.0451,0.0454,7057119,320055.08084,1694,3629753,164637.5689,-0.0004403346543372,ARPA-USDT,0.0453583590176959,0.0453124754326384,
2022-08-08 19:00:00,0.04539,0.04554,0.04512,0.04538,5764487,261639.24924,1364,2584850,117346.87755,-0.0002203128442388,ARPA-USDT,0.0454323808286149,0.045420014753409,
2022-08-08 20:00:00,0.04538,0.0463,0.04537,0.04597,11438480,524266.63452,2621,6462512,296148.57915,-0.0002174858634189,ARPA-USDT,0.0453943254657557,0.0454565652856039,
2022-08-08 21:00:00,0.04598,0.04608,0.0452199999999999,0.0455,9565559,435888.23453,2339,3965833,180682.34981,-0.000439367311072,ARPA-USDT,0.0460202606568092,0.0459195982060206,
2022-08-08 22:00:00,0.0455,0.04561,0.0447199999999999,0.04527,8427645,380891.3363,1794,3133065,141671.90265,-0.0006622516556291,ARPA-USDT,0.045508724965201,0.0454517552158534,
2022-08-08 23:00:00,0.04532,0.0456,0.04515,0.04535,10474098,475573.43511,1743,4169283,189165.01447,-0.0004408199250606,ARPA-USDT,0.045367083966935,0.0452899025831676,
2022-08-09 00:00:00,0.04534,0.0458,0.04504,0.04546,5819383,264886.11917,1539,2839363,129258.48142,0.0002200220022003,ARPA-USDT,0.0454255052264808,0.0453901006835624,0.0001
2022-08-09 01:00:00,0.0454899999999999,0.04557,0.04501,0.04527,6304612,285570.9856,1591,3205066,145180.33343,0.0015486725663715,ARPA-USDT,0.0454747180452603,0.0454572910415196,
2022-08-09 02:00:00,0.04525,0.0458,0.0452199999999999,0.04578,5100737,232054.26878,1406,2483567,113004.01578,-0.0002183882943873,ARPA-USDT,0.0452495629512452,0.0452922301719435,
2022-08-09 03:00:00,0.04578,0.04621,0.04571,0.04605,10435985,480065.7841,2358,5082942,233789.4542,0.0006518904823991,ARPA-USDT,0.0458310478235064,0.0457984029333074,
2022-08-09 04:00:00,0.04604,0.04623,0.04585,0.04616,6590203,303548.01469,1905,2952123,136029.17477,0.000216684723727,ARPA-USDT,0.0460645233984976,0.0460680452914744,
2022-08-09 05:00:00,0.04616,0.0462,0.04584,0.0459199999999999,5016405,230795.23161,1298,2182515,100424.68931,0.0010900370612578,ARPA-USDT,0.0461792458427187,0.0461546155281852,
2022-08-09 06:00:00,0.0459199999999999,0.0477,0.04525,0.04668,60010240,2798696.85044,10276,29702693,1386203.75033,-0.0004282655246252,ARPA-USDT,0.0459052767827251,0.0456616621909648,
2022-08-09 07:00:00,0.04668,0.04711,0.04554,0.04572,45132556,2087048.67355,8469,21771624,1007922.05021,0.000437636761488,ARPA-USDT,0.0467842628509197,0.0467180011971095,
2022-08-09 08:00:00,0.04572,0.04576,0.04487,0.04505,19502651,883981.37136,4257,8443913,383001.67524,0.0,ARPA-USDT,0.0456534090455675,0.0456522455882983,0.0001
2022-08-09 09:00:00,0.04503,0.04526,0.04378,0.04382,30353497,1351948.9378,6413,12783738,569737.13412,-0.000228154232261,ARPA-USDT,0.0449892173061381,0.0450659623035401,
2022-08-09 10:00:00,0.04382,0.04419,0.04328,0.04337,21232044,928334.55773,4637,9936918,434818.17806,-0.0006912442396314,ARPA-USDT,0.0438918628743307,0.0439317313751087,
2022-08-09 11:00:00,0.04338,0.044,0.04337,0.04359,10132377,442790.92183,2617,4635703,202623.24176,-0.0020604395604395,ARPA-USDT,0.0434619696592523,0.0436266355971353,
2022-08-09 12:00:00,0.04359,0.0437,0.0433,0.04346,13412313,583267.17417,2803,6692413,290991.13154,-0.0006898137502874,ARPA-USDT,0.0435847785973697,0.0436101156900314,
2022-08-09 13:00:00,0.04346,0.04374,0.04246,0.04278,14377677,621241.3661,2964,5005124,216192.83608,-0.0002336994624912,ARPA-USDT,0.0434500341840837,0.043522469491246,
2022-08-09 14:00:00,0.0427699999999999,0.0428399999999999,0.04112,0.0418399999999999,36504278,1529299.31565,7333,16017830,671374.39611,-0.0011936022917187,ARPA-USDT,0.0427466479171445,0.0425560288884823,
2022-08-09 15:00:00,0.04185,0.0423399999999999,0.04181,0.04202,11790885,496887.483,2412,4971770,209489.98416,-0.0009510223490251,ARPA-USDT,0.0418815807249035,0.0419099655974831,
2022-08-09 16:00:00,0.04203,0.0425899999999999,0.04199,0.04241,9089752,384214.16911,1916,4655737,196810.04238,-0.001177578897786,ARPA-USDT,0.0420895502270389,0.0421246484307477,0.0001
2022-08-09 17:00:00,0.04242,0.04263,0.04215,0.04241,7024060,297889.48678,1540,3363887,142711.89625,-0.0002357378595001,ARPA-USDT,0.042454447238694,0.0424766715317084,
2022-08-09 18:00:00,0.0424,0.04253,0.0420899999999999,0.04228,4768016,201622.57926,1223,2388218,101035.11721,-0.0009451795841211,ARPA-USDT,0.0423961304188982,0.0423785433492496,
2022-08-09 19:00:00,0.04227,0.04244,0.04218,0.04225,3437955,145442.64705,955,1662138,70315.01237,-0.0007095553453168,ARPA-USDT,0.0422919688890784,0.0422737100345989,
2022-08-09 20:00:00,0.04225,0.04269,0.04213,0.04268,5724512,243026.32794,1404,2809877,119392.0888,-0.0009363295880149,ARPA-USDT,0.0422636557938635,0.0423593788313971,
2022-08-09 21:00:00,0.04268,0.0428399999999999,0.04264,0.04273,5710812,244113.54984,1374,3245852,138756.58973,-0.0009352349777882,ARPA-USDT,0.0426757432610863,0.0427050325006058,
2022-08-09 22:00:00,0.04274,0.04306,0.04239,0.04274,4397227,187995.7942,1262,1936441,82815.20535,-0.0009350163627862,ARPA-USDT,0.0427470541391667,0.042720371296788,
2022-08-09 23:00:00,0.04272,0.04287,0.04266,0.04268,3405546,145640.13112,1111,1686034,72109.75567,-0.0009363295880149,ARPA-USDT,0.0427252782853127,0.0427461022859801,
2022-08-10 00:00:00,0.04269,0.0428,0.04176,0.04188,10155473,428653.47534,2809,4761258,201015.69261,-0.0007158196134574,ARPA-USDT,0.0426473940990937,0.0425628329370595,0.0001
2022-08-10 01:00:00,0.04188,0.0425,0.04185,0.0423199999999999,5536818,234017.92355,1578,2481394,104857.74672,-0.0016513328615263,ARPA-USDT,0.0418725527170907,0.0420144226796714,
2022-08-10 02:00:00,0.0423199999999999,0.04245,0.04172,0.04217,16042133,675725.86477,2121,8268051,348180.20354,-0.0004740459824602,ARPA-USDT,0.0423299497075002,0.0423803610638672,
2022-08-10 03:00:00,0.04217,0.04236,0.04201,0.04205,4651074,195991.77321,1174,2368083,99807.61708,-0.0007129277566539,ARPA-USDT,0.0421546325389636,0.042173407728163,
2022-08-10 04:00:00,0.04206,0.04266,0.04202,0.04249,6715321,284847.03926,1464,3288857,139532.70646,0.0,ARPA-USDT,0.0420440752422963,0.0421627417148111,
2022-08-10 05:00:00,0.04248,0.04258,0.04231,0.0423199999999999,3603586,153002.35008,988,1620088,68803.27397,-0.0007083825265666,ARPA-USDT,0.0424913501336532,0.0425321872006682,
2022-08-10 06:00:00,0.04231,0.04245,0.04197,0.0422899999999999,7591350,320804.9328,1534,3295317,139287.51557,-0.0009449562957737,ARPA-USDT,0.0422840356822318,0.0422478542883883,
2022-08-10 07:00:00,0.0422899999999999,0.04285,0.04227,0.04263,5258387,223822.57669,1505,2581251,109882.7829,-0.0002345215759849,ARPA-USDT,0.0422978404138989,0.0423540255663181,
2022-08-10 08:00:00,0.04263,0.04294,0.04257,0.04292,6842846,292356.93754,1570,3702019,158171.07482,-0.0006984866123399,ARPA-USDT,0.042638190221056,0.0427314872375963,0.0001
2022-08-10 09:00:00,0.04292,0.0430199999999999,0.04256,0.04289,7428448,318151.55443,1308,2545717,109053.94244,0.0002332089552237,ARPA-USDT,0.0429408162262844,0.0429288451822358,
2022-08-10 10:00:00,0.04288,0.04293,0.04268,0.04282,3746828,160403.74414,937,1378122,58998.02824,-0.000233481204763,ARPA-USDT,0.042876478846354,0.0428510031144993,
2022-08-10 11:00:00,0.04283,0.0433,0.0427899999999999,0.04312,6453891,278014.31253,1433,3126269,134661.91086,-0.0006952491309386,ARPA-USDT,0.0428028085222991,0.0428412528043124,
2022-08-10 12:00:00,0.04312,0.04498,0.0428399999999999,0.04465,36511541,1607339.55193,6124,17641696,775659.53402,-0.0004477277815088,ARPA-USDT,0.0431054436312506,0.0431200272929976,
2022-08-10 13:00:00,0.04467,0.04489,0.04438,0.04453,15368325,685507.40945,2677,6176371,275558.986,0.0002246181491465,ARPA-USDT,0.044696003330511,0.0447084608663219,
2022-08-10 14:00:00,0.04453,0.04471,0.0442,0.04452,6863166,304941.7538,1550,3460156,153751.60297,-0.0002245677071637,ARPA-USDT,0.0445555460363421,0.0445552540594349,
2022-08-10 15:00:00,0.04452,0.04465,0.044,0.04413,8961555,397126.21078,1763,3603410,159807.94702,0.0004534119247336,ARPA-USDT,0.0445499152877996,0.044565729261972,
2022-08-10 16:00:00,0.04413,0.0442399999999999,0.0435199999999999,0.04385,15698012,688560.04048,3637,7083181,310848.24697,-0.0009113693324219,ARPA-USDT,0.0441477113603413,0.0438722582994901,0.0001
2022-08-10 17:00:00,0.04385,0.04395,0.04366,0.04386,4560538,199965.13027,1311,2185871,95833.84567,0.0,ARPA-USDT,0.0438814941746356,0.0438547003743489,
2022-08-10 18:00:00,0.04386,0.04405,0.04334,0.0435399999999999,7784336,340242.36982,2080,3316172,145081.40089,0.0002297266253135,ARPA-USDT,0.0439097554267501,0.0439112843149648,
2022-08-10 19:00:00,0.0435399999999999,0.04385,0.04351,0.04367,5444997,237760.80243,1375,3173388,138544.48334,-0.0011436413540714,ARPA-USDT,0.043537593091086,0.043534761747238,
2022-08-10 20:00:00,0.04368,0.04425,0.04368,0.0442,4122841,181079.59586,1267,2124361,93281.14492,-0.0006782726656114,ARPA-USDT,0.0437151444432299,0.0437331740719973,
2022-08-10 21:00:00,0.04418,0.04427,0.04369,0.04402,10846875,477013.76647,2195,4329113,190507.36614,-0.0004541326067213,ARPA-USDT,0.0441298061932134,0.0441295271533914,
2022-08-10 22:00:00,0.04401,0.04413,0.04373,0.0437699999999999,5151375,226348.79498,1183,2696258,118487.76033,-2.3314683517128287e-15,ARPA-USDT,0.0440249021490177,0.0440130554731984,
2022-08-10 23:00:00,0.04375,0.04413,0.04371,0.04413,3549158,155850.67797,1150,1974526,86695.79334999999,-0.0004530011325027,ARPA-USDT,0.043783781958534,0.0437742057687264,
2022-08-11 00:00:00,0.04413,0.04451,0.04406,0.0445,6586275,291534.96291,1838,3255715,144138.66862,0.0,ARPA-USDT,0.0441272879812293,0.0441094697516698,0.0001
2022-08-11 01:00:00,0.0444899999999999,0.04484,0.04435,0.04455,9195450,410214.78309,2262,4090269,182469.61784,0.0,ARPA-USDT,0.0445479286027586,0.0445830240926891,
2022-08-11 02:00:00,0.04456,0.04465,0.04409,0.0443,4951542,219726.5041,1440,2619259,116219.84789,-0.0004512635379061,ARPA-USDT,0.0445753270076256,0.0445710159499264,
2022-08-11 03:00:00,0.0443,0.04471,0.0442199999999999,0.04459,5418449,240914.56322,1144,2815657,125141.61677,0.0002243158366979,ARPA-USDT,0.044334787032616,0.0443119310224591,
2022-08-11 04:00:00,0.0446,0.04477,0.04446,0.0447399999999999,7464930,333205.75651000004,1538,3835035,171220.44975,-2.3314683517128287e-15,ARPA-USDT,0.0446333971361407,0.0446475598232287,
2022-08-11 05:00:00,0.0447199999999999,0.04478,0.04445,0.0446,7138846,318690.43391,1579,3011866,134509.15024,-0.0006721935917545,ARPA-USDT,0.0446816176175282,0.0446502317449604,
2022-08-11 06:00:00,0.0446,0.04467,0.0444,0.04458,5605105,249741.10171,1459,2774263,123624.01623,-0.0006724949562877,ARPA-USDT,0.0446163223529411,0.0445979457965582,
2022-08-11 07:00:00,0.04458,0.04486,0.04396,0.04433,9334763,415225.40057,2151,3764377,167547.26239,0.0,ARPA-USDT,0.0446036313159021,0.0445928039187129,
2022-08-11 08:00:00,0.04434,0.04476,0.04401,0.04468,8623817,383355.8612,2150,5063817,225129.73355,0.0,ARPA-USDT,0.0443166420273627,0.0442457987100242,0.0001
2022-08-11 09:00:00,0.04468,0.04469,0.04434,0.04436,5300363,235752.0099,1245,2272057,101030.83188,-0.0011258725512272,ARPA-USDT,0.0446625039787798,0.0445853427249931,
2022-08-11 10:00:00,0.04436,0.04439,0.04406,0.0442,4084933,180707.19937,1173,1895787,83862.59141,0.0,ARPA-USDT,0.0443612932573578,0.0443270009842242,
2022-08-11 11:00:00,0.04419,0.0445399999999999,0.04417,0.04432,6792297,301574.28488,1516,3196107,141897.77791,-0.0004510599909788,ARPA-USDT,0.0441955886580895,0.0442336341472035,
2022-08-11 12:00:00,0.04433,0.0448,0.04428,0.04478,12394388,552210.61522,2462,5568619,248152.85738,-0.0002232641214557,ARPA-USDT,0.0443282376534823,0.0443819774480377,
2022-08-11 13:00:00,0.04478,0.0448,0.04418,0.04439,10333423,459467.54159,1867,5058164,224937.98246,-0.0009002925950933,ARPA-USDT,0.0447718491208167,0.0447093351589519,
2022-08-11 14:00:00,0.04441,0.04465,0.04376,0.0441,10112684,446862.84131,2197,4199602,185598.75135,-0.0006798096532971,ARPA-USDT,0.0444276036202478,0.044491700731071,
2022-08-11 15:00:00,0.0441,0.0442,0.04384,0.044,11185801,492754.75804,2393,4787721,210976.60872,0.0004547521600728,ARPA-USDT,0.0441047511305741,0.0441156900923859,
2022-08-11 16:00:00,0.044,0.0446,0.04392,0.0444,10122630,448496.8121,2565,4994876,221234.70624,-0.0006752194463199,ARPA-USDT,0.0439736351294884,0.0440345158363571,0.0001
2022-08-11 17:00:00,0.04441,0.04456,0.04425,0.04443,4631069,205632.73642,1230,1954911,86847.47806,0.0002251238180999,ARPA-USDT,0.0444031397363059,0.0443984133369163,
2022-08-11 18:00:00,0.04442,0.04448,0.04394,0.04413,7654266,337960.78359,1900,3257970,143838.34879,-0.0002265518803805,ARPA-USDT,0.0443887559126225,0.0444166493109918,
2022-08-11 19:00:00,0.04412,0.04415,0.04391,0.04403,3212168,141454.90675,1011,1691400,74497.97305,-0.0002270663033606,ARPA-USDT,0.0441384611967445,0.0440994556480802,
2022-08-11 20:00:00,0.04403,0.04419,0.0438,0.04411,3378234,148791.13779,1136,1675230,73786.65682,-0.0006796556411416,ARPA-USDT,0.0440436176794516,0.044013612392508,
2022-08-11 21:00:00,0.04413,0.04419,0.04388,0.04416,3046673,134294.11593,994,1433366,63167.40744,-0.0006788866259335,ARPA-USDT,0.0441206096621221,0.0441022761141731,
2022-08-11 22:00:00,0.04416,0.04427,0.04383,0.04383,5621036,247884.67447,1410,3283851,144813.80367,-0.0004561003420752,ARPA-USDT,0.0441645744680851,0.0441578027195009,
2022-08-11 23:00:00,0.04382,0.0439899999999999,0.0435199999999999,0.04395,5442112,238316.93136,1286,2289521,100273.39222,0.0,ARPA-USDT,0.0438049245253276,0.0438410553170977,
2022-08-12 00:00:00,0.04395,0.0439899999999999,0.04268,0.04359,13824360,598779.44559,3415,5587851,242057.98594,-0.0002293577981652,ARPA-USDT,0.0439549421176847,0.0439276918197616,0.0001
2022-08-12 01:00:00,0.04359,0.04368,0.04343,0.04359,5917351,257795.44147,1316,2908217,126717.81073,0.0,ARPA-USDT,0.0435834521636906,0.0435836763207109,
2022-08-12 02:00:00,0.04358,0.0440399999999999,0.04334,0.0437699999999999,4733380,206616.01795,1331,2042453,89174.74326,-0.0002284148012814,ARPA-USDT,0.0435508027714634,0.0435808278652447,
2022-08-12 03:00:00,0.04378,0.0439899999999999,0.04366,0.04394,3898233,170844.61545,1133,2217741,97180.87756,-0.0004549590536851,ARPA-USDT,0.0438043465899098,0.043746277567437,
2022-08-12 04:00:00,0.04393,0.04403,0.0437,0.04374,3509274,153946.76893,945,2025073,88831.93423,-0.0002285714285713,ARPA-USDT,0.0439476276609317,0.0439432345210841,
2022-08-12 05:00:00,0.04374,0.04413,0.04369,0.04388,5009130,220058.35258,1261,2576653,113207.02633,0.0002279462046956,ARPA-USDT,0.0437131052181351,0.0437656449083128,
2022-08-12 06:00:00,0.04388,0.0440399999999999,0.04363,0.04392,4445616,194877.26214,1275,2087283,91536.28117,0.0004555808656037,ARPA-USDT,0.0439124601460569,0.0439507997688673,
2022-08-12 07:00:00,0.04392,0.0440399999999999,0.04374,0.04397,4145351,181920.84283,1062,2032029,89195.68977,0.0002274795268426,ARPA-USDT,0.0439040379038241,0.0438414537137646,
2022-08-12 08:00:00,0.0439899999999999,0.04425,0.04387,0.04389,5212635,229577.6511,1230,2821304,124258.82916,0.0002278942570645,ARPA-USDT,0.0439716433900626,0.043931860845664,0.0001
2022-08-12 09:00:00,0.04391,0.04437,0.04391,0.04417,6474908,285903.10491,1383,3022261,133498.97905999998,0.0006796556411419,ARPA-USDT,0.04395258321513,0.0440009834278691,
2022-08-12 10:00:00,0.04417,0.04426,0.04312,0.04326,9960384,435258.84087,2144,3612930,158025.37768,0.0004625346901017,ARPA-USDT,0.0441782939978095,0.0441776387689594,
2022-08-12 11:00:00,0.04325,0.04347,0.043,0.04315,7200108,311215.6971,1716,3750255,162114.27805,-0.0006947660954146,ARPA-USDT,0.0432374710881984,0.043299284405475,
2022-08-12 12:00:00,0.04316,0.04364,0.04308,0.04358,5528507,239970.632,1541,2892697,125572.3258,-0.0002294104152327,ARPA-USDT,0.0431253667608691,0.04312396937447,
2022-08-12 13:00:00,0.04358,0.0447,0.04345,0.04464,21616239,954228.90151,4152,11724837,517718.83455,-0.0006715916722632,ARPA-USDT,0.0435961772155931,0.0436372221183033,
2022-08-12 14:00:00,0.04464,0.04464,0.0437,0.04389,30296207,1334419.36684,5413,13972780,615427.07831,-0.0004554771122751,ARPA-USDT,0.0443274270087381,0.0440674614380093,
2022-08-12 15:00:00,0.04388,0.04416,0.04374,0.04395,7940192,349361.32611,1688,3318869,146051.87464,0.0002275830678197,ARPA-USDT,0.043904688987211,0.0438697589305764,
2022-08-12 16:00:00,0.04394,0.04418,0.04382,0.04383,4925634,216696.03585,1450,2142815,94290.79057,-0.0002281021897809,ARPA-USDT,0.0439672687610902,0.0440333562199138,0.0001
2022-08-12 17:00:00,0.04384,0.04418,0.04382,0.0440399999999999,6926472,304763.5098,1398,3707987,163160.97392000002,-0.0004539264639151,ARPA-USDT,0.0438455647276567,0.04386664684702,
2022-08-12 18:00:00,0.04405,0.0443,0.04372,0.04409,7371541,324871.08788,1654,2655286,117090.76264,-0.0004534119247338,ARPA-USDT,0.0440520820678683,0.0440876552827188,
2022-08-12 19:00:00,0.0441,0.04438,0.04407,0.04419,7129757,315331.20768,1690,3308936,146371.30047,-0.0002262443438915,ARPA-USDT,0.0441202030119898,0.0441112924362318,
2022-08-12 20:00:00,0.04419,0.04432,0.04397,0.04421,5785114,255310.18259,1388,2992108,132082.36522,-0.0006781193490055,ARPA-USDT,0.0441731906906906,0.0441536376353859,
2022-08-12 21:00:00,0.0442199999999999,0.04423,0.04407,0.04408,2519183,111249.19163,844,1202946,53142.29101,-0.0011330160888285,ARPA-USDT,0.0442129791910217,0.0441985435852814,
2022-08-12 22:00:00,0.04408,0.0442199999999999,0.04394,0.0442,2477786,109258.90642,808,1317395,58103.18234,-0.0006782726656114,ARPA-USDT,0.0440889380380847,0.0440305638809813,
2022-08-12 23:00:00,0.04421,0.0446,0.04418,0.0444899999999999,7201901,319893.99593,1746,3933682,174678.39789,-0.0002247191011258,ARPA-USDT,0.0442040787341904,0.0442032329489966,
2022-08-13 00:00:00,0.0445,0.0445399999999999,0.04428,0.04448,5862699,260525.14717,1783,2843806,126404.6007,-0.0008984725965858,ARPA-USDT,0.0445015712590334,0.0444467284485759,0.0001
2022-08-13 01:00:00,0.0445,0.04515,0.04448,0.04471,8984521,402886.24728,2334,4534572,203329.61765,-0.0008938547486032,ARPA-USDT,0.044556071130636,0.0445297041603757,
2022-08-13 02:00:00,0.04471,0.04518,0.0447,0.04509,7470917,335989.75958,1709,3651956,164213.5881,0.0011101243339253,ARPA-USDT,0.0447735333362632,0.0448557080006381,
2022-08-13 03:00:00,0.04509,0.04514,0.04468,0.04495,7378535,331972.10915,1701,2806221,126279.00754,0.0004451368795903,ARPA-USDT,0.0451087309315359,0.0450440086448293,
2022-08-13 04:00:00,0.04494,0.045,0.04446,0.04457,6204575,277464.24947,1614,2067285,92453.43227,0.0,ARPA-USDT,0.0449834483300387,0.0449299230045076,
2022-08-13 05:00:00,0.04457,0.0449,0.0445399999999999,0.0449,6804754,303941.04227,1385,2891596,129176.06006,0.0006685981724983,ARPA-USDT,0.0445762283121274,0.0445925317877792,
2022-08-13 06:00:00,0.0449,0.04531,0.04469,0.04488,12528559,564280.64704,2758,6050055,272625.03148,0.0015621513055121,ARPA-USDT,0.0449466957974491,0.0449315322064639,
2022-08-13 07:00:00,0.04487,0.04492,0.0445399999999999,0.04457,8273304,370353.17719,1802,2516473,112685.13134,0.0,ARPA-USDT,0.044894823410131,0.0448644717217186,
2022-08-13 08:00:00,0.04456,0.04478,0.04425,0.04433,5788799,257929.12818,1580,2078205,92627.02302,0.000225631768953,ARPA-USDT,0.0445775647118231,0.0446378768838971,0.0001
2022-08-13 09:00:00,0.04433,0.04463,0.04419,0.04453,3890360,172844.44486,1217,2219019,98602.65726,-0.000448933782267,ARPA-USDT,0.0443422521973718,0.0442980248801289,
2022-08-13 10:00:00,0.04452,0.04458,0.04434,0.0444,2479563,110218.70612,953,1014602,45109.96382,-0.0002251745102453,ARPA-USDT,0.0445662326768247,0.0445511220544702,
2022-08-13 11:00:00,0.0444,0.04443,0.04395,0.0442399999999999,2429585,107372.57663,992,790552,34954.15799,-0.0002259887005672,ARPA-USDT,0.0444090124276634,0.0444081154153158,
2022-08-13 12:00:00,0.04425,0.04432,0.0439,0.04423,3000973,132506.52048,1180,1815484,80197.69444,0.0002261420171867,ARPA-USDT,0.0442488207637689,0.0442342333235776,
2022-08-13 13:00:00,0.0442199999999999,0.04443,0.04416,0.04428,3024970,133890.11088,991,1476121,65339.29649,0.0006779661016949,ARPA-USDT,0.0442219705623901,0.0442168444494185,
2022-08-13 14:00:00,0.04427,0.04439,0.04415,0.04428,2951305,130659.52983,1101,1516295,67136.30173,0.0,ARPA-USDT,0.0442441685582649,0.04421288622463,
2022-08-13 15:00:00,0.0443,0.04468,0.04426,0.04426,5675025,252190.50407,1859,2908778,129286.46403,-0.0009029345372459,ARPA-USDT,0.0443433370882994,0.0444067520789862,
2022-08-13 16:00:00,0.04427,0.04444,0.0442,0.04432,4087763,181133.18049,1513,1791252,79380.40932,0.0,ARPA-USDT,0.0442873564209806,0.0443339317215948,0.0001
2022-08-13 17:00:00,0.04432,0.04466,0.04426,0.04458,6132631,272887.86137,1676,3222000,143364.08794,0.0006734006734008,ARPA-USDT,0.0443006888008328,0.0443038960098496,
2022-08-13 18:00:00,0.04458,0.0446,0.04434,0.04435,4260398,189331.39895,1391,1947147,86558.16414000001,-0.0002254283137961,ARPA-USDT,0.0445819864341085,0.0445679258371216,
2022-08-13 19:00:00,0.04436,0.04441,0.04408,0.04414,4287989,189827.41392,1341,1989545,88081.232,-0.0002265005662515,ARPA-USDT,0.0443381507673553,0.0443695246130272,
2022-08-13 20:00:00,0.04413,0.04452,0.04406,0.04446,3227377,142753.30344,1113,1685604,74525.57606,-0.0006743088334457,ARPA-USDT,0.0441205507139015,0.0441531345151804,
2022-08-13 21:00:00,0.04445,0.04451,0.04438,0.04444,1342800,59675.15376,690,569110,25293.45912,-0.0002249718785152,ARPA-USDT,0.0444409813960374,0.0444324114388565,
2022-08-13 22:00:00,0.04445,0.0445,0.0442399999999999,0.04425,1395995,61990.50495,693,561278,24926.81085,0.0006784260515602,ARPA-USDT,0.0444529073704314,0.0444365278058157,
2022-08-13 23:00:00,0.04425,0.04446,0.04413,0.04423,2588302,114519.78485,1008,1005171,44485.593,0.0004523863379326,ARPA-USDT,0.0442206769510721,0.0442361328256599,
2022-08-14 00:00:00,0.04423,0.0447,0.04406,0.04442,5172846,229763.03072,1941,2220078,98597.85147,0.0015783540022547,ARPA-USDT,0.0442239462707244,0.0442126982019048,0.0001
2022-08-14 01:00:00,0.04442,0.04465,0.04395,0.0444899999999999,4371001,193630.42829,1465,1939083,85931.86344,-0.0013468013468036,ARPA-USDT,0.044444563923361,0.0444943120800068,
2022-08-14 02:00:00,0.0444899999999999,0.04473,0.0444899999999999,0.04466,3172675,141580.51889,1089,1511310,67454.64878999999,0.0006721935917544,ARPA-USDT,0.0445857626976922,0.0445743045803641,
2022-08-14 03:00:00,0.04465,0.04484,0.04458,0.04468,4030748,180153.99079,1378,1812109,81006.00978,0.0004478280340349,ARPA-USDT,0.0446799676307255,0.0447207253879402,
2022-08-14 04:00:00,0.04466,0.04496,0.04457,0.04473,3283679,146916.89343,1116,1381204,61791.7081,0.0006711409395974,ARPA-USDT,0.0446942082065067,0.0446911374947396,
2022-08-14 05:00:00,0.0447199999999999,0.0449899999999999,0.04464,0.0449,3232323,144887.57005,1040,1527176,68461.95286,0.0,ARPA-USDT,0.0447325610113086,0.0446974877344873,
2022-08-14 06:00:00,0.04492,0.04516,0.04469,0.04505,8512444,382756.29774,2168,3856044,173498.30319,0.0,ARPA-USDT,0.0449679541496022,0.0448944534275019,
2022-08-14 07:00:00,0.04506,0.04526,0.0447,0.04486,9354989,421044.66738,2384,3518334,158478.60027,-0.0004456327985741,ARPA-USDT,0.0450779920956341,0.0451227476528237,
2022-08-14 08:00:00,0.04485,0.04502,0.04457,0.0449699999999999,6860251,307387.76136,2040,3324976,149057.73822,0.0002224199288234,ARPA-USDT,0.0448531152981185,0.0447373057675118,0.0001
2022-08-14 09:00:00,0.0449699999999999,0.04556,0.04493,0.04533,12211615,553239.81804,2948,5476599,248042.54244,0.000883197173769,ARPA-USDT,0.0449885308393933,0.0449905722002418,
2022-08-14 10:00:00,0.04533,0.04545,0.045,0.04511,7689342,347741.67216,1870,3197258,144675.45951000002,0.0,ARPA-USDT,0.0453106859498224,0.0453438011038639,
2022-08-14 11:00:00,0.04511,0.0452,0.04462,0.0447399999999999,6484667,291244.41402,1799,2875327,129128.75645,-2.3314683517128287e-15,ARPA-USDT,0.0451100629548388,0.0451312344238365,
2022-08-14 12:00:00,0.04475,0.04525,0.0446,0.0447899999999999,15649042,701953.77576,3710,8777928,393980.01299,0.000893854748601,ARPA-USDT,0.044690205410385,0.0447868260797521,
2022-08-14 13:00:00,0.04478,0.0447899999999999,0.04403,0.0443,9604100,426944.88955,2786,4321997,192124.67425,-0.0004512635379061,ARPA-USDT,0.0447554416241523,0.0447372532640943,
2022-08-14 14:00:00,0.0443,0.04458,0.04423,0.04445,4261567,189315.29248,1528,2291841,101816.49963,0.0,ARPA-USDT,0.0442856933134533,0.044292199401119,
2022-08-14 15:00:00,0.04445,0.0447,0.0444,0.04467,4299998,191591.36087,1395,2047050,91220.72802,0.0002239140170174,ARPA-USDT,0.0444218455282363,0.0444826187809908,
2022-08-14 16:00:00,0.04468,0.04475,0.04333,0.0434,15673264,689947.83717,3747,5768495,254297.79045,-0.0004606172270842,ARPA-USDT,0.0445735877431493,0.0446322995523747,0.0001
2022-08-14 17:00:00,0.0434,0.04345,0.0425,0.04282,25245924,1083097.42469,4719,11709195,502427.53226,-0.000933271115259,ARPA-USDT,0.0432450720316289,0.0429556283111443,
2022-08-14 18:00:00,0.04282,0.04342,0.04267,0.04336,8204015,353387.77126,2205,4577294,197331.0882,-0.0004610419548178,ARPA-USDT,0.0428569949606855,0.0427832117933741,
2022-08-14 19:00:00,0.04335,0.04347,0.0430899999999999,0.04319,6579802,284484.08488,1562,3609623,156075.81495,-0.0004628558204119,ARPA-USDT,0.0432748284142091,0.0432535655190449,
2022-08-14 20:00:00,0.04319,0.04336,0.04295,0.0430199999999999,5712855,246324.46352,1450,2783144,120002.30426,-0.0011609008590689,ARPA-USDT,0.0431173075134049,0.043089889128039,
2022-08-14 21:00:00,0.0430399999999999,0.04328,0.0428,0.04287,6953515,299287.70174,1558,3056606,131577.75061,-0.0016301816488123,ARPA-USDT,0.0429848957930699,0.0430228142891727,
2022-08-14 22:00:00,0.04288,0.0430899999999999,0.04251,0.04272,6050708,258987.19363,1723,2566288,109840.11442,-0.0011690437222352,ARPA-USDT,0.0428574026040528,0.0428084355663083,
2022-08-14 23:00:00,0.04273,0.0430199999999999,0.04265,0.04274,3755960,160866.76365,1572,1578891,67634.1121,-0.0011684973124561,ARPA-USDT,0.0427500984607685,0.0427645455193757,
2022-08-15 00:00:00,0.04275,0.04337,0.04251,0.0433,5783825,248101.74939,2251,2705597,116109.13801,-0.0006923609508424,ARPA-USDT,0.0427592441847837,0.0427201913822218,0.0001
2022-08-15 01:00:00,0.0432899999999999,0.04334,0.04283,0.04328,7100147,306258.90112,2001,2713522,117052.59514,0.0,ARPA-USDT,0.0432877672862681,0.0432682476922772,
2022-08-15 02:00:00,0.04328,0.04355,0.04271,0.0435,10386195,448479.49805,2657,4320934,186774.88037,-0.0006891798759476,ARPA-USDT,0.0432217343418977,0.0429828929010534,
2022-08-15 03:00:00,0.0435,0.0437699999999999,0.04299,0.04319,9460901,410431.79492,2331,4844339,210171.85751,-0.0006941230911615,ARPA-USDT,0.0435375625549849,0.0434854453952653,
2022-08-15 04:00:00,0.04317,0.04349,0.04295,0.04334,5851942,252897.94343,1725,2866665,123922.79436,-0.0004612546125463,ARPA-USDT,0.043174627478019,0.0431451139021955,
2022-08-15 05:00:00,0.04334,0.04355,0.0431,0.04331,3589836,155605.94071,1131,1947138,84431.19218,-0.0009227220299884,ARPA-USDT,0.0433337495945847,0.0434009794744472,
2022-08-15 06:00:00,0.0432899999999999,0.04332,0.04179,0.04195,13830460,587059.229,3484,6003413,255068.42803,0.0,ARPA-USDT,0.0432979593006592,0.04325730844341,
2022-08-15 07:00:00,0.04194,0.04214,0.04175,0.04193,6307235,264466.74987,2088,3125904,131083.79626,-0.0009530617107457,ARPA-USDT,0.0418926806703302,0.0419147386640844,
2022-08-15 08:00:00,0.04193,0.04206,0.04153,0.04206,8483562,354725.56987,2268,3877606,162277.70353,0.0002378121284185,ARPA-USDT,0.0419237662593791,0.0418903913983466,0.0001
2022-08-15 09:00:00,0.04205,0.04251,0.04198,0.04248,5296539,223581.55519,1731,2886894,121963.35638,-0.0004705882352942,ARPA-USDT,0.0420460205042154,0.0420218660075491,
2022-08-15 10:00:00,0.04249,0.04263,0.04231,0.04256,3749189,159100.53474,1323,1840253,78075.21358,-0.0007043907020427,ARPA-USDT,0.0425037952005494,0.0424783396840773,
2022-08-15 11:00:00,0.04256,0.04267,0.04218,0.0423399999999999,5746149,243783.84031,1754,2798660,118704.58777,-0.0009438414346414,ARPA-USDT,0.0425706194503406,0.042610366316092,
2022-08-15 12:00:00,0.04233,0.04255,0.04199,0.04208,7488324,316496.55027,2131,3652645,154355.83432,-0.0009496676163341,ARPA-USDT,0.0423287517734968,0.0422890056824738,
2022-08-15 13:00:00,0.04208,0.04288,0.0420699999999999,0.04272,8204180,348727.86972,2183,4392990,186717.74912,-0.0002340276152584,ARPA-USDT,0.0420939032357255,0.0421619367931385,
2022-08-15 14:00:00,0.04272,0.043,0.04263,0.0428399999999999,8135898,348433.61401,2005,3879161,166169.20227,-0.0013986013986038,ARPA-USDT,0.0427320216533333,0.0427902587021064,
2022-08-15 15:00:00,0.04282,0.04303,0.04256,0.04299,5902121,252775.04013,1759,2719273,116511.39501,-0.0004650081376423,ARPA-USDT,0.0428373717717717,0.0428082939793924,
2022-08-15 16:00:00,0.04298,0.0432,0.0427699999999999,0.04315,4589469,197208.06094,1574,2359012,101371.30484,0.0,ARPA-USDT,0.0429987679564332,0.0429825556184921,0.0001
2022-08-15 17:00:00,0.04315,0.04317,0.0425899999999999,0.04262,4282919,183746.14396,1366,1993440,85538.60922,-0.0009376465072666,ARPA-USDT,0.0431445406648585,0.0431035096495939,
2022-08-15 18:00:00,0.04263,0.0427699999999999,0.0424,0.04255,5130226,218653.97337,1517,2319343,98873.3113,-0.000234962406015,ARPA-USDT,0.04260215219249,0.0425865178776117,
2022-08-15 19:00:00,0.0425399999999999,0.0427699999999999,0.0423,0.04245,3900244,165869.86232,1267,1946831,82799.84993,0.0002356267672007,ARPA-USDT,0.0425287188021639,0.0425649667914017,
2022-08-15 20:00:00,0.04245,0.04262,0.0423,0.04247,2937125,124844.95071,1138,1357178,57678.63644,0.0004711425206125,ARPA-USDT,0.0424570889344087,0.0424910643001004,
2022-08-15 21:00:00,0.04245,0.0428399999999999,0.04227,0.04245,3518092,149808.38759,1218,1742956,74218.8224,0.0002356267672007,ARPA-USDT,0.0424376385970449,0.0424712749953588,
2022-08-15 22:00:00,0.04246,0.0427899999999999,0.04201,0.04208,3822511,162488.51165,1362,1852734,78784.52394,-0.0002375861249703,ARPA-USDT,0.0424429328300558,0.042392185360982,
2022-08-15 23:00:00,0.04208,0.04261,0.04183,0.04253,10660113,448983.26111,2549,5677829,238934.72352,0.0002351834430855,ARPA-USDT,0.0419442590067146,0.0419384494806487,
2022-08-16 00:00:00,0.04253,0.04278,0.04218,0.04262,8629988,366352.20406,2399,4181021,177555.99548,0.0,ARPA-USDT,0.0425340655127489,0.0425067236968496,0.0001
2022-08-16 01:00:00,0.04262,0.04292,0.04246,0.04251,4629747,197749.73767,1498,2106370,89968.19681,-0.0002351834430857,ARPA-USDT,0.0426298066064998,0.0426442139745232,
2022-08-16 02:00:00,0.04251,0.04256,0.04197,0.04212,4869520,206087.19615,1612,2222132,94028.26248,-0.0002373605506765,ARPA-USDT,0.0425078031395842,0.0424870955713664,
2022-08-16 03:00:00,0.04212,0.04246,0.04168,0.0424,7809372,327851.49414,2072,4004017,168103.51423,0.0,ARPA-USDT,0.0420964231359667,0.0420874731383687,
2022-08-16 04:00:00,0.04241,0.04258,0.0420899999999999,0.04213,3349003,141725.98607,1210,1458107,61715.27542,-0.001185395922238,ARPA-USDT,0.0424237289742949,0.0424824557982991,
2022-08-16 05:00:00,0.04212,0.04221,0.04177,0.04202,3957114,166095.50951,1416,1935488,81186.54858,-0.0002379252914583,ARPA-USDT,0.0421246451537812,0.0421388766384497,
2022-08-16 06:00:00,0.042,0.0429,0.04196,0.04271,9229511,392594.32668,2318,4172857,177365.23867,-0.0011693171188026,ARPA-USDT,0.0419823371193813,0.042066991341264,
2022-08-16 07:00:00,0.04271,0.04319,0.04231,0.0428399999999999,17490683,747776.65131,4221,9078263,388130.54136,-0.0013986013986038,ARPA-USDT,0.0426673835723312,0.0425635420095714,
2022-08-16 08:00:00,0.04286,0.04296,0.0427,0.04285,9424487,403388.69301,2471,4837796,207073.07743,-0.0004665267086541,ARPA-USDT,0.0428347727680722,0.0428029564453894,0.0001
2022-08-16 09:00:00,0.04287,0.04306,0.04275,0.04291,8030612,344935.38215,2151,3469612,149048.55644,-0.0009313154831199,ARPA-USDT,0.0428492178203041,0.0428163261000365,
2022-08-16 10:00:00,0.04295,0.043,0.04267,0.04273,5680480,243472.91533,1450,1887306,80897.15525,-0.0007015902712815,ARPA-USDT,0.0429428380993536,0.0429501330065549,
2022-08-16 11:00:00,0.04276,0.04307,0.04267,0.04281,5234630,224415.7924,1459,2588474,110982.2631,-0.0013995801259621,ARPA-USDT,0.0427618025956787,0.0427402758590577,
2022-08-16 12:00:00,0.04285,0.0430399999999999,0.04251,0.04257,6559710,280719.14938,1738,2601992,111361.53527,-0.0007042253521126,ARPA-USDT,0.0429042777640366,0.0429290455421306,
2022-08-16 13:00:00,0.04256,0.04287,0.04222,0.04244,7784601,331261.32173,2271,3499789,149042.6467,-0.0009416195856873,ARPA-USDT,0.0425541663811155,0.0426783293629948,
2022-08-16 14:00:00,0.04245,0.0425399999999999,0.04152,0.04238,15708101,661768.7328700001,2969,6923399,292020.01731,-0.0014137606032044,ARPA-USDT,0.0424125596269804,0.0424117243174162,
2022-08-16 15:00:00,0.04238,0.04272,0.04226,0.04261,4698641,199922.13863,1557,1977614,84129.32379,-0.0002346316283433,ARPA-USDT,0.0423933828382838,0.0423766412150894,
2022-08-16 16:00:00,0.04262,0.04291,0.04215,0.04253,8130131,345954.85354,2192,3797530,161593.55183,-0.0004700352526438,ARPA-USDT,0.0426109490805656,0.0425932296228232,0.0001
2022-08-16 17:00:00,0.04255,0.04272,0.04231,0.04256,4164856,177173.91665,1328,1875610,79794.80872,-0.0007043907020427,ARPA-USDT,0.0425242234417569,0.0425319509736135,
2022-08-16 18:00:00,0.04256,0.04294,0.04218,0.04245,6735719,286905.36903,2043,3629040,154679.95737000002,-0.0002355157795571,ARPA-USDT,0.0425601879672978,0.0425741702761447,
2022-08-16 19:00:00,0.04246,0.04263,0.04237,0.04257,3764646,160057.43018,1402,1685903,71662.37958,0.0004700352526438,ARPA-USDT,0.0424483765224406,0.0424365420615557,
2022-08-16 20:00:00,0.04255,0.04282,0.04247,0.04274,2533650,108050.71616,1033,1279719,54573.62617,0.0007024116132055,ARPA-USDT,0.042524847664828,0.042517696419194,
2022-08-16 21:00:00,0.04274,0.04275,0.0424,0.04256,3894653,165865.75791,1146,2165279,92211.22167,-0.0002349072116513,ARPA-USDT,0.0427434126510022,0.042709270456045,
2022-08-16 22:00:00,0.04257,0.04261,0.04226,0.04248,2044561,86753.5343,1143,942701,40008.97877,-0.0018796992481203,ARPA-USDT,0.0425866503033933,0.042521911237713,
2022-08-16 23:00:00,0.04251,0.0428,0.04241,0.0426,4116570,175440.27709,1480,1829704,77971.34072,-0.0002346866932645,ARPA-USDT,0.042475544842463,0.0425691099712138,
2022-08-17 00:00:00,0.0425899999999999,0.04334,0.0425,0.04324,7282953,312529.60415,2549,4107361,176330.1369,0.0,ARPA-USDT,0.0426141953633105,0.0425639818586212,0.0001
2022-08-17 01:00:00,0.04323,0.04345,0.0427,0.0430399999999999,12214594,527405.28662,3245,5869638,253764.5408,-0.0002322880371684,ARPA-USDT,0.0432486824714052,0.0431144632765796,
2022-08-17 02:00:00,0.0430399999999999,0.04333,0.04285,0.04305,3650539,157248.91961,1441,1659234,71488.77129,-0.0002322340919648,ARPA-USDT,0.0430380192773038,0.0430043837375923,
2022-08-17 03:00:00,0.04306,0.04335,0.04306,0.04324,3650243,157708.17033,1315,1863465,80498.67189,0.0,ARPA-USDT,0.0430826369233909,0.0430940346336794,
2022-08-17 04:00:00,0.04324,0.04333,0.04314,0.04319,4560577,197198.64601,1381,2006360,86753.21087,-0.0002314814814815,ARPA-USDT,0.0432864396109742,0.043260147343891,
2022-08-17 05:00:00,0.04319,0.04348,0.04311,0.04343,4198216,181883.57075,1427,2154674,93374.74865,-0.0002302025782687,ARPA-USDT,0.0432466191936558,0.0432919948041877,
2022-08-17 06:00:00,0.04343,0.04373,0.04341,0.04355,8043812,350671.12185,2106,3738825,163031.43096,-0.0002295684113866,ARPA-USDT,0.0435065689416549,0.0435390098367693,
2022-08-17 07:00:00,0.0435199999999999,0.04356,0.04235,0.04251,15239579,651364.45614,3685,8829432,376922.61367,-0.0004702562896778,ARPA-USDT,0.0435451095391312,0.0434511128978967,
2022-08-17 08:00:00,0.04249,0.04282,0.04233,0.04267,5682077,242035.99974,2042,2503102,106662.95304,-0.0002343017806936,ARPA-USDT,0.0424917914369355,0.0424435724224929,0.0001
2022-08-17 09:00:00,0.04269,0.04295,0.0425899999999999,0.04274,4062377,173687.69709,1311,2215341,94745.59545,-0.0007014262333411,ARPA-USDT,0.0426552680735056,0.0426566095561607,
2022-08-17 10:00:00,0.04274,0.04276,0.04241,0.04251,5314935,226272.00095,1394,2403411,102326.90723,-0.0004702562896778,ARPA-USDT,0.042711096017723,0.0427195756778378,
2022-08-17 11:00:00,0.04251,0.04263,0.04237,0.04247,3326408,141369.20366,1076,1713363,72830.32981,-0.0007058823529412,ARPA-USDT,0.0425322435648745,0.0425514966433285,
2022-08-17 12:00:00,0.04247,0.04251,0.04125,0.04166,16701458,697240.53291,4406,6602984,275640.45607,-0.0023946360153255,ARPA-USDT,0.0424318687733993,0.0424423083672817,
2022-08-17 13:00:00,0.04169,0.04181,0.04051,0.04081,13100967,539241.03573,3448,5930405,244043.40427,-0.0007345739471107,ARPA-USDT,0.0416461868193822,0.0416026779007505,
2022-08-17 14:00:00,0.04082,0.0420699999999999,0.04076,0.04115,18504582,763126.81531,4117,11878463,490165.42788,-0.0004857906242409,ARPA-USDT,0.0408185660529431,0.0408365110855632,
2022-08-17 15:00:00,0.04115,0.04138,0.04092,0.04111,8191952,336910.03521,2125,4376588,179970.01285,0.0,ARPA-USDT,0.0411103958273096,0.0410546442099635,
2022-08-17 16:00:00,0.0411,0.0415699999999999,0.04097,0.04143,10595720,437293.13934,2697,5890640,243102.29659,-0.0002413127413126,ARPA-USDT,0.0410881881624134,0.0411149160812639,0.0001
2022-08-17 17:00:00,0.04143,0.04168,0.04116,0.04161,14720465,609229.79445,2959,8365176,346246.4473,-0.0004804227720394,ARPA-USDT,0.0414261246322071,0.0413644774724243,
2022-08-17 18:00:00,0.0416,0.0430899999999999,0.0415,0.04265,46628105,1968754.92045,7072,20825244,881016.0077,-0.0002344116268165,ARPA-USDT,0.0416187988861261,0.041721103660891,
2022-08-17 19:00:00,0.04265,0.04556,0.04228,0.04519,301554464,13422055.30471,41046,150867180,6720079.403,-0.0013259668508286,ARPA-USDT,0.0426169893819816,0.0425620402048135,
2022-08-17 20:00:00,0.0452,0.04878,0.04366,0.04402,972799398,44334646.4725,105086,477163537,21791229.25597,-0.0004541326067213,ARPA-USDT,0.0451061388699209,0.045221746702718,
2022-08-17 21:00:00,0.04402,0.04433,0.04321,0.04344,134203788,5875595.34334,19257,65153123,2854409.19008,0.002307337332718,ARPA-USDT,0.0441579136920583,0.0440795345386436,
2022-08-17 22:00:00,0.04344,0.04345,0.04271,0.0429,52549425,2263057.76442,8535,24120317,1038885.53118,0.0035087719298245,ARPA-USDT,0.0432175137506227,0.0432192012201328,
2022-08-17 23:00:00,0.04292,0.04409,0.04274,0.04406,63844444,2768617.58512,11011,33221239,1440346.30211,0.0043309778892182,ARPA-USDT,0.0428299295270553,0.0429468160761734,
2022-08-18 00:00:00,0.0440399999999999,0.04421,0.04314,0.04372,92880411,4063583.5012,13421,43041581,1883295.23225,-0.0004572473708276,ARPA-USDT,0.043901182400213,0.0439995881815545,-0.00410342
2022-08-18 01:00:00,0.04373,0.04415,0.04357,0.04384,32076125,1408787.37965,5580,14118525,620232.80017,-0.0002280501710376,ARPA-USDT,0.0436714531637929,0.0438541687600885,
2022-08-18 02:00:00,0.04385,0.04408,0.04319,0.04319,28282756,1235954.01653,4962,10701568,468013.95959,-0.0004628558204119,ARPA-USDT,0.0438610320510604,0.043887562506351,
2022-08-18 03:00:00,0.04319,0.04362,0.04258,0.04273,30762393,1326273.14352,6013,13933413,600989.6963600001,-0.0002339728591483,ARPA-USDT,0.0431674532071692,0.0432357105935182,
2022-08-18 04:00:00,0.04273,0.04291,0.04146,0.04171,51709030,2174406.25053,8995,21814277,917006.95213,-0.0021531100478469,ARPA-USDT,0.0428068782322137,0.0427542247859379,
2022-08-18 05:00:00,0.04172,0.0423199999999999,0.04152,0.042,25808417,1081946.83066,5060,12724432,533273.48219,-0.0011890606420925,ARPA-USDT,0.0417131390322398,0.041660707773666,
2022-08-18 06:00:00,0.042,0.04224,0.04162,0.04163,21692559,909776.9098,4391,9626695,403653.21776,-0.0007201152184349,ARPA-USDT,0.0420658937186879,0.0421117252933889,
2022-08-18 07:00:00,0.04163,0.0418199999999999,0.0413399999999999,0.04135,26668094,1108851.9973,5657,10539728,438385.52277,-0.0019309678976587,ARPA-USDT,0.0416890492974103,0.0416582603507702,
2022-08-18 08:00:00,0.04135,0.04145,0.0408399999999999,0.0412,31970617,1316179.70195,5998,14948467,615591.40036,-0.0009699321047526,ARPA-USDT,0.0413168064196162,0.0412992120391756,0.0001
2022-08-18 09:00:00,0.0412,0.04127,0.04085,0.04115,13922692,571062.49459,2959,6977359,286158.85172,-0.0004857906242409,ARPA-USDT,0.0412394298274784,0.0411695060118747,
2022-08-18 10:00:00,0.04113,0.04127,0.0407,0.04074,16070676,659125.15507,3114,6809386,279254.90597,-0.0009808729769494,ARPA-USDT,0.0411352848664195,0.041116269816911,
2022-08-18 11:00:00,0.04073,0.04115,0.04058,0.0411,18065259,738154.40528,3538,8762622,358163.2409,-0.0017002671848433,ARPA-USDT,0.0407659153829348,0.0407105243380208,
2022-08-18 12:00:00,0.0410899999999999,0.04131,0.04092,0.04127,21920450,902505.95238,3939,12113044,498775.56323,-0.0012100677637948,ARPA-USDT,0.0410932978073718,0.0411496978377761,
2022-08-18 13:00:00,0.04127,0.04129,0.04041,0.04051,22003148,896839.63883,3991,8968822,365592.97887,-0.0017249876786594,ARPA-USDT,0.0412279597933744,0.0412159126216712,
2022-08-18 14:00:00,0.04051,0.04078,0.04029,0.04049,21943539,890235.59291,3931,10583550,429582.23647,-0.001233349777997,ARPA-USDT,0.0403954089206296,0.0404191683068643,
2022-08-18 15:00:00,0.04049,0.04082,0.04026,0.0407,20209407,820124.8237300001,3560,10198621,413883.23149,-0.0002456398919185,ARPA-USDT,0.0404388886483165,0.0404339610939788,
2022-08-18 16:00:00,0.04069,0.04083,0.04001,0.04022,26052664,1051578.66058,4542,11696707,471975.11869,-0.0012416190712689,ARPA-USDT,0.0407070057780216,0.0406932363035754,-0.0003487
2022-08-18 17:00:00,0.04023,0.04059,0.04011,0.04021,15217675,614474.50158,2935,7420681,299610.66128,-0.0004971414367387,ARPA-USDT,0.0402695255395874,0.0403983023479097,
2022-08-18 18:00:00,0.04021,0.04043,0.03995,0.04026,15382886,618522.97952,3465,7230286,290824.04552,-0.0022304832713754,ARPA-USDT,0.040243848088748,0.0402485568139362,
2022-08-18 19:00:00,0.04028,0.0411,0.04025,0.04083,30696450,1251663.20568,5537,17407748,709832.98898,-0.0012230919765167,ARPA-USDT,0.0402618675262062,0.0403313021005354,
2022-08-18 20:00:00,0.04083,0.04106,0.04042,0.04078,41348203,1687125.90621,7098,19768228,806763.9720899999,-0.0007351139426611,ARPA-USDT,0.0407371184004897,0.0406335008898423,
2022-08-18 21:00:00,0.04078,0.0409,0.04058,0.04076,18991678,773723.10146,3761,8599822,350410.32054,0.0004909180166912,ARPA-USDT,0.0408108111951364,0.0408471502702357,
2022-08-18 22:00:00,0.04076,0.04087,0.04046,0.04046,15575613,633475.46922,2884,7055776,287046.60089,-0.0007409236848603,ARPA-USDT,0.0407392387939203,0.0408018874572653,
2022-08-18 23:00:00,0.04046,0.0407,0.0382,0.0386899999999999,79729970,3105699.61045,15368,31338432,1221447.18908,-0.0002583979328191,ARPA-USDT,0.0404447570613811,0.0405160153742273,
2022-08-19 00:00:00,0.0387,0.03871,0.03741,0.03772,71370022,2713778.73731,11613,33059355,1256784.60886,-0.000794701986755,ARPA-USDT,0.0385960271483347,0.0385750657109979,-0.00069005
2022-08-19 01:00:00,0.0377,0.03782,0.03687,0.03723,51485155,1917895.70327,8484,21681006,807513.6998599999,-0.0008051529790661,ARPA-USDT,0.0377278038556966,0.037731412032306,
2022-08-19 02:00:00,0.03725,0.03767,0.03704,0.03763,18288747,684601.07094,4252,9831638,368080.44613,-0.0026504108136762,ARPA-USDT,0.0372149614500342,0.0371406217710126,
2022-08-19 03:00:00,0.03762,0.0377,0.03721,0.03738,15368419,575887.57939,3403,8289320,310601.06144,-0.0013358268768367,ARPA-USDT,0.0376132275246147,0.0376349407253598,
2022-08-19 04:00:00,0.03739,0.03766,0.03717,0.03742,15742291,589713.29591,3141,8085044,302994.95061,0.0,ARPA-USDT,0.0373743705876523,0.0374715863327121,
2022-08-19 05:00:00,0.03742,0.03763,0.03721,0.03739,12293624,460321.74352,2475,5612951,210167.99368,0.0,ARPA-USDT,0.0374307178939255,0.0375050155240099,
2022-08-19 06:00:00,0.03739,0.03755,0.03437,0.03532,54254212,1960597.21425,9852,21176847,765160.49685,-0.0045095828635851,ARPA-USDT,0.0373802021466813,0.0374311771548439,
2022-08-19 07:00:00,0.03532,0.03623,0.03523,0.03608,22722661,811638.18113,4422,11747321,419718.74221,-0.0016602102933037,ARPA-USDT,0.035323344016808,0.0355130342964551,
2022-08-19 08:00:00,0.03609,0.0361,0.03503,0.03531,21129220,750041.28643,4252,8906652,316222.98042,-0.0025423728813559,ARPA-USDT,0.0359935531694506,0.0358315081653859,-0.00072322
2022-08-19 09:00:00,0.0353,0.03548,0.0351,0.03539,15282858,539419.04341,2987,7610528,268608.99357,-0.0019740552735476,ARPA-USDT,0.0353814271136893,0.0354022137409519,
2022-08-19 10:00:00,0.03539,0.03546,0.03477,0.03482,14111164,496050.87195,2945,6713787,236067.77843,-0.0008608321377332,ARPA-USDT,0.0353822008357348,0.0353932819065013,
2022-08-19 11:00:00,0.03481,0.03515,0.03439,0.03513,23486969,816258.20685,4354,10676515,371306.23183,-0.0017050298380221,ARPA-USDT,0.034837652239539,0.0348099942274479,
2022-08-19 12:00:00,0.03512,0.03544,0.0347,0.0353399999999999,15268763,536447.81385,3236,7619956,267663.0797,-0.0011305822498616,ARPA-USDT,0.0351268813947341,0.0351561994831826,
2022-08-19 13:00:00,0.03533,0.03542,0.03506,0.03507,11918871,420001.32453,2500,5689205,200501.24487,-0.0019920318725099,ARPA-USDT,0.0353447579089484,0.0353095416076615,
2022-08-19 14:00:00,0.03507,0.03549,0.03505,0.03514,12005969,423062.09208,2353,5762423,203145.06651,0.000284656988329,ARPA-USDT,0.0350996836018012,0.0352142748008192,
2022-08-19 15:00:00,0.03513,0.03545,0.0350199999999999,0.03541,7341485,258427.92253,2137,3675296,129421.65836,0.0005651313930488,ARPA-USDT,0.0350964240983545,0.035070833134306,
2022-08-19 16:00:00,0.03541,0.03603,0.03525,0.03567,15406741,548997.67876,3714,7522765,268046.628,-0.0011201344161299,ARPA-USDT,0.0353981141404,0.0353901007027556,-0.00021455
2022-08-19 17:00:00,0.03568,0.03574,0.03525,0.03544,11418158,405861.87208,2359,4910910,174610.07558,-0.0014088475626937,ARPA-USDT,0.0357112326197354,0.0356876652610672,
2022-08-19 18:00:00,0.03544,0.03551,0.03524,0.03539,8338794,294795.9158,2111,4331070,153112.25313,-0.0014108352144469,ARPA-USDT,0.0354109159949107,0.0353770661439446,
2022-08-19 19:00:00,0.03539,0.03568,0.03486,0.0353399999999999,13393025,473311.10213,2793,5794608,204835.89812,-0.0005656108597313,ARPA-USDT,0.0353845743807608,0.0353224568977889,
2022-08-19 20:00:00,0.0353399999999999,0.03553,0.03491,0.0352,8781305,309278.00929,2441,4336057,152715.40871,-0.0002840102243679,ARPA-USDT,0.0353623527856253,0.0354245850817648,
2022-08-19 21:00:00,0.0352,0.03526,0.03418,0.03436,7846214,273470.86105,2220,3693751,128822.57966,-0.0020331106593087,ARPA-USDT,0.0351715533247145,0.0351467973548649,
2022-08-19 22:00:00,0.03437,0.03487,0.03422,0.03457,10921234,377076.08894,2847,5550264,191584.36735,-0.0005782017924257,ARPA-USDT,0.0343480629165616,0.0342833654850938,
2022-08-19 23:00:00,0.03457,0.0351,0.03405,0.03467,17851041,618390.2564,3655,10095383,349879.68432,-0.0017276130146846,ARPA-USDT,0.0345649410287275,0.0346341829676854,
2022-08-20 00:00:00,0.03468,0.03546,0.03457,0.03496,12353119,431996.95707,3171,5835008,203861.07989,-0.002567760342368,ARPA-USDT,0.0347213468978633,0.0347137199003774,-0.00018293
2022-08-20 01:00:00,0.03495,0.03531,0.03487,0.03505,5906396,207144.87052,1775,3343529,117255.90613,-0.0019931662870159,ARPA-USDT,0.0349342079682527,0.0349556989750326,
2022-08-20 02:00:00,0.03503,0.03533,0.03495,0.03516,5942096,208966.26752,1828,3162982,111219.50108,-0.0005685048322912,ARPA-USDT,0.0350356050018389,0.0350264608382087,
2022-08-20 03:00:00,0.03515,0.03537,0.03505,0.0352899999999999,6188444,217986.93391,1805,3553166,125163.48246,0.0005670541536686,ARPA-USDT,0.0352044614608811,0.0352722986237329,
2022-08-20 04:00:00,0.0352699999999999,0.03563,0.03518,0.0355199999999999,10163813,359525.20595,2528,5408651,191261.53602,-2.886579864025407e-15,ARPA-USDT,0.0352905616184714,0.0353658942294386,
2022-08-20 05:00:00,0.0355,0.03559,0.03522,0.03543,12246530,433912.6412,3095,6681219,236788.47787,-0.0002821670428893,ARPA-USDT,0.0355428922170984,0.0354582756850806,
2022-08-20 06:00:00,0.03544,0.03609,0.0354,0.03591,9537409,340210.28389,2494,5262982,187701.80295,-0.0002783964365257,ARPA-USDT,0.0354470845220569,0.0354666485293862,
2022-08-20 07:00:00,0.03592,0.03653,0.03587,0.03592,20287263,733044.04865,5477,10002033,361424.93883,-0.0038824181919023,ARPA-USDT,0.03596215237958,0.0359832423922355,
2022-08-20 08:00:00,0.03593,0.03605,0.03567,0.03568,14477207,519922.01407,3664,6626772,238011.81297,-0.0019580419580418,ARPA-USDT,0.0358961531473452,0.0359191462577172,0.0001
2022-08-20 09:00:00,0.0357,0.03601,0.03566,0.03592,6485079,232401.36625,1751,3334608,119482.60549,-0.0013900472616069,ARPA-USDT,0.0357380781220126,0.0357369222974296,
2022-08-20 10:00:00,0.03591,0.03593,0.03556,0.03576,6799303,243229.61702,1748,3602212,128878.95122,-0.0016750418760468,ARPA-USDT,0.0358967428153392,0.0358654821294046,
2022-08-20 11:00:00,0.0357699999999999,0.03605,0.03576,0.03599,6573553,235917.42092,1924,3379404,121337.55837,0.0,ARPA-USDT,0.0357780545257116,0.0358170029279433,
2022-08-20 12:00:00,0.03597,0.03598,0.0355199999999999,0.03573,9479754,339102.46279,2765,4637809,165905.85647,-0.0013974287311347,ARPA-USDT,0.0358850332932794,0.0358094333217878,
2022-08-20 13:00:00,0.03574,0.03596,0.0357,0.03594,12573343,450301.00999,2403,6711540,240455.48088,0.0002783189535209,ARPA-USDT,0.0357944297822562,0.0358227300494338,
2022-08-20 14:00:00,0.03595,0.03623,0.03565,0.0360199999999999,26861348,966573.66033,3674,11971525,430900.29949,-0.0008321775312094,ARPA-USDT,0.0359828789745691,0.0360211825261189,
2022-08-20 15:00:00,0.0360199999999999,0.04357,0.03594,0.03933,923263339,36198755.71548,103248,498246747,19590410.74966,-0.0155193992490614,ARPA-USDT,0.0360257233146067,0.0360339556664911,
2022-08-20 16:00:00,0.03932,0.03946,0.0381899999999999,0.03858,306052489,11848229.59299,35713,157084299,6079969.31327,-0.017570664629488,ARPA-USDT,0.0392975097119112,0.038709440860137,-0.00641876
2022-08-20 17:00:00,0.03857,0.0389,0.03781,0.03802,144977949,5561443.92575,17844,68189634,2617249.6712,-0.0190918472652219,ARPA-USDT,0.0386491347306478,0.0386937868453522,
2022-08-20 18:00:00,0.03802,0.03861,0.03765,0.03793,121326100,4612526.52234,16365,59514522,2263403.37595,-0.0137805512220489,ARPA-USDT,0.03801709891434,0.0379570428192269,
2022-08-20 19:00:00,0.03793,0.03823,0.03705,0.03745,111812735,4198073.69897,15799,56378218,2117950.43401,-0.0188629813990045,ARPA-USDT,0.0379442710272093,0.0380224030386966,
2022-08-20 20:00:00,0.03746,0.03889,0.03716,0.03767,170324006,6452770.25074,24352,86454764,3276482.49038,-0.0652605459057071,ARPA-USDT,0.0374755068176687,0.0375263304090224,
2022-08-20 21:00:00,0.03768,0.0384899999999999,0.03752,0.03835,90510913,3435710.20317,12572,41725494,1585269.6155,-0.0366742024616929,ARPA-USDT,0.037703790926884,0.0376537276696342,
2022-08-20 22:00:00,0.03834,0.0386699999999999,0.03789,0.03795,86335077,3307551.10699,11496,37699493,1444930.66079,-0.0127471383975027,ARPA-USDT,0.0383884962947386,0.0384064635222095,
2022-08-20 23:00:00,0.03798,0.03884,0.03795,0.03884,77862255,2979521.67666,12098,36377482,1392751.84967,-0.0184483194339146,ARPA-USDT,0.0380691127829991,0.0381713696142739,
2022-08-21 00:00:00,0.03878,0.03884,0.03727,0.03741,102892740,3897347.94865,16120,45869803,1738340.3258,-0.0173364854215918,ARPA-USDT,0.0385348467532142,0.0381200839814418,-0.0075
2022-08-21 01:00:00,0.0374,0.03778,0.03727,0.03753,35161711,1320281.8093,6391,15764524,592136.7847,-0.0190799790904339,ARPA-USDT,0.0374229752016758,0.0374881496371077,
2022-08-21 02:00:00,0.03753,0.03782,0.03731,0.03759,27341887,1027740.15678,4643,12429206,467594.55108,-0.018794048551292,ARPA-USDT,0.0376430252995423,0.037745961964295,
2022-08-21 03:00:00,0.03758,0.03808,0.03736,0.03745,49862016,1877407.67721,8156,23608988,889361.2129800001,-0.0267671517671518,ARPA-USDT,0.0375794544634438,0.0375555997979743,
2022-08-21 04:00:00,0.03746,0.0377,0.03666,0.03678,95910106,3555031.8572400003,13166,45001479,1668597.29982,-0.0051393021368677,ARPA-USDT,0.0374844100303617,0.0373876588541848,
2022-08-21 05:00:00,0.03677,0.03728,0.03664,0.03712,135187881,5003310.55691,12426,65875925,2439131.64817,-0.0101333333333333,ARPA-USDT,0.036814440170116,0.0368260777989811,
2022-08-21 06:00:00,0.03713,0.03715,0.03664,0.03669,37792576,1391709.04129,5760,16768699,617589.84913,-0.0139747379736629,ARPA-USDT,0.0370751355546815,0.0369518434369083,
2022-08-21 07:00:00,0.03668,0.0372,0.0364699999999999,0.0372,45964864,1691710.70469,6587,23165042,853190.68715,-0.0050815726129982,ARPA-USDT,0.0366571880232952,0.0367683280889579,
2022-08-21 08:00:00,0.03719,0.03765,0.03668,0.0371,74505338,2768744.33849,9048,34568130,1285008.10824,-0.0096102509343298,ARPA-USDT,0.036949952777518,0.0371188790684429,-0.0075
2022-08-21 09:00:00,0.03709,0.03753,0.037,0.03734,39638361,1475825.33909,5720,19418394,723131.82557,-0.0145157033518079,ARPA-USDT,0.0370997327758184,0.0371222684508663,
2022-08-21 10:00:00,0.03734,0.03754,0.03721,0.0372399999999999,29369404,1097912.4137,4725,13340863,498936.59201,-0.0108897742363905,ARPA-USDT,0.0374129733578614,0.0374346214214409,
2022-08-21 11:00:00,0.03723,0.0374899999999999,0.0371,0.03719,42817385,1595998.95954,5124,23723585,884407.22234,-0.0111672427545864,ARPA-USDT,0.0372733373124627,0.0373064770372701,
2022-08-21 12:00:00,0.03719,0.03771,0.03716,0.03735,66302647,2478202.02776,8490,33536124,1253968.08899,-0.025313152400835,ARPA-USDT,0.0372527312554203,0.0373380452865659,
2022-08-21 13:00:00,0.03736,0.0376,0.03712,0.03729,36747963,1371736.77839,5714,18453090,688967.86088,-0.0199737187910644,ARPA-USDT,0.0372931889556319,0.037318481539451,
2022-08-21 14:00:00,0.03729,0.03765,0.03703,0.0374,40194415,1498651.94483,6056,20117570,750631.45805,-0.0170827858081471,ARPA-USDT,0.0372473204438243,0.0372127110954083,
2022-08-21 15:00:00,0.03742,0.03768,0.03726,0.03761,37061787,1389027.30091,6069,17562959,658623.92755,-0.005026455026455,ARPA-USDT,0.0374547139150412,0.0375284436711202,
2022-08-21 16:00:00,0.03756,0.03756,0.03706,0.03746,65412235,2443599.32737,7878,30642160,1145373.86383,-0.0063660477453579,ARPA-USDT,0.0373212287742545,0.0373662163382328,-0.0075
2022-08-21 17:00:00,0.03746,0.03756,0.03735,0.03743,19124907,716921.02745,3235,9528197,357271.14372,-0.0045212765957447,ARPA-USDT,0.0374727788012699,0.0375046096835948,
2022-08-21 18:00:00,0.03742,0.0381,0.03739,0.03788,89974195,3402978.1164,8132,55874669,2114162.6992,-0.0049908064092462,ARPA-USDT,0.037430200992358,0.0374548795396072,
2022-08-21 19:00:00,0.03788,0.03811,0.03777,0.03788,34125541,1294672.49318,4648,16693166,633472.32154,-0.0026329647182729,ARPA-USDT,0.0379168022753897,0.0378379629381764,
2022-08-21 20:00:00,0.03786,0.0381,0.03764,0.03787,28921460,1094550.48525,4165,14271795,540177.24742,-0.003683241252302,ARPA-USDT,0.0378450120633269,0.0378806620051879,
2022-08-21 21:00:00,0.03787,0.03818,0.03785,0.03788,25250357,958932.20045,4094,11502250,436869.79215,-0.0026329647182729,ARPA-USDT,0.0378936210790556,0.0379392087758717,
2022-08-21 22:00:00,0.03788,0.03792,0.03721,0.03776,35899286,1350959.82748,5835,16276803,612545.35368,-0.0029046738843411,ARPA-USDT,0.0378478711104639,0.0378357737912921,
2022-08-21 23:00:00,0.03777,0.03793,0.03757,0.0376899999999999,18712695,706685.8158,3239,8984123,339282.93099,-0.0010601643254731,ARPA-USDT,0.0377898123838486,0.0377982481529167,
2022-08-22 00:00:00,0.03768,0.03857,0.03754,0.03775,63453602,2405778.46527,8975,33954435,1287201.41284,-0.0036949063077329,ARPA-USDT,0.0377088082911757,0.0380210800789934,-0.00276059
2022-08-22 01:00:00,0.03776,0.03779,0.0375,0.0376899999999999,20236246,761351.58199,3081,10597637,398846.97763,-0.0026462026991294,ARPA-USDT,0.0377299675885481,0.0376206731248935,
2022-08-22 02:00:00,0.0376899999999999,0.03797,0.03768,0.0379,15433998,583171.62921,3008,8366290,316117.44027,-0.0026315789473683,ARPA-USDT,0.0376875168184563,0.0377277584731004,
2022-08-22 03:00:00,0.0379,0.03806,0.0376899999999999,0.03775,20288819,769099.3176,3608,9606214,364198.32311,-0.0015868817773077,ARPA-USDT,0.0379220282647557,0.037956786188249,
2022-08-22 04:00:00,0.0377399999999999,0.03797,0.03763,0.03791,21576295,815431.59749,3915,10582281,400072.48149,-0.0007907221929362,ARPA-USDT,0.0377607272961966,0.0377248738622928,
2022-08-22 05:00:00,0.03791,0.0382399999999999,0.03785,0.038,27851399,1059016.88033,4251,14620268,555920.40475,0.0,ARPA-USDT,0.0379387208766618,0.0380176299502669,
2022-08-22 06:00:00,0.038,0.03821,0.03731,0.0376,50282778,1897321.21117,6936,26563472,1002079.81569,-0.0050277851283406,ARPA-USDT,0.0380407340616177,0.038098439719211,
2022-08-22 07:00:00,0.03761,0.03766,0.03651,0.03665,39425366,1465889.57115,5765,18315251,681730.34978,-0.0013623978201635,ARPA-USDT,0.0376213497409386,0.0376069819995127,
2022-08-22 08:00:00,0.03665,0.0367399999999999,0.03588,0.03659,47121784,1714222.7063,7135,23947795,871161.42507,-0.0019094380796508,ARPA-USDT,0.0366426394024223,0.0365680913860095,-0.00117496
2022-08-22 09:00:00,0.03658,0.03669,0.03628,0.03648,20120193,733853.32629,3176,10968242,399969.74806,-0.0016420361247948,ARPA-USDT,0.0365113098387075,0.0364491622695581,
2022-08-22 10:00:00,0.03648,0.03664,0.0362899999999999,0.03645,17865791,651443.40132,3156,9819616,358061.63465,-0.002463054187192,ARPA-USDT,0.0364755828557165,0.0364227663410366,
2022-08-22 11:00:00,0.03645,0.03662,0.03618,0.03639,21271238,773537.83307,3205,12133872,441161.32787,-0.0032867707477404,ARPA-USDT,0.036488570017969,0.0364835576463029,
2022-08-22 12:00:00,0.03641,0.03666,0.03623,0.03631,28184663,1026533.07495,4310,14686803,534951.9326,-0.0049328583173472,ARPA-USDT,0.0363778909386712,0.0363632163897098,
2022-08-22 13:00:00,0.03632,0.03652,0.03593,0.0363,36359850,1318760.87949,4997,17367507,630423.56346,-0.0035684875102937,ARPA-USDT,0.0363114201197726,0.0363465081376239,
2022-08-22 14:00:00,0.0363,0.03653,0.03594,0.03615,24446886,885982.71887,3778,12956680,469344.40979,-0.0041322314049585,ARPA-USDT,0.0363332904421398,0.0363636592573498,
2022-08-22 15:00:00,0.03614,0.03663,0.0361,0.03659,23201738,843675.43001,3989,13762600,500394.86461,-0.0008192244675041,ARPA-USDT,0.0361393253885527,0.0361608317866264,
2022-08-22 16:00:00,0.03657,0.03683,0.03627,0.03634,22064423,805802.02267,3580,11410686,416838.16819,-0.0024704913532802,ARPA-USDT,0.036599103637035,0.0367024688415776,-0.00179025
2022-08-22 17:00:00,0.03635,0.0364,0.03605,0.03627,10584221,383383.705,2118,5801233,210142.9618,-0.0032976092333059,ARPA-USDT,0.0363616205933789,0.0363508583383959,
2022-08-22 18:00:00,0.03626,0.03627,0.03572,0.03599,15968366,575223.3346899999,3209,7616924,274378.73854,-0.0041505257332594,ARPA-USDT,0.0362437936020899,0.0362315318329219,
2022-08-22 19:00:00,0.03597,0.0362,0.03594,0.03618,10063865,362859.08928,2059,5745113,207192.06597,-0.0052240857849876,ARPA-USDT,0.0360058359340825,0.036049173284752,
2022-08-22 20:00:00,0.03619,0.03678,0.03617,0.03645,25797914,942032.63879,4652,10912191,398430.44963,0.0,ARPA-USDT,0.0361927063566341,0.0362944210997026,
2022-08-22 21:00:00,0.03644,0.0365,0.03621,0.03627,7072771,257034.7416,1685,3503512,127344.93499,-0.0022008253094911,ARPA-USDT,0.0364750120968003,0.0364486927871434,
2022-08-22 22:00:00,0.03628,0.0367,0.03625,0.03652,10029994,366362.326,1904,4190065,152933.83873000002,-0.0016402405686168,ARPA-USDT,0.0362845416187764,0.0363213038043277,
2022-08-22 23:00:00,0.03652,0.03712,0.03652,0.03709,17730434,651742.96441,2598,11896496,437099.23783,-0.0034927458355724,ARPA-USDT,0.0365438215725842,0.0365651792291574,
2022-08-23 00:00:00,0.03709,0.03784,0.03709,0.03756,24771113,930645.46422,5439,13674953,513601.23882,-0.0007980845969671,ARPA-USDT,0.0371568686838571,0.0373781803623934,-0.00107444
2022-08-23 01:00:00,0.03755,0.03786,0.03746,0.03755,11858568,446477.87914,2606,6131396,230804.75287,-0.0013297872340426,ARPA-USDT,0.0375511254595752,0.0375453911185948,
2022-08-23 02:00:00,0.03756,0.0378,0.03748,0.0377399999999999,11749906,442180.57216,2429,6192748,233016.64084,-0.0007942811755388,ARPA-USDT,0.0375848465044285,0.0376072390940894,
2022-08-23 03:00:00,0.0377399999999999,0.03783,0.03754,0.03757,12172710,459049.27381,2491,6284212,236952.94537,-0.002124833997344,ARPA-USDT,0.0377569650828957,0.0377603503134724,
2022-08-23 04:00:00,0.03759,0.03806,0.03759,0.03764,15126416,570540.24637,3041,8493833,320340.17068000004,-0.0015915119363394,ARPA-USDT,0.0376140891202234,0.0376959929011875,
2022-08-23 05:00:00,0.03763,0.0376899999999999,0.03666,0.03667,18651164,694776.19142,3886,9304926,346709.70847,-0.0021768707482991,ARPA-USDT,0.0376260506569437,0.0376389587399899,
2022-08-23 06:00:00,0.03666,0.03728,0.03663,0.03728,14912332,551199.27754,3151,7925347,292808.3218,-0.0008040739748057,ARPA-USDT,0.0366549653514298,0.0367341692645624,
2022-08-23 07:00:00,0.03729,0.0377399999999999,0.03718,0.0377399999999999,10297554,386018.13562,2835,5017713,188025.11022,-0.0005296610169518,ARPA-USDT,0.0372743851308532,0.0372488834892022,
2022-08-23 08:00:00,0.0377399999999999,0.03815,0.03773,0.03791,27080290,1028887.87689,5291,12589329,478376.27469,-0.0010540184453227,ARPA-USDT,0.0377429529083432,0.0378020682342175,-0.00015354
2022-08-23 09:00:00,0.03792,0.03822,0.03763,0.03786,16020973,607040.09675,3712,8331526,315719.80037,-0.0007917656373713,ARPA-USDT,0.0379359387708491,0.0380115342311844,
2022-08-23 10:00:00,0.03787,0.03805,0.03764,0.03777,10356499,391476.72855,2657,5209709,196864.97947,-0.0007936507936509,ARPA-USDT,0.0379090274701873,0.0379727820387253,
2022-08-23 11:00:00,0.03777,0.0382,0.0377,0.03818,12213593,463041.18562,2924,6926669,262643.93244,-0.0002618486514794,ARPA-USDT,0.0377952512248315,0.0378254847895366,
2022-08-23 12:00:00,0.03818,0.0389199999999999,0.03786,0.0379,34583640,1328590.44488,6951,18642740,715685.95284,-0.0007909306617451,ARPA-USDT,0.038183285101004,0.0383434333075955,
2022-08-23 13:00:00,0.03789,0.03848,0.03781,0.03834,22243059,848268.58114,4394,11674698,445263.4458,0.0002608922514999,ARPA-USDT,0.0379621452581943,0.0378785828225746,
2022-08-23 14:00:00,0.03833,0.03861,0.03823,0.03829,22358668,859632.2884,4243,11768157,452411.43728,-0.0005220569042024,ARPA-USDT,0.0383841975657929,0.0384322719285408,
2022-08-23 15:00:00,0.0383,0.03853,0.03795,0.03802,24834253,950907.94811,5271,10916834,418228.37718,-0.0010509721492379,ARPA-USDT,0.038323422523055,0.0382683233441633,
2022-08-23 16:00:00,0.03802,0.03807,0.0376,0.03789,24523017,927848.69709,4584,11542949,436868.00536,0.0,ARPA-USDT,0.0380311821759192,0.0379947691673561,4.419e-05
2022-08-23 17:00:00,0.03789,0.0382,0.0377,0.03788,17433849,662038.36989,3060,9528471,361707.3892,-0.0013182177695755,ARPA-USDT,0.0378940476940571,0.0378925180307956,
2022-08-23 18:00:00,0.03786,0.03846,0.03784,0.0382399999999999,14244413,543982.01936,2927,7028121,268248.183,-0.0015665796344673,ARPA-USDT,0.0378784114292928,0.0378805827553109,
2022-08-23 19:00:00,0.03825,0.03832,0.03806,0.03818,10413033,397679.0611,2419,5599857,213883.51198,-0.0002618486514794,ARPA-USDT,0.0382375305503304,0.0382270520784415,
2022-08-23 20:00:00,0.03818,0.03833,0.0378,0.03786,13661682,520073.49796,2852,6022772,229224.90649,-0.0013189132155104,ARPA-USDT,0.0381753478734853,0.0381780391795417,
2022-08-23 21:00:00,0.03786,0.03809,0.03775,0.03796,6751811,255783.12857,1664,3626896,137407.33089,-0.0015781167806416,ARPA-USDT,0.0378979822894447,0.0379423029820359,
2022-08-23 22:00:00,0.03795,0.0381899999999999,0.03791,0.038,8002419,304556.03031,1980,3817850,145294.08245,-0.0005260389268805,ARPA-USDT,0.0380022169679719,0.0380536542153809,
2022-08-23 23:00:00,0.038,0.03825,0.03796,0.03822,10178672,388136.13402,2565,4224253,161025.12999,0.0,ARPA-USDT,0.0380340398692752,0.0379941923771921,
2022-08-24 00:00:00,0.03823,0.03845,0.0377399999999999,0.03789,15312714,584102.66146,3660,7138798,272095.70234,-0.0007911392405063,ARPA-USDT,0.038217557156792,0.0382197923147546,-0.00031037
2022-08-24 01:00:00,0.03791,0.0379899999999999,0.03737,0.03744,9457353,356547.59357,2396,4941671,186377.76936,-0.000533902829685,ARPA-USDT,0.037902133755488,0.0379171298157444,
2022-08-24 02:00:00,0.03744,0.03766,0.0372399999999999,0.03727,6379081,239101.77307,2051,3044899,114086.14499,-0.0008042895442359,ARPA-USDT,0.0374406361824913,0.0375165183184218,
2022-08-24 03:00:00,0.03728,0.03745,0.03719,0.03736,5273955,196838.87147,1517,2610905,97435.46327,-0.0010695187165776,ARPA-USDT,0.0372773374308688,0.0372634843328467,
2022-08-24 04:00:00,0.03736,0.03777,0.03729,0.0377,7567865,283515.61063,1897,3922565,146998.11856,-0.0005302226935313,ARPA-USDT,0.0373596411831259,0.0373799918265352,
2022-08-24 05:00:00,0.0376899999999999,0.03814,0.03763,0.03792,9767726,370375.10138,2277,4123055,156297.7924,-0.0002636435539149,ARPA-USDT,0.037742660807773,0.0377051181869124,
2022-08-24 06:00:00,0.03792,0.03816,0.0378,0.03815,9821857,372923.03877,2315,4549369,172696.86659,0.0002621919244887,ARPA-USDT,0.0379221790739319,0.0379499444151302,
2022-08-24 07:00:00,0.03815,0.03826,0.03752,0.03755,12562887,475214.70387,3605,5622803,212834.16289,-0.0007982969664716,ARPA-USDT,0.0381892333740549,0.0381824053159401,
2022-08-24 08:00:00,0.03757,0.03785,0.03752,0.03775,11442135,431158.03712,3065,5925130,223306.50133,-0.0007940709370037,ARPA-USDT,0.0375549486244528,0.0375723610554952,3.83e-05
2022-08-24 09:00:00,0.03773,0.03795,0.03771,0.03781,10228347,386741.87958,2528,5499032,207889.22137,-0.0010568031704094,ARPA-USDT,0.0377328657469051,0.0377657637576111,
2022-08-24 10:00:00,0.03781,0.03806,0.03777,0.03783,7586207,287608.27101,2117,3926151,148877.64822,-0.0002642706131077,ARPA-USDT,0.0378276519195456,0.0378467581632006,
2022-08-24 11:00:00,0.03783,0.03814,0.03777,0.03807,10078469,382976.29261,2260,5123419,194715.22081,-0.0002626050420169,ARPA-USDT,0.0378326197057512,0.0378366262186603,
2022-08-24 12:00:00,0.03806,0.0382399999999999,0.03795,0.03807,11293303,430486.04216,2878,5107093,194668.18199,-0.0005250721974271,ARPA-USDT,0.0380966885913192,0.0381255800936333,
2022-08-24 13:00:00,0.03807,0.03825,0.03793,0.03802,11026331,419797.30201,2396,4862512,185150.12205,-0.0007884362680683,ARPA-USDT,0.0380802318471337,0.0381210076267916,
2022-08-24 14:00:00,0.038,0.03834,0.03788,0.03809,15193871,578939.8300300001,2910,7722695,294314.1559,-0.0005247966413014,ARPA-USDT,0.0379969826342765,0.0379898848622623,
2022-08-24 15:00:00,0.0381,0.03861,0.03808,0.03853,17360656,666375.18309,3409,9109358,349647.10669,-0.0002594706798131,ARPA-USDT,0.0381054537398163,0.0381075518781304,
2022-08-24 16:00:00,0.03855,0.03879,0.03826,0.03833,15569855,599218.12616,3294,6903622,265657.44572,-0.0010424811050299,ARPA-USDT,0.0385808201149906,0.0386155385916088,5.831e-05
2022-08-24 17:00:00,0.03833,0.0384399999999999,0.03823,0.03836,6191539,237193.84989,1765,3541939,135706.88826,-0.0002606202762576,ARPA-USDT,0.0383464222589226,0.0383272410663812,
2022-08-24 18:00:00,0.03836,0.0384899999999999,0.03834,0.03839,6998523,268861.62735,1948,3368440,129432.93628,-0.0002604166666665,ARPA-USDT,0.0383688998764749,0.0383912959839614,
2022-08-24 19:00:00,0.03837,0.03873,0.03837,0.03847,7348948,283369.67216,2075,4017510,154903.27894,-0.0002598752598753,ARPA-USDT,0.0384128613424791,0.0384341162547493,
2022-08-24 20:00:00,0.03847,0.039,0.03841,0.0386699999999999,13124408,507468.15969,2918,7517626,290621.94481,-0.0005169294391341,ARPA-USDT,0.038476946367576,0.0384985940892537,
2022-08-24 21:00:00,0.0387,0.0389,0.03816,0.03826,12647445,487612.133,2773,6833743,263489.85768,-0.0002613012803761,ARPA-USDT,0.038699136099649,0.0387466469604983,
2022-08-24 22:00:00,0.03829,0.0384,0.03786,0.0379399999999999,8167414,311434.01401,2168,3806698,145159.53776,-0.0002635046113332,ARPA-USDT,0.0383115851660931,0.0383441706793745,
2022-08-24 23:00:00,0.0379399999999999,0.03828,0.03767,0.03772,12020566,456067.22265,3587,5476014,207739.93666,-0.0010593220338984,ARPA-USDT,0.0379580890080885,0.0379991618631794,
2022-08-25 00:00:00,0.03772,0.03848,0.0376899999999999,0.03835,19327544,737197.1562,4012,9846955,375523.65458,-0.0007816571130796,ARPA-USDT,0.0377276164030406,0.0378011156664226,-2.525e-05
2022-08-25 01:00:00,0.03836,0.03866,0.03826,0.0384899999999999,11473878,441391.62655,2339,5792461,222746.22012,-0.0005193456245158,ARPA-USDT,0.0383329095959818,0.0383480745645173,
2022-08-25 02:00:00,0.03848,0.0388,0.03828,0.03875,9987818,384197.54847,2319,5024155,193294.33372,-0.0005158627805004,ARPA-USDT,0.0384826614960898,0.0384454240541499,
2022-08-25 03:00:00,0.03875,0.03901,0.03847,0.03855,14093754,546225.76511,3276,6801976,263696.36656,-0.0005185377236193,ARPA-USDT,0.0387549950797769,0.0387874506444701,
2022-08-25 04:00:00,0.03854,0.0386899999999999,0.03841,0.03855,8728301,336519.84085000004,1913,4535501,174839.24554,0.0002594706798133,ARPA-USDT,0.0385270724862223,0.03855269803167,
2022-08-25 05:00:00,0.03856,0.03876,0.0384199999999999,0.03876,9224917,356138.18285,2112,3950118,152442.99035,0.0,ARPA-USDT,0.0386029424223778,0.0386040991607214,
2022-08-25 06:00:00,0.03877,0.03924,0.03866,0.03906,16867761,658014.1528,3278,9933991,387646.82634,-0.0005117707267143,ARPA-USDT,0.0387700572593213,0.0387380630289548,
2022-08-25 07:00:00,0.03903,0.03907,0.03877,0.03883,6807580,264750.17106,2137,2834663,110247.76748,-0.0005148005148004,ARPA-USDT,0.0389884554531974,0.0389846442528165,
2022-08-25 08:00:00,0.03884,0.0389199999999999,0.03859,0.03874,7708937,298860.5219,2075,2958201,114674.9311,-0.0005159958720332,ARPA-USDT,0.0388790982518523,0.0388564898506975,0.0001
2022-08-25 09:00:00,0.03874,0.04049,0.0386899999999999,0.0391899999999999,114054565,4516586.757470001,18645,58486590,2317517.37696,-0.0005100739607268,ARPA-USDT,0.0387400874424502,0.0388006210257559,
2022-08-25 10:00:00,0.03918,0.03932,0.03864,0.03865,30449289,1185144.17129,5237,13720947,533949.09731,-0.0015499870834411,ARPA-USDT,0.0392059395883235,0.0390268333899744,
2022-08-25 11:00:00,0.03865,0.03896,0.0385,0.03889,12613377,488717.49235,2889,5896663,228384.13061,-0.0002570694087402,ARPA-USDT,0.0386590195833283,0.0386182759272965,
2022-08-25 12:00:00,0.03889,0.03908,0.03841,0.03852,10910330,423304.25535,2748,5059400,196262.29216,0.0002596728122563,ARPA-USDT,0.0388946111757857,0.0389830099747681,
2022-08-25 13:00:00,0.03851,0.03864,0.0383,0.03859,10500738,403849.42267,2570,4832413,185883.95992,-0.000259067357513,ARPA-USDT,0.0384830132201522,0.038483133113981,
2022-08-25 14:00:00,0.0386,0.03895,0.03859,0.03871,7073627,274184.90882,2101,3527199,136710.93819,-0.0005163955589981,ARPA-USDT,0.0386104894709395,0.0386808604895252,
2022-08-25 15:00:00,0.03871,0.03902,0.03804,0.0384399999999999,16540579,635292.68795,4138,7843128,301512.43722,-0.0007798284377462,ARPA-USDT,0.038693611579645,0.0387438566834485,
2022-08-25 16:00:00,0.03843,0.03852,0.0381,0.03826,9843546,376965.28569,2581,4684990,179396.69183999998,0.0,ARPA-USDT,0.0384385964139768,0.0382783537118416,8.072e-05
2022-08-25 17:00:00,0.03826,0.03873,0.03822,0.03859,7185169,276706.23921,2086,3019454,116286.83687,0.0002592016588904,ARPA-USDT,0.0382603561540075,0.0383099201848087,
2022-08-25 18:00:00,0.03859,0.03886,0.0385,0.03868,6221502,240667.39961,2065,3169000,122579.65236,0.0002585983966898,ARPA-USDT,0.0386159294324945,0.0386439954123936,
2022-08-25 19:00:00,0.03868,0.03899,0.03863,0.03896,6454013,250638.63413,2037,3476574,135025.50411,0.0,ARPA-USDT,0.0386969874812054,0.0387792307425372,
2022-08-25 20:00:00,0.03896,0.0391,0.03872,0.03903,7936313,308891.55356,2229,4209003,163909.12647,-0.0002561475409834,ARPA-USDT,0.0389356637716184,0.0388766494570134,
2022-08-25 21:00:00,0.03902,0.03914,0.03873,0.03881,6717102,261521.18838,2110,2737290,106633.27683,-0.0002575991756826,ARPA-USDT,0.0390829869772131,0.0390931170290609,
2022-08-25 22:00:00,0.03881,0.039,0.0386,0.0387,5071413,196973.43268,1654,2178392,84615.96428,-0.0005165289256198,ARPA-USDT,0.0388366672213373,0.03891689508019,
2022-08-25 23:00:00,0.03871,0.03897,0.03852,0.03874,4927550,191021.54349,1757,2504624,97085.17661,-0.0005159958720332,ARPA-USDT,0.0387282139693356,0.0386565552202824,
2022-08-26 00:00:00,0.03874,0.03887,0.0384399999999999,0.03853,8908696,344208.20526,2592,4171734,161223.26567,-0.0005188067444876,ARPA-USDT,0.0387220597271645,0.0387430553463984,0.0001
2022-08-26 01:00:00,0.03853,0.0389,0.03848,0.0389,5085363,196973.00669,1559,2490913,96428.57707,-0.0005138746145941,ARPA-USDT,0.0385033599540488,0.0385379616647008,
2022-08-26 02:00:00,0.0389,0.0391699999999999,0.03887,0.03907,7550233,294614.69958,2099,3094281,120732.53405,-0.000255885363357,ARPA-USDT,0.0389002874689613,0.0389307326759162,
2022-08-26 03:00:00,0.03905,0.03923,0.03893,0.03912,6856977,268027.25557,1791,3506620,137079.6454,0.0007674597083653,ARPA-USDT,0.0390444838003874,0.0389939120414125,
2022-08-26 04:00:00,0.03907,0.03918,0.03884,0.03895,7823618,305175.5242,2155,3318734,129463.65328,-0.0002566735112936,ARPA-USDT,0.0390860029518412,0.0390865168714696,
2022-08-26 05:00:00,0.03896,0.03915,0.03806,0.03828,12281780,472839.33723,3226,5349262,206003.68452,-0.0007830853563036,ARPA-USDT,0.0390084881261527,0.0390453553031214,
2022-08-26 06:00:00,0.03827,0.03862,0.0382399999999999,0.03857,5500574,211656.39608,1875,2825644,108755.13998,-0.0010360010360009,ARPA-USDT,0.0382906114370781,0.0383313595942002,
2022-08-26 07:00:00,0.03858,0.03861,0.0381899999999999,0.03848,4777383,183426.11042,1503,2068873,79446.72106,-0.0007790184367697,ARPA-USDT,0.0385477772217505,0.0385488056267826,
2022-08-26 08:00:00,0.0384899999999999,0.03904,0.03839,0.03887,12412346,481071.45184,3258,6714938,260212.81867,0.0,ARPA-USDT,0.0384704725709769,0.03845915624779,0.0001
2022-08-26 09:00:00,0.03888,0.03902,0.03875,0.03881,6912875,269068.26444,2131,3472220,135139.47046,-0.0005150656708732,ARPA-USDT,0.0388557240755399,0.0389161997621009,
2022-08-26 10:00:00,0.03881,0.0389,0.03833,0.03836,6458579,249214.92097,1936,2915155,112511.17108,-0.0002606202762576,ARPA-USDT,0.0387979475489634,0.0388407733840401,
2022-08-26 11:00:00,0.03837,0.03845,0.03767,0.03815,11096951,420943.83103,2763,5058617,191915.24283,-0.0005239717055278,ARPA-USDT,0.0384069515066688,0.0384014107373585,
2022-08-26 12:00:00,0.03815,0.03896,0.03806,0.03886,13709176,528332.82531,3370,6897027,265779.1077,-0.0002572678157962,ARPA-USDT,0.0381424779767775,0.0381244477143814,
2022-08-26 13:00:00,0.03888,0.03921,0.03834,0.03865,11795661,458083.85523,3302,5322648,206633.9509,-0.0002586652871185,ARPA-USDT,0.0388887224958562,0.0390342294012979,
2022-08-26 14:00:00,0.03865,0.03884,0.03776,0.03776,23892674,913349.40534,5292,11548293,441523.48859,-0.0007938608097378,ARPA-USDT,0.0386477420001357,0.0383121564804569,
2022-08-26 15:00:00,0.03775,0.03779,0.0369,0.03725,20260537,755828.52496,4893,9858798,367889.75283,-0.0002683843263554,ARPA-USDT,0.0376985487154684,0.0375680305140642,
2022-08-26 16:00:00,0.03725,0.0374,0.03683,0.03719,7753605,287861.54264,2434,3679607,136616.92891,0.0002689618074234,ARPA-USDT,0.0372231710125592,0.0371928827110385,2.168e-05
2022-08-26 17:00:00,0.03718,0.03725,0.03696,0.03698,5497014,204053.14482,1729,2329996,86509.92099,-0.0016198704103671,ARPA-USDT,0.0371532112961284,0.0371641103051462,
2022-08-26 18:00:00,0.03698,0.03702,0.03644,0.03691,10447527,383646.61242,2901,4695603,172402.00289,-0.0002708559046588,ARPA-USDT,0.0369994792762319,0.0369367580123725,
2022-08-26 19:00:00,0.0369,0.03706,0.0368,0.0369899999999999,6650120,245575.04318,2024,3582623,132299.10201,-0.0010802052389982,ARPA-USDT,0.0369123687025203,0.0369070921537549,
2022-08-26 20:00:00,0.0369899999999999,0.0371,0.03682,0.03684,5192478,191999.04323,1994,2444017,90395.17279,-0.0013553808620222,ARPA-USDT,0.0369479210980367,0.03696629038406,
2022-08-26 21:00:00,0.03684,0.03694,0.0367399999999999,0.03681,4058920,149543.21214,1545,2107564,77668.25502,-0.0008143322475568,ARPA-USDT,0.0368631020330849,0.0368996722047464,
2022-08-26 22:00:00,0.03681,0.03692,0.03612,0.03642,5467656,199724.18108,1993,2158857,78809.70543,-0.0008230452674897,ARPA-USDT,0.0368246918246062,0.0368433462889345,
2022-08-26 23:00:00,0.03642,0.0365399999999999,0.03544,0.0358,13302147,476868.8866,3770,6415529,229968.57436,-0.0011160714285713,ARPA-USDT,0.0364326957039926,0.0364581161512129,
2022-08-27 00:00:00,0.03582,0.03607,0.03549,0.03587,6891634,246636.15437,2424,3523837,126093.94123,-0.0011138958507379,ARPA-USDT,0.0357798123033622,0.0357208587651389,0.0001
2022-08-27 01:00:00,0.03587,0.03596,0.03567,0.03582,5056377,181081.7626,1599,2469531,88417.41769,-0.0005580357142856,ARPA-USDT,0.03585887737313,0.0358481608618584,
2022-08-27 02:00:00,0.03581,0.03585,0.03543,0.03563,6239488,222674.48761,1875,3053589,109009.88518,-0.0008412787436903,ARPA-USDT,0.0357878820248586,0.0357995673582761,
2022-08-27 03:00:00,0.03559,0.03571,0.0353,0.03555,6992836,248508.79478,1939,2883220,102523.66426,-0.0014044943820225,ARPA-USDT,0.0355777431012124,0.0355915821442859,
2022-08-27 04:00:00,0.03556,0.03575,0.03535,0.03538,6641188,236289.29241,2058,3282953,116816.7593,-0.0014112334180074,ARPA-USDT,0.035569367265469,0.035613749804537,
2022-08-27 05:00:00,0.03539,0.03543,0.03473,0.03523,8996985,315582.35379,2859,3852818,135011.43543,-0.000283768444949,ARPA-USDT,0.0353799642298612,0.035388169899472,
2022-08-27 06:00:00,0.03522,0.03549,0.0350899999999999,0.03535,4763958,167953.64103,1713,2184409,77031.24367,-0.0011302627860977,ARPA-USDT,0.0352200568855477,0.0352155636866298,
2022-08-27 07:00:00,0.03536,0.03578,0.03533,0.03575,5461657,193831.24222,1870,2745514,97443.04716,-0.0008384572386809,ARPA-USDT,0.035375997167654,0.0354068140061675,
2022-08-27 08:00:00,0.03575,0.03576,0.03551,0.03559,5640504,200963.02121,1927,2650183,94430.25949,-0.0008422234699607,ARPA-USDT,0.0357189482841462,0.0356668153717177,-4.667e-05
2022-08-27 09:00:00,0.03559,0.0356,0.03524,0.03528,6753532,239068.14258,1852,2903584,102762.40722,-0.0011325028312569,ARPA-USDT,0.0355600861067209,0.0354883293379514,
2022-08-27 10:00:00,0.03528,0.03564,0.03526,0.03545,3617652,128415.36917,1426,1840685,65337.98036,-0.0005638567803777,ARPA-USDT,0.0352824403935959,0.0353407539395151,
2022-08-27 11:00:00,0.03544,0.03555,0.03533,0.03543,2256380,79980.31485,1036,1120579,39717.27867,-0.0008460236886631,ARPA-USDT,0.035443969197288,0.0354714389023697,
2022-08-27 12:00:00,0.03542,0.03557,0.03535,0.03542,3280650,116331.01555,1306,1556606,55187.775,-0.0002822466836015,ARPA-USDT,0.0354312755991133,0.0354866252140874,
2022-08-27 13:00:00,0.03541,0.03543,0.03507,0.03525,5035425,177670.5075,1493,2317453,81763.85286,-0.0002836074872377,ARPA-USDT,0.035421544437374,0.0353966173364083,
2022-08-27 14:00:00,0.03524,0.03536,0.0349,0.0349,6642037,233399.48835,1986,2643703,92937.36236,-0.000286450873675,ARPA-USDT,0.0352511163308386,0.0352833438636793,
2022-08-27 15:00:00,0.03491,0.03507,0.03451,0.03485,10163057,353675.07369,2612,5062624,176299.48841,-0.0008600917431192,ARPA-USDT,0.0349259630442767,0.0349533779313057,
2022-08-27 16:00:00,0.03485,0.03493,0.03438,0.03476,7874008,272524.02769,2335,4163719,144111.39598,-0.0008623167576891,ARPA-USDT,0.0348857774958067,0.0347914862975823,-0.00010645
2022-08-27 17:00:00,0.03476,0.03494,0.03462,0.03464,4136412,143877.05455,1411,1953593,67946.45644,-0.0002886002886003,ARPA-USDT,0.0347728941789253,0.0348047102556057,
2022-08-27 18:00:00,0.03463,0.03469,0.03446,0.03457,4857028,167970.90919,1555,2406338,83233.75690000001,-0.001155735336608,ARPA-USDT,0.0345991677068506,0.03457961655449,
2022-08-27 19:00:00,0.03456,0.0349,0.03445,0.03486,5739555,199182.74319,1684,2699976,93725.62945,-0.0008598452278588,ARPA-USDT,0.0345652569140376,0.0345555570183071,
2022-08-27 20:00:00,0.0348399999999999,0.03486,0.03453,0.03471,4421119,153299.37014,1389,2027799,70318.01455,-0.0008635578583765,ARPA-USDT,0.0348396573865882,0.0347539906122409,
2022-08-27 21:00:00,0.03472,0.03478,0.03451,0.03451,2214008,76793.26763,1011,831883,28865.52715,-0.000868558193399,ARPA-USDT,0.0347558330623216,0.0347156870124271,
2022-08-27 22:00:00,0.0345,0.03499,0.03443,0.03474,5319360,184338.04835,1735,2367402,82042.64197,-0.0011500862564691,ARPA-USDT,0.034529004871718,0.0345436837385128,
2022-08-27 23:00:00,0.03474,0.0350199999999999,0.03464,0.03475,7090946,247137.93132,1874,3256926,113490.20782,-0.0008625646923517,ARPA-USDT,0.0347413112673553,0.0347472652823706,
2022-08-28 00:00:00,0.03476,0.03482,0.0344,0.03464,6972516,241474.74766,1937,3619505,125310.01444,-0.0017291066282422,ARPA-USDT,0.0347507662017212,0.0346908145277091,-0.00016145
2022-08-28 01:00:00,0.03464,0.0349,0.03458,0.03469,4401267,152919.10028,1263,1557711,54144.99669,-0.0011517420097897,ARPA-USDT,0.0346616504690459,0.034652098205197,
2022-08-28 02:00:00,0.0347,0.03497,0.03462,0.03478,4801553,167120.62034,1502,2806911,97690.80122,-0.0017221584385764,ARPA-USDT,0.0346964072371493,0.0347006122091971,
2022-08-28 03:00:00,0.03478,0.0348,0.03464,0.03472,4153267,144209.85269,1328,2311984,80280.55443999999,-0.0017251293847038,ARPA-USDT,0.0347680863730234,0.0347366477815935,
2022-08-28 04:00:00,0.03471,0.03475,0.0345899999999999,0.03469,4612661,159931.71106,1357,2391895,82930.3519,-0.001726618705036,ARPA-USDT,0.0347310094109054,0.0347030539934316,
2022-08-28 05:00:00,0.03469,0.03483,0.03456,0.03483,5272894,182944.25667,1474,2534803,87957.91185,-0.0014334862385321,ARPA-USDT,0.0347163459415761,0.0347418377860878,
2022-08-28 06:00:00,0.0348399999999999,0.03501,0.0348399999999999,0.03491,6193160,216329.57375,1667,2713442,94808.85727,-0.0022863675335811,ARPA-USDT,0.0348579964359697,0.0348857985470293,
2022-08-28 07:00:00,0.03492,0.03524,0.03492,0.0351,5886337,206407.1198,1712,3413602,119725.6233,-0.0014224751066856,ARPA-USDT,0.0349500210273618,0.0349526678944505,
2022-08-28 08:00:00,0.03512,0.03551,0.0351,0.03539,11929752,421575.91449,3050,6293609,222390.94332,-0.0014108352144469,ARPA-USDT,0.0351381520310232,0.0351972110286709,-0.00071431
2022-08-28 09:00:00,0.03538,0.03545,0.03517,0.03538,6335573,223504.27404,1673,3373537,118989.95499,-0.0005649717514124,ARPA-USDT,0.0353594584177919,0.0352998595035457,
2022-08-28 10:00:00,0.03537,0.0357,0.03515,0.03559,9105695,322678.49157,2057,4105645,145511.88939,-0.0008422234699607,ARPA-USDT,0.0353506500409102,0.0353605361667603,
2022-08-28 11:00:00,0.03559,0.03588,0.03541,0.03568,8304354,295948.69034000003,2146,4034414,143812.94503,-0.0013993842709206,ARPA-USDT,0.0356004409625069,0.0356569586443786,
2022-08-28 12:00:00,0.03569,0.03587,0.0354,0.03545,6562184,233709.42413,1926,3115395,110955.35984,0.0,ARPA-USDT,0.0357224674587597,0.0357784930575755,
2022-08-28 13:00:00,0.03544,0.0355399999999999,0.03536,0.03538,5946009,210758.59099,1531,2967293,105190.56413,-0.0002825656965242,ARPA-USDT,0.0354452831174462,0.0354354879318785,
2022-08-28 14:00:00,0.03539,0.03558,0.03507,0.03536,9767656,345294.83944,2183,4377593,154780.57655,-0.000282725473565,ARPA-USDT,0.0354086643530628,0.035471470521295,
2022-08-28 15:00:00,0.03539,0.03564,0.03532,0.0356,7175003,254681.06446,1670,3258944,115711.15696,0.0,ARPA-USDT,0.0353479226907507,0.0353790974184534,
2022-08-28 16:00:00,0.0356,0.03611,0.03558,0.03559,14040494,503330.39153,2854,6899484,247338.94422,-0.0011226494527085,ARPA-USDT,0.0356579827295156,0.0357609249612198,0.0001
2022-08-28 17:00:00,0.0356,0.03578,0.0355199999999999,0.03558,5070989,180668.68992,1474,2455584,87521.35817,-0.0016835016835016,ARPA-USDT,0.035587995368764,0.0356433350793365,
2022-08-28 18:00:00,0.03558,0.03589,0.03557,0.03581,4166184,148876.89642,1210,2342271,83700.77781,-0.0016727069974908,ARPA-USDT,0.0356067603962612,0.0356652817041031,
2022-08-28 19:00:00,0.03581,0.03596,0.03555,0.03562,7172151,256321.17958,1606,3334165,119185.21005,-0.0005611672278338,ARPA-USDT,0.0357983860761703,0.0357680319015418,
2022-08-28 20:00:00,0.03562,0.03591,0.03559,0.03569,6157630,220083.09902,1607,2793184,99844.41961,-0.0013989927252379,ARPA-USDT,0.0356210453870287,0.0356292828191988,
2022-08-28 21:00:00,0.03566,0.03583,0.03532,0.0354,5531897,196824.20335,1471,2532040,90084.99078,-0.0005646527385657,ARPA-USDT,0.0356679677342481,0.035681302086316,
2022-08-28 22:00:00,0.03539,0.03543,0.0350399999999999,0.03522,8621116,303992.31171,2196,3864913,136322.2307,-0.0011344299489506,ARPA-USDT,0.0353247232471199,0.0353334904097917,
2022-08-28 23:00:00,0.03523,0.03537,0.03445,0.03462,12209907,425137.25717,3263,5796011,201836.49364,-0.0005773672055426,ARPA-USDT,0.0352184902400974,0.0351801316941229,
2022-08-29 00:00:00,0.03461,0.03465,0.03411,0.03445,13326618,458588.7189,3394,6933088,238643.98692,-0.0017386264850767,ARPA-USDT,0.0345967585313836,0.0345398035915613,-0.000464
2022-08-29 01:00:00,0.03445,0.03452,0.03422,0.03443,6919580,237747.50662,1617,3330379,114411.15272,-0.0017396346767177,ARPA-USDT,0.0344487437436733,0.0344563206345812,
2022-08-29 02:00:00,0.03445,0.03506,0.03442,0.03489,6751433,235232.12349,2042,3117615,108590.88324,-0.001716738197425,ARPA-USDT,0.0344385378438229,0.0344906797328277,
2022-08-29 03:00:00,0.03489,0.03659,0.03488,0.03563,43173376,1553608.0814,7354,22631674,814320.3260700001,-0.0019607843137254,ARPA-USDT,0.0349084099151769,0.0349389693901518,
2022-08-29 04:00:00,0.03562,0.03564,0.03512,0.03519,19400645,686445.73698,4196,9663377,342017.09873,-0.0008517887563884,ARPA-USDT,0.035562401187765,0.0354674983330994,
2022-08-29 05:00:00,0.03518,0.03536,0.03469,0.03475,8879654,311356.22882,2486,3933737,137987.25237,-0.0008625646923517,ARPA-USDT,0.0351683475799765,0.0352202260452237,
2022-08-29 06:00:00,0.03475,0.03518,0.03473,0.03506,9342036,327036.35348,2267,4375192,153117.40965,-0.0002851439977187,ARPA-USDT,0.0347890629050183,0.0348538672565768,
2022-08-29 07:00:00,0.03506,0.03523,0.03486,0.03514,8723657,305785.96630000003,1876,4341333,152179.41139999998,-0.0011370096645823,ARPA-USDT,0.0350669040996492,0.0351204955240133,
2022-08-29 08:00:00,0.03515,0.03526,0.03473,0.03473,7493891,262344.78022,2028,3381527,118423.09239,-0.0011504170261721,ARPA-USDT,0.0351553023327301,0.035174424300057,-0.00048128
2022-08-29 09:00:00,0.03472,0.03493,0.0347,0.03489,6508552,226493.90263,1721,3256092,113336.47715,0.0005735589331803,ARPA-USDT,0.0347596524043994,0.0347796692139704,
2022-08-29 10:00:00,0.03489,0.03503,0.03477,0.03489,5265967,183828.21616,1364,2321451,81034.13673,-0.0011451474377327,ARPA-USDT,0.0348909253469387,0.0349232126434407,
2022-08-29 11:00:00,0.03489,0.03508,0.03478,0.03486,5088222,177573.74216,1328,2884672,100668.29146,-0.0005733944954128,ARPA-USDT,0.0349372150811789,0.0349823618766999,
2022-08-29 12:00:00,0.03485,0.03569,0.0348399999999999,0.0352699999999999,13846993,489432.33495,2965,6818445,240915.03887,-0.0002834467120209,ARPA-USDT,0.0348725998860523,0.0348789731854756,
2022-08-29 13:00:00,0.0352699999999999,0.03578,0.03522,0.03561,9138131,324433.32115,2188,4467930,158555.8243,-0.0011220196353435,ARPA-USDT,0.0353098869910868,0.0353368918212075,
2022-08-29 14:00:00,0.03561,0.03618,0.0355199999999999,0.03564,12681670,455061.36463,2839,5907109,211872.91166,-0.0008410428931876,ARPA-USDT,0.0356387687559538,0.0356492872949788,
2022-08-29 15:00:00,0.03564,0.036,0.0356,0.03584,7908790,282997.35926,1879,3832833,137201.51225,-0.0016713091922007,ARPA-USDT,0.0356543815396571,0.0356909529233757,
2022-08-29 16:00:00,0.03585,0.03625,0.03584,0.0360199999999999,8266234,297540.36775,2210,4440117,159839.93660000002,0.0002777006387086,ARPA-USDT,0.0358495010019487,0.0358918769471109,2.354e-05
2022-08-29 17:00:00,0.03603,0.03611,0.03587,0.0360199999999999,3514414,126509.0878,1188,1494709,53819.86264,-0.0011092623405464,ARPA-USDT,0.0360414333635652,0.0360642003424165,
2022-08-29 18:00:00,0.0360399999999999,0.03611,0.03582,0.03597,8473947,305013.74593,1641,4131886,148706.00594,-0.0002779321845468,ARPA-USDT,0.0360543602625712,0.0360518024365707,
2022-08-29 19:00:00,0.03597,0.03606,0.03576,0.03591,5946015,213621.39632,1363,2897287,104111.37538,-0.0005566379070414,ARPA-USDT,0.0359764180370534,0.0359852104768498,
2022-08-29 20:00:00,0.03592,0.03617,0.03587,0.03611,5720837,206082.1668,1446,3524498,126961.31759,-0.0002768549280176,ARPA-USDT,0.0359503149439457,0.0359394664715117,
2022-08-29 21:00:00,0.03611,0.03627,0.03603,0.03626,3260848,117810.40708,1162,1939185,70057.3074,-0.0013770311209033,ARPA-USDT,0.0360670490009269,0.0360690200972612,
2022-08-29 22:00:00,0.03625,0.03632,0.03605,0.03622,4183224,151401.37366,1167,1897564,68687.55173,-0.0013785497656464,ARPA-USDT,0.0362235401423347,0.0362229851527337,
2022-08-29 23:00:00,0.03623,0.03664,0.0361,0.03648,7504234,273242.63179,1824,3521718,128201.87058,0.0,ARPA-USDT,0.0362448788420228,0.036210296277846,
2022-08-30 00:00:00,0.03646,0.03667,0.0362,0.03641,6758839,246191.38122,1886,3230911,117746.08482,-0.000274574409665,ARPA-USDT,0.0364780471318765,0.0364629242766171,0.0001
2022-08-30 01:00:00,0.0364,0.03643,0.03607,0.0361,3045895,110445.68508,1004,1531779,55518.39365,-0.0016592920353981,ARPA-USDT,0.0363863133962649,0.0363912586850239,
2022-08-30 02:00:00,0.03612,0.03626,0.03606,0.0362399999999999,3021959,109254.5622,1041,1284628,46444.84665,-0.0011025358324173,ARPA-USDT,0.036124506670318,0.036134798773664,
2022-08-30 03:00:00,0.0362399999999999,0.0365399999999999,0.03619,0.0364699999999999,3810063,138725.15593,1102,1791841,65225.33218,-0.0016424856282535,ARPA-USDT,0.0362545402111219,0.0362807828682181,
2022-08-30 04:00:00,0.0364699999999999,0.03701,0.0364699999999999,0.03689,5747943,211493.22081,1754,2318928,85318.21536,-0.0013535462912831,ARPA-USDT,0.0364984790685428,0.0365502875414319,
2022-08-30 05:00:00,0.0369,0.03696,0.03664,0.03669,5820272,214262.82333,1549,2640498,97260.943,-0.0005448106782892,ARPA-USDT,0.0368602743050613,0.0368966902165049,
2022-08-30 06:00:00,0.03669,0.03676,0.03656,0.03665,4087885,149812.424,1298,2099685,76958.39048,0.0008192244675042,ARPA-USDT,0.0366987060221146,0.0366937064059257,
2022-08-30 07:00:00,0.03662,0.03687,0.03653,0.03657,7203666,264301.85954000003,1828,3016437,110690.76264,0.0,ARPA-USDT,0.0366366376892676,0.0366270186625311,
2022-08-30 08:00:00,0.03657,0.03675,0.03633,0.03635,6576005,240560.12174,1813,3230870,118179.50128,0.0,ARPA-USDT,0.0365586447041141,0.0366341398161284,1.233e-05
2022-08-30 09:00:00,0.03635,0.03652,0.03633,0.0365,5481911,199704.205,1314,2713622,98862.35913,-0.0008212428141254,ARPA-USDT,0.0363720242855446,0.036406761007536,
2022-08-30 10:00:00,0.0364899999999999,0.03664,0.0362399999999999,0.03634,5446885,198585.1209,1408,2147441,78247.88738,-0.0010995052226498,ARPA-USDT,0.0364780981415235,0.0364469249539115,
2022-08-30 11:00:00,0.03634,0.03642,0.03625,0.03636,2957688,107509.86795,1056,1670548,60730.94259,-0.0008244023083263,ARPA-USDT,0.0363663916584164,0.0363598502064642,
2022-08-30 12:00:00,0.03637,0.03653,0.03589,0.03612,14925025,539342.51715,3462,7207018,260431.39191,-0.0011061946902654,ARPA-USDT,0.0363875924744171,0.0364378853960287,
2022-08-30 13:00:00,0.03612,0.03627,0.03596,0.03601,8381649,302841.87338,2085,4396058,158839.56065,-0.0008324084350721,ARPA-USDT,0.0361587248919955,0.0361785112233235,
2022-08-30 14:00:00,0.03601,0.03611,0.03494,0.03513,17932987,637066.91435,3996,9485253,336951.0227,-0.0014212620807276,ARPA-USDT,0.036040136794626,0.0360356165850784,
2022-08-30 15:00:00,0.03516,0.03539,0.03488,0.0352,7825525,274467.41693,2183,3851794,135097.21193,-0.0005678591709256,ARPA-USDT,0.0351566403495233,0.0350987263097154,
2022-08-30 16:00:00,0.0352,0.03546,0.03458,0.03475,10298354,360459.60401,2700,5091308,178228.39244999998,-0.0025832376578645,ARPA-USDT,0.0352337033465436,0.0352618346574017,0.0001
2022-08-30 17:00:00,0.03476,0.03496,0.03467,0.03491,4478364,155826.35852,1615,2506935,87238.70354,-0.0005725737188664,ARPA-USDT,0.0347482901375595,0.0348083554756175,
2022-08-30 18:00:00,0.03491,0.03511,0.03485,0.0350899999999999,3944341,137891.10389,1336,2205898,77116.60537,-0.0008542141230096,ARPA-USDT,0.0349076581490297,0.0348932513465471,
2022-08-30 19:00:00,0.03508,0.03587,0.03503,0.03551,10672826,379596.36215,2613,4604847,163758.61732,-0.00112517580872,ARPA-USDT,0.0350793737834691,0.0352148078842276,
2022-08-30 20:00:00,0.0355199999999999,0.0358,0.03535,0.03563,6478368,230559.23664,1929,3073681,109376.9333,0.0,ARPA-USDT,0.035543268898209,0.0355483730118992,
2022-08-30 21:00:00,0.03563,0.03572,0.0352699999999999,0.03538,2771539,98542.02402,1039,1413893,50295.87698,-0.0008472182999151,ARPA-USDT,0.0356736849267403,0.0356859646483487,
2022-08-30 22:00:00,0.03539,0.03574,0.03531,0.03572,3625012,128558.73012,1197,1812088,64260.12042,-0.0008391608391606,ARPA-USDT,0.0354287456082244,0.0354123489762182,
2022-08-30 23:00:00,0.03572,0.0358,0.0352699999999999,0.03541,3320955,118000.41176,1074,1506595,53546.65802,0.000282485875706,ARPA-USDT,0.0357497065435825,0.0357657858287176,
2022-08-31 00:00:00,0.03541,0.03599,0.0354,0.03588,4792063,171266.57163,1774,2426980,86780.59513,0.0,ARPA-USDT,0.0354581981754491,0.0354596581959517,0.0001
2022-08-31 01:00:00,0.0359,0.03631,0.03569,0.03585,10094462,363142.54464,2598,3859504,138770.73827,-0.0002788622420525,ARPA-USDT,0.0358868403787952,0.035870460540137,
2022-08-31 02:00:00,0.03585,0.03617,0.03585,0.03593,5832059,210000.36695,1358,2692539,96990.48053,-0.0011120378092857,ARPA-USDT,0.0358901190548112,0.0359268046258345,
2022-08-31 03:00:00,0.03594,0.03628,0.03594,0.03615,5173142,186786.11865,1377,2438717,88040.67412,-0.0002765486725662,ARPA-USDT,0.0359795362307543,0.0360106761837002,
2022-08-31 04:00:00,0.03614,0.0362899999999999,0.03601,0.03605,4299339,155378.08212,1310,1847884,66773.19587,-0.0002773155851359,ARPA-USDT,0.0361508508931034,0.0362171565395206,
2022-08-31 05:00:00,0.03603,0.03613,0.03592,0.03605,6737326,242686.31873,1271,3094260,111488.3983,0.0,ARPA-USDT,0.0360557356428429,0.0360477490777507,
2022-08-31 06:00:00,0.03605,0.0362899999999999,0.03563,0.03575,6428276,231042.67087,1781,2795091,100482.7751,-0.0005591277606934,ARPA-USDT,0.0360798903349135,0.0360563026917581,
2022-08-31 07:00:00,0.03576,0.03589,0.03567,0.03575,3997854,143111.25957,1080,1937910,69372.11624,-0.0016755096341805,ARPA-USDT,0.0357418153752273,0.0357375663814219,
2022-08-31 08:00:00,0.03574,0.03594,0.03543,0.03564,7317309,261165.28016,1983,3608953,128828.16706,-0.0014009526478004,ARPA-USDT,0.0357717582404176,0.0357944119828311,-1.26e-06
2022-08-31 09:00:00,0.03564,0.03571,0.0355399999999999,0.03563,4239052,151009.11177,1262,2141950,76304.54418,-0.0008412787436903,ARPA-USDT,0.0356304341001596,0.0356528017673169,
2022-08-31 10:00:00,0.03562,0.0361,0.0355399999999999,0.03589,5606426,200762.53312,1454,2932679,104973.00691,0.0002787068004457,ARPA-USDT,0.0356011375337717,0.0356039584640241,
2022-08-31 11:00:00,0.0359,0.03605,0.03575,0.03586,4184610,150151.37892000002,1342,1959506,70314.04568,-0.0005574136008917,ARPA-USDT,0.0359302864104469,0.035972193814599,
2022-08-31 12:00:00,0.03585,0.03606,0.03567,0.03591,6939316,248881.676,1820,3413363,122456.29017,0.0,ARPA-USDT,0.0358713407403716,0.0358796209437821,
2022-08-31 13:00:00,0.03591,0.03611,0.03572,0.03587,5684587,204304.68932,1529,2921940,105042.36948,-0.000557258289217,ARPA-USDT,0.0359095141109801,0.0359028465649257,
2022-08-31 14:00:00,0.03586,0.03599,0.0355399999999999,0.03556,6993775,250277.26817,1986,3069482,109859.80783,-0.001404099971918,ARPA-USDT,0.0358407989574907,0.0358702871822515,
2022-08-31 15:00:00,0.03557,0.03574,0.03518,0.03561,12848977,455195.15661,3272,7122542,252306.45753,-0.0005613247263541,ARPA-USDT,0.0355275160344346,0.0354043372869556,
2022-08-31 16:00:00,0.03562,0.03569,0.03533,0.0354,4856578,172480.98338,1354,2525566,89711.32401,-0.0002824060999716,ARPA-USDT,0.0356201491942895,0.0356409374634643,-1.591e-05
2022-08-31 17:00:00,0.03541,0.03557,0.03508,0.03528,4667680,165031.03691,1425,2142649,75774.35168,0.0,ARPA-USDT,0.0353877804960201,0.0353967169122123,
2022-08-31 18:00:00,0.03526,0.03544,0.03521,0.0353,4246430,149936.34798,1247,2222669,78509.9266,-0.0008491367110105,ARPA-USDT,0.0352602310820822,0.0352611551694748,
2022-08-31 19:00:00,0.0352899999999999,0.0357699999999999,0.0352699999999999,0.03556,4293503,152675.18553,1401,2033695,72301.87794,-0.0011235955056179,ARPA-USDT,0.0352857593306537,0.0353531978239797,
2022-08-31 20:00:00,0.03557,0.03563,0.03536,0.03545,3362712,119251.65407,1053,1779334,63098.62683,-0.000845546786922,ARPA-USDT,0.03554767971491,0.0355777401748526,
2022-08-31 21:00:00,0.03544,0.03559,0.03538,0.03556,2931354,104083.60939,977,1419541,50398.26978,-0.0008429334082605,ARPA-USDT,0.0354508947400951,0.0354783809343163,
2022-08-31 22:00:00,0.03556,0.03561,0.03523,0.03537,7178151,254000.41137,1645,3392903,120063.65438,0.0,ARPA-USDT,0.0355418576536848,0.0355597655175546,
2022-08-31 23:00:00,0.03538,0.03539,0.03494,0.03515,4400330,154490.94369,1282,2241984,78696.49306,-0.0005686664771111,ARPA-USDT,0.0353670450856739,0.0353071606490298,
2022-09-01 00:00:00,0.03515,0.03539,0.03476,0.03494,7733308,270799.04812,2073,3867499,135394.44243,-0.0017142857142858,ARPA-USDT,0.0351226863371193,0.0351529307198218,-9.773e-05
2022-09-01 01:00:00,0.03494,0.03522,0.0349,0.03515,3573929,125292.56055,964,1831296,64218.51704,0.0,ARPA-USDT,0.0349464363256259,0.0349507444627789,
2022-09-01 02:00:00,0.03513,0.03538,0.0349,0.03498,9717418,341542.44451,1656,6029381,211908.2363,-0.0011422044545975,ARPA-USDT,0.0351468701011757,0.0351637182891998,
2022-09-01 03:00:00,0.03497,0.03506,0.03463,0.03473,4546967,158374.80755,1216,2271478,79120.5483,-0.0008630609896432,ARPA-USDT,0.0349687692401105,0.0349701861568094,
2022-09-01 04:00:00,0.03473,0.03499,0.03467,0.03489,6127370,213323.06663,1374,3084439,107408.09234,-0.0014310246136234,ARPA-USDT,0.0347175339300969,0.0347370364090338,
2022-09-01 05:00:00,0.03489,0.03505,0.03478,0.03487,5479566,191416.9182,1309,2397802,83767.30995,-0.0005732301519059,ARPA-USDT,0.034869888431982,0.0348952870950338,
2022-09-01 06:00:00,0.0348399999999999,0.03485,0.03455,0.03466,7370633,255749.21382,1727,3768891,130792.17703,-0.0011527377521612,ARPA-USDT,0.034829799919316,0.0348115608651877,
2022-09-01 07:00:00,0.03466,0.03466,0.0343399999999999,0.03456,8968209,309684.21896,1997,4887915,168811.67129,-0.0005783689994216,ARPA-USDT,0.0346037947371169,0.034540385069521,
2022-09-01 08:00:00,0.03455,0.03468,0.03444,0.03464,5347862,184784.08319,1484,2676781,92515.42419,-0.0008653014133257,ARPA-USDT,0.0345479344817136,0.0345220652194716,-0.00020533
2022-09-01 09:00:00,0.03465,0.03481,0.03455,0.0347,5071453,175883.08916,1457,2687099,93218.4502,0.0,ARPA-USDT,0.0346606896709682,0.0347277542168137,
2022-09-01 10:00:00,0.0347,0.03493,0.0347,0.03491,4016041,139821.45939,1290,2006625,69878.50517,0.0,ARPA-USDT,0.0347188674012386,0.0347317087515779,
2022-09-01 11:00:00,0.03491,0.03498,0.03474,0.03487,6327209,220603.07051,1560,2910862,101526.07622,-0.0008595988538682,ARPA-USDT,0.0348992563591607,0.0349139944629609,
2022-09-01 12:00:00,0.03486,0.03494,0.03451,0.03462,4942119,171449.51437,1513,2308059,80063.31073,-0.0005773672055426,ARPA-USDT,0.0348874045915987,0.0348883844585272,
2022-09-01 13:00:00,0.03462,0.0348,0.03451,0.03467,8218406,284832.59809,1719,3303410,114448.58738,0.0,ARPA-USDT,0.0346179120299368,0.0346432455619037,
2022-09-01 14:00:00,0.03467,0.03471,0.0340699999999999,0.03438,18191832,625318.84976,3915,9863334,339063.34114000003,-0.000290782204129,ARPA-USDT,0.0346504330444717,0.0345489574725765,
2022-09-01 15:00:00,0.03437,0.03462,0.03423,0.03447,9835362,338814.50126,1958,5104890,175809.49515,-0.0005798782255725,ARPA-USDT,0.0343280091636338,0.0342983138022486,
2022-09-01 16:00:00,0.03447,0.03489,0.03435,0.03447,13806978,476920.49154,2474,7303613,252406.61153,-0.0014484356894554,ARPA-USDT,0.0344635506038074,0.034453267396706,0.0001
2022-09-01 17:00:00,0.0345,0.03492,0.03449,0.0346,7879927,273381.80487,1724,3561135,123569.18398,-0.0008663008951776,ARPA-USDT,0.0345056437023652,0.034540512562676,
2022-09-01 18:00:00,0.03458,0.03482,0.03449,0.03464,6173398,214071.24877,1426,2466519,85488.94772,-0.0002886002886003,ARPA-USDT,0.0345839011106601,0.0345610680255951,
2022-09-01 19:00:00,0.03463,0.0347899999999999,0.03455,0.03477,5005707,173534.4631,1375,2193421,76047.18746,-0.0011490950876184,ARPA-USDT,0.0346288748823869,0.0346441678125534,
2022-09-01 20:00:00,0.03477,0.03516,0.03473,0.03514,8568537,299454.37246,1990,4473261,156403.93662,-0.0014208581983518,ARPA-USDT,0.0347559112340853,0.0347676944304548,
2022-09-01 21:00:00,0.03514,0.03535,0.0351,0.0352699999999999,7196049,253250.30428,1834,3598020,126626.66572,-0.0008498583569432,ARPA-USDT,0.0351575828635957,0.0351734678827699,
2022-09-01 22:00:00,0.03526,0.03538,0.03517,0.03521,4876954,171994.69814,1247,2281594,80480.73602,-0.0002839295854628,ARPA-USDT,0.0352765211372347,0.0352885681941501,
2022-09-01 23:00:00,0.03522,0.03537,0.03516,0.03532,3173449,111894.62025,954,1329322,46873.81156,-0.0011312217194571,ARPA-USDT,0.035254386929288,0.0352209648408743,
2022-09-02 00:00:00,0.03532,0.03538,0.03516,0.03528,5398115,190514.65172,1361,2171451,76620.77495,-0.0005665722379603,ARPA-USDT,0.0353592213480347,0.0353057520825698,0.0001
2022-09-02 01:00:00,0.03528,0.03532,0.03505,0.03516,2819479,99173.76055,901,1391450,48950.14403,-0.0008525149190111,ARPA-USDT,0.0352985355450237,0.0352929870127405,
2022-09-02 02:00:00,0.03518,0.03526,0.03486,0.03499,3626437,126904.64577,1172,1498815,52455.07091,-0.0002857142857143,ARPA-USDT,0.0351450270204222,0.0351845548249264,
2022-09-02 03:00:00,0.03498,0.03548,0.03498,0.03533,5438168,192155.8555,1626,2771254,97924.2676,-0.0008484162895928,ARPA-USDT,0.0350426435036853,0.0352015152801976,
2022-09-02 04:00:00,0.03533,0.03556,0.0352699999999999,0.03533,3430672,121473.46189,1057,1676944,59378.96625,-0.0005657708628005,ARPA-USDT,0.0353608768899612,0.035381893044249,
2022-09-02 05:00:00,0.03533,0.03537,0.0352,0.0353,2194059,77434.35469000001,817,1222949,43163.8342,-0.0014144271570014,ARPA-USDT,0.0353297940037042,0.035343755107306,
2022-09-02 06:00:00,0.03531,0.03532,0.0351,0.03515,3244020,114115.92922,1070,1146583,40323.70486,0.0,ARPA-USDT,0.0352982849573549,0.035263302405057,
2022-09-02 07:00:00,0.03515,0.03533,0.03507,0.0352899999999999,3347674,117833.20096,995,1629865,57391.04131,-0.0011321822813501,ARPA-USDT,0.0351739409769335,0.0351721397709178,
2022-09-02 08:00:00,0.0353,0.03535,0.03515,0.03522,4303963,151589.1139,1162,1856532,65382.45468,-0.0005675368898978,ARPA-USDT,0.0352941493712864,0.0353056952652834,-0.00010527
2022-09-02 09:00:00,0.03521,0.03538,0.0352,0.0353399999999999,2976593,105054.26519,900,1706611,60242.93576,-0.0011305822498616,ARPA-USDT,0.0352140207447791,0.0352295488010523,
2022-09-02 10:00:00,0.03533,0.03541,0.03508,0.03514,3438589,121120.98309,1034,1783381,62807.05334,-0.0005688282138793,ARPA-USDT,0.0353283404022438,0.0353561340103871,
2022-09-02 11:00:00,0.03514,0.03519,0.03481,0.03506,9218488,322619.61562,1779,3832609,134103.1715,-0.0008549444286122,ARPA-USDT,0.0351610933431929,0.0351425482647893,
2022-09-02 12:00:00,0.03507,0.03594,0.03491,0.03565,23718944,840961.45234,3978,12310012,436398.6212,-0.0005606952621249,ARPA-USDT,0.0350925633505685,0.0350734081836993,
2022-09-02 13:00:00,0.03566,0.03584,0.03555,0.0356,11612656,414476.57275,2539,5704874,203679.01739,-0.0005614823133071,ARPA-USDT,0.0356563891314436,0.0356267244488897,
2022-09-02 14:00:00,0.03559,0.03591,0.0355,0.03582,8930433,319262.80795,1951,4214549,150658.85005,-0.0002790957298354,ARPA-USDT,0.035599281841204,0.0355465612680979,
2022-09-02 15:00:00,0.03581,0.03595,0.03569,0.0358,4894582,175239.82478,1343,2783755,99684.75952,-0.0002792516056968,ARPA-USDT,0.0358068860369182,0.0358555742749783,
2022-09-02 16:00:00,0.03582,0.03589,0.03525,0.0353,10595232,376556.72909,2215,4945039,175869.71907,-0.0005662514156284,ARPA-USDT,0.0358473010841683,0.0358272478347735,0.0001
2022-09-02 17:00:00,0.0353,0.03535,0.0349,0.03496,10778539,378097.41443,2711,5397852,189362.473,-0.0014281633818908,ARPA-USDT,0.0352845233015866,0.0352661521905539,
2022-09-02 18:00:00,0.03495,0.0352899999999999,0.03489,0.03516,8081780,283155.9714,2052,4096069,143517.09445,-0.0014200511218404,ARPA-USDT,0.0349374602710267,0.0349243562341149,
2022-09-02 19:00:00,0.03516,0.03525,0.03471,0.03497,8119342,283558.65567,1894,3545172,123810.78466,-0.0008571428571428,ARPA-USDT,0.0351548986629971,0.0351800073094088,
2022-09-02 20:00:00,0.03496,0.03522,0.03483,0.03518,5277138,184599.48278,1366,2872791,100499.5812,-0.0019858156028367,ARPA-USDT,0.0349271494532771,0.0348837899214532,
2022-09-02 21:00:00,0.03518,0.0352,0.03498,0.03511,3926687,137838.17709,1108,1248020,43811.84901,-0.0002847380410021,ARPA-USDT,0.0351723675453557,0.0351295290263522,
2022-09-02 22:00:00,0.03511,0.03515,0.03482,0.0350399999999999,5059309,177076.14269,1389,2490024,87161.9955,-0.0014249073810231,ARPA-USDT,0.0351035188679245,0.0351022319210454,
2022-09-02 23:00:00,0.0350399999999999,0.03518,0.035,0.0351,4171363,146368.12271,1058,1919439,67360.97025,-0.0014224751066856,ARPA-USDT,0.0350664671322869,0.0350910469560594,
2022-09-03 00:00:00,0.03511,0.03526,0.03501,0.03521,3307564,116231.51921,1117,1688990,59351.57633,-0.0011347517730495,ARPA-USDT,0.0351178653342656,0.03512876969774,-9.986e-05
2022-09-03 01:00:00,0.03522,0.03525,0.0351,0.03515,2296472,80754.34663,701,1221636,42947.28798,-0.0005686664771111,ARPA-USDT,0.0352262467662521,0.0352254775561617,
2022-09-03 02:00:00,0.03516,0.03516,0.03496,0.03507,3023569,106014.8244,762,1099993,38566.86005,-0.0008547008547009,ARPA-USDT,0.0351564254021076,0.0351360872826749,
2022-09-03 03:00:00,0.0350899999999999,0.03516,0.03498,0.03513,2735545,95952.17844,843,1172528,41123.09562,0.0002847380410022,ARPA-USDT,0.0350777418961438,0.0350450336200261,
2022-09-03 04:00:00,0.03512,0.0353,0.03506,0.03528,3871067,136128.46547999998,989,2243263,78880.23703,-0.0002833663927459,ARPA-USDT,0.0351083140655106,0.0350916436380265,
2022-09-03 05:00:00,0.03528,0.0356,0.03528,0.0355199999999999,3409974,120828.28085,878,1578765,55922.69733,-0.0008438818565428,ARPA-USDT,0.035292446255294,0.0353284576102873,
2022-09-03 06:00:00,0.0355399999999999,0.03559,0.03521,0.03528,5005132,177050.40897,1328,2109282,74582.80129,0.0,ARPA-USDT,0.0355644218666224,0.0355579429712951,
2022-09-03 07:00:00,0.03528,0.03531,0.03481,0.0351,5721210,200678.11567,1328,2864100,100465.62618,-0.0005694760820045,ARPA-USDT,0.0352945692963555,0.0352963356230704,
2022-09-03 08:00:00,0.0351,0.03525,0.03492,0.03501,13478670,472625.62738,2621,6086825,213441.45953,-0.0014261266400457,ARPA-USDT,0.0351074083414691,0.0350926900075762,3.789e-05
2022-09-03 09:00:00,0.03501,0.0352699999999999,0.03495,0.03525,11863700,416708.75106,2582,7840147,275418.84507,-0.0005670541536718,ARPA-USDT,0.0349970991168043,0.0350323332782109,
2022-09-03 10:00:00,0.03526,0.03548,0.03525,0.03538,7076420,250313.13684,1740,3789901,134075.87031,-0.0005649717514124,ARPA-USDT,0.0352732215590787,0.0353052203084558,
2022-09-03 11:00:00,0.03538,0.0354,0.03522,0.03528,5256261,185539.40921,1036,2188955,77285.97104,-0.0011325028312569,ARPA-USDT,0.0353718835842963,0.0353770179777672,
2022-09-03 12:00:00,0.03528,0.03545,0.03526,0.03537,3433573,121387.08201,965,1497237,52943.86427,0.0,ARPA-USDT,0.035272675782823,0.0352817022889025,
2022-09-03 13:00:00,0.03536,0.03548,0.03531,0.03541,2376633,84098.46106,867,1299683,45993.9209,-0.0005644933672031,ARPA-USDT,0.0353752320107599,0.0353792060339585,
2022-09-03 14:00:00,0.0354,0.03544,0.0352699999999999,0.03535,3098318,109566.23252,937,1489513,52668.04714,0.0002829654782114,ARPA-USDT,0.035405991764926,0.0353984353298304,
2022-09-03 15:00:00,0.03536,0.0354,0.03519,0.03528,3692948,130353.06818,996,1990214,70257.89146,-0.0002833663927459,ARPA-USDT,0.035348266676634,0.0353264997012242,
2022-09-03 16:00:00,0.0352699999999999,0.03535,0.03525,0.0352899999999999,5007824,176766.6303,1254,2902589,102452.21747,-0.0005664117813679,ARPA-USDT,0.0352802272277912,0.0352820934330947,0.0001
2022-09-03 17:00:00,0.0353,0.03538,0.03524,0.03538,1826391,64473.3821,705,1030302,36378.25006,0.0,ARPA-USDT,0.0352953306530286,0.0352931834387242,
2022-09-03 18:00:00,0.03537,0.03545,0.0352899999999999,0.03531,4577892,162009.66733,1228,1933412,68448.76355,-0.001131541725601,ARPA-USDT,0.0353741958107569,0.0353828501861182,
2022-09-03 19:00:00,0.03532,0.03557,0.03506,0.03531,7601508,268681.45922,1735,4035705,142608.02515,0.0,ARPA-USDT,0.0353068282965873,0.0353008729295815,
2022-09-03 20:00:00,0.03532,0.03537,0.03519,0.0352699999999999,3532630,124618.6492,1108,1721655,60733.58604,-0.0002834467120209,ARPA-USDT,0.0352737397365147,0.0352437874510051,
2022-09-03 21:00:00,0.0352699999999999,0.03536,0.0352699999999999,0.03531,2303124,81350.01083,769,1085477,38344.13326,-0.0002831257078141,ARPA-USDT,0.035299006939206,0.0353224064983259,
2022-09-03 22:00:00,0.03531,0.0355,0.03531,0.03541,2581946,91457.63887,796,1030944,36514.29573,-0.0011283497884345,ARPA-USDT,0.0353297207575721,0.0353480267992489,
2022-09-03 23:00:00,0.03542,0.0355399999999999,0.03539,0.03547,2072454,73492.63537,760,1011879,35880.97775,-0.0008450704225351,ARPA-USDT,0.0354316388892441,0.0354410892383137,
2022-09-04 00:00:00,0.03549,0.0357,0.03549,0.03553,5100263,181565.83506,1548,2352621,83741.86267,-0.0002813731007316,ARPA-USDT,0.0355424505349188,0.0355692841539785,3.475e-05
2022-09-04 01:00:00,0.03553,0.03573,0.0355,0.03555,2771764,98682.97185,837,1463928,52108.2745,-0.0008431703204048,ARPA-USDT,0.0355684240051098,0.0355866550098942,
2022-09-04 02:00:00,0.03556,0.03594,0.03556,0.03594,6370271,228029.7493,1494,3657466,130922.89893,0.0,ARPA-USDT,0.0355815282059272,0.0356159954397401,
2022-09-04 03:00:00,0.03595,0.03631,0.03581,0.03584,17418676,627445.01028,3162,8116027,292386.8307,0.0,ARPA-USDT,0.0361679528316833,0.0361375440861508,
2022-09-04 04:00:00,0.03584,0.03616,0.03583,0.03611,9688205,348567.48755,1970,3496115,125753.11735,-0.0005535566011624,ARPA-USDT,0.0358445259530205,0.0358675696845124,
2022-09-04 05:00:00,0.03611,0.03757,0.03611,0.03665,58806286,2165440.68487,8915,30327130,1116702.43813,-0.0010902153175251,ARPA-USDT,0.0361596957920079,0.0361844089460625,
2022-09-04 06:00:00,0.03664,0.03667,0.03616,0.03626,31121410,1131699.73329,4497,15844610,575928.98117,-0.0005512679162072,ARPA-USDT,0.0366378691470634,0.0364668972385668,
2022-09-04 07:00:00,0.03626,0.03667,0.03615,0.03642,28051166,1022025.19107,4088,12103109,441011.71868,-0.000548847420417,ARPA-USDT,0.0362712538462624,0.0363144056096584,
2022-09-04 08:00:00,0.03641,0.0364899999999999,0.03613,0.03637,20018598,726981.86154,3379,9094248,330147.41407,-0.00164699423552,ARPA-USDT,0.0364149107682586,0.0363428262625019,-5.11e-06
2022-09-04 09:00:00,0.03637,0.03651,0.03616,0.03622,13090788,476374.53588,2313,6620474,240883.21143,0.0,ARPA-USDT,0.0363554217147765,0.0364188322983023,
2022-09-04 10:00:00,0.03623,0.03652,0.03619,0.03652,9813608,356949.15131,2003,5740336,208765.73127,-0.00109409190372,ARPA-USDT,0.0362493968595092,0.0363136986912367,
2022-09-04 11:00:00,0.03651,0.0371,0.03651,0.03692,33273325,1224738.14753,6908,17017511,626278.96312,-0.0002707825616029,ARPA-USDT,0.0365623317433705,0.0367041199474598,
2022-09-04 12:00:00,0.03692,0.03704,0.0365399999999999,0.0367,13445086,494006.98137,3413,7018372,257838.01289,0.0005452562704473,ARPA-USDT,0.0369473261494413,0.036910980681529,
2022-09-04 13:00:00,0.03671,0.0367899999999999,0.03628,0.03642,10108787,369246.99379,2211,4566899,166776.21029,-0.0002744990392532,ARPA-USDT,0.0367545555525858,0.0367358633338231,
2022-09-04 14:00:00,0.03642,0.03653,0.03638,0.0365,8209902,299226.74697,1966,4142043,150992.70808,-0.0005476451259583,ARPA-USDT,0.0364004619437095,0.0364237113806458,
2022-09-04 15:00:00,0.0365,0.03661,0.0364,0.0364899999999999,6418246,234143.88062,1401,2575853,93989.13869,-2.886579864025407e-15,ARPA-USDT,0.0365195457339659,0.0365578693253198,
2022-09-04 16:00:00,0.0364899999999999,0.03657,0.03641,0.03643,5528122,201691.63416,1536,2853555,104110.98069,-0.0013706140350877,ARPA-USDT,0.0364963440365464,0.0364940789875969,0.0001
2022-09-04 17:00:00,0.03644,0.03657,0.0364,0.03644,4460553,162720.68865,1229,1938814,70724.98611,-0.00109649122807,ARPA-USDT,0.0364958422091039,0.0365239140142584,
2022-09-04 18:00:00,0.03644,0.03653,0.03638,0.03646,4869814,177479.6105,1212,2420181,88212.94944,-0.000274197970935,ARPA-USDT,0.0364539948115544,0.0364642664143088,
2022-09-04 19:00:00,0.03646,0.03665,0.0364,0.03648,8932719,326204.74521,1792,4397868,160619.45488,-0.0002740476842971,ARPA-USDT,0.0364686770445077,0.0364474515669999,
2022-09-04 20:00:00,0.0365,0.03661,0.03633,0.03646,9530144,347649.30505,1831,3802218,138731.01279,0.0,ARPA-USDT,0.0365252402174103,0.0365654863121355,
2022-09-04 21:00:00,0.03645,0.03658,0.03636,0.03645,4167157,152065.51905,1132,2052705,74910.76228,-0.0008223684210525,ARPA-USDT,0.0364824772602562,0.0364919053452404,
2022-09-04 22:00:00,0.03644,0.0364899999999999,0.03626,0.03631,6219027,226162.09414,1403,2786233,101316.29213,0.0,ARPA-USDT,0.0364663334384205,0.0364693864825533,
2022-09-04 23:00:00,0.0363,0.03653,0.03627,0.03652,7013012,255342.34489,1511,3661716,133295.15800999998,-0.0002737476047085,ARPA-USDT,0.0363093973422731,0.0363183714001545,
2022-09-05 00:00:00,0.03652,0.03678,0.03648,0.03655,6582771,241024.68625,1768,2981003,109167.16884,0.0,ARPA-USDT,0.0365539546249614,0.0366452297167897,1.688e-05
2022-09-05 01:00:00,0.03655,0.0367399999999999,0.03652,0.03657,5134960,188065.2652,1207,2498378,91515.51977,0.0,ARPA-USDT,0.0365970002806783,0.0366099894512831,
2022-09-05 02:00:00,0.03656,0.03666,0.03645,0.03662,3628363,132587.19961,1073,1860622,67980.01116000001,-0.000818553888131,ARPA-USDT,0.0365623922095521,0.0365415506933647,
2022-09-05 03:00:00,0.03663,0.03673,0.03653,0.03669,3290663,120554.56579,956,1689749,61897.41241,0.0,ARPA-USDT,0.0366311358112429,0.0366239111916912,
2022-09-05 04:00:00,0.03669,0.0367899999999999,0.0366,0.03666,4962988,182112.71443,1612,2148665,78848.70734000001,-0.0005452562704471,ARPA-USDT,0.0366959755264506,0.0367021406581986,
2022-09-05 05:00:00,0.03667,0.03669,0.03573,0.03599,18678117,673957.39266,3403,8390322,302794.17624,-0.0008328706274293,ARPA-USDT,0.0366709258397178,0.0366771662416347,
2022-09-05 06:00:00,0.03598,0.03626,0.03595,0.03621,7510648,271410.38752,1779,3612218,130535.95669,-0.0008278145695365,ARPA-USDT,0.0359714929283626,0.0359919635785733,
2022-09-05 07:00:00,0.03621,0.03623,0.0359,0.03598,6283308,226626.92865,1578,3392159,122344.63677,0.0,ARPA-USDT,0.0362059637394546,0.0362049503956991,
2022-09-05 08:00:00,0.03599,0.03612,0.0359,0.03605,5662559,203922.51627,1583,2564776,92366.23779,-0.0002773155851359,ARPA-USDT,0.0359749580653585,0.0359953490734054,0.0001
2022-09-05 09:00:00,0.0360399999999999,0.03616,0.0357699999999999,0.03591,7534432,270966.12349,1633,3549881,127661.18455,-0.0002783964365257,ARPA-USDT,0.0360596270287406,0.0360858350491374,
2022-09-05 10:00:00,0.03592,0.03612,0.03559,0.03574,12102084,433949.15642,2172,5835382,209240.79053,-0.00083869164104,ARPA-USDT,0.0359189148083936,0.0359410302355667,
2022-09-05 11:00:00,0.03573,0.03582,0.03565,0.03582,6466219,231092.40214,1351,3171418,113357.42564,0.0,ARPA-USDT,0.0356969034651511,0.0357036022927448,
2022-09-05 12:00:00,0.03583,0.03599,0.03571,0.03597,6265461,224732.89697,1670,3083053,110610.77995,-0.0011108025548458,ARPA-USDT,0.0357992932797726,0.0357899960234235,
2022-09-05 13:00:00,0.03597,0.03608,0.03593,0.0360399999999999,9492225,341903.96473,1965,5918114,213167.08061,-0.000277392510405,ARPA-USDT,0.0359637005425433,0.0359736483454716,
2022-09-05 14:00:00,0.0360399999999999,0.0364699999999999,0.03598,0.0364,8099238,293333.67637,2235,4368232,158251.64721999998,-0.0019193857965451,ARPA-USDT,0.0360400234624955,0.0360169734681137,
2022-09-05 15:00:00,0.03641,0.03652,0.03621,0.03626,8494160,308704.1154,1808,3858416,140187.76164,-0.0002757099531291,ARPA-USDT,0.0364059399951215,0.0364427210686667,
2022-09-05 16:00:00,0.03625,0.03646,0.03612,0.03628,8954124,325110.01649,1921,3878018,140856.6106,0.0,ARPA-USDT,0.0362634082751898,0.0363059225686914,0.0001
2022-09-05 17:00:00,0.03626,0.03634,0.03605,0.03618,4349446,157422.44584,1397,2449948,88685.90333,0.0,ARPA-USDT,0.0362791184460321,0.0362837712493552,
2022-09-05 18:00:00,0.03617,0.03627,0.03593,0.03617,5555188,200327.03329,1571,3349760,120777.22865,-0.0005526388505111,ARPA-USDT,0.0362080480698255,0.0362418829089537,
2022-09-05 19:00:00,0.03617,0.03628,0.03611,0.03616,2591561,93781.62728,923,1071763,38790.55702,-0.0005527915975677,ARPA-USDT,0.0361818269806918,0.0361720145598696,
2022-09-05 20:00:00,0.03617,0.03687,0.03616,0.03648,16327313,597611.72315,3668,8224213,300947.01936,-0.0010952902519166,ARPA-USDT,0.0361768308028788,0.0361930688614639,
2022-09-05 21:00:00,0.0364899999999999,0.03659,0.03628,0.03646,5567836,202855.84105,1772,3212040,117053.7692,0.0002743484224965,ARPA-USDT,0.0364797273897915,0.0364755709702052,
2022-09-05 22:00:00,0.03646,0.03676,0.03635,0.03675,5132507,187455.9443,1499,2772541,101271.04695,0.0005445140212361,ARPA-USDT,0.036460524680196,0.0363979461038047,
2022-09-05 23:00:00,0.0367399999999999,0.03696,0.03648,0.03663,8603730,315580.90889,2372,4196716,153900.39363,-0.0005457025920873,ARPA-USDT,0.0367298277800566,0.0366297830016352,
2022-09-06 00:00:00,0.03662,0.03758,0.03662,0.03739,17205109,640344.74181,4001,8654750,322080.41593,-0.0005346164127238,ARPA-USDT,0.0367193325558235,0.0367056553127653,0.0001
2022-09-06 01:00:00,0.0374,0.03776,0.03725,0.03735,11967404,448596.47889,2988,6485001,243162.59626,-0.0016038492381715,ARPA-USDT,0.0374409148922343,0.0374566221252393,
2022-09-06 02:00:00,0.03734,0.03746,0.03684,0.03745,11815074,438869.16508,2695,5854833,217359.06964,-0.0010669511869833,ARPA-USDT,0.0373523346939769,0.037304247441332,
2022-09-06 03:00:00,0.03746,0.03754,0.03708,0.03741,8356295,312059.88574,1831,4485038,167505.34083,-0.0002672367717798,ARPA-USDT,0.0374874993760446,0.0374829327191987,
2022-09-06 04:00:00,0.0374,0.03808,0.0374,0.03758,15077154,567783.07477,3480,7862853,296292.98879,-0.000266028198989,ARPA-USDT,0.0374544151868876,0.0374883323319297,
2022-09-06 05:00:00,0.03758,0.03786,0.03748,0.03766,6803942,256261.58496,1935,3392091,127699.99095,0.0,ARPA-USDT,0.0375776503255416,0.0375744162109569,
2022-09-06 06:00:00,0.03765,0.03806,0.0376,0.03784,8619123,326099.06935,2160,4952828,187349.33434,0.0,ARPA-USDT,0.0376894458034032,0.0376658408154491,
2022-09-06 07:00:00,0.03783,0.03793,0.03758,0.03765,6502601,245626.52715,1654,3234271,122202.27255,0.0002656748140277,ARPA-USDT,0.0378288905484212,0.0378763274998063,
2022-09-06 08:00:00,0.03765,0.03797,0.03745,0.03796,7391997,278580.20461,2010,3930661,148150.8602,-0.0013154433043935,ARPA-USDT,0.0376630194615457,0.0376919458455429,0.0001
2022-09-06 09:00:00,0.03797,0.03804,0.03757,0.03785,11265493,426324.16545,2784,5013023,189667.71558,-0.001055687516495,ARPA-USDT,0.0379706860324888,0.0379810438592373,
2022-09-06 10:00:00,0.03785,0.03826,0.03781,0.03792,11374641,432642.74753,2845,5709182,217180.18904,-0.000527148128624,ARPA-USDT,0.0378630901082572,0.0378422002217459,
2022-09-06 11:00:00,0.03792,0.03807,0.03776,0.03783,5800977,219934.9321,1765,2843892,107861.94124,-0.0010562450488512,ARPA-USDT,0.0379277709839833,0.0379364385390214,
2022-09-06 12:00:00,0.03783,0.03802,0.0375,0.03752,8998191,340204.1973,2299,3709448,140334.99088,-0.0007989347536618,ARPA-USDT,0.03785215245227,0.0378978912100835,
2022-09-06 13:00:00,0.03753,0.03771,0.03703,0.03718,12076075,451347.92789,2753,5306209,198332.38402,-0.00107469102633,ARPA-USDT,0.0375541119170163,0.0376318989871256,
2022-09-06 14:00:00,0.0372,0.03752,0.0369,0.03743,12972681,482387.2751,2939,5222870,194167.36021,-0.0010675206832133,ARPA-USDT,0.0372015364656947,0.0371075686245717,
2022-09-06 15:00:00,0.03744,0.03762,0.03723,0.03748,5474035,204731.90947,1852,2459513,91984.28355,-0.0013322675193179,ARPA-USDT,0.0374714746849087,0.0374863536632202,
2022-09-06 16:00:00,0.0374699999999999,0.03762,0.03727,0.03743,9969670,373536.4228,2325,4404586,165005.34187,-0.0016004267804748,ARPA-USDT,0.0374885219118466,0.0375256712597846,0.0001
2022-09-06 17:00:00,0.03745,0.0374699999999999,0.0354,0.03576,29196655,1053004.34257,6477,14231109,512341.37138,-0.0022321428571427,ARPA-USDT,0.0374342022735806,0.0373691176168562,
2022-09-06 18:00:00,0.03575,0.03582,0.0350899999999999,0.0352699999999999,12595110,446588.96642,3476,5820352,206467.53021,-0.001132823562733,ARPA-USDT,0.0357326828539419,0.0356024048301084,
2022-09-06 19:00:00,0.0352699999999999,0.0356,0.03485,0.03519,11563581,407514.83559,2869,5337255,188188.62597,-0.0014188422247446,ARPA-USDT,0.0352253836516372,0.0351818205050943,
2022-09-06 20:00:00,0.03519,0.03524,0.03447,0.03506,12618097,440440.8521,3182,5366699,187455.39817,-0.001139601139601,ARPA-USDT,0.0350990097655944,0.0351283326014994,
2022-09-06 21:00:00,0.03506,0.03514,0.03491,0.03491,7270768,254736.90672,1774,3656120,128110.20114,-0.0025714285714287,ARPA-USDT,0.0350404305809593,0.0350506168974145,
2022-09-06 22:00:00,0.03492,0.03545,0.03483,0.03521,7421971,260289.77166,2216,3697292,129693.05608,-0.0011347517730495,ARPA-USDT,0.0348971683497426,0.0349382023760794,
2022-09-06 23:00:00,0.0352,0.0352899999999999,0.03472,0.03481,9282218,324883.90098,2298,5037090,176206.06278,-0.0008610792192882,ARPA-USDT,0.0351368775765563,0.0350348386592566,
2022-09-07 00:00:00,0.03481,0.03516,0.03449,0.03512,12387047,430858.95673,3133,5386209,187349.58519,-0.0022727272727274,ARPA-USDT,0.0347844901292875,0.0348345274393592,-3.539e-05
2022-09-07 01:00:00,0.03513,0.0353,0.03498,0.03524,4984796,175314.85221,1471,2361382,83058.6824,-0.0019824412347777,ARPA-USDT,0.0351340950451544,0.0350938734095872,
2022-09-07 02:00:00,0.03524,0.03549,0.03486,0.03531,7915541,279104.56151,2464,4378408,154402.35491,-0.000848896434635,ARPA-USDT,0.0352685568216083,0.0353200302928891,
2022-09-07 03:00:00,0.03532,0.03619,0.03532,0.0360199999999999,8236689,294644.52233,2431,3869735,138389.79867,-0.0005549389567176,ARPA-USDT,0.0354177387481651,0.0353990893267469,
2022-09-07 04:00:00,0.03601,0.0361,0.0358,0.0361,6787070,243954.14134,1932,3530057,126912.10017,0.0,ARPA-USDT,0.0359562152347655,0.0359065143056883,
2022-09-07 05:00:00,0.03608,0.03622,0.03595,0.036,6618926,238966.6914,1535,3265516,117921.49685,-0.0008326394671107,ARPA-USDT,0.0360561752355611,0.0360501405452879,
2022-09-07 06:00:00,0.0360199999999999,0.03678,0.03594,0.03678,10986220,399713.12221,2729,5973051,217272.78702,-0.0035220807369276,ARPA-USDT,0.0360445671332788,0.0360130975699218,
2022-09-07 07:00:00,0.03678,0.03915,0.03669,0.03895,228250175,8742093.1987,38059,121027222,4636472.93418,-0.005616543272913,ARPA-USDT,0.0368167777473997,0.0369947474631745,
2022-09-07 08:00:00,0.0389399999999999,0.03982,0.03822,0.03846,168817130,6569609.53325,27028,83285100,3243103.42355,0.0,ARPA-USDT,0.0391377583882439,0.0392114434145144,-0.0007871
2022-09-07 09:00:00,0.03846,0.03847,0.03796,0.0384199999999999,50379893,1923955.28783,7610,24825521,948004.38012,-0.000520291363166,ARPA-USDT,0.0384298614858593,0.038208212993177,
2022-09-07 10:00:00,0.03841,0.0391899999999999,0.03811,0.03885,69815789,2694202.35405,10495,35934861,1387394.29323,-0.0012853470437016,ARPA-USDT,0.0384999097386468,0.0384240530991479,
2022-09-07 11:00:00,0.03884,0.03903,0.03829,0.03857,59523721,2299029.34994,9854,28100459,1085717.27417,0.001038152089281,ARPA-USDT,0.0387481466384663,0.0386503053097913,
2022-09-07 12:00:00,0.03856,0.0386899999999999,0.03798,0.03832,55131234,2110785.14347,8974,28005115,1072247.26187,-0.0002608922515001,ARPA-USDT,0.0385747244119829,0.0385503638584089,
2022-09-07 13:00:00,0.03832,0.03887,0.03831,0.0386,62510621,2413501.71097,10218,30431117,1175118.65888,-0.0002590002590001,ARPA-USDT,0.0383959169084069,0.0384548242051988,
2022-09-07 14:00:00,0.03861,0.03916,0.03846,0.03885,58850838,2284275.69904,9394,26698116,1036665.67127,-0.0007716049382714,ARPA-USDT,0.0385760624148356,0.0386997864998042,
2022-09-07 15:00:00,0.03886,0.03901,0.03822,0.03827,37513332,1446323.52497,6454,15252233,588415.98408,-0.0002612330198538,ARPA-USDT,0.0387797314240605,0.0388042289001697,
2022-09-07 16:00:00,0.03827,0.03846,0.03782,0.03813,34771464,1327290.43368,6016,15332932,585637.89963,-0.0002621919244888,ARPA-USDT,0.0383546671203536,0.0383273456734657,-5.823e-05
2022-09-07 17:00:00,0.03813,0.03865,0.03808,0.03854,21810957,837439.2051499999,3857,12060406,463169.24942,-0.0002594033722439,ARPA-USDT,0.0381749296629311,0.0381588009555321,
2022-09-07 18:00:00,0.03854,0.03886,0.0384199999999999,0.03861,18854997,728311.77959,3614,9544645,368772.8713,-0.0005177323323841,ARPA-USDT,0.0385646482086803,0.0386393240549138,
2022-09-07 19:00:00,0.03859,0.03882,0.03843,0.03845,14864924,574011.82485,2705,6926577,267592.78996,0.0,ARPA-USDT,0.0385766650408836,0.0385812588518347,
2022-09-07 20:00:00,0.03846,0.03888,0.03829,0.03855,22808617,880421.3833400001,5011,11475353,443079.31908,-0.0010365379632029,ARPA-USDT,0.0384669857039521,0.0385066019968073,
2022-09-07 21:00:00,0.03855,0.0387,0.03827,0.0387,12827863,494096.46772,2491,7937253,305811.77328,0.0,ARPA-USDT,0.0385444066802098,0.038612972365451,
2022-09-07 22:00:00,0.03868,0.03885,0.03846,0.03858,11557961,446569.52616,2309,6176029,238603.888,-0.0005181347150259,ARPA-USDT,0.038682226212268,0.0387471247727817,
2022-09-07 23:00:00,0.03858,0.03875,0.03838,0.03856,13299176,513711.94673,2497,5881478,227273.43126,-0.0005184033177814,ARPA-USDT,0.0386392079135248,0.0386909264463956,
2022-09-08 00:00:00,0.03855,0.03898,0.03826,0.03853,25464134,984810.08395,4139,11371528,439922.82722,-0.0015548069448042,ARPA-USDT,0.038552236409461,0.0386238328331406,-8.18e-06
2022-09-08 01:00:00,0.03854,0.03866,0.03834,0.03858,13907709,535869.863,2312,7558490,291255.38146,0.0,ARPA-USDT,0.0385666635404562,0.0386066670229407,
2022-09-08 02:00:00,0.03857,0.0388,0.03841,0.0386,16632100,642354.48169,3001,7271525,280966.2645,0.0,ARPA-USDT,0.0385952192228842,0.038612100673468,
2022-09-08 03:00:00,0.03859,0.0386899999999999,0.03818,0.03848,12625524,485581.06223,2578,6360064,244757.42582,-0.0010384215991692,ARPA-USDT,0.0386164586652752,0.0386264405573332,
2022-09-08 04:00:00,0.03848,0.03886,0.0382,0.0388,27954014,1077400.46561,5262,12932389,498805.38129,-0.0012870012870013,ARPA-USDT,0.0384926161094259,0.0385247926724148,
2022-09-08 05:00:00,0.03879,0.03882,0.0379399999999999,0.03812,24460498,936667.17314,4508,10494470,402005.90969,-0.0002622606871228,ARPA-USDT,0.0387817006837954,0.0386698917869183,
2022-09-08 06:00:00,0.03812,0.0384399999999999,0.03807,0.0382,14965608,572915.72378,2737,8720557,333918.57062,0.0,ARPA-USDT,0.038154594904689,0.0381978903209999,
2022-09-08 07:00:00,0.0382,0.03829,0.03756,0.03779,27945092,1057295.35307,5392,12700563,480813.40475,-0.000793231094659,ARPA-USDT,0.0382182621789914,0.0382273829055152,
2022-09-08 08:00:00,0.03778,0.0379,0.0376,0.03779,12283745,463403.17232,3018,5817301,219510.62948,-0.000528960592436,ARPA-USDT,0.0377731853277851,0.0377210527630332,0.0001
2022-09-08 09:00:00,0.03779,0.03783,0.03751,0.03767,8010944,301844.86514,1960,3692013,139107.22128,-0.0002653927813162,ARPA-USDT,0.0377987377723233,0.0377897848062022,
2022-09-08 10:00:00,0.03767,0.03807,0.03754,0.0379399999999999,13552184,513153.53922,2840,7459095,282540.94547,-0.0002635046113332,ARPA-USDT,0.0376555766421746,0.0376467784412859,
2022-09-08 11:00:00,0.0379399999999999,0.03808,0.03778,0.03787,12385780,470239.2198,2854,5599527,212628.90619,-0.0010551305724082,ARPA-USDT,0.0379631104144097,0.0379414068636127,
2022-09-08 12:00:00,0.03787,0.03808,0.0374,0.03752,24482238,923914.24932,3793,10613255,400404.55287,-0.0007989347536618,ARPA-USDT,0.0378839614281475,0.0379213254502839,
2022-09-08 13:00:00,0.03752,0.03805,0.03711,0.03793,27069362,1015928.73384,4598,13630234,512224.82752,-0.0007903055848261,ARPA-USDT,0.0375194309093824,0.0375738116889308,
2022-09-08 14:00:00,0.03793,0.03846,0.03773,0.0384399999999999,16576698,630703.80285,3279,9711890,369804.14567,-2.664535259100376e-15,ARPA-USDT,0.037992715962909,0.0378653721554338,
2022-09-08 15:00:00,0.0384399999999999,0.03859,0.0381,0.03812,13873931,532315.93912,3002,7088769,271972.98949,0.0,ARPA-USDT,0.0384571976375945,0.0384849692903729,
2022-09-08 16:00:00,0.03813,0.0381699999999999,0.03761,0.03791,14322267,542862.01848,3057,6492897,246116.49011,0.0005278437582474,ARPA-USDT,0.0381238645301143,0.0380771698284287,8.991e-05
2022-09-08 17:00:00,0.03791,0.0382399999999999,0.03778,0.03815,7956937,302825.22684,1933,3744254,142559.13148,0.0,ARPA-USDT,0.0379138338967512,0.0378811219297515,
2022-09-08 18:00:00,0.03813,0.0383,0.03808,0.0381899999999999,6514304,248680.21088,1687,3285905,125464.98968,-2.7755575615628917e-15,ARPA-USDT,0.0381386937599378,0.0381530567546431,
2022-09-08 19:00:00,0.03818,0.0386699999999999,0.03813,0.03865,9712364,372921.30503,2160,5586819,214600.35968,-0.00051719679338,ARPA-USDT,0.0381962644294647,0.0381859485333116,
2022-09-08 20:00:00,0.03865,0.03876,0.03833,0.03837,10565337,407127.78132,2403,5155360,198658.4357,-0.0007812499999998,ARPA-USDT,0.0386585201311657,0.038620357632321,
2022-09-08 21:00:00,0.03835,0.0384,0.03805,0.03826,5845943,223463.28096,1492,2242834,85743.08791,-0.0005224660397074,ARPA-USDT,0.0383540096429306,0.0383719938277108,
2022-09-08 22:00:00,0.03825,0.03832,0.03802,0.03814,5247515,200312.61387,1307,2043979,78057.29383,-0.000524109014675,ARPA-USDT,0.0382959593121576,0.0382848301817928,
2022-09-08 23:00:00,0.03814,0.03825,0.03801,0.03815,4145692,158227.28857,1252,1818073,69384.57687,-0.0005239717055278,ARPA-USDT,0.038177035666695,0.0381940638624136,
2022-09-09 00:00:00,0.03816,0.0388,0.03813,0.0387,14829189,571612.86065,3300,8109602,312656.15325000003,-0.0010325245224573,ARPA-USDT,0.0381628538543629,0.038194030157371,0.0001
2022-09-09 01:00:00,0.03871,0.03886,0.03853,0.0386,6699190,259228.07014,1641,3416985,132216.41655,-0.0002590002590001,ARPA-USDT,0.0387273857824289,0.038700733678178,
2022-09-09 02:00:00,0.03858,0.03876,0.03843,0.03847,6355689,245246.85446,1461,2716489,104853.02989,-0.0005196154845416,ARPA-USDT,0.038596904771091,0.0386078013864424,
2022-09-09 03:00:00,0.03847,0.03905,0.03846,0.0389,12247371,474737.60666,2717,6449399,249940.07991,-0.0007706139224249,ARPA-USDT,0.0384857067998073,0.0385082555068153,
2022-09-09 04:00:00,0.03888,0.03921,0.03884,0.0389399999999999,16507849,644031.53454,3549,7406908,289062.68368,-0.0012823800974633,ARPA-USDT,0.0388665452417431,0.0389539342951405,
2022-09-09 05:00:00,0.0389399999999999,0.03921,0.03872,0.03879,15453473,602104.78071,3474,6713363,261702.9283,-0.0005153311002318,ARPA-USDT,0.0389565658863908,0.0389632187546026,
2022-09-09 06:00:00,0.03879,0.0392,0.03871,0.03914,13634570,531271.0082,2829,7478208,291415.85045,-0.0015306122448979,ARPA-USDT,0.0387609854178588,0.0387663349037932,
2022-09-09 07:00:00,0.03914,0.03928,0.0389199999999999,0.03914,16774563,656242.82196,2805,7148455,279683.11611,0.0005112474437627,ARPA-USDT,0.0391889305346393,0.0391812912892829,
2022-09-09 08:00:00,0.03913,0.03938,0.03905,0.03916,14950529,586022.89953,2809,7049573,276367.43845,-0.0007655014034192,ARPA-USDT,0.0391398671828255,0.0391676068981605,-0.000147
2022-09-09 09:00:00,0.03916,0.03933,0.03879,0.03921,17577304,687148.48853,3169,9544750,373219.3004,-0.0010191082802547,ARPA-USDT,0.0391687910407097,0.0391470212505007,
2022-09-09 10:00:00,0.03921,0.03936,0.03908,0.03932,11592705,454933.03664,2244,4928796,193479.9546,0.0,ARPA-USDT,0.0392206685727183,0.039233351273512,
2022-09-09 11:00:00,0.0393,0.03942,0.03904,0.03925,11837460,464344.31314,2615,5844971,229324.68569,-0.0005092946269417,ARPA-USDT,0.0393220619814991,0.0393122128329782,
2022-09-09 12:00:00,0.03924,0.04073,0.03921,0.03993,91980065,3695590.79604,14219,52240276,2099001.85794,0.0,ARPA-USDT,0.0392421171146461,0.0392656347902989,
2022-09-09 13:00:00,0.03993,0.03999,0.03923,0.03968,20888054,826799.37526,5233,9482584,375303.58976,0.0,ARPA-USDT,0.0399630357109134,0.039860053196559,
2022-09-09 14:00:00,0.03967,0.03985,0.0393899999999999,0.03948,12528880,496124.61119,2762,5552181,220008.88178,-0.000506329113924,ARPA-USDT,0.0397146299137175,0.0397483575116075,
2022-09-09 15:00:00,0.03949,0.03953,0.03864,0.03901,23627569,922500.25625,4694,8670164,338705.38487,-0.001280081925243,ARPA-USDT,0.0395077418972947,0.0394625892240227,
2022-09-09 16:00:00,0.03902,0.03903,0.03868,0.03901,17302961,672225.03559,3678,7530085,292557.37674,-0.0007684426229507,ARPA-USDT,0.0389718606549359,0.0388556608193408,0.0001
2022-09-09 17:00:00,0.03902,0.03905,0.03866,0.03878,10780945,418974.53727,2428,4866200,189060.07718,-0.0018018018018017,ARPA-USDT,0.0389727503334158,0.0389747156282974,
2022-09-09 18:00:00,0.03877,0.0389,0.03868,0.03882,6946675,269412.69611,2316,2738510,106218.60798,-0.0012863390789812,ARPA-USDT,0.0387814882120694,0.0387955261359867,
2022-09-09 19:00:00,0.03882,0.03903,0.03879,0.03901,8663808,337236.8188,2206,3871566,150748.5483,-0.0015357051446122,ARPA-USDT,0.0388217492397484,0.0388408477968765,
2022-09-09 20:00:00,0.039,0.03966,0.03895,0.03924,14598318,574011.71443,3263,6449536,253612.00772,0.0002549069589599,ARPA-USDT,0.0390269891827685,0.0390115659850378,
2022-09-09 21:00:00,0.03925,0.03933,0.03902,0.03906,5152771,201897.58959,1329,2066390,80979.95764000001,-0.0005117707267143,ARPA-USDT,0.0392032794218625,0.039225025097614,
2022-09-09 22:00:00,0.03905,0.03921,0.03891,0.03891,3884759,151871.24731,1165,1553420,60745.03442,-0.0015396458814471,ARPA-USDT,0.0390519434322106,0.039053590198319,
2022-09-09 23:00:00,0.0389199999999999,0.03963,0.03861,0.03911,12644079,494535.60936,2635,5389598,210961.40642,-0.0012768130745659,ARPA-USDT,0.0389273517277054,0.0390401025625534,
2022-09-10 00:00:00,0.03911,0.03955,0.0389399999999999,0.03942,9842084,386292.82798,2662,5247031,205953.7994,0.0,ARPA-USDT,0.0392049253469553,0.0392233496682599,6.381e-05
2022-09-10 01:00:00,0.0394,0.0398699999999999,0.03921,0.03932,11948052,471764.15325,2834,6391071,252417.63025,0.0,ARPA-USDT,0.0394893355817494,0.0396121565307934,
2022-09-10 02:00:00,0.03932,0.03938,0.03907,0.0393,5171464,202901.89249,1707,2861720,112291.66557,0.0,ARPA-USDT,0.0393494012473489,0.0393225889900622,
2022-09-10 03:00:00,0.03929,0.0394,0.03887,0.039,11476031,449032.97741,2491,4904058,191993.69292,-0.0017916560020476,ARPA-USDT,0.039292536687991,0.0392633445505341,
2022-09-10 04:00:00,0.03901,0.03936,0.03855,0.0389,10334614,403045.02671,2670,5083804,198407.4638,-0.0002570033410435,ARPA-USDT,0.0390722010495088,0.039113243259907,
2022-09-10 05:00:00,0.03889,0.03924,0.0386899999999999,0.03918,7085788,276171.88958,2101,3312864,129161.19135,-0.0017834394904459,ARPA-USDT,0.0388134328491781,0.0387555610372063,
2022-09-10 06:00:00,0.03918,0.03995,0.03918,0.03975,11388215,451580.094,3047,5666470,224702.07633,-0.0010052777079667,ARPA-USDT,0.0392069717880085,0.0392995742674487,
2022-09-10 07:00:00,0.03974,0.03978,0.03874,0.03893,8704192,342291.48209,2505,3758159,147745.42919,-0.0010264305876315,ARPA-USDT,0.0397388093976546,0.0396885013221107,
2022-09-10 08:00:00,0.03893,0.03957,0.0389199999999999,0.03916,7370346,289465.35355,2130,3104340,121959.3466,0.0,ARPA-USDT,0.0389917873775737,0.0391514803517371,6.537e-05
2022-09-10 09:00:00,0.03916,0.03948,0.03907,0.03925,6343227,248990.76727,1702,2713142,106548.66042,-0.000254712175242,ARPA-USDT,0.0391801808192525,0.0392248488393624,
2022-09-10 10:00:00,0.03925,0.03935,0.03883,0.03907,10624504,414968.07159,2217,4114179,160694.81064,-0.0007672634271099,ARPA-USDT,0.0392128785602879,0.039238078870536,
2022-09-10 11:00:00,0.03906,0.03921,0.03902,0.03918,4428387,173319.72102,1320,2522284,98723.49189,-0.0010198878123406,ARPA-USDT,0.0390551628689113,0.0390742706127738,
2022-09-10 12:00:00,0.03918,0.0395,0.0389199999999999,0.0395,10294645,404393.5044,2665,5142483,202063.64014,-0.0002531004808909,ARPA-USDT,0.0391799894528675,0.039215768975214,
2022-09-10 13:00:00,0.0395,0.0395,0.03881,0.0389,6419345,251075.54242,1913,3155232,123465.19788,-0.0002570033410435,ARPA-USDT,0.0394591020598209,0.0394104356924375,
2022-09-10 14:00:00,0.0389,0.03925,0.03887,0.03903,4989855,195056.63585,1323,2914780,113923.06521,0.0002562788313686,ARPA-USDT,0.0389485666588462,0.039053909148069,
2022-09-10 15:00:00,0.03902,0.03914,0.03878,0.03887,4661468,181622.07054,1569,2199923,85745.8591,-0.0015412278448496,ARPA-USDT,0.0390232035900593,0.038983308027822,
2022-09-10 16:00:00,0.03887,0.03916,0.03871,0.03903,6408761,249377.2186,2062,3574719,139148.457,-0.0007680491551458,ARPA-USDT,0.0389194546519084,0.0389272418832593,0.0001
2022-09-10 17:00:00,0.03902,0.0391,0.03882,0.03903,5099048,198545.38883,1404,3125240,121693.48943,0.0,ARPA-USDT,0.0390490871065168,0.0390251387992588,
2022-09-10 18:00:00,0.03902,0.03948,0.03893,0.03929,6282909,246226.26062,1941,3568636,139852.61322,-0.0002544529262087,ARPA-USDT,0.0390016256549505,0.0389775249220851,
2022-09-10 19:00:00,0.03929,0.03943,0.03923,0.03934,5338232,209967.46085,1559,3489925,137276.3621,0.0002542588354945,ARPA-USDT,0.0392749311173076,0.0392558734575427,
2022-09-10 20:00:00,0.03934,0.03936,0.03902,0.03918,6243294,244613.92205,1712,3456980,135442.17683,0.0,ARPA-USDT,0.0393119574135248,0.0392713236677658,
2022-09-10 21:00:00,0.03918,0.03959,0.03916,0.03931,5637611,221697.52841,1600,3118363,122624.53118,0.0010185892538834,ARPA-USDT,0.0391823275904821,0.0391975481048247,
2022-09-10 22:00:00,0.03931,0.03973,0.03928,0.03958,6949854,274286.37131,1842,4230383,166943.75196999998,0.0,ARPA-USDT,0.0393540442824582,0.0393724706273415,
2022-09-10 23:00:00,0.03958,0.03958,0.03922,0.03928,4996919,196962.79229,1318,2545160,100379.82609,0.0012745347947999,ARPA-USDT,0.0395120250676555,0.0394792482784658,
2022-09-11 00:00:00,0.03923,0.03981,0.03912,0.03955,8184239,323486.02391,2351,4613497,182400.81498,-0.0005054334091483,ARPA-USDT,0.0392210546707131,0.0393840457326639,0.0001
2022-09-11 01:00:00,0.03955,0.03981,0.0395,0.0396,4363875,173094.33249,1580,2389175,94755.32971,0.0,ARPA-USDT,0.0395779708995874,0.0396003264107617,
2022-09-11 02:00:00,0.0396,0.03985,0.03935,0.03938,5195902,205654.57394,1680,2533508,100245.85747,-0.0007612281146918,ARPA-USDT,0.0395554106296662,0.0395766866565159,
2022-09-11 03:00:00,0.0394,0.03961,0.03934,0.03946,2500212,98723.90732,1154,1387228,54775.19728,-0.0005065856129685,ARPA-USDT,0.0393822640595091,0.0394190616537315,
2022-09-11 04:00:00,0.03947,0.03979,0.03946,0.03955,4238427,167957.4983,1498,2129863,84390.56888,-0.0002527805864508,ARPA-USDT,0.0394831195960734,0.0395319995141197,
2022-09-11 05:00:00,0.03955,0.03963,0.039,0.03937,15102250,592420.20557,2791,8185725,321071.41628,0.0002540650406503,ARPA-USDT,0.0395163569381907,0.0394808123093546,
2022-09-11 06:00:00,0.03934,0.03942,0.03856,0.03895,13284068,517371.2522,2943,6397921,249338.17343,0.0,ARPA-USDT,0.0393034681150309,0.0392855749627984,
2022-09-11 07:00:00,0.0389399999999999,0.03926,0.03891,0.03921,5837478,227931.72291,1654,2467967,96410.75873,-0.0005098139179199,ARPA-USDT,0.038959267351715,0.0389778356329965,
2022-09-11 08:00:00,0.03921,0.03943,0.03916,0.03934,4787251,188086.69916,1456,2490417,97885.63344,-0.000762001524003,ARPA-USDT,0.039202887629866,0.0391951455123926,0.0001
2022-09-11 09:00:00,0.03934,0.03934,0.03912,0.03915,2085244,81820.32503,802,822265,32266.88821,-0.0007656967840735,ARPA-USDT,0.0392997119926513,0.0393073374289119,
2022-09-11 10:00:00,0.03916,0.03935,0.03912,0.0392,3167378,124281.79462,908,1430857,56151.01885,-0.0002550369803622,ARPA-USDT,0.0391580298557112,0.0391843027073791,
2022-09-11 11:00:00,0.03922,0.03943,0.03922,0.03938,4490727,176581.99196,1052,2539544,99874.67115,0.0002540005080009,ARPA-USDT,0.0392678212543122,0.0392817619645024,
2022-09-11 12:00:00,0.03937,0.0396,0.0391899999999999,0.03955,6671210,263051.93098,1685,3465941,136708.55788,-0.0002527805864508,ARPA-USDT,0.0393823187542371,0.0393169057988389,
2022-09-11 13:00:00,0.03954,0.03968,0.03936,0.03954,5456019,215466.80657,1557,2271024,89700.16859,0.0,ARPA-USDT,0.0396279397964914,0.0395799040847319,
2022-09-11 14:00:00,0.03954,0.0401,0.03943,0.03965,14671542,582891.6235,3059,7297067,290016.42288,-0.0005041593143433,ARPA-USDT,0.0395872132120025,0.0395831314005276,
2022-09-11 15:00:00,0.03965,0.03978,0.03948,0.03956,3436243,136254.62314,1259,1490380,59103.78693,-0.0002527167045742,ARPA-USDT,0.0396436269952394,0.0396502550546145,
2022-09-11 16:00:00,0.03955,0.03999,0.03952,0.03976,8979503,357275.36103,2225,4958535,197238.94942,-0.0002514458134272,ARPA-USDT,0.0395425326412918,0.0397308505249971,0.0001
2022-09-11 17:00:00,0.03976,0.03993,0.03948,0.03955,6199220,246389.56024,1708,2824839,112346.99463,-0.001010356150543,ARPA-USDT,0.0398257600593178,0.0397881532121072,
2022-09-11 18:00:00,0.03954,0.03968,0.03938,0.0394,4054705,160391.87232,1524,1530184,60541.16194,-0.0005073566717401,ARPA-USDT,0.0395564178379904,0.03952437858795,
2022-09-11 19:00:00,0.0394,0.03959,0.03938,0.03951,3568253,140849.27127,1199,1466536,57893.51953,-0.0002530364372468,ARPA-USDT,0.0394064561151872,0.0394432325167398,
2022-09-11 20:00:00,0.03951,0.03959,0.03893,0.03927,8310490,326198.08939,2011,3987937,156472.9309,0.0,ARPA-USDT,0.0394971383162049,0.0395193808018194,
2022-09-11 21:00:00,0.03926,0.0393,0.03843,0.0386,12335793,479375.09525,2487,4608091,179032.03871,-0.0018101887768295,ARPA-USDT,0.0392360481729317,0.0392130441794752,
2022-09-11 22:00:00,0.03861,0.03912,0.03861,0.03887,4298263,167251.98897,1272,2541769,98861.88452,-0.0010280133641736,ARPA-USDT,0.0386616274858788,0.0387773046043464,
2022-09-11 23:00:00,0.03886,0.03925,0.03865,0.03918,3592534,140061.81835,1189,1759702,68577.87086,-0.0015290519877675,ARPA-USDT,0.0388542276138116,0.0388760482264375,
2022-09-12 00:00:00,0.0391899999999999,0.03921,0.0385,0.0385,5708962,222315.6312,1969,2761199,107583.33493,-0.0015560165975102,ARPA-USDT,0.0391655115027514,0.0390361299241767,0.0001
2022-09-12 01:00:00,0.03853,0.0403,0.0385,0.04004,16551565,654986.74678,3670,9937010,393390.71043,0.0002498126405194,ARPA-USDT,0.0385482995377991,0.0385965386558722,
2022-09-12 02:00:00,0.04005,0.04009,0.03923,0.03945,6695322,264856.19915,1905,3906564,154478.59411,-0.0002534211860112,ARPA-USDT,0.0400501089465584,0.0400229379189281,
2022-09-12 03:00:00,0.03942,0.03963,0.03891,0.03933,6289563,247377.7782,1869,3558787,139955.05496,-0.0007621951219513,ARPA-USDT,0.0394415511432593,0.0393804695478032,
2022-09-12 04:00:00,0.03933,0.03963,0.03929,0.0396,4278216,168962.83490000002,1251,1811136,71516.37585,0.0,ARPA-USDT,0.0393272020499831,0.0393545870641545,
2022-09-12 05:00:00,0.0396,0.03973,0.0394399999999999,0.03966,4660054,184736.533,1199,1794512,71122.0211,-0.0005040322580645,ARPA-USDT,0.0396239502520436,0.0396223206615707,
2022-09-12 06:00:00,0.03968,0.0398899999999999,0.03953,0.03981,5732659,227529.02605,1600,2878310,114224.98007,0.0,ARPA-USDT,0.0396726782117904,0.0396923011240434,
2022-09-12 07:00:00,0.03981,0.03984,0.03931,0.0396,10010407,396241.84927,2245,4263692,168915.91427,-0.0015128593040846,ARPA-USDT,0.0398059960577942,0.0398029733687674,
2022-09-12 08:00:00,0.03961,0.04003,0.03948,0.03983,12672264,503686.22904,2923,7364656,292841.52737,-0.0010032605969402,ARPA-USDT,0.0396206552248845,0.0395936457977495,0.0001
2022-09-12 09:00:00,0.03982,0.03995,0.03959,0.03975,5440220,216435.16981,1474,2181548,86803.14648,-0.0005028916268543,ARPA-USDT,0.0398648910541488,0.0398741814394704,
2022-09-12 10:00:00,0.03974,0.0398699999999999,0.03953,0.03981,5110368,202995.77699,1504,2620399,104091.65564,0.0,ARPA-USDT,0.0397955128261453,0.0397440502498864,
2022-09-12 11:00:00,0.03979,0.03985,0.03937,0.0396899999999999,7170187,284354.515,1900,3113683,123589.05623,-0.0007552870090659,ARPA-USDT,0.0398017466684868,0.0397714455541522,
2022-09-12 12:00:00,0.03967,0.03981,0.03959,0.03976,4992184,198275.48563,1602,2506139,99560.05565,0.0005032712632109,ARPA-USDT,0.0396470402738846,0.0396599576565094,
2022-09-12 13:00:00,0.03976,0.0399,0.03953,0.03976,6912647,274772.23082,1636,3132171,124506.87406,-0.0005027652086476,ARPA-USDT,0.0397191766751167,0.0397398031937719,
2022-09-12 14:00:00,0.03972,0.03984,0.03934,0.03958,5140016,203612.57627,1393,2144393,84948.33188,-0.0005050505050506,ARPA-USDT,0.0397317407448154,0.0397069760168567,
2022-09-12 15:00:00,0.03958,0.03958,0.03886,0.03895,9476410,371762.54276,2468,4239843,166266.38106,-0.0012820512820512,ARPA-USDT,0.0395631787045021,0.0394822986364162,
2022-09-12 16:00:00,0.0389399999999999,0.03906,0.03829,0.03889,15238735,588840.3191,3795,6879450,265929.78991,-0.0002570694087402,ARPA-USDT,0.0389217166890905,0.0388442358953211,0.0001
2022-09-12 17:00:00,0.03887,0.03909,0.03871,0.03906,2799134,108732.61986,1114,1415795,55005.83025,-0.0010230179028134,ARPA-USDT,0.0388446147306841,0.0388297821396434,
2022-09-12 18:00:00,0.03906,0.03913,0.03875,0.03907,3143244,122410.19407,1135,1336309,52047.71504,-0.0007672634271099,ARPA-USDT,0.0390705236464406,0.0389684587579574,
2022-09-12 19:00:00,0.03906,0.0393,0.03895,0.0391699999999999,2398227,93860.87303,1049,1200752,46997.59361,-0.0010201479214512,ARPA-USDT,0.0390734817271666,0.039110332663453,
2022-09-12 20:00:00,0.03916,0.03958,0.0391,0.0395,6833491,268737.83406,1820,3300219,129792.90953,-0.0002531004808909,ARPA-USDT,0.0391573385897612,0.0392369095119443,
2022-09-12 21:00:00,0.03949,0.03971,0.03928,0.03953,4147208,163684.86795,1621,1657887,65414.16103,-0.0020196919969703,ARPA-USDT,0.039441781393071,0.0394340282889395,
2022-09-12 22:00:00,0.03953,0.03974,0.0394,0.03949,3484028,137912.81324,1431,1742865,69002.82452,-0.0002531645569621,ARPA-USDT,0.039525031973275,0.0396103908462,
2022-09-12 23:00:00,0.03948,0.03978,0.0394399999999999,0.03972,4967373,196836.84689,1496,2843021,112658.1684,-0.0010060362173037,ARPA-USDT,0.0394662315892599,0.0395221802422848,
2022-09-13 00:00:00,0.03973,0.0398,0.0386699999999999,0.03912,11775286,461422.13563,3146,5515953,216097.18531,-0.0010214504596526,ARPA-USDT,0.0397569076002234,0.039661953231181,0.0001
2022-09-13 01:00:00,0.03912,0.03925,0.03843,0.03866,10520005,408495.41418,2491,5317055,206546.95576,-0.0015495867768594,ARPA-USDT,0.0391287246992317,0.039021447090049,
2022-09-13 02:00:00,0.03866,0.03907,0.03837,0.03902,5741556,222227.8774,1671,2846207,110129.50522,-0.0007682458386684,ARPA-USDT,0.0386434677661638,0.0387042427355655,
2022-09-13 03:00:00,0.03901,0.03924,0.03868,0.0391699999999999,4265550,166003.11998,1573,2145451,83533.6891,-0.0002552322613603,ARPA-USDT,0.0389946163441012,0.0389515486274205,
2022-09-13 04:00:00,0.0391699999999999,0.03922,0.0388,0.03886,3084127,120342.18723,1155,1072188,41820.20009,-0.0002572678157962,ARPA-USDT,0.0391905027354391,0.0391260556429202,
2022-09-13 05:00:00,0.03886,0.03913,0.03872,0.03897,4881254,190242.39984,1319,2022474,78809.22109,-0.0012813941568426,ARPA-USDT,0.0387770765645088,0.0387832354438776,
2022-09-13 06:00:00,0.03895,0.0392,0.03864,0.03875,5566100,216864.49489,1573,2413777,94096.15228,-0.0005158627805004,ARPA-USDT,0.0389527235662389,0.0389403932269682,
2022-09-13 07:00:00,0.03876,0.03929,0.0387,0.03911,7223887,282042.33053,1798,4155659,162304.15284,-0.0012768130745659,ARPA-USDT,0.0387927018398466,0.0388740562082334,
2022-09-13 08:00:00,0.03913,0.03921,0.03873,0.03886,3678700,143500.71261,1326,1391244,54251.31756,-0.0010282776349613,ARPA-USDT,0.0391262980322383,0.0391493611124765,0.0001
2022-09-13 09:00:00,0.03885,0.03906,0.03848,0.03865,9462777,366749.04352,2278,3482768,135104.50326,-0.0012919896640827,ARPA-USDT,0.0389062480902417,0.0389444741126737,
2022-09-13 10:00:00,0.03865,0.0389,0.03859,0.0388,4536083,175641.3349,1105,2053520,79527.64284,-0.0005151983513652,ARPA-USDT,0.0386676320848226,0.0387300514029643,
2022-09-13 11:00:00,0.0388,0.03898,0.03875,0.03888,3668990,142637.47038,1331,1450551,56395.05763,-0.0005141388174807,ARPA-USDT,0.0388361879180491,0.0388022488434425,
2022-09-13 12:00:00,0.0389,0.03916,0.03694,0.0373,27647386,1045459.82793,6165,14228002,537904.12526,-0.0029403902699812,ARPA-USDT,0.0389208412568938,0.0389450389624586,
2022-09-13 13:00:00,0.0373,0.03787,0.03714,0.03748,15286272,573239.94698,3565,7911882,296738.55992,-0.0007997867235404,ARPA-USDT,0.037259900083406,0.0373086368148569,
2022-09-13 14:00:00,0.03748,0.0377,0.03719,0.03731,7386858,276734.53242,2320,3567285,133591.9801,-0.0024064171122994,ARPA-USDT,0.0374493481346038,0.0374272217871462,
2022-09-13 15:00:00,0.0373,0.03742,0.03715,0.03725,6805913,253874.29717,2314,2998221,111850.93544,-0.0016081479496115,ARPA-USDT,0.0373027393083048,0.0373196529872105,
2022-09-13 16:00:00,0.0372399999999999,0.03754,0.03715,0.03735,6719694,251084.97721,2163,2805034,104839.1083,-0.0018706574024586,ARPA-USDT,0.037212776888826,0.0372451940865911,5.734e-05
2022-09-13 17:00:00,0.03734,0.0374899999999999,0.03716,0.03732,4936068,184268.53863,1586,2191788,81835.75515,-0.0024057738572573,ARPA-USDT,0.0372563934946687,0.0373115793205001,
2022-09-13 18:00:00,0.03732,0.03741,0.03661,0.03669,9652397,357768.11496000004,2630,4174554,154875.2393,-0.0040716612377849,ARPA-USDT,0.0373094655725389,0.0373478283363117,
2022-09-13 19:00:00,0.03668,0.03705,0.03627,0.03692,12360196,453265.28989,3071,5351523,196286.07754,-0.0024317751958929,ARPA-USDT,0.0367160432065423,0.0367830340503339,
2022-09-13 20:00:00,0.0369,0.03706,0.03657,0.03657,8167484,300997.05026,2344,3405594,125488.99271,-0.000546597430992,ARPA-USDT,0.0369104459769824,0.0369404209690448,
2022-09-13 21:00:00,0.03657,0.03663,0.03608,0.03643,7518411,274159.06513,2412,3566655,130113.66138,-0.0027374760470846,ARPA-USDT,0.0365818090915177,0.036579841727739,
2022-09-13 22:00:00,0.03643,0.0364699999999999,0.03611,0.03611,5622199,203879.02699,1769,2842075,103060.34825,-0.0022105554020446,ARPA-USDT,0.0364178700523768,0.0363226836510921,
2022-09-13 23:00:00,0.03612,0.03622,0.03585,0.03586,7319609,263462.62638,2096,2691132,96888.01841,-0.0027808676307006,ARPA-USDT,0.0361324257846544,0.0361608890583362,
2022-09-14 00:00:00,0.03587,0.03619,0.03573,0.03616,6332908,228015.11817,2181,3219790,115927.1532,-0.0013808340237503,ARPA-USDT,0.0358723106154073,0.0358452060163526,-9.895e-05
2022-09-14 01:00:00,0.03615,0.03637,0.03613,0.0362899999999999,5672210,205725.3414,1614,2630006,95388.17572,-0.0021996150673659,ARPA-USDT,0.0361598548423031,0.0362138044453264,
2022-09-14 02:00:00,0.03627,0.0365,0.0362,0.03644,4542238,165094.33109,1439,2500315,90887.94274,-0.0013702384214854,ARPA-USDT,0.0362771130522631,0.0363015424360292,
2022-09-14 03:00:00,0.03645,0.0365399999999999,0.03632,0.03644,2608655,95058.22523,1055,1539459,56101.34359,-0.0013702384214854,ARPA-USDT,0.0364313462269947,0.0364221097375047,
2022-09-14 04:00:00,0.03646,0.03661,0.03635,0.03652,3303810,120514.17505,1247,1582100,57715.79684,-0.0016402405686168,ARPA-USDT,0.0364629935182595,0.0364482280025354,
2022-09-14 05:00:00,0.03652,0.0366,0.03635,0.03637,2036725,74373.8994,844,1036399,37850.47551,-0.0010985992859103,ARPA-USDT,0.0365450426487632,0.0365682446151072,
2022-09-14 06:00:00,0.03639,0.03652,0.03623,0.03627,4169173,151546.75736,1263,1897981,68987.67775,-0.0024752475247526,ARPA-USDT,0.0364205619948957,0.0364347184808191,
2022-09-14 07:00:00,0.03628,0.0364699999999999,0.0355,0.03595,7875761,283710.69943,2003,2909963,104958.81556,-0.0011114198388441,ARPA-USDT,0.0363390645775173,0.0363816964805669,
2022-09-14 08:00:00,0.03594,0.03623,0.03561,0.03614,6426948,230601.32829,1684,3226080,115806.0373,-0.0008294166436273,ARPA-USDT,0.0359519047317909,0.0358836575284351,-0.00022365
2022-09-14 09:00:00,0.03613,0.03627,0.03601,0.03619,4035447,145912.22052,994,2613768,94530.6022,-0.0024807056229327,ARPA-USDT,0.0361369424080078,0.0361365996763931,
2022-09-14 10:00:00,0.03621,0.03636,0.03615,0.03623,3033841,110017.07051,1077,1644416,59636.11207,-0.0019283746556474,ARPA-USDT,0.0362250650716308,0.0362023694185255,
2022-09-14 11:00:00,0.0362399999999999,0.03634,0.03593,0.03612,3821893,138155.77033,1056,1972898,71310.83002,-0.0013823610727122,ARPA-USDT,0.0362670136916035,0.0362722339448326,
2022-09-14 12:00:00,0.03615,0.03685,0.03576,0.0364899999999999,10321197,375564.7959,2554,6126860,222905.33963,-0.0013683634373318,ARPA-USDT,0.0361204100542731,0.0359929943799949,
2022-09-14 13:00:00,0.0365,0.03665,0.03619,0.03664,7029898,256366.93446,1956,3599113,131247.74001,0.0002730002730002,ARPA-USDT,0.036521374976049,0.0365411861562651,
2022-09-14 14:00:00,0.03662,0.03678,0.03626,0.0366,7038433,257078.25089,2036,4264850,155801.71316,0.0005467468562054,ARPA-USDT,0.0366080641225955,0.0365607208918828,
2022-09-14 15:00:00,0.03659,0.03714,0.03641,0.0364899999999999,43531118,1600389.441,6349,25336050,931483.19825,-0.0002739726027424,ARPA-USDT,0.0367590402809191,0.036829610095471,
2022-09-14 16:00:00,0.0364899999999999,0.03658,0.03612,0.03635,6919599,251712.69578,1948,2967128,107960.58515,-0.0005499037668408,ARPA-USDT,0.0364848162835235,0.0365050187593725,-3.184e-05
2022-09-14 17:00:00,0.03637,0.0365399999999999,0.03621,0.03628,4417350,160779.5151,1455,1889433,68801.37953,-0.001101321585903,ARPA-USDT,0.0363529457888913,0.0363612215410435,
2022-09-14 18:00:00,0.03628,0.03646,0.03541,0.03613,17340145,623398.7583100001,3525,9102670,327506.63842,-0.0002767017155504,ARPA-USDT,0.0362895450935601,0.0362250539223201,
2022-09-14 19:00:00,0.03614,0.03648,0.0360199999999999,0.0364699999999999,5126326,185938.9822,1475,2167003,78580.30193,-0.0010955902492495,ARPA-USDT,0.0361734527689911,0.0361029940890843,
2022-09-14 20:00:00,0.03644,0.03653,0.03626,0.03639,2877562,104714.63165,1224,1104389,40187.01259,-0.0021935837674802,ARPA-USDT,0.0365171752161617,0.0364636633125535,
2022-09-14 21:00:00,0.0364,0.03671,0.0362,0.03666,4234850,154429.78025,1294,1919530,69976.08423,-0.0019057990743261,ARPA-USDT,0.0363972373577422,0.0363745795152723,
2022-09-14 22:00:00,0.03668,0.03691,0.03651,0.03667,4637420,170347.34824,1341,1945187,71466.46062,-0.0010896213565785,ARPA-USDT,0.036665094413887,0.0365958674393332,
2022-09-14 23:00:00,0.03668,0.0367899999999999,0.03645,0.03655,3307656,121053.81237,1150,1580818,57849.1668,-0.0005468963631392,ARPA-USDT,0.0367027127450486,0.0367312789459566,
2022-09-15 00:00:00,0.03653,0.03655,0.0357,0.036,10278279,370514.64668,2327,3949918,142388.78657,-0.001386962552011,ARPA-USDT,0.0364966837510522,0.0365010520659472,0.0001
2022-09-15 01:00:00,0.036,0.0361,0.03563,0.0360399999999999,5998582,215479.48565,1639,3284470,117981.65495,-0.0008317161075713,ARPA-USDT,0.0359917049359305,0.0360130121126411,
2022-09-15 02:00:00,0.03601,0.0360199999999999,0.03531,0.03564,8531678,303374.6297,2077,4287310,152476.32895999998,-0.0016806722689076,ARPA-USDT,0.0359596750841445,0.0359537652883402,
2022-09-15 03:00:00,0.03565,0.03567,0.03511,0.03543,8159761,288762.42978,1794,4053593,143462.95516,-0.0002821670428893,ARPA-USDT,0.0356615886916207,0.0354878573856218,
2022-09-15 04:00:00,0.03542,0.03548,0.03505,0.0352899999999999,7305821,257603.7,1619,3787272,133564.06888,-0.0025438100621849,ARPA-USDT,0.0353865497657619,0.035371141305413,
2022-09-15 05:00:00,0.0352899999999999,0.03573,0.03521,0.03567,4376637,155472.15063,1164,1938367,68845.03246,-0.0025167785234899,ARPA-USDT,0.0352731580798311,0.0353191068500072,
2022-09-15 06:00:00,0.03567,0.0362399999999999,0.03508,0.0360199999999999,12435168,443578.58178,2689,5928877,211258.18041,-0.0016629711751691,ARPA-USDT,0.0356653785939409,0.0356040604388,
2022-09-15 07:00:00,0.0360199999999999,0.0364899999999999,0.03596,0.03622,7763026,281262.74081,2122,3749789,135837.24805,-0.0013785497656464,ARPA-USDT,0.0360496241308977,0.0360553911627017,
2022-09-15 08:00:00,0.03621,0.03625,0.03576,0.03594,4225848,151921.31024,1429,1957575,70373.09554,-0.0022209883398113,ARPA-USDT,0.0361702929090626,0.0361664375275918,-0.00014776
2022-09-15 09:00:00,0.03595,0.0360199999999999,0.0358,0.036,3452645,124079.71869,1146,1790626,64354.214250000005,-0.0022172949002218,ARPA-USDT,0.0359641478641518,0.0359453312578502,
2022-09-15 10:00:00,0.03599,0.03622,0.03578,0.03581,6174279,222518.28925,1612,2515402,90611.64405,-0.0025069637883008,ARPA-USDT,0.0359664544225859,0.0359854958892547,
2022-09-15 11:00:00,0.0358,0.03652,0.03574,0.0362899999999999,18837844,683760.59752,3585,9862066,357999.54281,-0.001650618982121,ARPA-USDT,0.035799098303719,0.0357844884805491,
2022-09-15 12:00:00,0.0362899999999999,0.03637,0.0360399999999999,0.03625,15307010,554493.47254,2958,7190268,260481.94485,-0.000826901874311,ARPA-USDT,0.0362949203963482,0.0362156342573384,
2022-09-15 13:00:00,0.03628,0.03637,0.03596,0.03622,8591947,310889.13184,1932,4111035,148766.51987,-0.0019289060347202,ARPA-USDT,0.0362908787369248,0.0362898113807282,
2022-09-15 14:00:00,0.03623,0.0363,0.03528,0.03548,18901288,675033.83434,3976,9859001,352249.00723,-0.0011261261261262,ARPA-USDT,0.0362703347748639,0.0362302562192831,
2022-09-15 15:00:00,0.03549,0.03559,0.03505,0.03551,12082524,427743.20683,2497,5570783,197339.47452,-0.0005629045876723,ARPA-USDT,0.0354636714326128,0.0354015498053372,
2022-09-15 16:00:00,0.0355199999999999,0.03571,0.0354,0.03564,5018927,178503.55314,1566,2292141,81481.39815000001,-0.0008410428931876,ARPA-USDT,0.0355055387851473,0.0355024066376588,-0.00018886
2022-09-15 17:00:00,0.03566,0.0357699999999999,0.0355199999999999,0.03556,4740339,168989.53631,1218,2334750,83252.3363,-0.0008429334082605,ARPA-USDT,0.0356488200651397,0.0357177306712774,
2022-09-15 18:00:00,0.03557,0.03571,0.03545,0.03549,3149383,112079.55925,1049,1500310,53401.33149,-0.0011258091753447,ARPA-USDT,0.0355712248076431,0.0355473498671004,
2022-09-15 19:00:00,0.03549,0.0357,0.03541,0.03556,2183742,77596.74772,860,1173701,41702.57204,-0.001404099971918,ARPA-USDT,0.0354841411253745,0.0354881605348601,
2022-09-15 20:00:00,0.03556,0.0357,0.03545,0.03564,2366231,84227.37447,851,915375,32580.82436,-0.001121076233184,ARPA-USDT,0.0355833668263038,0.0356288004842907,
2022-09-15 21:00:00,0.03562,0.03565,0.03541,0.03555,2050001,72895.62118,713,816143,29023.31257,-0.0025252525252524,ARPA-USDT,0.0356234574654007,0.0356130344627233,
2022-09-15 22:00:00,0.03555,0.03562,0.0351,0.03536,3858589,136556.26134,1199,1598976,56586.69895,-0.0022573363431149,ARPA-USDT,0.035557057079318,0.0355727476526576,
2022-09-15 23:00:00,0.03535,0.03556,0.0352,0.03556,4920237,174222.06612,1419,1789949,63363.84051,-0.001404099971918,ARPA-USDT,0.0354176193571259,0.0354290813702297,
2022-09-16 00:00:00,0.03557,0.03576,0.035,0.03574,8487841,300390.02009,2316,3744269,132520.12391999998,-0.00083869164104,ARPA-USDT,0.035556902512921,0.0355163186121169,-0.00059515
2022-09-16 01:00:00,0.03575,0.03605,0.03545,0.03586,6017941,215184.4321,1637,3210933,114861.4449,-0.0036121144762433,ARPA-USDT,0.0357271028685328,0.0357123708615437,
2022-09-16 02:00:00,0.03586,0.03588,0.0353,0.03567,8659229,308169.17001,1900,5256751,186999.61641,-0.0016792611251048,ARPA-USDT,0.0358388872998547,0.0357524049829572,
2022-09-16 03:00:00,0.03568,0.0367399999999999,0.03557,0.03596,18098828,651736.51527,3355,10190252,366884.33803,-0.0013885031935574,ARPA-USDT,0.0356977527574549,0.0357380462814781,
2022-09-16 04:00:00,0.03597,0.0360199999999999,0.0357,0.03571,10869628,389845.97076,2195,6527625,234137.73536,-0.0008393956351427,ARPA-USDT,0.0359356392942656,0.0359057280666523,
2022-09-16 05:00:00,0.03571,0.03584,0.03556,0.03559,5094275,181963.90704,1322,2201415,78659.18592,-0.0002808988764045,ARPA-USDT,0.0357240106720065,0.0357859576469284,
2022-09-16 06:00:00,0.03559,0.0357699999999999,0.03544,0.03549,8495584,302681.33273,1734,3027251,107862.33448,-0.0008445945945946,ARPA-USDT,0.0356159921968848,0.0356775879486591,
2022-09-16 07:00:00,0.0355,0.03559,0.0353,0.03535,4108209,145691.49311,1289,1521917,54021.32226,-0.0011302627860977,ARPA-USDT,0.0355297398755018,0.0355592798086152,
2022-09-16 08:00:00,0.03535,0.03544,0.03461,0.03465,16668777,583755.50654,3158,6311859,221388.07092,-0.0023034840195794,ARPA-USDT,0.0353624641074564,0.0353943405142651,8.813e-05
2022-09-16 09:00:00,0.03465,0.0350199999999999,0.03463,0.03492,5108056,178219.01119,1469,2407074,83962.22677000001,-0.0008583690987125,ARPA-USDT,0.0347218791557609,0.0347870379220857,
2022-09-16 10:00:00,0.03493,0.03519,0.03486,0.03512,4496707,157367.45747,1213,2637529,92318.48804,-0.0014216661927779,ARPA-USDT,0.0349530202694538,0.0349392402153476,
2022-09-16 11:00:00,0.03513,0.03531,0.03505,0.0352699999999999,4375710,153973.23282,1151,2296775,80821.08645,-0.0005667327854945,ARPA-USDT,0.0351241697226474,0.0351055554168728,
2022-09-16 12:00:00,0.0352699999999999,0.03531,0.03496,0.0350399999999999,4236982,148998.47268,1396,1753180,61665.31844,-0.0008554319931594,ARPA-USDT,0.035290930882231,0.0352449065670677,
2022-09-16 13:00:00,0.03503,0.03515,0.03444,0.03462,9910895,345244.76172,2209,4775449,166440.80184,-0.0005773672055426,ARPA-USDT,0.0350433502431567,0.0350584750341537,
2022-09-16 14:00:00,0.03462,0.03526,0.0345399999999999,0.03498,9479015,330939.84884,2154,5290549,184613.3781,-0.0011422044545975,ARPA-USDT,0.0346148464494961,0.0346218241913524,
2022-09-16 15:00:00,0.03497,0.03514,0.03486,0.03503,3981232,139341.58806,1357,2087703,73070.8054,-0.0011405759908753,ARPA-USDT,0.0349746245275942,0.0349390915856472,
2022-09-16 16:00:00,0.0350399999999999,0.03507,0.0344,0.03471,7826609,271838.91388,1901,3492976,121253.28222,-0.0008635578583765,ARPA-USDT,0.0350250984079776,0.0350257203360743,0.0001
2022-09-16 17:00:00,0.03473,0.03489,0.03438,0.03467,7961856,276015.20684,1733,4092176,141891.55069,-0.0005765350245027,ARPA-USDT,0.0347103506382734,0.0347194387430588,
2022-09-16 18:00:00,0.03467,0.03493,0.03448,0.03482,5495955,190853.4842,1459,2965059,102936.43122,-0.0008608321377332,ARPA-USDT,0.0346748107240719,0.0346675768415664,
2022-09-16 19:00:00,0.03481,0.035,0.0348,0.03494,3142734,109698.95394,911,1385705,48374.55863,-0.0008578781812983,ARPA-USDT,0.0348164324531595,0.0348349048275564,
2022-09-16 20:00:00,0.03493,0.03525,0.03493,0.03521,2214034,77692.51219,904,1315575,46168.39595,-0.0019841269841269,ARPA-USDT,0.0349540664847873,0.0349667000649415,
2022-09-16 21:00:00,0.03525,0.03526,0.0351,0.03514,2124769,74795.93962,887,1149989,40486.65417,-0.0005688282138793,ARPA-USDT,0.0352538995236757,0.0352403028141306,
2022-09-16 22:00:00,0.03514,0.03531,0.03511,0.03521,2001520,70459.34479,825,1209346,42578.48116,-0.0008513053348467,ARPA-USDT,0.0351338232163645,0.0351367785123898,
2022-09-16 23:00:00,0.03522,0.0352699999999999,0.03512,0.03515,3017664,106166.7658,1145,1238530,43589.53013,-0.0019875070982396,ARPA-USDT,0.0352123523701881,0.035217257245334,
2022-09-17 00:00:00,0.03516,0.03567,0.03513,0.03535,10662972,377793.28982,2445,4648407,164667.05086,-0.0005654509471303,ARPA-USDT,0.0351571560420179,0.0352060482296434,0.0001
2022-09-17 01:00:00,0.03538,0.03558,0.03537,0.0355399999999999,2525808,89579.9293,989,1508687,53509.95411,-0.0002812939521827,ARPA-USDT,0.0353756785350966,0.0353927903392399,
2022-09-17 02:00:00,0.03553,0.03557,0.03542,0.03551,2272380,80670.37224,870,1156841,41074.05159,-0.0005629045876723,ARPA-USDT,0.0355200501632581,0.0355450663960845,
2022-09-17 03:00:00,0.0355,0.03558,0.03549,0.0355399999999999,1567407,55692.80988,703,875775,31120.91079,-0.0014048890137706,ARPA-USDT,0.0355053789788381,0.0355096088366044,
2022-09-17 04:00:00,0.03556,0.03582,0.03556,0.03574,2597422,92771.66154,910,1417601,50615.06171,-0.0013970382788488,ARPA-USDT,0.0355819544227296,0.0356139184475326,
2022-09-17 05:00:00,0.03573,0.0357699999999999,0.03533,0.03542,4507662,160047.38284,1116,2133421,75719.4554,-0.0002822466836015,ARPA-USDT,0.0357494485955822,0.0356723929306197,
2022-09-17 06:00:00,0.03542,0.03551,0.03536,0.03543,2262824,80173.8366,969,1069681,37895.41641,0.0,ARPA-USDT,0.0354280225381024,0.0354167611003584,
2022-09-17 07:00:00,0.03543,0.03546,0.03531,0.03544,2113849,74791.49285,945,928016,32844.28024,-0.0008457851705667,ARPA-USDT,0.0354491013685919,0.0354119746194479,
2022-09-17 08:00:00,0.03545,0.03555,0.03542,0.03549,2376434,84342.04463,1055,1115546,39597.87772,-0.0005632216277104,ARPA-USDT,0.0354582423931783,0.0354741756196025,0.0001
2022-09-17 09:00:00,0.03546,0.03551,0.03539,0.03543,1294002,45877.76511,709,432565,15337.96261,-0.0011277135607554,ARPA-USDT,0.0354833847585723,0.0354732578469057,
2022-09-17 10:00:00,0.03543,0.03545,0.03522,0.03532,2193963,77543.61625,835,992068,35067.64556,-0.0016958733747881,ARPA-USDT,0.0354007412477032,0.0354214025316987,
2022-09-17 11:00:00,0.03533,0.0355199999999999,0.03533,0.03546,3917543,138909.46799,998,1936059,68639.10889,-0.0014080540692763,ARPA-USDT,0.0353618014218197,0.0353809974763555,
2022-09-17 12:00:00,0.03545,0.03559,0.03542,0.0355399999999999,2827708,100379.44235,978,1630860,57898.45677,-0.0002812939521827,ARPA-USDT,0.0354481047355099,0.0354546082600478,
2022-09-17 13:00:00,0.0355399999999999,0.03571,0.03551,0.03566,3027511,107866.77615,943,1745263,62184.76899,0.0,ARPA-USDT,0.0355284456534456,0.0355544495753499,
2022-09-17 14:00:00,0.03566,0.03591,0.03565,0.03571,7897688,282617.30688,1766,3474253,124354.37169,-0.0005597537083682,ARPA-USDT,0.0356813214804522,0.0357267562438859,
2022-09-17 15:00:00,0.03573,0.0357899999999999,0.0355399999999999,0.0357,8110147,289482.45035,1485,3266231,116549.81153,-0.0005599104143336,ARPA-USDT,0.035712745471818,0.0357391647444266,
2022-09-17 16:00:00,0.0357,0.0359,0.0356,0.0357899999999999,9947660,356066.72742,2039,4652160,166501.60044,-0.0002793296089413,ARPA-USDT,0.0357049108734402,0.0357689551434072,7.778e-05
2022-09-17 17:00:00,0.0357899999999999,0.03588,0.03568,0.03575,3533309,126391.7794,1086,1649999,59032.44287,-0.0002796420581656,ARPA-USDT,0.0358182357435672,0.0358194094369601,
2022-09-17 18:00:00,0.03574,0.03584,0.0357,0.03574,2638025,94377.26099,938,914392,32711.92172,-0.0011179429849077,ARPA-USDT,0.035741349621354,0.0357827789693796,
2022-09-17 19:00:00,0.03575,0.03576,0.03555,0.03556,2379880,84789.29884999999,866,1094237,38981.14181,-0.0005621135469364,ARPA-USDT,0.0357415800651889,0.0357134529499419,
2022-09-17 20:00:00,0.03557,0.0357899999999999,0.03557,0.0357899999999999,2643458,94261.53634,985,1598938,57017.92237,-0.0002793296089413,ARPA-USDT,0.0355842279522056,0.0356161475018175,
2022-09-17 21:00:00,0.03578,0.03583,0.03567,0.0357,1535131,54884.75942,827,697182,24931.94196,0.0,ARPA-USDT,0.0357728184807351,0.0357668627756231,
2022-09-17 22:00:00,0.03569,0.03586,0.03568,0.03586,2342325,83788.98849,889,1372170,49091.3177,-0.0005574136008917,ARPA-USDT,0.0357156159295643,0.0357018516424144,
2022-09-17 23:00:00,0.03586,0.03594,0.03583,0.03588,2948951,105821.45029,1258,1641268,58901.31881,-0.0005571030640668,ARPA-USDT,0.0358632169713694,0.0358766528896839,
2022-09-18 00:00:00,0.03589,0.03591,0.03564,0.03573,5518763,197396.91066,1716,2810337,100491.38102,0.0,ARPA-USDT,0.0358867428421119,0.0358555413124209,0.0001
2022-09-18 01:00:00,0.03572,0.03598,0.03568,0.0358,3746697,134159.44551,1302,1847098,66125.68923,-0.0016731734523146,ARPA-USDT,0.035714783833591,0.0357426527893135,
2022-09-18 02:00:00,0.03584,0.03593,0.03573,0.03588,2118162,75914.52843,834,1165323,41766.16706,0.0,ARPA-USDT,0.0358358764602627,0.0358090553446748,
2022-09-18 03:00:00,0.03588,0.0359,0.03559,0.03572,2737152,97843.25628,979,1030017,36852.443640000005,-0.000279876854184,ARPA-USDT,0.0358640245795191,0.0358702397316396,
2022-09-18 04:00:00,0.03573,0.0357899999999999,0.03568,0.03575,2218252,79261.82552,876,935239,33423.62496,-0.0005591277606934,ARPA-USDT,0.0357081035979812,0.0357222267654359,
2022-09-18 05:00:00,0.03575,0.03599,0.03575,0.03592,2265909,81314.84768,820,1301599,46704.91214,-0.0013900472616069,ARPA-USDT,0.0357614837603697,0.0357767146998938,
2022-09-18 06:00:00,0.03593,0.0360399999999999,0.03592,0.03598,3069540,110444.42324,1087,1645401,59210.80673,0.0,ARPA-USDT,0.0359589731150192,0.0359754489346949,
2022-09-18 07:00:00,0.03598,0.03603,0.03589,0.03595,3117289,112135.36512,950,1971052,70904.52009,0.0002782415136339,ARPA-USDT,0.0359851611975203,0.0359679140690277,
2022-09-18 08:00:00,0.03594,0.03597,0.03587,0.03593,3378690,121349.63895,1035,1594941,57289.89963,-0.0002782415136338,ARPA-USDT,0.035929603908265,0.0359278676891705,4.475e-05
2022-09-18 09:00:00,0.03595,0.0360399999999999,0.03528,0.03532,7905497,281586.78506,1858,3486434,124102.20824,-0.0011312217194571,ARPA-USDT,0.0359392490106854,0.0359466213499138,
2022-09-18 10:00:00,0.03532,0.03574,0.0352699999999999,0.03551,5592523,198662.50337,1567,2943120,104508.46636,-0.00112517580872,ARPA-USDT,0.035305029792699,0.0353432583916635,
2022-09-18 11:00:00,0.03553,0.03564,0.0355199999999999,0.03558,1961859,69802.14107,848,1064048,37863.22537,-0.0005617977528089,ARPA-USDT,0.0355317903748649,0.0355599678699029,
2022-09-18 12:00:00,0.03557,0.03568,0.03539,0.03565,3184672,113019.16898,1163,1416849,50294.28592,-0.0008408071748879,ARPA-USDT,0.0355651166597019,0.035518470966703,
2022-09-18 13:00:00,0.03567,0.03568,0.0355199999999999,0.03561,2921405,104033.73016,900,856310,30500.67569,0.0,ARPA-USDT,0.0356711387478676,0.0356483129354361,
2022-09-18 14:00:00,0.03561,0.03561,0.03503,0.03522,6842589,241287.90118,1803,3087073,108805.93437,-0.000283848992336,ARPA-USDT,0.0356054714275297,0.0355567594980484,
2022-09-18 15:00:00,0.03522,0.03538,0.03511,0.03519,5020090,177005.21161,1353,2269025,80022.11989,-0.0005680204487361,ARPA-USDT,0.0351985107301898,0.0352020488463733,
2022-09-18 16:00:00,0.03519,0.0353,0.03472,0.035,10063580,351551.13788,2651,4174122,145816.10385,-0.0008564087924635,ARPA-USDT,0.0351800489343192,0.0352325474333152,0.0001
2022-09-18 17:00:00,0.03501,0.03505,0.0347,0.0347899999999999,6006904,209547.90451,1708,2899424,101145.98711,0.0002875215641144,ARPA-USDT,0.0349842214445996,0.0349360818849866,
2022-09-18 18:00:00,0.03476,0.03495,0.03456,0.03482,5511470,191728.42302,1555,3074273,106949.317,-0.0008608321377332,ARPA-USDT,0.0347329920280201,0.0347792975511061,
2022-09-18 19:00:00,0.03482,0.03496,0.03469,0.03489,3110548,108462.4696,1070,1503030,52404.94578,-0.0011451474377327,ARPA-USDT,0.0348218455149769,0.0347845503938968,
2022-09-18 20:00:00,0.0349,0.03493,0.03446,0.03461,5530363,191831.46666,1421,2435018,84461.13085999999,-0.0011544011544011,ARPA-USDT,0.0349104967662351,0.034890427271254,
2022-09-18 21:00:00,0.03462,0.03462,0.0326,0.03343,26623933,892830.93103,5301,12435709,416499.49529,-0.0005979073243647,ARPA-USDT,0.0345889937658757,0.0345886068120984,
2022-09-18 22:00:00,0.03341,0.03347,0.03295,0.03333,10450360,347237.99588,2512,4712640,156646.84277,-0.0008992805755396,ARPA-USDT,0.0334031575538644,0.03339691981312,
2022-09-18 23:00:00,0.03333,0.0336,0.03301,0.0332,5310583,176846.94737,1623,2107141,70122.35094,-0.0009027986758953,ARPA-USDT,0.0333321675278627,0.033355890919949,
2022-09-19 00:00:00,0.03321,0.0338,0.03304,0.03368,7368023,245785.97977,2070,4126747,137626.28719,-0.0008899436369028,ARPA-USDT,0.0331837204876095,0.0331755580172883,-2.651e-05
2022-09-19 01:00:00,0.03367,0.03383,0.03348,0.03358,3543517,119197.20559,883,1526409,51350.08129,-0.0002977076510867,ARPA-USDT,0.0336512884885772,0.0336498618194915,
2022-09-19 02:00:00,0.03358,0.03361,0.0324,0.03272,11055734,363538.21629,2476,5737109,188698.75564,-0.0006108735491753,ARPA-USDT,0.0335650464754548,0.0335625990641057,
2022-09-19 03:00:00,0.03273,0.03306,0.03258,0.03288,5829547,191030.6247,1511,3185547,104413.27036,-0.0012150668286755,ARPA-USDT,0.0327244057687695,0.0326998255809054,
2022-09-19 04:00:00,0.0328699999999999,0.03318,0.03282,0.03311,2818469,92941.45351,1253,1355366,44691.6382,0.0,ARPA-USDT,0.0328602273693955,0.0328578673833724,
2022-09-19 05:00:00,0.03312,0.03328,0.03292,0.03294,3779938,125316.31898,1261,2054163,68118.20956,-0.0009099181073703,ARPA-USDT,0.0330998043281989,0.0331104876795418,
2022-09-19 06:00:00,0.03294,0.03322,0.03244,0.03271,5998369,196831.44827,1750,3087038,101367.60412,-0.0009163103237628,ARPA-USDT,0.0329166865911526,0.0330544743728976,
2022-09-19 07:00:00,0.03269,0.03321,0.0323899999999999,0.03312,7605145,249410.8498,1973,3471038,113882.00251,-0.0012062726176117,ARPA-USDT,0.0327396577903943,0.032631572918402,
2022-09-19 08:00:00,0.03311,0.03316,0.03282,0.03282,7727529,254968.23371,1604,2874640,94798.95448,-0.0006090133982947,ARPA-USDT,0.0331057648335745,0.0330486048739129,0.0001
2022-09-19 09:00:00,0.03282,0.03301,0.03266,0.03295,4729969,155275.30591,1353,2703099,88723.31611,-0.0003033980582525,ARPA-USDT,0.0328323575274158,0.0328361309863092,
2022-09-19 10:00:00,0.03296,0.03333,0.03288,0.03318,6716305,222373.65877,1709,2705912,89568.14209,-0.0015046644598255,ARPA-USDT,0.0329767125225894,0.0329399592258701,
2022-09-19 11:00:00,0.03322,0.0333399999999999,0.03293,0.0331,5676674,187989.29658,1357,2680795,88761.81345,0.0006045949214026,ARPA-USDT,0.0332772646653528,0.0332978759071172,
2022-09-19 12:00:00,0.0331,0.03343,0.03305,0.03336,4690066,155824.90454,1618,2192338,72824.83231,-0.0008984725965858,ARPA-USDT,0.0331114420522256,0.0331089767439789,
2022-09-19 13:00:00,0.03336,0.03372,0.03315,0.03369,6231185,208299.03836,1699,3152438,105390.26081,-0.0005932957579353,ARPA-USDT,0.0333720636068866,0.0333801304590467,
2022-09-19 14:00:00,0.03367,0.03402,0.0335,0.03377,9712758,328092.16247,2460,4527267,152946.79998,-0.0011830819284235,ARPA-USDT,0.0336560512472199,0.0336053170426947,
2022-09-19 15:00:00,0.03375,0.0339,0.03353,0.03365,5173452,174509.80217,1432,2954539,99673.55056,-0.0014836795252225,ARPA-USDT,0.0337641507807921,0.0337492141784238,
2022-09-19 16:00:00,0.03366,0.03395,0.03356,0.03385,5109090,172516.01456,1434,3092644,104445.91212,-0.0005904930617065,ARPA-USDT,0.0336706620692388,0.0336774392429711,0.0001
2022-09-19 17:00:00,0.0338399999999999,0.03386,0.03331,0.03349,5577258,187408.71151,1633,2370467,79658.4441,-0.0005968367651446,ARPA-USDT,0.0338123940167304,0.0337993213032569,
2022-09-19 18:00:00,0.03348,0.03392,0.03345,0.0339,4599336,155060.3714,1377,2992094,100876.97097,-0.0005896226415094,ARPA-USDT,0.0334747278409417,0.0335122160876625,
2022-09-19 19:00:00,0.03388,0.03415,0.03388,0.03397,6348813,215843.7986,1566,3731031,126871.5369,-0.0005884083553986,ARPA-USDT,0.0338969976195628,0.0339469456114383,
2022-09-19 20:00:00,0.03399,0.0340899999999999,0.03376,0.03383,4551839,154333.83438,1199,1888692,64056.62476,-0.0005908419497784,ARPA-USDT,0.0340331590386636,0.0340154768650346,
2022-09-19 21:00:00,0.0338199999999999,0.03408,0.0338,0.0338399999999999,3365063,114082.12586,1046,1723448,58420.01872,-0.0008857395925627,ARPA-USDT,0.0338209023824201,0.0338538518568449,
2022-09-19 22:00:00,0.0338399999999999,0.0340899999999999,0.03378,0.03394,3675201,124471.0669,1035,1647109,55806.90475,-0.0002945508100148,ARPA-USDT,0.033892667968463,0.0339014923113959,
2022-09-19 23:00:00,0.03393,0.0340699999999999,0.0338,0.03385,3816337,129539.60698,1009,1602508,54408.617750000005,-0.0008854781582054,ARPA-USDT,0.0339522034529005,0.0339801534592279,
2022-09-20 00:00:00,0.03383,0.03411,0.03365,0.03381,7923566,267988.5808,1998,3638788,123121.78247,-0.0005911912503694,ARPA-USDT,0.0338403537244262,0.0338984052978366,0.0001
2022-09-20 01:00:00,0.0338,0.03388,0.03366,0.03377,4011089,135489.47492,1074,1850605,62502.75822,-0.000591891092039,ARPA-USDT,0.0337818931475029,0.0337499710694597,
2022-09-20 02:00:00,0.03376,0.03403,0.03371,0.03393,3182560,107800.14839,851,1789085,60616.53752,-0.0011775095672651,ARPA-USDT,0.0337726993818274,0.0337873749235678,
2022-09-20 03:00:00,0.03395,0.03401,0.03352,0.03387,4844725,163424.69532,1216,2429869,81951.29965,-0.0002951593860686,ARPA-USDT,0.0339641040753021,0.0339664346416806,
2022-09-20 04:00:00,0.03385,0.03388,0.03371,0.03385,2860721,96713.8132,930,1489598,50354.44065,-0.0002953337271117,ARPA-USDT,0.0338492053258024,0.0338579615878394,
2022-09-20 05:00:00,0.0338399999999999,0.03405,0.0338,0.03386,3531438,119848.14225,879,1700356,57701.1923,-0.0014744913005013,ARPA-USDT,0.0338233235651247,0.0338449181911631,
2022-09-20 06:00:00,0.03385,0.03386,0.0336,0.03381,3938030,132790.78438,1017,2225918,75055.47997,-0.0002956830277942,ARPA-USDT,0.0337958567285601,0.0337606114664196,
2022-09-20 07:00:00,0.03381,0.03417,0.03371,0.03381,8875056,301314.18365,1893,4598754,156143.9083,0.000591891092039,ARPA-USDT,0.0338512490018699,0.0338766535409036,
2022-09-20 08:00:00,0.03381,0.03396,0.03372,0.03375,3658997,123884.8999,1119,1594492,53986.07768,-0.0014792899408282,ARPA-USDT,0.0338024316776112,0.033847364683021,0.0001
2022-09-20 09:00:00,0.03377,0.03385,0.03352,0.03361,6471332,218118.16812,1677,2770455,93377.66937,-0.0020783847980997,ARPA-USDT,0.0337715506862042,0.0337922306175488,
2022-09-20 10:00:00,0.03361,0.0338399999999999,0.0335699999999999,0.0338,4498841,151484.91152,1235,2283347,76903.06228,-0.0005913660555886,ARPA-USDT,0.0336142987523666,0.0336245336714226,
2022-09-20 11:00:00,0.03383,0.0338899999999999,0.03368,0.03372,2662158,89995.51082,929,1265552,42794.81646,-0.0014806040864673,ARPA-USDT,0.0338182486503043,0.033854094213287,
2022-09-20 12:00:00,0.03371,0.03391,0.0336399999999999,0.03378,7340587,248050.66904,1790,4137638,139787.69417,-0.0002959455460196,ARPA-USDT,0.0337106858900727,0.0337292602873732,
2022-09-20 13:00:00,0.03377,0.03381,0.03312,0.0335,12608467,421491.43209,2669,5970808,199581.1613,-0.0002984183825722,ARPA-USDT,0.0337640586728702,0.033781821164233,
2022-09-20 14:00:00,0.03352,0.03428,0.03338,0.03415,14880649,504007.16188,3452,8795161,297881.94179,-0.0005853087503657,ARPA-USDT,0.0335064319946515,0.0335246668042224,
2022-09-20 15:00:00,0.03414,0.03422,0.0338899999999999,0.0340699999999999,10220456,348108.69426,2693,5721652,194895.1434,-0.0005866823115313,ARPA-USDT,0.0341555566796846,0.0340879376764468,
2022-09-20 16:00:00,0.0340699999999999,0.03419,0.03379,0.03386,6904638,234644.84585,1850,2980756,101299.38985,0.0,ARPA-USDT,0.034109570389699,0.0341439145188751,0.0001
2022-09-20 17:00:00,0.0338399999999999,0.03391,0.03331,0.0333199999999999,6045730,203114.03365,1526,2611001,87733.87917,-0.0005998800239982,ARPA-USDT,0.0338616996427844,0.0338756947785607,
2022-09-20 18:00:00,0.0333199999999999,0.0335899999999999,0.03331,0.03354,4517391,151243.83729,1469,2173290,72768.29104,0.0,ARPA-USDT,0.0333554242723411,0.0334422700186506,
2022-09-20 19:00:00,0.03353,0.03377,0.0335,0.03366,4090661,137654.56777,1240,1888442,63550.78579,-0.0008904719501334,ARPA-USDT,0.0335509636300378,0.0335848910612628,
2022-09-20 20:00:00,0.03366,0.03385,0.03351,0.03354,3474273,117027.54463,1202,1104671,37205.23023,-0.000893655049151,ARPA-USDT,0.0336898229448452,0.0336902688301174,
2022-09-20 21:00:00,0.03354,0.03371,0.0333199999999999,0.0333399999999999,3288390,110154.60882,1160,1469081,49209.16242,-0.0002998500749654,ARPA-USDT,0.0335495327089501,0.0335212969483239,
2022-09-20 22:00:00,0.03333,0.0335,0.03318,0.0335,2084025,69510.11485,973,1009330,33657.21279,0.0002985965959989,ARPA-USDT,0.0333054402654342,0.0333490566980303,
2022-09-20 23:00:00,0.03348,0.03352,0.0331399999999999,0.03331,5101660,170145.62293,1479,2175334,72537.47525999999,-0.0011994002998499,ARPA-USDT,0.033486564544048,0.0334769937430558,
2022-09-21 00:00:00,0.0333199999999999,0.03379,0.03317,0.03375,5133241,171714.73957,1716,2737376,91574.68999,-0.0005922416345869,ARPA-USDT,0.0333213735295306,0.0333184836676661,0.0001
2022-09-21 01:00:00,0.03376,0.03378,0.03342,0.03347,3466661,116461.569,1086,1507057,50629.16854,-0.0008955223880597,ARPA-USDT,0.0337463717898104,0.0337268443104467,
2022-09-21 02:00:00,0.03348,0.03379,0.03344,0.03363,4501587,151301.86683,1242,2151671,72331.75841000001,0.0002974419988104,ARPA-USDT,0.0334630128491406,0.0334982752652341,
2022-09-21 03:00:00,0.03361,0.0337,0.03354,0.03362,2767644,93036.90644,1110,1296983,43598.26965,0.0,ARPA-USDT,0.033589066512295,0.033575503120586,
2022-09-21 04:00:00,0.0335899999999999,0.03374,0.0335899999999999,0.03373,2816151,94785.30266,1074,1574435,52996.43154,0.000296559905101,ARPA-USDT,0.0336074327085805,0.03363754120306,
2022-09-21 05:00:00,0.03373,0.03378,0.0333399999999999,0.03338,4421750,148768.43498,1378,1947668,65544.95076,-0.0011968880909634,ARPA-USDT,0.0337330825969286,0.0336761457483192,
2022-09-21 06:00:00,0.0334,0.03347,0.03244,0.0328,12740766,420335.93521,3045,5013665,165100.90374,0.0,ARPA-USDT,0.0333564748759699,0.0333516048521542,
2022-09-21 07:00:00,0.0328,0.03293,0.03257,0.03291,4779669,156660.5209,1333,2256778,73937.30484,-0.0012139605462822,ARPA-USDT,0.0327890691907685,0.0327774640578672,
2022-09-21 08:00:00,0.03292,0.03306,0.03274,0.0329,5758543,189424.58869,1701,3270375,107592.92361,-0.0003038590094197,ARPA-USDT,0.0329324613448536,0.0328904707245306,0.0001
2022-09-21 09:00:00,0.0329,0.03312,0.03276,0.03306,5335913,175696.00411,1563,2632241,86683.03734000001,0.0006053268765133,ARPA-USDT,0.0329065713964906,0.0329483591768195,
2022-09-21 10:00:00,0.03306,0.03317,0.03297,0.03315,4478347,148029.25291,1242,1796857,59417.06239,-0.0003015681544029,ARPA-USDT,0.0330519101886116,0.033039366609973,
2022-09-21 11:00:00,0.0331399999999999,0.03331,0.03311,0.0333,3152753,104621.8572,1058,1396724,46374.80958,-0.0003002101471029,ARPA-USDT,0.0331556308269974,0.0331646554939213,
2022-09-21 12:00:00,0.03329,0.03349,0.03321,0.0333899999999999,5891236,196503.18513,1571,2683944,89560.06038,-0.0005986231667196,ARPA-USDT,0.0332837468224328,0.0332887924643698,
2022-09-21 13:00:00,0.0333899999999999,0.03346,0.03322,0.03336,4035961,134655.96854,1420,2193291,73195.64837,-0.0008984725965858,ARPA-USDT,0.0334155039183748,0.0334093687238534,
2022-09-21 14:00:00,0.03337,0.03356,0.03313,0.03318,4857906,162128.51754,1467,1934329,64554.12445,-0.0006024096385541,ARPA-USDT,0.0333748015156919,0.0333757797786665,
2022-09-21 15:00:00,0.03319,0.03321,0.03276,0.03294,4648178,153206.3467,1433,2275081,74996.46887,-0.0003034901365706,ARPA-USDT,0.033175250628656,0.0331449014708439,
2022-09-21 16:00:00,0.03294,0.03315,0.03292,0.03298,3205603,105898.02546,1294,1452025,47980.09422,-0.0006060606060606,ARPA-USDT,0.0329442268149833,0.032949809589368,0.0001
2022-09-21 17:00:00,0.03297,0.0335699999999999,0.0328699999999999,0.03346,8651525,288184.23617,1996,3889074,129545.1024,-0.0029797377830751,ARPA-USDT,0.0329675177035476,0.0330312151657594,
2022-09-21 18:00:00,0.03344,0.03476,0.03253,0.03437,46085998,1548300.72441,8471,22686568,761509.85328,-0.0011624527753562,ARPA-USDT,0.0333880195448053,0.0330900523138955,
2022-09-21 19:00:00,0.03443,0.0345,0.03307,0.03311,19009231,640561.43291,4198,9260227,312164.41542,-0.0012066365007541,ARPA-USDT,0.0344454351123005,0.0343246322740478,
2022-09-21 20:00:00,0.03311,0.03326,0.03257,0.0329,14586506,479190.64892,3146,7196458,236223.20626,-0.0012143290831815,ARPA-USDT,0.0331168183109287,0.033165339687634,
2022-09-21 21:00:00,0.0329,0.0329,0.0317,0.03205,15950942,513596.36458,3683,6926914,223064.17041,-0.0012464942349641,ARPA-USDT,0.0328713292299989,0.0328356104964953,
2022-09-21 22:00:00,0.03205,0.03207,0.03154,0.03197,8569631,272798.67348,2367,4570389,145466.6885,-0.0015615240474703,ARPA-USDT,0.0320268622248255,0.0319769710442824,
2022-09-21 23:00:00,0.03195,0.03231,0.03184,0.03202,7695265,246679.43826,2045,3969602,127270.57085,-0.0009360374414977,ARPA-USDT,0.0319109344091537,0.0318998179514582,
2022-09-22 00:00:00,0.03203,0.0325,0.032,0.03213,10908394,351633.71857,2766,6283206,202553.50258,-0.0009328358208955,ARPA-USDT,0.0320443314037067,0.0321159420955779,-3.865e-05
2022-09-22 01:00:00,0.03213,0.03247,0.0321,0.03246,3925577,126740.79448,1345,2238573,72258.39945,-0.0009233610341642,ARPA-USDT,0.0321333517475921,0.0321871266858143,
2022-09-22 02:00:00,0.03246,0.03275,0.03243,0.03274,4094836,133324.75364,1244,1829387,59579.58397,-0.0006105006105006,ARPA-USDT,0.0324635655785428,0.0324824352945667,
2022-09-22 03:00:00,0.03273,0.03283,0.0326199999999999,0.03267,3982975,130282.10456,1398,1628650,53265.38063,-0.0006118078923217,ARPA-USDT,0.0327552692529771,0.0327411844352761,
2022-09-22 04:00:00,0.03268,0.03288,0.03267,0.03282,3885163,127384.98191,1339,2072823,67967.69613,-0.0003045994517208,ARPA-USDT,0.0326860963932903,0.0327189297982054,
2022-09-22 05:00:00,0.03281,0.03303,0.03271,0.03292,6445124,211815.02997,1633,3176243,104382.94319,-0.0003036744609778,ARPA-USDT,0.032807574088877,0.0328038779652053,
2022-09-22 06:00:00,0.03291,0.03312,0.03284,0.03293,7386435,243776.89935,1764,2972002,98058.01797,-0.0012132241431603,ARPA-USDT,0.0329110136091269,0.0329292468106515,
2022-09-22 07:00:00,0.03294,0.03328,0.0328899999999999,0.03328,4523089,149645.04633,1479,2258396,74733.92631,0.0,ARPA-USDT,0.0329074521509941,0.0329322733211812,
2022-09-22 08:00:00,0.03328,0.03363,0.03322,0.03343,9087472,303687.93293,2184,2986797,99772.65855,-0.0008965929468019,ARPA-USDT,0.0332805220823409,0.0333022206024567,0.0001
2022-09-22 09:00:00,0.03342,0.03368,0.03341,0.03349,8464608,283992.75303,2210,4123288,138319.36171,0.0002986857825566,ARPA-USDT,0.0334283981646173,0.0334916230292197,
2022-09-22 10:00:00,0.03348,0.03369,0.0333899999999999,0.03354,4531605,152008.02343,1475,2477527,83097.90687,-0.0005959475566149,ARPA-USDT,0.0334789484626974,0.033442912265682,
2022-09-22 11:00:00,0.03355,0.03369,0.03333,0.03365,5602604,187740.73525,1674,2785773,93351.59107,0.0,ARPA-USDT,0.0335559492770641,0.0335490406824619,
2022-09-22 12:00:00,0.03365,0.03381,0.03348,0.03369,5355193,180285.85918,1670,2632381,88624.11068,-0.0002967359050446,ARPA-USDT,0.0337242610971989,0.0337227627625762,
2022-09-22 13:00:00,0.03367,0.03374,0.03307,0.03313,7478678,249611.95215,1878,3509416,117243.35034,-0.0015069318866787,ARPA-USDT,0.0337101957573761,0.0336479747417275,
2022-09-22 14:00:00,0.03313,0.03344,0.03305,0.03307,4937489,164161.54093000002,1731,2181913,72552.86703,-0.000906344410876,ARPA-USDT,0.0331341079878618,0.0331114144529384,
2022-09-22 15:00:00,0.03307,0.03335,0.03302,0.03322,5114658,169650.00231,1587,2169731,71932.79686,-0.0012026458208057,ARPA-USDT,0.0330704991260703,0.0330513929814043,
2022-09-22 16:00:00,0.03323,0.03348,0.033,0.0334,6349950,211260.81167,1765,2668675,88807.56940000001,0.0,ARPA-USDT,0.0332527582072198,0.0332968560003694,0.0001
2022-09-22 17:00:00,0.0334,0.0335699999999999,0.03325,0.03349,3916620,130854.96944,1254,1963049,65568.86855,-0.0005968367651446,ARPA-USDT,0.0334314940726577,0.0334000668998233,
2022-09-22 18:00:00,0.0335,0.0337,0.03333,0.03354,5767158,193298.63473,1431,3047984,102145.80054,-0.0002980625931446,ARPA-USDT,0.0334891106888998,0.0334389223914657,
2022-09-22 19:00:00,0.03354,0.03399,0.03349,0.03375,7091963,239194.83689,1792,3127531,105456.63009,0.0005929439667951,ARPA-USDT,0.0335559537628418,0.033552972349336,
2022-09-22 20:00:00,0.03375,0.03383,0.03361,0.03372,4569809,154100.74565,1668,2490957,84013.92246,-0.0011848341232226,ARPA-USDT,0.0337642012449977,0.0337450161211907,
2022-09-22 21:00:00,0.03374,0.03385,0.03355,0.03356,3935150,132773.67831,1296,2000952,67526.07064,-0.0005955926146515,ARPA-USDT,0.0337694112921621,0.0337827794768901,
2022-09-22 22:00:00,0.03356,0.03403,0.03354,0.03385,3580452,120925.34591,1422,1934624,65304.65176,-0.0005904930617065,ARPA-USDT,0.0335563718198359,0.0335999706064964,
2022-09-22 23:00:00,0.03385,0.03414,0.03372,0.03385,5499597,186364.80198,1839,2648909,89748.00857,-0.0005904930617065,ARPA-USDT,0.0338271707173819,0.0338454755523536,
2022-09-23 00:00:00,0.03385,0.03413,0.03368,0.03371,5549683,188310.9359,1855,2741526,93065.50247,-0.0002965599051009,ARPA-USDT,0.033878568776286,0.0339140737090079,0.0001
2022-09-23 01:00:00,0.03369,0.03405,0.0336399999999999,0.03403,4092350,138621.59855,1376,2624327,88915.83189,-0.0002937720329025,ARPA-USDT,0.0337204634259689,0.0337967429270762,
2022-09-23 02:00:00,0.03404,0.03408,0.03372,0.03385,3400613,115217.95062,1239,1704657,57788.01824,0.0,ARPA-USDT,0.0340602071288881,0.0340346418309889,
2022-09-23 03:00:00,0.03383,0.03428,0.03378,0.03426,7034156,239716.12113,1948,3337673,113834.77445,-0.0002918004085206,ARPA-USDT,0.03382301827903,0.0338808228639773,
2022-09-23 04:00:00,0.03426,0.03444,0.03402,0.03425,8336671,285511.08799,2068,3558124,121847.58848,0.0,ARPA-USDT,0.0342813405453319,0.0342379204032691,
2022-09-23 05:00:00,0.03424,0.03449,0.03424,0.0343199999999999,5238052,180080.02487,1394,2478003,85193.76418,-0.0014547570555746,ARPA-USDT,0.0342448725187675,0.0343047668219556,
2022-09-23 06:00:00,0.0343,0.03441,0.03415,0.03428,4620903,158342.12195,1442,1977447,67790.54903,-0.0002916302128901,ARPA-USDT,0.0343110870505504,0.0343597601767629,
2022-09-23 07:00:00,0.03426,0.03426,0.03355,0.0335699999999999,14135002,479045.62821,2833,4535299,153851.93045,-0.0002977963073287,ARPA-USDT,0.0341623903737723,0.0340173800390011,
2022-09-23 08:00:00,0.0335699999999999,0.03377,0.03306,0.03316,8799708,293912.69333,2256,4492330,150042.32597,-0.0006027727546714,ARPA-USDT,0.0335963226682021,0.0336479536643113,0.0001
2022-09-23 09:00:00,0.03317,0.03344,0.03303,0.0333399999999999,7008045,233206.24807,1753,4385643,145927.05942,-0.0014974543276461,ARPA-USDT,0.0331559964006585,0.0332354715791835,
2022-09-23 10:00:00,0.03335,0.03351,0.03303,0.0331399999999999,4201042,140021.49887,1393,1965387,65506.71702,-0.0006031363088089,ARPA-USDT,0.0333484658429119,0.0333761853257315,
2022-09-23 11:00:00,0.0331399999999999,0.03316,0.03286,0.03304,8113166,267819.1493,1959,4393107,145037.59341,-0.000302571860817,ARPA-USDT,0.0331211819949391,0.0330687407733419,
2022-09-23 12:00:00,0.03303,0.03343,0.03297,0.03329,7178113,238733.52758,1988,4152413,138136.98017,0.0,ARPA-USDT,0.0330106522831595,0.0330342389811112,
2022-09-23 13:00:00,0.03327,0.03368,0.0328,0.03284,14442444,480645.56618,2958,8698224,289730.77118,-0.0009126863401278,ARPA-USDT,0.0332953018165208,0.0333169628372476,
2022-09-23 14:00:00,0.03284,0.03318,0.03259,0.03296,10016401,329119.09431,2444,5381737,176772.71938,-0.0009093664746891,ARPA-USDT,0.0328614951328042,0.0327425939603329,
2022-09-23 15:00:00,0.03297,0.03349,0.03293,0.03321,6532952,217253.82158,1807,3628575,120661.50441,-0.0012030075187969,ARPA-USDT,0.0329578478366677,0.0329612613699779,
2022-09-23 16:00:00,0.03319,0.0333399999999999,0.03265,0.03306,11086408,365603.87256,2514,3846833,127192.06441,-0.0006045949214026,ARPA-USDT,0.0332190152588216,0.0332441473989416,0.0001
2022-09-23 17:00:00,0.03305,0.03322,0.03276,0.03299,5124970,169210.56464,1719,2257242,74473.12621,-0.0003030303030303,ARPA-USDT,0.0330548531983433,0.0331147090042921,
2022-09-23 18:00:00,0.03299,0.03324,0.03266,0.03272,5953972,195855.61304,1796,2581293,84918.89239000001,-0.0006108735491753,ARPA-USDT,0.0330248342195729,0.0329851778789523,
2022-09-23 19:00:00,0.03271,0.03324,0.03268,0.03323,5407912,178411.59582000002,1587,2663350,87861.82054,0.0,ARPA-USDT,0.0327152485887878,0.0327993507794969,
2022-09-23 20:00:00,0.03322,0.0339,0.03322,0.03373,10725473,360670.59499,2801,6696755,225203.0506,0.0,ARPA-USDT,0.0332461358419431,0.0332627910258886,
2022-09-23 21:00:00,0.03372,0.03388,0.03356,0.03385,3206574,108033.11569,1352,1832122,61731.61527,0.0005911912503695,ARPA-USDT,0.0337604485977032,0.0337247625121509,
2022-09-23 22:00:00,0.03385,0.03408,0.03385,0.03403,4703478,159737.36559,1472,1951468,66302.91573,-0.0011740534194307,ARPA-USDT,0.0338892028381985,0.0339008817831437,
2022-09-23 23:00:00,0.03404,0.03415,0.03368,0.0338,4689761,159167.89025,1431,1977541,67136.91033,-0.0005913660555886,ARPA-USDT,0.0340831761270522,0.0340686276103289,
2022-09-24 00:00:00,0.03381,0.03404,0.03363,0.03381,6739469,228057.77616,2047,3211252,108691.352,-0.0008865248226951,ARPA-USDT,0.033833801013713,0.0338674055165463,0.0001
2022-09-24 01:00:00,0.0338199999999999,0.03405,0.03381,0.03394,2784963,94496.62452,1162,1633415,55430.41793,0.0,ARPA-USDT,0.0338497977836711,0.033869782173491,
2022-09-24 02:00:00,0.03394,0.03414,0.03387,0.03395,2989745,101577.96307,1007,1565148,53172.10538,0.0002946375957573,ARPA-USDT,0.0339679703880048,0.0339589158020228,
2022-09-24 03:00:00,0.03395,0.034,0.03373,0.03385,2820846,95533.46753,1225,1456793,49333.16491,-0.0005904930617065,ARPA-USDT,0.0339427046372067,0.0339640796865178,
2022-09-24 04:00:00,0.0338399999999999,0.03404,0.0338399999999999,0.034,2540097,86158.20446,1014,1373056,46576.88745,-0.0008815750808108,ARPA-USDT,0.0338538582760444,0.0338780368898431,
2022-09-24 05:00:00,0.03401,0.03418,0.0338399999999999,0.03418,4202614,142845.23722,1339,2555609,86863.31217,0.0014649868151186,ARPA-USDT,0.0340219991085357,0.0340350247225801,
2022-09-24 06:00:00,0.03416,0.03418,0.03393,0.03403,4290251,146075.62993,1639,2319173,78959.0083,-0.0005873715124816,ARPA-USDT,0.0341602719302053,0.0341460617699894,
2022-09-24 07:00:00,0.03403,0.03406,0.03363,0.03374,5232807,177199.97938,1602,2372710,80388.45777,-0.0005924170616113,ARPA-USDT,0.0340447028641001,0.0340272369268665,
2022-09-24 08:00:00,0.03374,0.03391,0.03342,0.0339,4942260,166285.11401,1562,2010868,67748.86516,-0.0005896226415094,ARPA-USDT,0.0337343329128218,0.0337014510203013,0.0001
2022-09-24 09:00:00,0.0339,0.03399,0.03381,0.03399,2837041,96214.62001,1139,1342747,45550.17384,0.0,ARPA-USDT,0.0339214552485802,0.0339019555357387,
2022-09-24 10:00:00,0.03396,0.034,0.03378,0.03386,2867911,97211.8714,1062,1142348,38724.40983,-0.0005903187721368,ARPA-USDT,0.0339745234148207,0.0339516089347348,
2022-09-24 11:00:00,0.03386,0.03404,0.03385,0.03388,2638363,89546.11499,933,1288033,43717.25606,0.0,ARPA-USDT,0.033864114991369,0.0338839797599025,
2022-09-24 12:00:00,0.03387,0.03413,0.03387,0.03404,2590782,88148.04488,1048,1623152,55229.86818,0.0,ARPA-USDT,0.033883913985898,0.0339144812283717,
2022-09-24 13:00:00,0.03403,0.03418,0.03394,0.03398,4556107,155197.17249,1311,2393822,81539.16038,-0.0011757789535566,ARPA-USDT,0.0340281956538199,0.0340262087712785,
2022-09-24 14:00:00,0.03398,0.03404,0.03383,0.03388,2856703,96958.63939,947,1194768,40567.27112,-0.0002950722927117,ARPA-USDT,0.0339931345782825,0.0339994017960192,
2022-09-24 15:00:00,0.03388,0.03404,0.03388,0.034,2936734,99639.73493,1079,1632178,55377.98495,-0.0011750881316098,ARPA-USDT,0.033892435174574,0.0339281587708421,
2022-09-24 16:00:00,0.03402,0.03414,0.03399,0.03404,3095542,105432.67943,1074,1865864,63541.28261,-0.0011737089201877,ARPA-USDT,0.0340682103219402,0.0340725342430697,0.0001
2022-09-24 17:00:00,0.03404,0.03444,0.03403,0.03406,13244391,453861.76746,2501,7218318,247262.55896,-0.0008800234672925,ARPA-USDT,0.034069085735202,0.0340785952708552,
2022-09-24 18:00:00,0.03405,0.03415,0.03391,0.03413,4129332,140424.43081,1097,2593563,88197.61984,-0.0005856515373352,ARPA-USDT,0.0340109884886455,0.0340015725201954,
2022-09-24 19:00:00,0.03411,0.03418,0.03403,0.03414,2900451,98941.61595,914,1270014,43339.83546,-0.0011702750146286,ARPA-USDT,0.0341236446827639,0.0341017770792473,
2022-09-24 20:00:00,0.03415,0.03426,0.03405,0.0342,3624350,123835.86166,1002,1687548,57674.22787,-0.0008764241893074,ARPA-USDT,0.0341545703850674,0.0341726698635068,
2022-09-24 21:00:00,0.03419,0.03424,0.0336,0.03376,7630776,258091.88908,1627,3501063,118391.76799,-0.0011834319526626,ARPA-USDT,0.0341955909419915,0.0342103954885096,
2022-09-24 22:00:00,0.03376,0.03376,0.03325,0.03351,5476512,183571.13101,1474,2018203,67627.01229,-0.0005964807634953,ARPA-USDT,0.0337504714903984,0.0337245442235708,
2022-09-24 23:00:00,0.03349,0.03355,0.03331,0.03344,3478250,116394.97133,1147,1268484,42448.64932,-0.0005977286312014,ARPA-USDT,0.03347665885803,0.0335044004622391,
2022-09-25 00:00:00,0.03343,0.03368,0.0333399999999999,0.03368,4159281,139290.86098,1453,1544765,51749.29959,0.0,ARPA-USDT,0.0334361012140517,0.0334441870029437,0.0001
2022-09-25 01:00:00,0.03367,0.03375,0.03361,0.0337,2142256,72149.75271,805,1041045,35058.9994,-0.0002966478789675,ARPA-USDT,0.0336861545896077,0.0336570479226015,
2022-09-25 02:00:00,0.03369,0.03372,0.03361,0.03369,2151362,72440.75343,885,1083050,36472.52851,-0.0008896797153025,ARPA-USDT,0.0336851366611798,0.0336910299111723,
2022-09-25 03:00:00,0.03367,0.03388,0.03362,0.03386,2101870,70995.06708,988,1012727,34202.28963,-0.0002952465308531,ARPA-USDT,0.0336752241244779,0.0336760018755295,
2022-09-25 04:00:00,0.03386,0.03394,0.03383,0.03383,2385131,80789.05342,1017,1146229,38828.64706,-0.0014757969303423,ARPA-USDT,0.0338553588338324,0.0338648606254182,
2022-09-25 05:00:00,0.0338399999999999,0.03388,0.03361,0.03379,3356459,113282.86396,1133,1322373,44605.4054,-0.0002958579881655,ARPA-USDT,0.0338379283225211,0.0338425586634078,
2022-09-25 06:00:00,0.03379,0.0338199999999999,0.03371,0.03371,3559552,120149.82854,1281,1100238,37143.71759,-0.0011851851851852,ARPA-USDT,0.0338046372751105,0.0337683541838375,
2022-09-25 07:00:00,0.03371,0.03394,0.03368,0.03381,4460717,150844.59705,1262,1459030,49336.14542,-0.0008865248226951,ARPA-USDT,0.0337307790887638,0.0337473456092441,
2022-09-25 08:00:00,0.0338199999999999,0.03388,0.03376,0.03388,2013006,68083.96937,816,1199893,40586.56843,-0.0008846947803008,ARPA-USDT,0.0338239331018128,0.0338343124004955,0.0001
2022-09-25 09:00:00,0.03388,0.03388,0.03366,0.03372,2597253,87765.31137,894,1125493,38033.01171,-0.0014806040864673,ARPA-USDT,0.0338785178820995,0.0338648491800854,
2022-09-25 10:00:00,0.03373,0.0338899999999999,0.03362,0.0338399999999999,3897240,131684.15049,1186,2023411,68358.66611,-0.0011806375442768,ARPA-USDT,0.033753449410201,0.0337692701642702,
2022-09-25 11:00:00,0.03385,0.0340699999999999,0.03385,0.034,6602675,224265.87497,1542,3959688,134512.90982,0.0002942041776994,ARPA-USDT,0.033883318369047,0.0339169733536432,
2022-09-25 12:00:00,0.03398,0.03411,0.0338199999999999,0.0339,5518535,187562.40161,1418,3260634,110851.68339,0.0,ARPA-USDT,0.0340081978435221,0.0340019711202073,
2022-09-25 13:00:00,0.0338899999999999,0.0338899999999999,0.0333399999999999,0.03352,8141025,273577.42894,1670,3335625,112256.26666,-0.0005963029218842,ARPA-USDT,0.033853976802378,0.0338417489646824,
2022-09-25 14:00:00,0.03353,0.0335699999999999,0.03327,0.03349,5291831,176878.06203,1551,2078966,69522.26249,-0.0008949880668258,ARPA-USDT,0.0335260906800524,0.0335469230057389,
2022-09-25 15:00:00,0.03348,0.03372,0.03344,0.03368,3922031,131827.75129,1082,1872338,62915.44999,-0.0011862396204033,ARPA-USDT,0.0334733241644721,0.0334717795552917,
2022-09-25 16:00:00,0.03368,0.03387,0.03341,0.03347,4480626,151123.29084,1289,2503102,84423.66156,-0.0002986857825568,ARPA-USDT,0.033681797169697,0.0337180013930132,-8e-07
2022-09-25 17:00:00,0.03347,0.03374,0.03321,0.0337,4650975,155510.67163,1308,2497267,83511.76853,0.0,ARPA-USDT,0.0334777081272084,0.0333719944600402,
2022-09-25 18:00:00,0.03369,0.03383,0.03354,0.03373,4108641,138288.15993,1086,2398661,80718.39439,-0.0005925925925925,ARPA-USDT,0.0336692161300094,0.0336531379669218,
2022-09-25 19:00:00,0.03373,0.03377,0.03352,0.03358,3571645,120264.91887,955,2011388,67727.10038,0.0,ARPA-USDT,0.0337397493447119,0.0337180142449663,
2022-09-25 20:00:00,0.03358,0.0336,0.03335,0.03342,3293796,110309.39835,934,1714347,57418.70589,-0.0005980861244019,ARPA-USDT,0.0335787459022594,0.033573813282977,
2022-09-25 21:00:00,0.03342,0.03345,0.03295,0.03313,6556973,217624.61281,1589,2530372,84058.88426,0.0006040471156749,ARPA-USDT,0.0334131001763372,0.0333890399793595,
2022-09-25 22:00:00,0.03312,0.03349,0.0328,0.03316,6771160,224485.74485,1859,3354611,111170.06936,-0.0012048192771083,ARPA-USDT,0.033038612105572,0.0329342871753199,
2022-09-25 23:00:00,0.03316,0.03342,0.03304,0.03316,6314046,209533.91448,1485,3110367,103225.9738,-0.0012048192771083,ARPA-USDT,0.0331274036903604,0.0331300276277941,
2022-09-26 00:00:00,0.03315,0.03351,0.03295,0.033,7969252,264853.15329,2121,4124649,137043.28879,-0.0012106537530265,ARPA-USDT,0.0331506759700623,0.0331269162255936,0.0001
2022-09-26 01:00:00,0.03299,0.0333199999999999,0.03283,0.03328,5036019,166510.54751,1410,2796019,92422.84814,0.0,ARPA-USDT,0.0329820437358713,0.0329337822704022,
2022-09-26 02:00:00,0.03329,0.03344,0.03305,0.03305,4339384,144477.42376,1141,1678164,55879.96821,-0.0012088244182532,ARPA-USDT,0.0332937917142189,0.033296624009133,
2022-09-26 03:00:00,0.03305,0.03323,0.03293,0.03305,4640880,153336.81704,1269,1871822,61847.38784,-0.0012088244182532,ARPA-USDT,0.0330610083322899,0.0330071558575672,
2022-09-26 04:00:00,0.03305,0.03322,0.03282,0.03282,5858153,193602.56339,1265,3164486,104619.26239,-0.0009132420091322,ARPA-USDT,0.0330406152869536,0.0330364625439957,
2022-09-26 05:00:00,0.03282,0.0328899999999999,0.03247,0.0327,7210666,235926.37916,1656,3519001,115217.09713,-0.0015267175572519,ARPA-USDT,0.0328318329720524,0.032847819835444,
2022-09-26 06:00:00,0.03269,0.0328,0.0324,0.03248,7075785,230739.64588,1811,3420939,111555.57719,-0.0015370427297879,ARPA-USDT,0.0327214681057926,0.0327157762412224,
2022-09-26 07:00:00,0.03248,0.03312,0.03247,0.033,8188857,269726.55222,1916,3552714,116829.58474,-0.0006056935190793,ARPA-USDT,0.032497350476825,0.0326617269507408,
2022-09-26 08:00:00,0.033,0.0335899999999999,0.03297,0.0335699999999999,7978024,265793.35839,2094,3854292,128402.55832,-3.1086244689504387e-15,ARPA-USDT,0.0330170258803951,0.0330347707016421,0.0001
2022-09-26 09:00:00,0.03356,0.03362,0.03315,0.03316,7740142,258641.40187,1947,3278702,109565.9824,-0.0009038867128652,ARPA-USDT,0.0335844206194834,0.0335883355561279,
2022-09-26 10:00:00,0.03317,0.03344,0.0331399999999999,0.03325,4875780,162286.68704,1319,2728784,90795.19905,-0.0012015620306398,ARPA-USDT,0.0331816633877117,0.0331894980398961,
2022-09-26 11:00:00,0.03326,0.0333399999999999,0.03284,0.03311,5176660,171012.97613999998,1505,2545590,84031.01272,-0.0012066365007541,ARPA-USDT,0.0332846378470921,0.0333021679805818,
2022-09-26 12:00:00,0.0330899999999999,0.03347,0.03302,0.03345,6946148,230616.36946,1808,3329126,110478.25065,0.0005982650314089,ARPA-USDT,0.0330891254586229,0.033077181915988,
2022-09-26 13:00:00,0.03344,0.0338199999999999,0.03327,0.03368,7354079,247057.58336,1770,4201543,141214.28534,-0.0011862396204033,ARPA-USDT,0.0334378943690293,0.0334172009402894,
2022-09-26 14:00:00,0.03368,0.03381,0.03354,0.03361,6165027,207714.99634,1602,2736575,92192.17672,-0.001188707280832,ARPA-USDT,0.0337447644862508,0.0337257502535394,
2022-09-26 15:00:00,0.0336,0.03366,0.0333399999999999,0.0336399999999999,4579446,153459.72375,1612,2326317,77955.99457,-0.00178041543027,ARPA-USDT,0.033597063544055,0.0335964685021243,
2022-09-26 16:00:00,0.0336399999999999,0.03366,0.03319,0.03341,6176425,206437.53012,1798,2677918,89481.03387,-0.0011958146487294,ARPA-USDT,0.0336195842963459,0.0336005568391392,0.0001
2022-09-26 17:00:00,0.03341,0.03352,0.03326,0.03347,3517687,117422.01044,960,1421504,47430.30472,-0.001491646778043,ARPA-USDT,0.0334353591312358,0.0334305359435484,
2022-09-26 18:00:00,0.03345,0.03369,0.03338,0.03362,8373878,280562.23624,1846,4537539,152005.59668,-0.000297353553375,ARPA-USDT,0.0334750475770415,0.0335171061737048,
2022-09-26 19:00:00,0.03362,0.0339,0.03347,0.03361,9504339,319970.20768,1973,4945283,166474.11922,-0.0014854426619133,ARPA-USDT,0.0336511107343311,0.0336175331794412,
2022-09-26 20:00:00,0.03362,0.03369,0.03345,0.03351,4076154,136814.28621,1154,1934614,64941.81488,-0.0008944543828265,ARPA-USDT,0.033623855789364,0.0336184584975604,
2022-09-26 21:00:00,0.03351,0.0335699999999999,0.0333899999999999,0.0334,2977350,99756.90613,964,1581038,52980.53645,-0.0014947683109118,ARPA-USDT,0.0335076154692448,0.0335097315818946,
2022-09-26 22:00:00,0.0333899999999999,0.03378,0.03336,0.03358,4489438,150772.0705,1195,2299468,77203.13538,-0.0011897679952408,ARPA-USDT,0.033380755208952,0.0334516312381622,
2022-09-26 23:00:00,0.0335699999999999,0.03385,0.03354,0.0338199999999999,2778422,93654.8701,912,1068787,36013.75667,-0.0002955956251876,ARPA-USDT,0.0335937774260174,0.0335764086754629,
2022-09-27 00:00:00,0.0338199999999999,0.0346,0.03371,0.03435,17546506,600871.4413000001,3615,10818504,370620.69525,-0.0023235550392101,ARPA-USDT,0.033832299405332,0.0337638303474113,0.0001
2022-09-27 01:00:00,0.03438,0.03493,0.03428,0.0348,12407136,429181.61803,2315,5705664,197402.33987,0.0,ARPA-USDT,0.0344029699686968,0.0343507903930037,
2022-09-27 02:00:00,0.0348,0.0349,0.03457,0.03471,11799558,410052.6649,2192,4206375,146250.73422,-0.0005758710048948,ARPA-USDT,0.0348407588671099,0.0347925554992461,
2022-09-27 03:00:00,0.03472,0.03499,0.03469,0.03488,8582998,299385.32125,1635,3349010,116789.04176,0.0,ARPA-USDT,0.034720697481494,0.0348179466214791,
2022-09-27 04:00:00,0.03487,0.03523,0.03487,0.035,9754235,341921.96012,2171,5406507,189531.56057,0.0002857959416977,ARPA-USDT,0.0349463145107124,0.0350173203769309,
2022-09-27 05:00:00,0.035,0.03517,0.03486,0.0351,6807475,238526.85975,1573,2463730,86326.05694,-0.0005694760820045,ARPA-USDT,0.0350440985111642,0.0350571357640986,
2022-09-27 06:00:00,0.0350899999999999,0.0353399999999999,0.03507,0.03507,9070693,318956.16446,1836,4454834,156661.61083,-0.0008547008547009,ARPA-USDT,0.0350980209751343,0.0351242464721232,
2022-09-27 07:00:00,0.0350899999999999,0.0352,0.03489,0.0349,5075323,177863.90654,1413,2347113,82288.12528000001,0.000286615075953,ARPA-USDT,0.0351189371930255,0.0351321757228364,
2022-09-27 08:00:00,0.0349,0.03497,0.03469,0.03473,3717220,129528.05062,1320,2012408,70132.59182,0.0,ARPA-USDT,0.0349347310042871,0.0349494755393722,0.0001
2022-09-27 09:00:00,0.03473,0.03477,0.0346,0.03476,3338255,115820.36422,1045,2028775,70398.68402,0.0,ARPA-USDT,0.0347363047714278,0.0347311114787807,
2022-09-27 10:00:00,0.03474,0.03478,0.03462,0.03465,2833973,98355.51588,778,1208376,41938.0536,-0.0005768676088837,ARPA-USDT,0.0347693161416182,0.0347566586464904,
2022-09-27 11:00:00,0.03465,0.0347899999999999,0.03437,0.03453,10093247,349278.13034000003,2141,4683513,162160.44514,-0.0002895193977997,ARPA-USDT,0.0346708556919066,0.0346763715754178,
2022-09-27 12:00:00,0.03453,0.03477,0.0345,0.03465,6493957,224815.35769,1808,3493904,120957.85827,0.0,ARPA-USDT,0.034525547801336,0.0345295184763815,
2022-09-27 13:00:00,0.03464,0.03503,0.03445,0.03483,9466983,329030.95983,2058,4246992,147608.32701,-0.000573888091822,ARPA-USDT,0.034641955369274,0.034562657318558,
2022-09-27 14:00:00,0.03483,0.03485,0.03444,0.03475,7957956,275735.29652,1797,3971979,137658.38263,-0.000575208513086,ARPA-USDT,0.0347903665534583,0.0346900156422144,
2022-09-27 15:00:00,0.03476,0.03481,0.03417,0.03433,15389614,529937.06898,3181,6067755,208987.84416,-0.0005822416302765,ARPA-USDT,0.0347703123161828,0.0347409284883131,
2022-09-27 16:00:00,0.03433,0.03456,0.03323,0.03355,20069865,681198.60747,4033,11555316,392497.73789,-0.0005957700327673,ARPA-USDT,0.0343845464717781,0.034398096281613,0.0001
2022-09-27 17:00:00,0.03352,0.03352,0.03315,0.03322,7782719,259531.56967,1884,4134810,137907.38526,-0.0009022556390978,ARPA-USDT,0.0334831004437709,0.033386050314148,
2022-09-27 18:00:00,0.03321,0.0335,0.03292,0.03347,10087495,335380.14067,2224,5734502,190723.20447,-0.0008955223880597,ARPA-USDT,0.0331916048902824,0.0332070885545311,
2022-09-27 19:00:00,0.03346,0.03347,0.03315,0.0333399999999999,10528504,351109.07004,1906,4302541,143460.31897,-0.0005995203836961,ARPA-USDT,0.0334212048065743,0.0333946551346714,
2022-09-27 20:00:00,0.0333399999999999,0.03335,0.03306,0.03333,6995225,232466.97134,1807,3151675,104734.11324,-0.0008992805755396,ARPA-USDT,0.0333181524234599,0.0332971385566812,
2022-09-27 21:00:00,0.03333,0.03345,0.03325,0.03336,3127441,104233.00073,906,1401467,46725.14115,-0.0005991611743558,ARPA-USDT,0.0333354711275848,0.0333059916179801,
2022-09-27 22:00:00,0.0333399999999999,0.03354,0.0332,0.03352,4683567,156560.41889,1118,2226048,74404.55972,-0.0005963029218842,ARPA-USDT,0.033356461469952,0.0333576376233266,
2022-09-27 23:00:00,0.03352,0.03371,0.03345,0.0335,5171392,173613.42995,1417,2436214,81809.37423,-0.0005966587112171,ARPA-USDT,0.0335057749229634,0.0335275885601042,
2022-09-28 00:00:00,0.0335,0.03375,0.03347,0.03354,5440535,182861.14218,1772,2459476,82672.71638,-0.000893655049151,ARPA-USDT,0.0334813198298187,0.0335146143297348,0.0001
2022-09-28 01:00:00,0.03355,0.03367,0.03273,0.03282,12173822,402769.13385,2517,3620892,119587.63665,-0.0012172854534387,ARPA-USDT,0.0335690369729766,0.0335680931299906,
2022-09-28 02:00:00,0.03281,0.033,0.03227,0.03254,14885375,485507.49755,2817,7676757,250497.16914,-0.0012277470841006,ARPA-USDT,0.032824209772665,0.0328986357383562,
2022-09-28 03:00:00,0.03254,0.03278,0.03253,0.0327,6565046,214518.6973,1634,2466997,80630.53094,-0.0015267175572519,ARPA-USDT,0.0325737061252761,0.0326054432196849,
2022-09-28 04:00:00,0.03271,0.03283,0.0326,0.0327,4243279,138762.7758,1295,2145532,70166.77193,-0.000916590284143,ARPA-USDT,0.0326687179502119,0.0326509990763279,
2022-09-28 05:00:00,0.0327,0.03286,0.0326,0.03285,3579622,117154.88762,1031,1869087,61181.64636,-0.0003043213633597,ARPA-USDT,0.0327172601203751,0.0327283321326913,
2022-09-28 06:00:00,0.03285,0.03298,0.03263,0.03267,5151639,169150.48768,1583,2509638,82428.97535,-0.0006118078923217,ARPA-USDT,0.0328601816019929,0.0329079774784899,
2022-09-28 07:00:00,0.03267,0.03281,0.03238,0.03276,7416192,241900.72593,1881,2890731,94320.04936,-0.0009149130832571,ARPA-USDT,0.0326832447587585,0.032676796900598,
2022-09-28 08:00:00,0.03275,0.03285,0.03256,0.03263,8794129,287269.72811,2058,4179551,136530.09446,-0.0009185548071035,ARPA-USDT,0.0327658990053333,0.0328007068144762,0.0001
2022-09-28 09:00:00,0.03263,0.03272,0.03242,0.0326399999999999,7848407,255678.05137,2022,4078415,132854.59362,-0.0003062787136324,ARPA-USDT,0.0326373898144498,0.0326435284066351,
2022-09-28 10:00:00,0.03263,0.03307,0.03258,0.03295,11259647,370406.78601,2686,6185144,203330.31053,-0.0009096422073985,ARPA-USDT,0.032593666039953,0.0327370236636685,
2022-09-28 11:00:00,0.03294,0.03298,0.03278,0.03284,6504924,213848.30485,1604,2951673,97062.81971,-0.0006086427267193,ARPA-USDT,0.0329516380752179,0.0329196635510585,
2022-09-28 12:00:00,0.03285,0.03313,0.03284,0.03301,6972091,229913.44747,1612,2961799,97656.30377,-0.00090799031477,ARPA-USDT,0.0328749554343488,0.032945578457726,
2022-09-28 13:00:00,0.03301,0.0332,0.03291,0.03315,8305424,274666.60912,1897,3753417,124117.00429,-0.0003015681544029,ARPA-USDT,0.0330164313099041,0.0330525087964156,
2022-09-28 14:00:00,0.03315,0.03348,0.03301,0.0333,9440208,313884.22527,2336,3531710,117379.74609,-0.0011997600479903,ARPA-USDT,0.0332219588560755,0.0331755789321652,
2022-09-28 15:00:00,0.03331,0.03341,0.03315,0.0333899999999999,5380048,179073.29837,1666,2609096,86818.3288,-0.0002994011976077,ARPA-USDT,0.0332999508937411,0.0333298100681572,
2022-09-28 16:00:00,0.0333899999999999,0.03355,0.03335,0.0333899999999999,5967682,199654.32417,1813,2817728,94292.21275,-0.0008976660682256,ARPA-USDT,0.0334150866199632,0.0334608676821747,0.0001
2022-09-28 17:00:00,0.0334,0.0335899999999999,0.03322,0.03349,9066442,303345.68806,1903,5314386,177837.17109,-0.0008949880668258,ARPA-USDT,0.0334264801295787,0.0334220903024872,
2022-09-28 18:00:00,0.0335,0.03385,0.03347,0.03372,13712490,461462.18886,2936,7869950,264709.53269,0.0,ARPA-USDT,0.0334874164994227,0.0335239435200666,
2022-09-28 19:00:00,0.03372,0.03381,0.0335899999999999,0.03371,7755919,261451.56906,1773,3958357,133427.58165,-0.0005929439667953,ARPA-USDT,0.0337135379149313,0.0337393813748141,
2022-09-28 20:00:00,0.03372,0.0338899999999999,0.03367,0.0338399999999999,7467916,252353.9068,1744,3688425,124624.99966,0.0002955956251817,ARPA-USDT,0.033725613822388,0.0337592561141517,
2022-09-28 21:00:00,0.0338199999999999,0.03385,0.03366,0.03368,3433662,115925.32475,1058,1458223,49229.68461,0.0005941770647652,ARPA-USDT,0.0338387422371269,0.0338148801788952,
2022-09-28 22:00:00,0.03368,0.03373,0.03344,0.03355,5085952,170835.81302,1327,2650068,89061.63501,-0.0005957700327673,ARPA-USDT,0.0336889828997229,0.0336962132427048,
2022-09-28 23:00:00,0.03355,0.03386,0.0335,0.03353,6019789,202866.88489,1439,3027443,102068.39281,0.0,ARPA-USDT,0.0335797719011268,0.0336098246839141,
2022-09-29 00:00:00,0.03354,0.03383,0.0333399999999999,0.03346,7246785,243443.44733,1962,3049733,102414.95837,-0.0005973715651136,ARPA-USDT,0.0335369397077006,0.033618655091468,0.0001
2022-09-29 01:00:00,0.03345,0.03383,0.03343,0.0337,2892019,97362.75682,1028,1523026,51269.1956,-0.0011855364552459,ARPA-USDT,0.0334491633147857,0.0334742414126715,
2022-09-29 02:00:00,0.03371,0.03376,0.03336,0.0335,7611528,255083.54644,1874,3183703,106689.83716,-0.0002984183825722,ARPA-USDT,0.0337048857852877,0.0336950794361645,
2022-09-29 03:00:00,0.03349,0.03363,0.03343,0.03354,4546542,152483.72031,1375,1756960,58921.67393,0.0,ARPA-USDT,0.0335094491857839,0.0334903555746579,
2022-09-29 04:00:00,0.03355,0.0337,0.03355,0.03363,4904651,164932.98707,1194,2658976,89405.55451,0.0002974419988104,ARPA-USDT,0.0335576315641664,0.0336097680277444,
2022-09-29 05:00:00,0.03363,0.03366,0.03329,0.0333899999999999,5398131,180913.20364,1169,2119530,71069.1202,-0.0002994011976077,ARPA-USDT,0.0336358850837381,0.0336042148158271,
2022-09-29 06:00:00,0.03338,0.03338,0.03319,0.03327,5697847,189647.0915,1339,2705781,90051.16,-0.0012008405884118,ARPA-USDT,0.033339410121673,0.0333253712696824,
2022-09-29 07:00:00,0.03329,0.0333199999999999,0.03302,0.03318,7286831,241524.96143,1544,3532237,117047.56569,-0.0012040939193256,ARPA-USDT,0.0333016692783183,0.0332518795520774,
2022-09-29 08:00:00,0.03317,0.03326,0.03307,0.03313,3935795,130511.1537,1128,1986272,65855.0078,-0.0003017501508751,ARPA-USDT,0.0331513831390906,0.0331673977943828,0.0001
2022-09-29 09:00:00,0.03313,0.03346,0.03312,0.03337,4220177,140533.13209,1269,1983356,66037.08919,-0.0008982035928144,ARPA-USDT,0.0331425111341459,0.0331687074964871,
2022-09-29 10:00:00,0.03337,0.03344,0.03328,0.03335,3080320,102721.43092,992,1742743,58120.47941,-0.0002997601918466,ARPA-USDT,0.0333752201333978,0.033359158040724,
2022-09-29 11:00:00,0.0333399999999999,0.03349,0.03326,0.0333399999999999,4564239,152339.66906,1068,1902868,63514.70317,-3.1086244689504387e-15,ARPA-USDT,0.033357509046307,0.0333451156733558,
2022-09-29 12:00:00,0.0333199999999999,0.0333199999999999,0.03292,0.0330899999999999,7618008,252458.52479,1861,4191825,138916.54937,-3.1086244689504387e-15,ARPA-USDT,0.0333052418776352,0.033299119444345,
2022-09-29 13:00:00,0.0331,0.0333399999999999,0.03276,0.03294,9879624,326229.90517,1988,5278675,174185.01929,0.0003036744609776,ARPA-USDT,0.0331048118071614,0.0330904085209378,
2022-09-29 14:00:00,0.03291,0.03325,0.03279,0.03319,6946306,229274.89384,1718,3200281,105573.00775,-0.0009030704394943,ARPA-USDT,0.0329057197263765,0.0328633244815767,
2022-09-29 15:00:00,0.03319,0.03336,0.03311,0.0333399999999999,5438733,180783.5459,1649,2340289,77806.21116,-0.0005995203836961,ARPA-USDT,0.0332122625894234,0.0332088065329678,
2022-09-29 16:00:00,0.03333,0.03356,0.0331,0.0333399999999999,6173327,205890.93971,1634,2757357,91872.54395,-0.0008990110878064,ARPA-USDT,0.0333388058712781,0.0333344938638641,0.0001
2022-09-29 17:00:00,0.0333399999999999,0.03345,0.03312,0.03313,4705380,156761.15906,1111,2490270,82962.34128,-0.0012059089538739,ARPA-USDT,0.0333586168434185,0.0333752413616298,
2022-09-29 18:00:00,0.0331399999999999,0.03363,0.0331399999999999,0.0333,15309595,511063.69328,2843,8746191,291904.21579,-0.0009000900090007,ARPA-USDT,0.0331520438439728,0.0333155541721172,
2022-09-29 19:00:00,0.03331,0.03352,0.03331,0.03344,5456460,182319.35745,1427,2571441,85932.75749,-0.0008963250672244,ARPA-USDT,0.033334093468634,0.0333713920357888,
2022-09-29 20:00:00,0.03344,0.03362,0.03343,0.03362,7060727,236613.70152,1560,3758022,125954.75239,0.0,ARPA-USDT,0.0334688122740271,0.03346836173612,
2022-09-29 21:00:00,0.03362,0.03367,0.03349,0.03351,3637855,122256.96179,956,1566093,52643.5329,0.0,ARPA-USDT,0.0336284281802539,0.0336268293176793,
2022-09-29 22:00:00,0.03353,0.03373,0.0333399999999999,0.03338,4624941,155148.1948,1209,1773898,59533.95229,0.0,ARPA-USDT,0.0335378586798235,0.0335929539178618,
2022-09-29 23:00:00,0.0334,0.03375,0.03338,0.03369,2945113,98931.89865,1054,1452662,48768.11619,-0.0002967359050446,ARPA-USDT,0.033397991832705,0.0334483081068739,
2022-09-30 00:00:00,0.03369,0.03388,0.03343,0.0337,9611759,323500.17386,2280,5047726,169887.58639,-0.0002966478789675,ARPA-USDT,0.0337471074093745,0.0337097747499584,0.0001
2022-09-30 01:00:00,0.03372,0.03376,0.03347,0.03371,4151125,139617.94275,1075,1687560,56750.14258,0.0,ARPA-USDT,0.0337087086274366,0.0337198080137691,
2022-09-30 02:00:00,0.03371,0.0338,0.0335699999999999,0.0336399999999999,4244822,142957.30402,1073,1929531,64996.38365,-0.0005941770647683,ARPA-USDT,0.0336979698025676,0.0337099995437325,
2022-09-30 03:00:00,0.03363,0.03376,0.0335,0.0335899999999999,3623492,121920.57464,957,2094424,70483.56223,-3.1086244689504387e-15,ARPA-USDT,0.0336759051428884,0.0336872657452772,
2022-09-30 04:00:00,0.0335899999999999,0.0338,0.03355,0.03376,5131679,172908.72331,1200,2875595,96884.3383,-0.0002961208172935,ARPA-USDT,0.0335957077638599,0.0335925430529109,
2022-09-30 05:00:00,0.03374,0.03381,0.03366,0.03373,4109139,138625.46184,1035,2442307,82397.23555,-0.0002963841138113,ARPA-USDT,0.0337402996058627,0.0337112718419205,
2022-09-30 06:00:00,0.03374,0.03377,0.03365,0.03371,3647237,122997.33809,1077,1836077,61923.60074,-0.0005929439667953,ARPA-USDT,0.0337455798597194,0.0337344849851328,
2022-09-30 07:00:00,0.03372,0.03398,0.0337,0.0338399999999999,6444461,218296.34192,1586,3138991,106333.59661,-0.0005906674542263,ARPA-USDT,0.0337196522284996,0.0337412409297854,
2022-09-30 08:00:00,0.03385,0.03436,0.03385,0.0342,29461687,1005264.06156,4105,15005252,511943.94437,-0.0008764241893074,ARPA-USDT,0.0338625796445662,0.0339597075212399,0.0001
2022-09-30 09:00:00,0.0342,0.03423,0.03402,0.03408,10622900,362461.28225,2125,5959266,203388.31116,-0.0002933411557642,ARPA-USDT,0.0341506623574352,0.034169588946889,
2022-09-30 10:00:00,0.03408,0.03412,0.03373,0.03379,10633194,360788.33739,1752,5074374,172268.6141,-0.0005915409642117,ARPA-USDT,0.0340937320437712,0.0340588684316479,
2022-09-30 11:00:00,0.0338,0.0338199999999999,0.03333,0.03358,13841518,465549.13361,2154,4108626,138358.80561,-0.000595238095238,ARPA-USDT,0.0338052781472161,0.0337906917193169,
2022-09-30 12:00:00,0.03358,0.03391,0.03346,0.03369,17796580,598312.3647500001,3390,8767162,294755.83692,0.0,ARPA-USDT,0.0335787056178021,0.0336027799603796,
2022-09-30 13:00:00,0.03369,0.03395,0.0335699999999999,0.0338899999999999,7848607,264955.24617,1710,4559888,153974.80423,-0.0008844339622671,ARPA-USDT,0.0336626781887536,0.0336854324040871,
2022-09-30 14:00:00,0.0339,0.03416,0.03375,0.03414,13986366,474885.82243,2830,6119131,207723.15347,0.0002929973630236,ARPA-USDT,0.0338850659289559,0.0338832262669488,
2022-09-30 15:00:00,0.03415,0.0343199999999999,0.0338199999999999,0.0338899999999999,14835650,505344.09611,2672,5570935,189645.61364,-3.1086244689504387e-15,ARPA-USDT,0.0341914155361304,0.0341919401866886,
2022-09-30 16:00:00,0.0338899999999999,0.03412,0.03383,0.03396,7587406,257522.47598,1744,4085679,138645.46796,-0.0002943773918163,ARPA-USDT,0.0338682602697146,0.0338699700715573,8.53e-05
2022-09-30 17:00:00,0.03397,0.0340899999999999,0.03368,0.03378,7352620,248930.3634,1275,3490754,118194.74819,-0.0008873114463177,ARPA-USDT,0.0339724734503007,0.0339679642961735,
2022-09-30 18:00:00,0.03379,0.03396,0.03367,0.03372,5376566,181813.30701,1221,2684265,90755.4919,-0.0008888888888889,ARPA-USDT,0.0337665363882899,0.0337773173025908,
2022-09-30 19:00:00,0.03371,0.03392,0.03351,0.0335899999999999,6752736,227591.61417,1376,3664711,123556.97644,-0.0008923259964336,ARPA-USDT,0.0337304154102583,0.033794531044028,
2022-09-30 20:00:00,0.03358,0.03373,0.03344,0.0335699999999999,5946083,199639.69666,1557,2569769,86282.6001,-0.0008928571428601,ARPA-USDT,0.0335562984621249,0.0335442947981797,
2022-09-30 21:00:00,0.03356,0.03362,0.0335,0.03355,3410508,114355.19507,853,2297122,77019.79842,-0.0002979737783074,ARPA-USDT,0.0335201079700246,0.0335225191531174,
2022-09-30 22:00:00,0.03353,0.03361,0.03343,0.03358,2078600,69654.29815,864,1162577,38958.3918,-0.0008925914906278,ARPA-USDT,0.0334824500992501,0.0334806012170543,
2022-09-30 23:00:00,0.03358,0.03378,0.03352,0.03372,2279627,76714.0483,764,851462,28649.54458,-0.0008888888888889,ARPA-USDT,0.0335493016429201,0.0335450013490415,
2022-10-01 00:00:00,0.03372,0.03385,0.03369,0.03377,3869195,130668.97469,1259,1356858,45826.72727,-0.0008875739644969,ARPA-USDT,0.0337156971360292,0.0337137545507485,0.0001
2022-10-01 01:00:00,0.03378,0.0339,0.03375,0.0338899999999999,2189596,74073.53687,740,1132063,38297.65976,0.0002951593860653,ARPA-USDT,0.0337668737046838,0.0337743923848524,
2022-10-01 02:00:00,0.0338899999999999,0.03394,0.03385,0.03392,6263667,212309.83814,1495,2707774,91795.82721,0.0002948982601,ARPA-USDT,0.0338925704827129,0.0338866787553291,
2022-10-01 03:00:00,0.03392,0.03398,0.03377,0.03391,7113401,241062.74762,1827,3627758,122947.92953,0.0,ARPA-USDT,0.0339052924735381,0.0339022193821114,
2022-10-01 04:00:00,0.0339,0.03391,0.0338,0.03386,3875905,131228.7213,1092,2155899,73002.63443,0.0005910165484632,ARPA-USDT,0.0339083910161622,0.0338838803939462,
2022-10-01 05:00:00,0.03385,0.03395,0.03374,0.03383,3582878,121234.98744,1065,1872342,63367.22517,0.0,ARPA-USDT,0.0338615018436955,0.0338625493839058,
2022-10-01 06:00:00,0.0338199999999999,0.03383,0.0337,0.0337,3926997,132627.776,1204,1926262,65071.81164,-0.0005931198102016,ARPA-USDT,0.0338231043596114,0.0338247456093471,
2022-10-01 07:00:00,0.0337,0.03388,0.03366,0.03383,3732022,125976.04605,1279,2142057,72326.11314,-0.0002955082742317,ARPA-USDT,0.0337124196079725,0.0337256831294154,
2022-10-01 08:00:00,0.0338399999999999,0.03393,0.0338199999999999,0.0339,4539959,153815.83332,1341,2734832,92664.56257,0.0002950722927115,ARPA-USDT,0.0338678259755188,0.0338417808465753,0.0001
2022-10-01 09:00:00,0.03391,0.03394,0.03381,0.0338899999999999,4047468,137095.93801,1107,1867660,63267.81133,-0.0008844339622671,ARPA-USDT,0.0339129227126928,0.033906259473089,
2022-10-01 10:00:00,0.0339,0.03398,0.0338399999999999,0.03391,3682910,124881.25318,1186,1577857,53507.29007,-0.0005894488653108,ARPA-USDT,0.0339191142791047,0.0339103792168326,
2022-10-01 11:00:00,0.03391,0.03394,0.0336,0.03385,4761613,160864.63893,1127,1898954,64159.16566,-0.0002953337271117,ARPA-USDT,0.0339047266160379,0.0339038264846584,
2022-10-01 12:00:00,0.0338399999999999,0.03385,0.03369,0.03381,3707333,125219.29472,972,1655376,55895.97289,-0.0008865248226951,ARPA-USDT,0.0338401421457235,0.0338133864690049,
2022-10-01 13:00:00,0.0338199999999999,0.03394,0.03379,0.03386,4211938,142591.24203,890,2160817,73159.6692,-0.0008852168781352,ARPA-USDT,0.0338119156189758,0.033809022855498,
2022-10-01 14:00:00,0.03386,0.03387,0.03371,0.03379,5182946,175092.39802999998,991,2465867,83287.95122,0.0002960331557135,ARPA-USDT,0.0338602590377944,0.0338642121907468,
2022-10-01 15:00:00,0.03378,0.03392,0.03372,0.03388,3040271,102843.87557,961,1661780,56201.35001,-0.0002950722927117,ARPA-USDT,0.0337614625640392,0.0337567937521752,
2022-10-01 16:00:00,0.03388,0.03391,0.03356,0.0336399999999999,5422913,182887.25597,1219,2779849,93743.11872,-0.0008910008910038,ARPA-USDT,0.0338944953145334,0.0338839213124483,0.0001
2022-10-01 17:00:00,0.03365,0.03366,0.0335,0.03356,3918339,131555.30219000002,812,1399855,47015.35509,-0.0005955926146515,ARPA-USDT,0.0336581325221531,0.0336286938002162,
2022-10-01 18:00:00,0.03355,0.03368,0.03338,0.03367,3820965,128100.4674,1093,1918316,64326.67671,-0.0002969121140143,ARPA-USDT,0.0335285980052493,0.0335346270182903,
2022-10-01 19:00:00,0.03368,0.03371,0.03355,0.03365,2221575,74768.7742,756,1237808,41663.42129,-0.0014836795252225,ARPA-USDT,0.0336589369534802,0.0336687310019094,
2022-10-01 20:00:00,0.03366,0.03374,0.03348,0.03367,4265377,143432.19482,982,2375015,79877.69814000001,-0.0005936479667556,ARPA-USDT,0.0336304006697677,0.0336197931675236,
2022-10-01 21:00:00,0.03367,0.03375,0.03365,0.03367,2410057,81201.60182,813,1284933,43300.52244,-0.0014827995255042,ARPA-USDT,0.0336741873357572,0.0336710499781471,
2022-10-01 22:00:00,0.0337,0.03379,0.03368,0.03375,2246421,75791.06164,581,1080870,36475.23081,0.0,ARPA-USDT,0.0337011688866596,0.0337173744522813,
2022-10-01 23:00:00,0.03374,0.03378,0.03365,0.03367,3330897,112281.08755,836,920468,31037.7569,-0.0002969121140143,ARPA-USDT,0.0337419747235387,0.033754458307528,
2022-10-02 00:00:00,0.03367,0.03383,0.0336399999999999,0.03367,4270262,143949.14472,1287,2259550,76169.45921,-0.0005936479667556,ARPA-USDT,0.0336825851495101,0.0336704544022678,0.0001
2022-10-02 01:00:00,0.03368,0.03381,0.03365,0.0338,1656906,55906.10371,546,1189887,40152.75683,0.0,ARPA-USDT,0.0336811217629977,0.033701283341119,
2022-10-02 02:00:00,0.03381,0.03391,0.03379,0.03383,1771534,59966.16867,562,845846,28634.67865,-0.0005908419497784,ARPA-USDT,0.0338116975235382,0.0338285912724363,
2022-10-02 03:00:00,0.0338399999999999,0.0339,0.03378,0.0338199999999999,1811339,61280.11071,618,581358,19674.47104,0.0002957704821029,ARPA-USDT,0.0338627691462872,0.0338782141487511,
2022-10-02 04:00:00,0.03381,0.03392,0.03379,0.0339,2928814,99140.7321,699,1111209,37624.02758,0.0,ARPA-USDT,0.0338327046922815,0.0338110550487127,
2022-10-02 05:00:00,0.0338899999999999,0.03398,0.0338,0.0338399999999999,4571559,154974.96991,887,2415219,81897.13898999999,-0.0002954209748922,ARPA-USDT,0.0338782463045569,0.0338546244956548,
2022-10-02 06:00:00,0.0338399999999999,0.03393,0.03374,0.03374,2022372,68475.9368,659,666784,22574.79419,-0.0011841326228536,ARPA-USDT,0.0338418986786899,0.033851539053285,
2022-10-02 07:00:00,0.03377,0.03383,0.03371,0.03378,2708363,91479.4512,693,1375562,46470.77315,-0.0005917159763313,ARPA-USDT,0.0337676580823177,0.0337623926066082,
2022-10-02 08:00:00,0.03378,0.03383,0.03361,0.03372,4790222,161534.35678,1222,1467903,49494.65894,-0.0002964719833976,ARPA-USDT,0.0337711552256581,0.0337908402873303,0.0001
2022-10-02 09:00:00,0.03371,0.03375,0.03362,0.0337,3457928,116468.63743,936,1388861,46774.90125,-0.0002966478789675,ARPA-USDT,0.0337023481827135,0.033705483614944,
2022-10-02 10:00:00,0.03369,0.0337,0.033,0.03322,14293079,476062.6599,2670,5655499,188237.76935,-0.0006016847172081,ARPA-USDT,0.0336924942354252,0.0336938617344574,
2022-10-02 11:00:00,0.0332,0.03355,0.03317,0.03347,6576232,219517.71071,1586,3372355,112572.62351,-0.0011936735302894,ARPA-USDT,0.0331838783182254,0.0332143959119617,
2022-10-02 12:00:00,0.03347,0.03354,0.03335,0.03349,3558365,119056.1518,1159,2122507,71009.35539,-0.0008949880668258,ARPA-USDT,0.033463003716521,0.0334623356040562,
2022-10-02 13:00:00,0.03347,0.03387,0.03341,0.03367,11178091,375999.20525,1853,5100603,171547.47492,-0.0008902077151335,ARPA-USDT,0.0334758679044579,0.0334902426510635,
2022-10-02 14:00:00,0.03367,0.03371,0.03346,0.03354,6410771,215477.65469,1140,3594419,120852.96359,-0.0005959475566149,ARPA-USDT,0.0336578554309798,0.0336471911865082,
2022-10-02 15:00:00,0.03353,0.0337,0.03349,0.0337,4218451,141600.96931,1152,1811041,60801.43321,0.000296823983378,ARPA-USDT,0.0335144733606726,0.0335229501534144,
2022-10-02 16:00:00,0.03369,0.0338199999999999,0.0335699999999999,0.03379,11428906,385121.93388,2096,6600792,222452.06997,0.0,ARPA-USDT,0.033685628928503,0.033658581881731,5.76e-05
2022-10-02 17:00:00,0.03378,0.03482,0.0335899999999999,0.03379,138844507,4732864.79276,17106,70153290,2389542.08784,0.0002960331557135,ARPA-USDT,0.0337709955254174,0.0338106850270829,
2022-10-02 18:00:00,0.03378,0.03378,0.03349,0.03353,17979717,604034.14569,2851,7954462,267222.27746,-0.0011915400655349,ARPA-USDT,0.033768798763373,0.0337339790829354,
2022-10-02 19:00:00,0.03354,0.03372,0.03352,0.03363,11232628,377685.56687,1681,4529351,152250.48903,-0.0002972651605233,ARPA-USDT,0.0335354638407727,0.0335436750682038,
2022-10-02 20:00:00,0.0336399999999999,0.0337,0.03352,0.03354,5915218,198862.91684,1283,2097913,70551.70306,-0.0005959475566149,ARPA-USDT,0.0336512483697809,0.0336496266806089,
2022-10-02 21:00:00,0.03353,0.03362,0.03337,0.03362,6827184,228497.73334,1385,3159342,105735.3287,0.0002975304968757,ARPA-USDT,0.0335362425114576,0.0335276999576408,
2022-10-02 22:00:00,0.03361,0.03372,0.0333,0.03343,11789524,394434.519,2138,5219757,174661.41943,-0.0008965929468019,ARPA-USDT,0.0335041758590737,0.0334265873655375,
2022-10-02 23:00:00,0.03343,0.03343,0.03295,0.033,19099406,633254.0108,3235,7319888,242660.09728,-0.0015128593040847,ARPA-USDT,0.0334021681814079,0.033384218974287,
2022-10-03 00:00:00,0.033,0.03325,0.03272,0.03325,12136171,400071.32406,2846,5932415,195587.8635,0.0003008423586041,ARPA-USDT,0.0329739353986532,0.032907479078086,-2.486e-05
2022-10-03 01:00:00,0.03325,0.03344,0.03317,0.0334,6272671,209141.90379,1336,2315574,77190.31948,-0.0005984440454817,ARPA-USDT,0.0332359111300548,0.0332207305950612,
2022-10-03 02:00:00,0.0334,0.03367,0.03335,0.0334,8908428,298475.79666,1566,4864796,162994.36242,-0.0011961722488037,ARPA-USDT,0.0333847535984305,0.0334188940865867,
2022-10-03 03:00:00,0.0334,0.03355,0.03337,0.0335,3816925,127697.9818,996,1813617,60675.31535,0.0,ARPA-USDT,0.0334142354572466,0.0334127366330637,
2022-10-03 04:00:00,0.03349,0.03352,0.03313,0.03313,6708930,223386.9827,1453,2392461,79651.42867000001,-0.0015069318866787,ARPA-USDT,0.0335091108092908,0.0334644058287063,
2022-10-03 05:00:00,0.03313,0.0335,0.03301,0.03349,6087258,202246.57168,1590,3037029,100968.44797,-0.0002985074626866,ARPA-USDT,0.0331054492817387,0.0331198055063528,
2022-10-03 06:00:00,0.03348,0.03423,0.03341,0.03344,21819831,735836.18221,3329,12491053,421285.05494,-0.0008963250672244,ARPA-USDT,0.0335227781704999,0.0334914547671352,
2022-10-03 07:00:00,0.03344,0.03365,0.03331,0.03352,6744186,225927.31632,1592,2588167,86708.0649,-0.00119189511323,ARPA-USDT,0.0334364622648524,0.0334324198198742,
2022-10-03 08:00:00,0.03352,0.03371,0.0333399999999999,0.03356,6860711,229976.86243,1573,2999206,100560.71153,-0.0002978850163837,ARPA-USDT,0.0335444585087707,0.0335196601981282,0.0001
2022-10-03 09:00:00,0.03356,0.03361,0.03335,0.03348,5082546,170025.74411,1523,2112722,70684.67328,0.0002987750224081,ARPA-USDT,0.0335804278457196,0.0335267166335354,
2022-10-03 10:00:00,0.03347,0.03368,0.03342,0.03362,4011952,134563.60608,1010,2037538,68349.70624,-0.000297353553375,ARPA-USDT,0.0334668756973157,0.033474149786247,
2022-10-03 11:00:00,0.03362,0.03365,0.03351,0.03361,4048151,135905.16831,966,2131629,71568.05292,-0.00029744199881,ARPA-USDT,0.0336363783264468,0.0336226520502263,
2022-10-03 12:00:00,0.0336,0.03377,0.03355,0.03372,5041055,169531.94077,1223,2634355,88611.75521,0.0,ARPA-USDT,0.0336070460982109,0.0336210627883123,
2022-10-03 13:00:00,0.03371,0.03379,0.03337,0.0335,6384519,214539.41786,1514,2879856,96767.64902,-0.0011926058437685,ARPA-USDT,0.0337409796174856,0.0337507882459561,
2022-10-03 14:00:00,0.03351,0.0338399999999999,0.03351,0.03372,13329583,449365.05256,2481,5319690,179320.46919,-0.0008888888888889,ARPA-USDT,0.0336045726036252,0.0336739992901854,
2022-10-03 15:00:00,0.03372,0.0338899999999999,0.03365,0.03366,5514319,186222.77023,1548,2488128,84025.40477,-0.0008904719501334,ARPA-USDT,0.0337690949106141,0.0337545442419871,
2022-10-03 16:00:00,0.03367,0.0338199999999999,0.03366,0.03376,6265797,211381.91405,1545,3376549,113917.17769,0.0,ARPA-USDT,0.033678109118392,0.0337153731050049,0.0001
2022-10-03 17:00:00,0.03377,0.03388,0.0337,0.03373,6557992,221620.08879,1642,3891577,131501.60619,-0.0002963841138113,ARPA-USDT,0.0337818930277255,0.0337826370291634,
2022-10-03 18:00:00,0.03374,0.03387,0.03353,0.0336,5366238,180926.90954,1532,2016105,67984.06649,-0.0011890606420928,ARPA-USDT,0.0337386249251275,0.03379656452864,
2022-10-03 19:00:00,0.03361,0.0338,0.03352,0.03373,8980684,302109.22712,1952,4794494,161328.61306,-0.0005925925925925,ARPA-USDT,0.0336382842681759,0.0336401450001101,
2022-10-03 20:00:00,0.03374,0.03387,0.03372,0.03387,6366332,215130.34884,1681,4045561,136721.42443,0.0,ARPA-USDT,0.0337695354368712,0.0337782348630022,
2022-10-03 21:00:00,0.03387,0.03391,0.03371,0.03375,4165170,140819.53669,1090,1850895,62562.89115,-0.0005922416345869,ARPA-USDT,0.0338811785082022,0.0338873065665494,
2022-10-03 22:00:00,0.03376,0.0338399999999999,0.0337,0.03377,2692915,90920.12679,880,1300656,43916.80631,0.0,ARPA-USDT,0.0337707909519805,0.0337911390686004,
2022-10-03 23:00:00,0.03376,0.03394,0.03372,0.03374,5416187,183247.83794,1670,2136794,72303.32142,-0.0002962962962963,ARPA-USDT,0.0337828673901303,0.0337951065171767,
2022-10-04 00:00:00,0.03373,0.03393,0.0335899999999999,0.0336399999999999,7723412,260588.48984,2037,4049555,136659.16777,-0.0005941770647683,ARPA-USDT,0.0337272506831616,0.0337131513281126,0.0001
2022-10-04 01:00:00,0.0336399999999999,0.03371,0.03362,0.0337,3596221,121043.82576,1115,2131451,71746.73192,0.0,ARPA-USDT,0.0336501017640324,0.0336485228022977,
2022-10-04 02:00:00,0.03369,0.03371,0.0336,0.03368,3090367,104025.41082,988,1446820,48699.64716,-0.0002968239833777,ARPA-USDT,0.0336987435796128,0.0336983470747435,
2022-10-04 03:00:00,0.03368,0.03383,0.03365,0.03377,2477950,83638.58072,971,1275780,43055.78545,-0.000591891092039,ARPA-USDT,0.0336817223703448,0.0336864599366593,
2022-10-04 04:00:00,0.0338,0.03392,0.03376,0.03383,3568817,120757.34925,978,1573821,53255.40338,-0.0002955082742317,ARPA-USDT,0.0338367251776988,0.0338595134332221,
2022-10-04 05:00:00,0.0338199999999999,0.03392,0.03377,0.03377,3527049,119365.19472,761,1259640,42640.37588,-0.0008875739644969,ARPA-USDT,0.0338328556154097,0.033815567392819,
2022-10-04 06:00:00,0.03379,0.03402,0.03368,0.03397,8521703,288736.62258,1980,3683831,124773.8256,-0.0008823529411765,ARPA-USDT,0.0337546218753912,0.0337298252304338,
2022-10-04 07:00:00,0.03398,0.03412,0.03395,0.03403,6700195,228065.35601,1719,3236332,110181.79418,-0.0008807985907223,ARPA-USDT,0.0339926488159017,0.0339895473865635,
2022-10-04 08:00:00,0.03403,0.03413,0.0338399999999999,0.03391,6935399,235790.96295,1685,3059749,104002.18284,-0.0005894488653108,ARPA-USDT,0.034039270378744,0.0340466047506658,0.0001
2022-10-04 09:00:00,0.03392,0.03413,0.0338,0.03408,7200033,244709.45395,1607,3951077,134266.36408,-0.0002933411557642,ARPA-USDT,0.0339229452009844,0.033937059829649,
2022-10-04 10:00:00,0.03408,0.03444,0.03405,0.03419,16118470,552066.05251,2654,7211813,246861.2598,-0.0005846243788365,ARPA-USDT,0.0340749087667332,0.0340834661214125,
2022-10-04 11:00:00,0.03419,0.03426,0.03405,0.03416,7445405,254268.77934,1278,4029749,137658.37163,0.0,ARPA-USDT,0.0341847003031191,0.0341847089848872,
2022-10-04 12:00:00,0.03416,0.0342,0.03394,0.03414,10539074,359057.15175,2019,4588003,156317.46668,0.0002929973630236,ARPA-USDT,0.0341632705687053,0.0341575110438657,
2022-10-04 13:00:00,0.03414,0.0343399999999999,0.0341,0.0343,9831631,336392.58818,1911,4587253,156960.13192,-0.0005827505827508,ARPA-USDT,0.0341778369009691,0.0341516145409915,
2022-10-04 14:00:00,0.0343199999999999,0.03442,0.03413,0.03421,11270021,386094.74001,2122,5264965,180387.64266,-0.0011678832116789,ARPA-USDT,0.0343321839832434,0.0343433016091246,
2022-10-04 15:00:00,0.03421,0.03429,0.03415,0.03424,5233399,179027.54044,1518,3164103,108231.84576,0.0,ARPA-USDT,0.034210615201184,0.0341899195214977,
2022-10-04 16:00:00,0.03423,0.0343,0.03412,0.03428,6605414,226036.92525,1600,3367686,115255.85867,-0.0005830903790087,ARPA-USDT,0.0342466001552689,0.0342551215899974,0.0001
2022-10-04 17:00:00,0.03427,0.03429,0.03402,0.03423,6857022,234224.62352,1460,3469690,118517.29416,0.0,ARPA-USDT,0.0342550753478117,0.0342598899007798,
2022-10-04 18:00:00,0.03424,0.03433,0.03421,0.03429,4699321,161040.23948,1229,2622488,89864.72216,-0.0002915451895042,ARPA-USDT,0.0342227659907535,0.0342593496499728,
2022-10-04 19:00:00,0.03429,0.03441,0.03423,0.03435,6196418,212680.08007,1319,3031291,104032.38627,-0.0005819028222286,ARPA-USDT,0.0343061254823495,0.0343360339064542,
2022-10-04 20:00:00,0.03436,0.03455,0.03435,0.03446,7744301,266659.54072,1902,3865211,133093.2695,-0.0002901073397157,ARPA-USDT,0.0343794349039579,0.0344172748079376,
2022-10-04 21:00:00,0.03446,0.03449,0.03421,0.03421,5953775,204376.8496,1703,2800872,96162.55857,0.0,ARPA-USDT,0.0344723338413411,0.034454185951695,
2022-10-04 22:00:00,0.03421,0.03424,0.03413,0.03422,4785703,163667.85356,1378,2886730,98723.87598,-0.0005841121495326,ARPA-USDT,0.0342144963520291,0.0342235456111607,
2022-10-04 23:00:00,0.03423,0.03439,0.0342,0.03435,5006012,171705.76288,1599,2691782,92322.43689,-0.0005819028222286,ARPA-USDT,0.0342276908129481,0.0342284423605179,
2022-10-05 00:00:00,0.0343399999999999,0.03437,0.03419,0.03429,6075037,208406.36158,1842,3125774,107234.96919,-0.0002915451895042,ARPA-USDT,0.0343521108179419,0.0343378888757565,0.0001
2022-10-05 01:00:00,0.03429,0.03442,0.03424,0.03433,4996057,171500.91321,1090,2913865,100015.46319,-0.0002912055911474,ARPA-USDT,0.0342673132407593,0.0342875240068335,
2022-10-05 02:00:00,0.03433,0.03445,0.03433,0.0343399999999999,3268138,112348.71928,839,1813205,62326.38101,-0.0011634671320565,ARPA-USDT,0.0343477224750653,0.0343952996753657,
2022-10-05 03:00:00,0.0343399999999999,0.03438,0.03426,0.03435,2650768,90963.68773,809,1232903,42311.90437,-0.0005819028222286,ARPA-USDT,0.0343106968634389,0.0342971257438805,
2022-10-05 04:00:00,0.03436,0.03437,0.03415,0.03423,3409587,116826.41725,837,1528272,52355.45765,-0.0005839416058396,ARPA-USDT,0.034361157838983,0.0343350051405232,
2022-10-05 05:00:00,0.03424,0.03435,0.03423,0.03433,2463898,84470.35072,669,1381278,47355.66849,0.0,ARPA-USDT,0.0342410548019115,0.0342491103827757,
2022-10-05 06:00:00,0.03433,0.0345,0.03433,0.03438,6608169,227407.17006,1508,2891425,99478.1034,-0.0005813953488371,ARPA-USDT,0.0343777689749291,0.0343825611963777,
2022-10-05 07:00:00,0.03438,0.0344,0.03418,0.03421,4000595,137075.45761,1224,1465149,50196.83869,-0.0005842827928717,ARPA-USDT,0.0343664104612513,0.0343594475923577,
2022-10-05 08:00:00,0.03421,0.03422,0.03378,0.03394,14538658,493722.08758,2580,6080638,206413.95622,0.0,ARPA-USDT,0.0341982847714727,0.0341951267664292,0.0001
2022-10-05 09:00:00,0.03394,0.03398,0.03383,0.03385,3641363,123486.5495,1115,1525642,51735.43199,-0.0008854781582054,ARPA-USDT,0.0339438456309445,0.0339379833599842,
2022-10-05 10:00:00,0.0338399999999999,0.03399,0.03383,0.03394,4946174,167794.55524,1168,2437601,82710.03995,-0.0005889281507656,ARPA-USDT,0.0338424026885053,0.0338716704899355,
2022-10-05 11:00:00,0.03394,0.03398,0.03376,0.03379,3803967,128864.08383,1062,1580144,53522.98202,-0.0005915409642117,ARPA-USDT,0.0339476263821669,0.0339578350559674,
2022-10-05 12:00:00,0.03379,0.03386,0.03371,0.03381,7061626,238505.79031,2042,3054364,103157.85609,-0.0008865248226951,ARPA-USDT,0.0337943642081081,0.0337795696042796,
2022-10-05 13:00:00,0.0338,0.03383,0.03351,0.03363,8565906,288148.43139,1920,3756621,126340.28105,-0.0002972651605233,ARPA-USDT,0.0337939902345251,0.0338131649664558,
2022-10-05 14:00:00,0.03363,0.03374,0.03346,0.03355,12349548,414973.86398,2585,6080144,204378.2191,-0.0005957700327673,ARPA-USDT,0.0336056212423,0.033611670314064,
2022-10-05 15:00:00,0.03355,0.03387,0.03355,0.0338399999999999,5302361,178754.34478,1333,2821337,95090.84919,-0.0005906674542263,ARPA-USDT,0.0335912405596469,0.0336227523633994,
2022-10-05 16:00:00,0.0338399999999999,0.03423,0.03383,0.03422,13523699,460101.64652,2792,7216646,245517.55053,0.0002923121894184,ARPA-USDT,0.0338581213717055,0.0338542197278855,0.0001
2022-10-05 17:00:00,0.03422,0.03427,0.03403,0.0340699999999999,9430922,322025.38209,2054,4555020,155556.38727,0.0002935995302377,ARPA-USDT,0.0342166257775623,0.0341969994428903,
2022-10-05 18:00:00,0.0340699999999999,0.03422,0.03399,0.0342,7437510,253545.1158,1498,4379295,149304.71321,-0.0005844535359438,ARPA-USDT,0.0340543575612483,0.0340576344706029,
2022-10-05 19:00:00,0.03422,0.03431,0.03406,0.0340899999999999,4774173,163279.32043999998,1150,2192860,74992.79126,-3.1086244689504387e-15,ARPA-USDT,0.0342054841097851,0.0342555029777953,
2022-10-05 20:00:00,0.03408,0.0342,0.03395,0.03396,3334428,113570.23561,1128,1520519,51818.07729,-0.0005885815185404,ARPA-USDT,0.0340936956650479,0.0341094671386016,
2022-10-05 21:00:00,0.03397,0.03403,0.03393,0.03394,3807335,129351.53984,1393,1583221,53795.4409,-0.0011771630370808,ARPA-USDT,0.0339803637803083,0.0339981378734761,
2022-10-05 22:00:00,0.03394,0.03416,0.03392,0.03414,3018418,102720.85342,1061,1720424,58541.51798,-0.0002928257686677,ARPA-USDT,0.0339503399746057,0.0339669374613405,
2022-10-05 23:00:00,0.03415,0.0342,0.03402,0.03417,4490990,153197.46898,1119,2447144,83475.76477000001,0.0,ARPA-USDT,0.0341453697414142,0.0341109387997964,
2022-10-06 00:00:00,0.03417,0.03446,0.03414,0.03428,11829762,406014.27736,2599,5761175,197777.76318,-0.0005830903790087,ARPA-USDT,0.0341574016460415,0.0341706535978709,0.0001
2022-10-06 01:00:00,0.03428,0.0346,0.03428,0.0345399999999999,6667589,229579.38015,1522,3736375,128609.37529,-2.997602166487923e-15,ARPA-USDT,0.0342924030166965,0.0343327036000857,
2022-10-06 02:00:00,0.03455,0.0345899999999999,0.0343,0.03446,5934920,204356.86887,1779,3099991,106708.74661,0.0,ARPA-USDT,0.0345719290876924,0.0345557146511171,
2022-10-06 03:00:00,0.03445,0.03456,0.03443,0.03453,4886568,168542.46354,1362,3009723,103812.97367,-0.0002895193977997,ARPA-USDT,0.0344629876877989,0.034464081371775,
2022-10-06 04:00:00,0.03453,0.0346,0.03445,0.03449,4907879,169470.88484,1204,2446468,84474.80366,-0.0002898550724638,ARPA-USDT,0.0345259296912179,0.0344890211667246,
2022-10-06 05:00:00,0.03447,0.03493,0.03447,0.03462,20284012,703472.17536,3336,10289586,356732.78598,-0.0002887669650593,ARPA-USDT,0.0344957791615753,0.0345299619720335,
2022-10-06 06:00:00,0.03462,0.03462,0.03427,0.0343,7931989,273318.69242,1682,3858660,132955.94246,-0.0002914602156806,ARPA-USDT,0.0346016596682394,0.0345462676629228,
2022-10-06 07:00:00,0.03429,0.03441,0.03422,0.03438,6272775,215295.48798,1442,3187115,109405.57026,-0.000290782204129,ARPA-USDT,0.0342635314653439,0.0342656178414262,
2022-10-06 08:00:00,0.03439,0.03448,0.03421,0.03435,7032738,241435.23807,1471,3359453,115352.14636,0.0002912055911472,ARPA-USDT,0.0344433735428417,0.0344223475251359,0.0001
2022-10-06 09:00:00,0.03435,0.03443,0.03422,0.0343199999999999,4449300,152704.32,1300,2316219,79513.99101,-0.0002912904165481,ARPA-USDT,0.0343481586159258,0.034313791924849,
2022-10-06 10:00:00,0.0343,0.03435,0.0342,0.03423,2473576,84830.36486,838,1282655,43997.1829,-0.0011672016340824,ARPA-USDT,0.0342962249164642,0.0342995313914654,
2022-10-06 11:00:00,0.03425,0.03453,0.03423,0.0345,3070820,105638.5739,857,1452633,49976.67392,-0.000289771080846,ARPA-USDT,0.03427113968916,0.0343209528530152,
2022-10-06 12:00:00,0.03452,0.0346,0.03435,0.03438,6902851,237988.8654,1407,2788137,96115.11353,0.0,ARPA-USDT,0.0345103580168684,0.0345230822673381,
2022-10-06 13:00:00,0.03437,0.0345399999999999,0.03416,0.03436,9419301,323518.55512,1751,4747916,163112.87591,0.0,ARPA-USDT,0.0343598487582633,0.0343109824208637,
2022-10-06 14:00:00,0.0343399999999999,0.03611,0.03403,0.03463,165531611,5802402.17402,22226,83371442,2921913.00173,-0.0002886836027712,ARPA-USDT,0.0342781881057956,0.034185090098333,
2022-10-06 15:00:00,0.03464,0.03467,0.03426,0.03427,31203371,1074534.50326,5128,15165195,522162.60677,0.0,ARPA-USDT,0.0346526302093863,0.0345591863881758,
2022-10-06 16:00:00,0.03426,0.03446,0.03412,0.03438,23799959,816283.64986,3916,11832722,405725.95807,-0.000871839581517,ARPA-USDT,0.0342054661617534,0.0341790919860208,0.0001
2022-10-06 17:00:00,0.03438,0.03443,0.03424,0.03436,10271816,352519.88844,2238,4783529,164156.50856,-0.0011627906976743,ARPA-USDT,0.0343852827476622,0.0343721294357531,
2022-10-06 18:00:00,0.03436,0.03436,0.03405,0.03418,13336997,455744.08347,2115,5406089,184738.7583,-0.0002924831822168,ARPA-USDT,0.0343162207868734,0.0343007820074875,
2022-10-06 19:00:00,0.03418,0.03423,0.03408,0.03416,5797362,198025.35546,1144,2020831,69031.5078,-0.0002926543751827,ARPA-USDT,0.0341461944943016,0.0341351197636068,
2022-10-06 20:00:00,0.03416,0.03418,0.03386,0.03393,10255047,348790.5622,2033,3963305,134776.11705,-0.0005891016200294,ARPA-USDT,0.034170528732745,0.0341706284491346,
2022-10-06 21:00:00,0.03393,0.03399,0.03372,0.03372,9438097,319648.51177,1845,4034498,136606.91606,-0.0023668639053253,ARPA-USDT,0.0339297203254996,0.0339260053967556,
2022-10-06 22:00:00,0.03372,0.03386,0.03362,0.03377,6588148,222298.86244,1640,2592334,87445.31626,-0.0017735737511084,ARPA-USDT,0.0336700350455009,0.0336999982789874,
2022-10-06 23:00:00,0.03378,0.03396,0.03376,0.03387,6369522,215529.44581,1599,2352169,79596.15355,0.0,ARPA-USDT,0.03382074988262,0.033823101743829,
2022-10-07 00:00:00,0.03386,0.0340699999999999,0.0338399999999999,0.034,8030020,272833.02323,2082,2898661,98476.87447,-0.0005878894767783,ARPA-USDT,0.0338917382513083,0.0339204243562661,9.753e-05
2022-10-07 01:00:00,0.03399,0.03403,0.03388,0.03391,3347918,113687.5073,1404,1280918,43507.93455,-0.0011782032400589,ARPA-USDT,0.0339922173779715,0.0339506557280629,
2022-10-07 02:00:00,0.03391,0.03412,0.03391,0.03405,3459695,117676.31873,1418,1263299,42970.22494,-0.0005870267097154,ARPA-USDT,0.0339290279749316,0.0339281139774471,
2022-10-07 03:00:00,0.03406,0.03411,0.03399,0.03405,4236245,144286.41295,1352,1576685,53711.12501,-0.0011733646230567,ARPA-USDT,0.0340684107243977,0.0340905962880006,
2022-10-07 04:00:00,0.03404,0.03412,0.03399,0.03401,4334404,147612.78058,1324,1891892,64442.20521,-0.0008813160987074,ARPA-USDT,0.0340474436867353,0.0340516176756936,
2022-10-07 05:00:00,0.034,0.03427,0.03396,0.03425,3816921,130140.56434,1124,2362639,80600.23016,-0.0005836008170411,ARPA-USDT,0.0340057114353579,0.0339994917978005,
2022-10-07 06:00:00,0.03425,0.03425,0.03385,0.03394,6710131,228218.42748,1578,2972026,101026.20107,-0.0008831321754489,ARPA-USDT,0.0342021962946046,0.0341328848069162,
2022-10-07 07:00:00,0.03394,0.03419,0.03394,0.03417,4829149,164703.31751,1146,1973120,67270.37701,-0.0008771929824562,ARPA-USDT,0.033977533687125,0.0340499178038193,
2022-10-07 08:00:00,0.03417,0.03418,0.03403,0.03404,5212345,177739.1776,1339,2152315,73387.90967000001,-0.0005871990604814,ARPA-USDT,0.03417,0.0341337572187858,0.0001
2022-10-07 09:00:00,0.03404,0.03413,0.03401,0.03405,2521647,85900.1323,895,1039830,35422.26186,-0.0008802816901408,ARPA-USDT,0.0340366303568431,0.0340716343670269,
2022-10-07 10:00:00,0.03404,0.0340699999999999,0.0338899999999999,0.03399,3669504,124677.56123,988,1749476,59449.2957,-0.0008818342151676,ARPA-USDT,0.0340503457736152,0.0340584543988499,
2022-10-07 11:00:00,0.034,0.0340699999999999,0.03396,0.03406,4028498,137012.92171,1073,2129151,72416.37235,-0.0005868544600938,ARPA-USDT,0.0340165020234823,0.0340056580740569,
2022-10-07 12:00:00,0.03406,0.03413,0.03345,0.03367,16161859,546479.16023,3215,7319241,247566.83342,-0.0008902077151335,ARPA-USDT,0.0340596431274909,0.0340693324184848,
2022-10-07 13:00:00,0.03367,0.03391,0.03352,0.03377,7550871,254617.60106,1899,3532785,119092.82149,-0.0008875739644969,ARPA-USDT,0.0336178278756633,0.033576617422026,
2022-10-07 14:00:00,0.03377,0.03399,0.03377,0.03397,3948910,133878.19416,1164,1983777,67273.46097,-0.0002942907592702,ARPA-USDT,0.0338240085021952,0.033814287133788,
2022-10-07 15:00:00,0.03398,0.03406,0.03379,0.03379,4758460,161535.8864,1349,2178854,73968.22943,-0.0011823825007389,ARPA-USDT,0.033981989227287,0.0340141823285388,
2022-10-07 16:00:00,0.0338,0.0338399999999999,0.0335,0.03358,8159270,274662.1992,2043,3517693,118469.68325,-0.0014867677668748,ARPA-USDT,0.0337717516849534,0.0337968240338388,0.0001
2022-10-07 17:00:00,0.03358,0.03374,0.03355,0.0337,3099766,104371.83256,1054,1369098,46100.8215,-0.0011855364552459,ARPA-USDT,0.0335735230470183,0.0336107209379348,
2022-10-07 18:00:00,0.0337,0.03385,0.0337,0.0338199999999999,4418532,149334.02366,1423,2304874,77902.95529,-0.0002955956251876,ARPA-USDT,0.0337244686673857,0.033787091607282,
2022-10-07 19:00:00,0.0338199999999999,0.03394,0.0338199999999999,0.03392,2625787,88961.66543,886,1277597,43290.63522,-0.0005892751915144,ARPA-USDT,0.033833418893083,0.0338614346711475,
2022-10-07 20:00:00,0.03392,0.03417,0.03386,0.034,9115967,310372.26348,1765,4009106,136488.02312,-0.0008815750808108,ARPA-USDT,0.0339180270477231,0.0339230717510817,
2022-10-07 21:00:00,0.03399,0.03419,0.03398,0.0341,5947134,202722.84373,1392,3017873,102866.01156,-0.0008789920890712,ARPA-USDT,0.03398966022043,0.0339990057143944,
2022-10-07 22:00:00,0.0340899999999999,0.03411,0.03401,0.03402,2010927,68502.56802,696,792934,27016.94429,-0.0002938583602701,ARPA-USDT,0.0340989998966479,0.0340823314477548,
2022-10-07 23:00:00,0.03401,0.0341,0.034,0.03408,2107930,71791.47666,644,1138771,38789.25256,-0.0002933411557642,ARPA-USDT,0.0340082028030833,0.0340215318011032,
2022-10-08 00:00:00,0.0340699999999999,0.0342,0.03399,0.03417,3965533,135266.82398,1176,1973418,67310.08229,0.0,ARPA-USDT,0.0340712054878048,0.0340354236879389,0.0001
2022-10-08 01:00:00,0.03416,0.0342,0.03414,0.03416,1598962,54633.21029,610,846626,28931.59478,0.0,ARPA-USDT,0.0341694518825529,0.0341710956614948,
2022-10-08 02:00:00,0.03415,0.03419,0.03405,0.0340699999999999,3521002,120119.03239,1146,1696673,57887.60033,-0.0008797653958972,ARPA-USDT,0.0341518937005696,0.0341563205862617,
2022-10-08 03:00:00,0.03408,0.03424,0.03408,0.03422,3637003,124297.42883,1016,2112907,72207.45152,-0.0002921413964357,ARPA-USDT,0.0341045175018319,0.0341275469672872,
2022-10-08 04:00:00,0.03421,0.03451,0.03402,0.03406,15912791,545601.52338,2559,7808218,267839.01076000003,-0.0005868544600938,ARPA-USDT,0.0342202218525456,0.0342113570942444,
2022-10-08 05:00:00,0.03408,0.03411,0.03399,0.03411,3294134,112108.21689,1031,1787592,60849.479510000005,0.0008802816901409,ARPA-USDT,0.0340899520201612,0.0340869619688869,
2022-10-08 06:00:00,0.0341,0.03427,0.0341,0.03422,3925012,134116.56983,1002,1808580,61783.47781,-0.0002921413964357,ARPA-USDT,0.0341010712850598,0.0341074675195733,
2022-10-08 07:00:00,0.03422,0.03428,0.0340899999999999,0.03418,4699616,160705.56955,1481,2403044,82172.60082,-0.0005847953216373,ARPA-USDT,0.0342073172160061,0.0341995483982346,
2022-10-08 08:00:00,0.03418,0.03421,0.03401,0.03401,3132923,106846.95405,1254,1320808,45078.18223,-0.0005877167205406,ARPA-USDT,0.03418535008176,0.0341851659110981,0.0001
2022-10-08 09:00:00,0.03402,0.03415,0.034,0.03414,2755273,93915.50972,1028,1537808,52432.90877,-0.0002928257686677,ARPA-USDT,0.0340174219780219,0.0340594130057889,
2022-10-08 10:00:00,0.03414,0.03421,0.03412,0.03419,1947053,66518.98339,758,958493,32750.17039,-0.0008766803039158,ARPA-USDT,0.0341403175948546,0.0341428492642463,
2022-10-08 11:00:00,0.03419,0.03421,0.03408,0.03415,3162501,107938.48763,954,1530797,52254.4119,0.0002929115407148,ARPA-USDT,0.0342036704374057,0.0341872198038946,
2022-10-08 12:00:00,0.03415,0.03427,0.03408,0.03411,2554576,87307.72521,997,1185419,40509.41004,0.0,ARPA-USDT,0.034164922356712,0.0341901734946025,
2022-10-08 13:00:00,0.03413,0.03413,0.03402,0.03403,2813353,95887.80281,743,1214443,41399.57811,-0.0005873715124816,ARPA-USDT,0.0341269795276715,0.0341238993897372,
2022-10-08 14:00:00,0.03401,0.03406,0.03393,0.03402,2117661,72002.47911,688,807890,27476.26412,-0.0002938583602701,ARPA-USDT,0.0340174367596248,0.0340483110626975,
2022-10-08 15:00:00,0.03403,0.0341,0.0339,0.03401,2845626,96723.05554,862,1452278,49355.56565,-0.0002939447383892,ARPA-USDT,0.0340271308016877,0.0340494349692357,
2022-10-08 16:00:00,0.034,0.0341,0.03399,0.0341,2031647,69113.69977,847,1145030,38963.24793,0.0005868544600937,ARPA-USDT,0.033991061083396,0.0339939283505054,0.0001
2022-10-08 17:00:00,0.0340899999999999,0.0340899999999999,0.03391,0.03391,2494611,84807.62746999999,896,866894,29487.86398,-0.0011782032400589,ARPA-USDT,0.0340828810858237,0.0340618962969005,
2022-10-08 18:00:00,0.03392,0.03402,0.03391,0.03397,2352537,79928.17789,725,1313488,44620.07544,-0.0005884083553986,ARPA-USDT,0.0339247761763912,0.0339332790163979,
2022-10-08 19:00:00,0.03397,0.03398,0.0338,0.03383,2807538,95097.43167,849,1418596,48043.60299,-0.0002955082742317,ARPA-USDT,0.0339643289473684,0.0339267855943321,
2022-10-08 20:00:00,0.0338199999999999,0.03385,0.03373,0.03379,3063917,103511.90888,1033,1307119,44156.81716,-0.0002958579881655,ARPA-USDT,0.0338215737109534,0.0338344310320963,
2022-10-08 21:00:00,0.03378,0.03383,0.03355,0.03355,3388148,114231.64472,1025,944326,31839.12427,-0.0023788284269996,ARPA-USDT,0.0337858417064734,0.0338072619459162,
2022-10-08 22:00:00,0.03356,0.03376,0.03353,0.03376,2668514,89811.94518,980,1375208,46290.61902,0.0,ARPA-USDT,0.0335523537493866,0.0335467047491983,
2022-10-08 23:00:00,0.03375,0.03387,0.03369,0.03386,1821729,61550.63484,786,945925,31965.98741,0.0,ARPA-USDT,0.0337645834170652,0.0337298864047538,
2022-10-09 00:00:00,0.03385,0.03393,0.03375,0.03378,2823047,95485.17133,1231,1434211,48514.05378,-0.0008873114463177,ARPA-USDT,0.0338288050090959,0.0337884970742497,0.0001
2022-10-09 01:00:00,0.03379,0.03392,0.03376,0.0338199999999999,2861412,96859.53886,912,1485925,50272.19519,-0.0008862629246705,ARPA-USDT,0.033814051629269,0.0338296905548245,
2022-10-09 02:00:00,0.03381,0.03392,0.03381,0.0338199999999999,1485279,50321.67287,699,533459,18072.76215,-0.0011813349084495,ARPA-USDT,0.0338158743938214,0.0338497718723111,
2022-10-09 03:00:00,0.03383,0.03394,0.03383,0.03386,1652610,55977.28376,812,656206,22224.73307,0.0,ARPA-USDT,0.0338463805685768,0.0339039862824865,
2022-10-09 04:00:00,0.03385,0.03385,0.03375,0.0338199999999999,1813160,61274.13581,923,904946,30585.77489,0.0005917159763284,ARPA-USDT,0.0338454227242227,0.0338226478405317,
2022-10-09 05:00:00,0.03381,0.0338399999999999,0.03375,0.03381,2452628,82870.99023,963,1295121,43766.01794,-0.0002956830277942,ARPA-USDT,0.0337724619920689,0.0337682381878018,
2022-10-09 06:00:00,0.0338,0.03391,0.0338,0.0339,2164392,73276.96683,1063,1057866,35815.1884,0.0002950722927115,ARPA-USDT,0.0338091647345235,0.0338487935224672,
2022-10-09 07:00:00,0.0338899999999999,0.0339,0.03377,0.0338,2026644,68553.2884,848,930595,31482.78365,-0.0011820330969268,ARPA-USDT,0.0338852329453658,0.0338768086452982,
2022-10-09 08:00:00,0.03381,0.03391,0.03375,0.03378,2685586,90900.57536,984,1090578,36918.58312,0.0,ARPA-USDT,0.0338224688879967,0.0338745938234659,0.0001
2022-10-09 09:00:00,0.03378,0.0338899999999999,0.03373,0.03376,3500120,118331.88437,981,1752881,59257.51575,-0.0011834319526626,ARPA-USDT,0.0337819237082378,0.0337673992931614,
2022-10-09 10:00:00,0.03377,0.03396,0.03377,0.0338899999999999,3258008,110298.90254,906,1534853,51956.49042,-0.0008844339622671,ARPA-USDT,0.0337880304982977,0.0338398382572313,
2022-10-09 11:00:00,0.0338899999999999,0.03417,0.0338899999999999,0.03411,9790172,333592.37592,1666,4921192,167730.09779,-0.0011713030746705,ARPA-USDT,0.0339012688458127,0.0339258709845331,
2022-10-09 12:00:00,0.03411,0.03423,0.0340899999999999,0.0340899999999999,9192641,313964.79735,1889,4715204,161072.05255999998,-0.0014645577035764,ARPA-USDT,0.034115990121343,0.0341085637787794,
2022-10-09 13:00:00,0.0341,0.03421,0.0340899999999999,0.0341,4802624,163951.91623,819,1826647,62369.45992,-0.0017564402810306,ARPA-USDT,0.0341001918556542,0.0341074050936108,
2022-10-09 14:00:00,0.0341,0.03425,0.0341,0.03422,3115526,106479.73402,753,974270,33300.98374,-0.0002921413964357,ARPA-USDT,0.0341154006445716,0.0341255419908446,
2022-10-09 15:00:00,0.0342,0.03423,0.0340899999999999,0.03414,3125081,106710.93019,1061,1488163,50813.86539,-0.0005854800936769,ARPA-USDT,0.0342074469296719,0.0342087537335639,
2022-10-09 16:00:00,0.03414,0.03419,0.03406,0.03414,2764297,94352.72133,818,1207412,41224.88812,-0.0008779631255487,ARPA-USDT,0.0341416962394166,0.0341603947228777,0.0001
2022-10-09 17:00:00,0.03415,0.03427,0.03415,0.03425,2631416,90018.22169,797,1535947,52548.14048,-0.0005836008170411,ARPA-USDT,0.0341691322603219,0.0341786263212146,
2022-10-09 18:00:00,0.03427,0.03428,0.03415,0.03421,2626522,89879.82221,1190,1137329,38918.56037,-0.0005842827928717,ARPA-USDT,0.0342709917969481,0.0342734743824597,
2022-10-09 19:00:00,0.03423,0.03423,0.034,0.03411,3225903,109987.77527,1025,1194995,40728.2134,-0.0005859947260474,ARPA-USDT,0.0342092559504862,0.0341904524568323,
2022-10-09 20:00:00,0.03411,0.0342,0.03406,0.03417,1683960,57468.91566,716,648533,22134.98773,-0.000584966364434,ARPA-USDT,0.0341092993503646,0.0341201779936678,
2022-10-09 21:00:00,0.03417,0.03422,0.03412,0.03413,2139949,73103.42093,793,807484,27585.11391,-0.0008782201405153,ARPA-USDT,0.034165752688172,0.0341967668487199,
2022-10-09 22:00:00,0.03413,0.03419,0.03399,0.03403,2567743,87513.66529,882,1473683,50212.63415,0.0002939447383891,ARPA-USDT,0.0341179244831822,0.0341361387849916,
2022-10-09 23:00:00,0.03402,0.03415,0.0338399999999999,0.03408,3159574,107348.93799,987,1573546,53467.61883,-0.0011723329425555,ARPA-USDT,0.0338954114936879,0.0339118667117927,
2022-10-10 00:00:00,0.0340899999999999,0.03443,0.0340899999999999,0.0343399999999999,4810895,164787.62049,1586,2436025,83448.22011,-0.0002911208151411,ARPA-USDT,0.0341119244046869,0.0341581656409902,0.0001
2022-10-10 01:00:00,0.03435,0.03448,0.0343,0.03439,2879095,99065.55646,959,1220018,41985.1548,-0.001451800232288,ARPA-USDT,0.0344125489720846,0.0344402305814701,
2022-10-10 02:00:00,0.03439,0.03442,0.0343,0.0343399999999999,2758755,94809.64037,843,1401937,48166.75082,-2.997602166487923e-15,ARPA-USDT,0.0344003973245272,0.0344053232630326,
2022-10-10 03:00:00,0.0343399999999999,0.03436,0.0342,0.03423,1511630,51815.16014,662,642385,22024.39119,-0.0008756567425569,ARPA-USDT,0.0343324826992753,0.0343036828645498,
2022-10-10 04:00:00,0.03422,0.0343199999999999,0.03421,0.03429,1563986,53600.07525,609,715103,24502.85374,0.0,ARPA-USDT,0.0342205671988046,0.0342265847922279,
2022-10-10 05:00:00,0.03429,0.0343199999999999,0.0340699999999999,0.0340699999999999,3542315,121153.08166,877,1223483,41837.44679,-0.0005866823115313,ARPA-USDT,0.0342869654889071,0.0342803578275625,
2022-10-10 06:00:00,0.0340699999999999,0.03415,0.03391,0.03398,3465046,118016.6346,1022,1221284,41602.55418,-0.0005882352941176,ARPA-USDT,0.0340841488892687,0.0341058376758103,
2022-10-10 07:00:00,0.03398,0.03411,0.03394,0.03404,2656417,90374.87815,781,1301426,44282.07819,-0.0002936857562406,ARPA-USDT,0.0339581490886934,0.0339729710079687,
2022-10-10 08:00:00,0.03404,0.03406,0.0333,0.03353,12284297,412595.3911,2586,5168682,173383.92708,-0.0008939213349226,ARPA-USDT,0.0340505489258074,0.0340202348364877,0.0001
2022-10-10 09:00:00,0.03353,0.03379,0.03353,0.03373,3953706,133055.12671,1119,2158994,72676.85657,-0.0002963841138113,ARPA-USDT,0.0335477229083692,0.0335862133110579,
2022-10-10 10:00:00,0.03372,0.03379,0.03366,0.03367,2049340,69129.70469,745,982738,33155.42672,0.0002970885323825,ARPA-USDT,0.0337234908782037,0.0337548168354267,
2022-10-10 11:00:00,0.03366,0.03379,0.03366,0.03368,2980107,100487.31249,803,1342929,45286.00364,-0.0002968239833777,ARPA-USDT,0.0336770322942707,0.0336816840390383,
2022-10-10 12:00:00,0.03367,0.03388,0.03367,0.0338199999999999,2903356,98039.846,1019,1704512,57580.03749,-0.0005910165484663,ARPA-USDT,0.0336723048028883,0.033682077909352,
2022-10-10 13:00:00,0.0338399999999999,0.03393,0.03368,0.03368,3534079,119431.18138,1046,1473186,49816.02934,-0.0014823599169878,ARPA-USDT,0.0338614271735871,0.0338961559031172,
2022-10-10 14:00:00,0.03368,0.0338199999999999,0.03355,0.03362,3376756,113792.5557,905,1818454,61298.7124,-0.000297353553375,ARPA-USDT,0.0336842702195338,0.0337000388664253,
2022-10-10 15:00:00,0.03362,0.03374,0.03358,0.03367,2832693,95343.86421,1050,1484897,49979.05642,0.0002970885323825,ARPA-USDT,0.0336104562245491,0.0336069506750239,
2022-10-10 16:00:00,0.03367,0.03372,0.03342,0.03345,5166583,173415.01219,1129,2358312,79131.897,-0.0002988643156005,ARPA-USDT,0.0336952090794014,0.0337059516247103,0.0001
2022-10-10 17:00:00,0.03345,0.03368,0.03336,0.0336399999999999,5114424,171364.27191,1062,2300683,77021.01907000001,-0.000297176820211,ARPA-USDT,0.0334306994710993,0.0334152904168949,
2022-10-10 18:00:00,0.03365,0.03369,0.03354,0.03356,4603174,154756.19796,1031,2098070,70526.81174,-0.0005955926146515,ARPA-USDT,0.0336611190304978,0.0336696525049505,
2022-10-10 19:00:00,0.03356,0.03369,0.03356,0.03358,1971238,66280.38883,736,745611,25074.16865,-0.0008925914906278,ARPA-USDT,0.033585584655297,0.0336013564339021,
2022-10-10 20:00:00,0.0335699999999999,0.03365,0.03356,0.0335699999999999,1322562,44439.75619,536,624842,20993.34597,-0.0005954153021763,ARPA-USDT,0.0335800414275134,0.0335928918694463,
2022-10-10 21:00:00,0.03358,0.03365,0.03351,0.03352,1237137,41533.4075,529,620786,20842.91713,-0.0002982403817475,ARPA-USDT,0.0335887479491716,0.0336156141655903,
2022-10-10 22:00:00,0.03352,0.03353,0.03284,0.033,14277109,471903.36582,2397,7173511,237160.39813,-0.0009082652134422,ARPA-USDT,0.0335283344620524,0.033488006130952,
2022-10-10 23:00:00,0.033,0.03316,0.03278,0.03282,5593748,184433.08192,1354,2568833,84716.53848,-0.0015211439002129,ARPA-USDT,0.0329914286910527,0.0330290150938033,
2022-10-11 00:00:00,0.03282,0.03283,0.03162,0.03233,27476626,884566.74072,4570,12906556,415244.71355,-0.0009270704573548,ARPA-USDT,0.0326669920353517,0.0324818978896871,0.0001
2022-10-11 01:00:00,0.03233,0.03279,0.03208,0.03224,30837573,997194.54837,4436,15680076,507077.74802,-0.0003100775193799,ARPA-USDT,0.0323180685373,0.0322552374995146,
2022-10-11 02:00:00,0.03224,0.03232,0.032,0.03232,8005133,257438.63202,1551,4911015,157935.61195,0.0003095017022594,ARPA-USDT,0.0322328017664679,0.0321936363082709,
2022-10-11 03:00:00,0.03232,0.03242,0.03226,0.03238,5316492,171866.52571000002,1115,3216752,103996.26827,-0.0009256402344955,ARPA-USDT,0.0322966296762566,0.0322862983526303,
2022-10-11 04:00:00,0.0323899999999999,0.03254,0.0323,0.03253,5350512,173376.69765000002,1340,3100434,100471.93875,-0.0003073140749845,ARPA-USDT,0.0323799427880519,0.032344192976549,
2022-10-11 05:00:00,0.03253,0.03257,0.0324,0.03242,5245906,170437.62151,1334,2608388,84742.39393,-0.0006165228113439,ARPA-USDT,0.0325131000638484,0.0324530447595643,
2022-10-11 06:00:00,0.03243,0.03273,0.03241,0.03258,9754124,318022.6394,1901,5073616,165363.50939,-0.000919963201472,ARPA-USDT,0.0324399526175273,0.0324620981048292,
2022-10-11 07:00:00,0.03258,0.03271,0.03252,0.0326199999999999,6106912,199145.96136,1218,3001796,97899.03792,-0.0012247397428077,ARPA-USDT,0.0326051384593887,0.0325860265154942,
2022-10-11 08:00:00,0.0326199999999999,0.03273,0.03257,0.03259,3975603,129841.46176,1039,1367011,44659.74819,-0.0003067484662575,ARPA-USDT,0.0326376814818077,0.0326609167255726,0.0001
2022-10-11 09:00:00,0.03259,0.03267,0.0323699999999999,0.03242,4814306,156491.99253,1032,1668518,54262.00561,0.0,ARPA-USDT,0.0326036461262896,0.0326172529103159,
2022-10-11 10:00:00,0.03242,0.03248,0.03235,0.03247,4538590,147152.41774,991,2281646,74008.59348,0.0003080714725816,ARPA-USDT,0.0324160889951273,0.032423095294206,
2022-10-11 11:00:00,0.03247,0.0326,0.03238,0.03257,3126706,101510.37317,788,1596055,51837.29676,-0.000306936771025,ARPA-USDT,0.0324706128768587,0.0324571535332129,
2022-10-11 12:00:00,0.03257,0.03282,0.03253,0.03259,4438056,145019.45344,1303,1875221,61281.71093,-0.0012258657676983,ARPA-USDT,0.0325985684573877,0.0325820073914288,
2022-10-11 13:00:00,0.03259,0.03266,0.0323,0.03232,6006154,195345.90065,1195,2122153,69066.46584,-0.0006184291898577,ARPA-USDT,0.0325991042144589,0.032615644801717,
2022-10-11 14:00:00,0.03233,0.03257,0.0321199999999999,0.03245,6983452,225937.51357,1610,3535704,114353.46938,-0.0018455859735465,ARPA-USDT,0.0322528199595243,0.0321874391926404,
2022-10-11 15:00:00,0.03245,0.03285,0.03245,0.03273,6076706,198692.74011,1337,2664973,87124.78794,-0.0015253203172664,ARPA-USDT,0.032461329335508,0.0325063666859898,
2022-10-11 16:00:00,0.03275,0.03288,0.03268,0.03279,4153704,136086.10458,1006,1629703,53404.57416,-0.0006095702529715,ARPA-USDT,0.0327323108477034,0.0327511979229244,0.0001
2022-10-11 17:00:00,0.0328,0.03283,0.03268,0.03272,1852325,60663.65605,701,916704,30017.99499,-0.0009160305343511,ARPA-USDT,0.0327997368421052,0.0328012616838154,
2022-10-11 18:00:00,0.03272,0.03273,0.03241,0.03245,4495576,146515.55436,1041,1902812,62044.49548,-0.000923645320197,ARPA-USDT,0.0327195571419677,0.0326997380128191,
2022-10-11 19:00:00,0.03244,0.03247,0.03224,0.03241,5318774,172184.16152,1249,2601633,84220.76793,-0.0012326656394452,ARPA-USDT,0.0324312167925407,0.0324230787993212,
2022-10-11 20:00:00,0.03242,0.0325,0.03234,0.0324,3616803,117310.63261,788,1698410,55094.79389,-0.0003085467448319,ARPA-USDT,0.0323916935958482,0.0323940156776925,
2022-10-11 21:00:00,0.0323899999999999,0.03248,0.03231,0.03241,1944755,62986.26099,660,1069080,34618.91098,0.0,ARPA-USDT,0.0324108687463782,0.0324067957067513,
2022-10-11 22:00:00,0.0324,0.03251,0.03236,0.03245,1989186,64549.46676,677,953935,30950.51321,-0.000923645320197,ARPA-USDT,0.0324028122127062,0.0323942744969952,
2022-10-11 23:00:00,0.03246,0.03252,0.03218,0.0323699999999999,3404906,110131.6707,885,1592313,51476.30222,-0.0015422578655182,ARPA-USDT,0.0324682379723237,0.03249124443777,
2022-10-12 00:00:00,0.03238,0.03269,0.03234,0.03263,4907819,159444.43507,1391,2203856,71597.55168,-0.0003063725490196,ARPA-USDT,0.0323892129374251,0.0324159242175658,0.0001
2022-10-12 01:00:00,0.03263,0.03266,0.03247,0.03248,1563715,50894.49917,775,801674,26089.98811,-0.000307787011388,ARPA-USDT,0.0326396029657015,0.0326163179122595,
2022-10-12 02:00:00,0.0325,0.0325,0.03238,0.03247,1817473,58977.75911,685,1105462,35877.89529,-0.0006155740227762,ARPA-USDT,0.0324974861928067,0.0324916789995184,
2022-10-12 03:00:00,0.03246,0.03256,0.0324,0.03248,1735486,56354.26583,800,1039782,33763.06945,0.0,ARPA-USDT,0.0324584457517665,0.032475614279275,
2022-10-12 04:00:00,0.03247,0.03291,0.03245,0.03261,8340213,272828.34744,1601,4793927,156779.45212,-0.0009191176470588,ARPA-USDT,0.032470326679388,0.0325385023560107,
2022-10-12 05:00:00,0.03261,0.03273,0.03257,0.03266,2746815,89642.46366,787,1391936,45425.31764,-0.0009177118384825,ARPA-USDT,0.0326379376487096,0.0326432568252524,
2022-10-12 06:00:00,0.03267,0.0328699999999999,0.03266,0.03276,3019848,98900.6675,938,1515459,49635.88666,-0.0009149130832571,ARPA-USDT,0.032665677403356,0.0326859932470817,
2022-10-12 07:00:00,0.03276,0.03282,0.03266,0.03277,2907437,95217.64252,784,1341925,43948.96349,-0.0003050640634532,ARPA-USDT,0.0327694831452601,0.0327755672370043,
2022-10-12 08:00:00,0.03276,0.03283,0.03273,0.0328,2520836,82639.53865,822,1113323,36500.77989,0.0,ARPA-USDT,0.0327718245475582,0.0327946321363052,0.0001
2022-10-12 09:00:00,0.03281,0.03297,0.03281,0.03284,4144247,136294.25195,1055,1548458,50929.31973,-0.0006086427267193,ARPA-USDT,0.032818246032952,0.0328338641933341,
2022-10-12 10:00:00,0.03284,0.03286,0.03277,0.03281,2227192,73083.11088,785,1017933,33405.44779,0.0,ARPA-USDT,0.0328455038213998,0.0328454692450277,
2022-10-12 11:00:00,0.03279,0.03281,0.03271,0.03277,1939911,63547.85053,758,825219,27031.30886,0.0,ARPA-USDT,0.0327984578033844,0.0327738551284959,
2022-10-12 12:00:00,0.03276,0.03277,0.03224,0.03254,10667848,346713.67635,2245,3765725,122451.14473,0.0003074085459575,ARPA-USDT,0.0327584331058301,0.0327319957796261,
2022-10-12 13:00:00,0.03252,0.03271,0.0324,0.0326,5055237,164622.97906,1261,2531415,82404.95401,-0.0009193993257738,ARPA-USDT,0.0324836994770624,0.0324613175596186,
2022-10-12 14:00:00,0.0326,0.03266,0.03247,0.0325,3873618,126094.01273,841,2005623,65290.08867,-0.0012292562999385,ARPA-USDT,0.0326168812146769,0.0326393839924032,
2022-10-12 15:00:00,0.03252,0.03267,0.03251,0.03265,2613043,85132.52422,712,1023394,33336.71091,-0.0006121824303642,ARPA-USDT,0.0325305736415345,0.0325551298543601,
2022-10-12 16:00:00,0.03265,0.03269,0.03251,0.03253,2793998,91101.76849,736,1046432,34112.69775,0.0,ARPA-USDT,0.0326508766824557,0.0326636365913947,0.0001
2022-10-12 17:00:00,0.03251,0.03255,0.03223,0.03233,3673006,119037.165,834,1813478,58764.50443,0.0006190034045185,ARPA-USDT,0.0325073311645735,0.0324989807073196,
2022-10-12 18:00:00,0.03231,0.03249,0.03227,0.0323699999999999,3669782,118848.27338,1033,1824370,59091.80891,-0.0009259259259289,ARPA-USDT,0.0323212552504675,0.0323255864924896,
2022-10-12 19:00:00,0.0323699999999999,0.03258,0.03236,0.03254,2180901,70837.01218,695,1105391,35906.68479,-0.0012277470841006,ARPA-USDT,0.0323690279087959,0.0323971049642038,
2022-10-12 20:00:00,0.03253,0.03258,0.03246,0.03254,1553274,50520.9357,556,692463,22522.88392,-0.0006142506142505,ARPA-USDT,0.0325328947861486,0.0325416561108265,
2022-10-12 21:00:00,0.03254,0.03267,0.03253,0.03257,2498635,81491.50121,731,1631636,53218.58952,-0.000306936771025,ARPA-USDT,0.032541936998783,0.0325765679188146,
2022-10-12 22:00:00,0.03257,0.0326399999999999,0.0325,0.03253,1968363,64128.02699,662,1110868,36197.36542,-0.001228124040528,ARPA-USDT,0.0325691081888135,0.0325516398871069,
2022-10-12 23:00:00,0.03252,0.03259,0.03246,0.03246,2358575,76740.41862,641,1018904,33155.93771,-0.0012307692307691,ARPA-USDT,0.0325283173936302,0.0325416085644409,
2022-10-13 00:00:00,0.03247,0.0326199999999999,0.03246,0.03255,2824604,91952.19902,1053,1432081,46612.53115,-0.000614062020264,ARPA-USDT,0.0324721133033039,0.032513704773948,0.0001
2022-10-13 01:00:00,0.03255,0.03259,0.03224,0.03235,5061342,163887.11344,1019,2432202,78742.48536,-0.0009264978381717,ARPA-USDT,0.0325464756641607,0.0325593445903284,
2022-10-13 02:00:00,0.03235,0.03242,0.03175,0.03203,10905191,349216.08529,2154,5315571,170259.09612,-0.0015586034912716,ARPA-USDT,0.03235583715988,0.0323896642189356,
2022-10-13 03:00:00,0.03204,0.03249,0.03197,0.03224,18680430,601690.19145,2500,9380285,302087.7086,-0.0006199628022318,ARPA-USDT,0.0320259973165004,0.0319929978737099,
2022-10-13 04:00:00,0.03223,0.03223,0.03204,0.03217,8953522,287753.16574,1422,4097329,131655.25162,0.0,ARPA-USDT,0.0322235979290602,0.0321898786812786,
2022-10-13 05:00:00,0.03217,0.03218,0.0319,0.03199,6189332,198180.67907,1242,2902860,92921.49371,-0.0006248047485161,ARPA-USDT,0.0321647139845281,0.0321523347297018,
2022-10-13 06:00:00,0.03199,0.03203,0.03118,0.0314,16102709,507158.89321,3091,6685861,210641.6906,-0.0006365372374284,ARPA-USDT,0.0319914033651717,0.0319851398206,
2022-10-13 07:00:00,0.0314,0.0314,0.03017,0.03077,22213599,683958.76778,4294,9263082,285216.60757,-0.0003248862897985,ARPA-USDT,0.0313622817391304,0.031324652803335,
2022-10-13 08:00:00,0.03076,0.03084,0.03032,0.0306399999999999,14244589,436067.80496,2470,7067093,216378.38902,-0.0006523157208121,ARPA-USDT,0.0307479531668856,0.0306372834118491,0.0001
2022-10-13 09:00:00,0.03063,0.03081,0.03051,0.03061,7301736,224079.70953,1452,3409772,104606.85308,-0.0003265839320706,ARPA-USDT,0.0306272717312248,0.0306855345507,
2022-10-13 10:00:00,0.0306,0.03061,0.02938,0.03018,22182929,665739.0834400001,3732,10121488,303724.72999,-0.0016539861065167,ARPA-USDT,0.0305905890513685,0.0305645813937979,
2022-10-13 11:00:00,0.03017,0.0306,0.0301,0.03038,9614159,291498.17614,1951,4551889,137972.74635,-0.000986517592897,ARPA-USDT,0.0301337152010097,0.0301373707291649,
2022-10-13 12:00:00,0.0303899999999999,0.03086,0.02971,0.0304,21163656,638585.53766,4020,10228119,308461.12349,-0.0013140604467805,ARPA-USDT,0.030388584098115,0.030415050667855,
2022-10-13 13:00:00,0.0304,0.03081,0.03011,0.03073,9221932,280166.88572,2046,4461220,135482.57318,-0.0016244314489928,ARPA-USDT,0.0303791089065688,0.0303330613016387,
2022-10-13 14:00:00,0.03073,0.03083,0.03061,0.03081,8367835,257050.31984,1644,4424436,135965.14943,-0.0009727626459143,ARPA-USDT,0.0307009288203992,0.0306712824884867,
2022-10-13 15:00:00,0.0308,0.0316,0.03073,0.03146,16890822,527153.8486,3020,8348853,260309.1043,0.0,ARPA-USDT,0.0308057446955757,0.0307716154638515,
2022-10-13 16:00:00,0.03145,0.03179,0.03132,0.03161,22288385,703502.12508,2948,10349886,326536.45437,-0.0003162555344718,ARPA-USDT,0.0314365776176859,0.0314718536549592,0.0001
2022-10-13 17:00:00,0.03162,0.03183,0.0316,0.03171,6318356,200341.83911,1396,3318106,105190.1246,-0.0009451795841208,ARPA-USDT,0.0316606773509921,0.0317073162785118,
2022-10-13 18:00:00,0.0317,0.03215,0.03167,0.03202,11644220,371051.06838,1842,5892193,187787.40006,-0.0009360374414977,ARPA-USDT,0.0316951910924043,0.0316964733946541,
2022-10-13 19:00:00,0.03204,0.03221,0.03188,0.03202,8238759,263989.04627,1593,3228289,103465.17363,-0.0006242197253433,ARPA-USDT,0.0320399316843345,0.0321115229597591,
2022-10-13 20:00:00,0.03202,0.03227,0.03201,0.03206,4427282,142201.94246,990,2263503,72695.26739000001,-0.0003118178983474,ARPA-USDT,0.0320129804707708,0.0320326109095281,
2022-10-13 21:00:00,0.03207,0.0322,0.03204,0.03218,3383526,108636.73979,886,1353573,43473.24507,-0.0006211180124223,ARPA-USDT,0.032071714468289,0.0320661524279311,
2022-10-13 22:00:00,0.03217,0.03229,0.0321,0.03217,3507459,112908.11355,861,1586357,51062.7551,0.0003109452736316,ARPA-USDT,0.0321849035298492,0.032217784857716,
2022-10-13 23:00:00,0.03217,0.03217,0.03184,0.0318699999999999,4045110,129388.61916,899,1802771,57675.14029,-0.0003136762860759,ARPA-USDT,0.0321650130897255,0.0321106189742596,
2022-10-14 00:00:00,0.03186,0.03205,0.03174,0.03201,4052010,129196.5912,1458,2255814,71920.81952,-0.0006244146113021,ARPA-USDT,0.0318767276009447,0.0318798489963203,0.0001
2022-10-14 01:00:00,0.032,0.0328899999999999,0.032,0.03273,8277395,269642.22122,2155,3923348,127624.5211,-0.0012206286237411,ARPA-USDT,0.0320356053640369,0.0320581802500026,
2022-10-14 02:00:00,0.03274,0.03283,0.0327,0.03279,5162285,169111.59997,1135,2301782,75391.42179000001,-0.0009140767824498,ARPA-USDT,0.0327492413295483,0.032755794799285,
2022-10-14 03:00:00,0.03277,0.03294,0.03273,0.03273,4267993,140082.86974999998,1071,2343196,76899.53540000001,-0.0012206286237411,ARPA-USDT,0.0327967348336208,0.0327909672925009,
2022-10-14 04:00:00,0.03274,0.03281,0.0326399999999999,0.0326399999999999,3516741,115141.01205,866,1745807,57167.77447,-0.0015295197308075,ARPA-USDT,0.0327644239313672,0.0327889998976629,
2022-10-14 05:00:00,0.0326399999999999,0.0328,0.03255,0.03268,2715261,88786.04999,710,1279945,41843.29868,0.0003060912151822,ARPA-USDT,0.0327121963199884,0.032769507648068,
2022-10-14 06:00:00,0.03268,0.0327,0.03249,0.03249,3393637,110604.65219,870,1254823,40912.65196,-0.0009225092250922,ARPA-USDT,0.0326901957700824,0.0326527104359396,
2022-10-14 07:00:00,0.03249,0.03251,0.0322,0.03232,4738846,153309.33124,1087,2215811,71688.44243,-0.0006184291898577,ARPA-USDT,0.0325007505737857,0.0324884639128685,
2022-10-14 08:00:00,0.03232,0.03242,0.03221,0.03229,3349401,108242.08551,791,1740825,56251.665720000005,-0.0009282178217822,ARPA-USDT,0.032339192848831,0.0323043198937817,0.0001
2022-10-14 09:00:00,0.0323,0.03245,0.03222,0.0324,11713250,378750.27441,1836,8080431,261313.79219,-0.0003085467448319,ARPA-USDT,0.0322837658472369,0.0322948662524558,
2022-10-14 10:00:00,0.03241,0.03256,0.03236,0.03238,4448581,144303.54644,1159,1713542,55577.72195,-0.0003087372645879,ARPA-USDT,0.0324036321195677,0.032411736210218,
2022-10-14 11:00:00,0.03238,0.03251,0.03221,0.03221,2112930,68404.54399,773,982580,31825.76816,-0.0021685254027261,ARPA-USDT,0.0323737033866872,0.0323749464955917,
2022-10-14 12:00:00,0.03223,0.03269,0.0321899999999999,0.03267,5854623,189545.86739,1360,2942684,95286.37726,-0.0003059975520196,ARPA-USDT,0.0322247972218248,0.0322331280844359,
2022-10-14 13:00:00,0.03266,0.03275,0.03235,0.03238,5939289,193553.05087,1172,2366667,77048.15787000001,-0.0009256402344955,ARPA-USDT,0.0326249850465344,0.032641168337946,
2022-10-14 14:00:00,0.0323899999999999,0.0324,0.03166,0.03193,12988605,415060.52007,2209,6326627,201989.77004,-0.0012511729746637,ARPA-USDT,0.0322740286866303,0.0321877993813449,
2022-10-14 15:00:00,0.0319399999999999,0.03203,0.03168,0.03175,6872053,218778.14795,1381,3700747,117790.93874,-0.0021998742928975,ARPA-USDT,0.0319740622805678,0.0320025953360586,
2022-10-14 16:00:00,0.03174,0.03178,0.03135,0.03162,8602730,271864.03862,1721,4347053,137333.46559,-0.0012634238787112,ARPA-USDT,0.0317231375051491,0.031719879497719,0.0001
2022-10-14 17:00:00,0.03162,0.03177,0.03155,0.03173,5290048,167511.08333,1120,2715819,85998.6138,-0.0006299212598425,ARPA-USDT,0.0316379224586389,0.0316419422554941,
2022-10-14 18:00:00,0.0317,0.0317,0.03129,0.03146,5954530,187524.57711,1544,3249648,102372.83275,-0.0009526833915527,ARPA-USDT,0.0316796777565404,0.0316507553261947,
2022-10-14 19:00:00,0.03147,0.03158,0.03133,0.03143,5198716,163554.62675999998,1182,2219713,69834.25303,0.0,ARPA-USDT,0.0314853940044289,0.0315248590568813,
2022-10-14 20:00:00,0.0314399999999999,0.03151,0.03129,0.0314399999999999,3202236,100582.00641,936,1425942,44783.03314,-3.3306690738754696e-15,ARPA-USDT,0.0314133921906625,0.0314011703492671,
2022-10-14 21:00:00,0.03142,0.03145,0.0312,0.03123,7176705,225013.54834,1192,3758263,117848.82646,-0.0012791813239526,ARPA-USDT,0.0314198376691923,0.0314400935684138,
2022-10-14 22:00:00,0.03121,0.03137,0.0311399999999999,0.03137,4859736,151763.05125,855,2152591,67210.75617,-0.0003186743148501,ARPA-USDT,0.0312021330104521,0.0312039741237834,
2022-10-14 23:00:00,0.03137,0.03161,0.03134,0.03158,4870190,153418.68286,819,2136850,67305.76186,-0.0006329113924052,ARPA-USDT,0.0313698840407486,0.0313881518334659,
2022-10-15 00:00:00,0.03157,0.03159,0.03137,0.03147,5379373,169513.32412,1139,1538885,48480.6368,-0.0015862944162436,ARPA-USDT,0.0315802931347952,0.0315576881655765,-6.659e-05
2022-10-15 01:00:00,0.03148,0.03184,0.03142,0.03166,9188042,290676.46588,1368,6137490,194201.70423,-0.0018915510718788,ARPA-USDT,0.0314828539479923,0.0314943171213543,
2022-10-15 02:00:00,0.03165,0.03174,0.03142,0.03174,10326024,325769.16773,1438,5326934,168064.65264,-0.0009442870632673,ARPA-USDT,0.0316069680987123,0.0315276545056852,
2022-10-15 03:00:00,0.03174,0.03183,0.03161,0.03179,4368890,138542.52509,829,2360878,74853.49347,-0.001570351758794,ARPA-USDT,0.03173246040977,0.031699294530022,
2022-10-15 04:00:00,0.03179,0.03186,0.03174,0.03181,2810779,89366.8842,703,1129564,35916.11905,-0.0009422110552764,ARPA-USDT,0.0318348583811149,0.0318426437322293,
2022-10-15 05:00:00,0.03181,0.03218,0.03178,0.0321199999999999,20739905,662621.3037500001,3008,11900119,380317.77061,-0.0021745883814882,ARPA-USDT,0.0317933069900039,0.0318172646477154,
2022-10-15 06:00:00,0.0321199999999999,0.0321199999999999,0.03177,0.03185,20482406,653417.25437,2992,7734078,246768.2243,-0.0021929824561401,ARPA-USDT,0.03210341221353,0.0320445574759755,
2022-10-15 07:00:00,0.03185,0.03211,0.03183,0.0321,8633694,275982.20497,1325,4333725,138458.01554,0.0,ARPA-USDT,0.0318956756000189,0.0319106695209838,
2022-10-15 08:00:00,0.0321,0.03276,0.03188,0.03253,110960341,3588949.07837,12852,59504974,1924618.81607,-0.002453235203925,ARPA-USDT,0.0320945619789856,0.0320854249156379,-0.00049162
2022-10-15 09:00:00,0.03253,0.03343,0.0321899999999999,0.03288,331855417,10943884.65588,31785,172679966,5694711.09332,-0.0143884892086331,ARPA-USDT,0.0325062608902797,0.0323294446293034,
2022-10-15 10:00:00,0.0328899999999999,0.0336,0.03243,0.0335699999999999,223332616,7377489.59042,18726,113999153,3765030.2406,-0.0181339572974582,ARPA-USDT,0.032763900334122,0.032662075430014,
2022-10-15 11:00:00,0.0335699999999999,0.0343,0.03324,0.03402,313165942,10588489.62199,30088,164599871,5567952.32287,-0.0365335598980458,ARPA-USDT,0.0334661803761418,0.0334202394287986,
2022-10-15 12:00:00,0.03404,0.03446,0.0338,0.0343199999999999,297399395,10148428.71829,26535,155411250,5305788.83289,-0.0250000000000029,ARPA-USDT,0.0341442534451658,0.034001674408419,
2022-10-15 13:00:00,0.0343199999999999,0.03491,0.03394,0.03456,349632217,12016185.58934,31053,185903714,6394715.25733,-0.0308468872686482,ARPA-USDT,0.0343062074526033,0.0342838774950466,
2022-10-15 14:00:00,0.03456,0.0376,0.03452,0.0369699999999999,1572270852,57147221.52601,123622,844241160,30678078.50758,-0.1193425440686065,ARPA-USDT,0.0346119797287626,0.0347407276698928,
2022-10-15 15:00:00,0.03696,0.0382,0.03675,0.0369699999999999,1395083014,52102631.592,110026,713780082,26673076.01951,-0.0798904927824813,ARPA-USDT,0.0370991547398319,0.0372770416821007,
2022-10-15 16:00:00,0.03695,0.03777,0.0363,0.03721,1190203162,44039504.25991,89821,632014015,23396224.5825,-0.1211620217288617,ARPA-USDT,0.0367342634672321,0.0366395455280279,-0.0075
2022-10-15 17:00:00,0.03721,0.03758,0.03701,0.0372399999999999,699463855,26088448.63652,50144,359242561,13403393.55994,-0.0943579766536989,ARPA-USDT,0.0373430616160602,0.037413756451588,
2022-10-15 18:00:00,0.03725,0.03745,0.03669,0.03728,526913633,19568490.77645,39050,273517616,10161850.62366,-0.0947061680427392,ARPA-USDT,0.0371883301614105,0.0372071035308023,
2022-10-15 19:00:00,0.03729,0.03788,0.03714,0.03746,481885390,18023740.62695,39522,263636964,9865001.71919,-0.0649026460309535,ARPA-USDT,0.0374275411047164,0.0372696649323961,
2022-10-15 20:00:00,0.0374699999999999,0.0376,0.03707,0.03751,248085112,9265786.06155,20230,118999334,4446220.35192,-0.0598997493734334,ARPA-USDT,0.0374931287882343,0.0373541845101205,
2022-10-15 21:00:00,0.03752,0.03753,0.037,0.03711,274614669,10229560.70732,22318,137809918,5134527.4616,-0.0282796543597801,ARPA-USDT,0.0374422283722007,0.0373703929473804,
2022-10-15 22:00:00,0.03712,0.0374699999999999,0.0369,0.03728,280006281,10416517.86139,23142,138694106,5160918.47676,-0.0228047182175623,ARPA-USDT,0.0371810198880662,0.037169602267616,
2022-10-15 23:00:00,0.03728,0.03787,0.03716,0.03759,527047389,19749020.50869,31902,278535783,10439789.8167,-0.0208387600937745,ARPA-USDT,0.0373481261676991,0.0374097954063241,
2022-10-16 00:00:00,0.03759,0.03841,0.03661,0.03687,929620339,34645911.580910005,66261,471456033,17586559.16473,-0.0363303711447987,ARPA-USDT,0.0372865744006703,0.0371947542700082,-0.01
2022-10-16 01:00:00,0.03687,0.03713,0.03616,0.03685,408821241,15019233.01501,31745,196579602,7224328.30599,-0.0381101540067866,ARPA-USDT,0.0369609906990914,0.036822700827919,
2022-10-16 02:00:00,0.03685,0.03705,0.03643,0.03681,257622026,9465435.4415,20434,133709993,4913761.42977,-0.0197070572569906,ARPA-USDT,0.0368942429582239,0.0368223097946625,
2022-10-16 03:00:00,0.03682,0.037,0.03661,0.03673,151759964,5584352.0457,12568,82804497,3047817.8387700003,-0.0200106723585912,ARPA-USDT,0.0368242996955909,0.0367847612839778,
2022-10-16 04:00:00,0.03673,0.0372,0.03669,0.03714,159928913,5893574.41732,12483,93967415,3464025.16493,-0.0383221128948731,ARPA-USDT,0.0367467116927146,0.0367383038736796,
2022-10-16 05:00:00,0.03715,0.03745,0.03677,0.03712,556933551,20638506.43844,37544,280469228,10397351.72775,-0.033585003905233,ARPA-USDT,0.0371396012114691,0.0370136503683529,
2022-10-16 06:00:00,0.03712,0.03717,0.03681,0.03696,250485538,9263783.01336,19499,121392959,4490224.20785,-0.0072522159548751,ARPA-USDT,0.037110841874854,0.0370663725360552,
2022-10-16 07:00:00,0.03696,0.0372,0.03691,0.03717,208674006,7737574.22553,16043,108941726,4040599.71874,-0.0026831231553526,ARPA-USDT,0.0369654668049811,0.0370188902388164,
2022-10-16 08:00:00,0.03717,0.0372,0.0365,0.03667,432024831,15865889.5686,33630,197877533,7268495.676150001,-0.005424464334147,ARPA-USDT,0.0367433062965274,0.0368434098491612,-0.01
2022-10-16 09:00:00,0.03666,0.03667,0.03626,0.03637,196391212,7157126.378570001,18486,95611825,3485026.07216,-0.0010985992859103,ARPA-USDT,0.0366367938599209,0.0365778470127614,
2022-10-16 10:00:00,0.03636,0.03663,0.03627,0.03662,141107165,5146723.66506,13309,75555394,2756424.61697,-0.0038084874863982,ARPA-USDT,0.036323974285016,0.0363770641301557,
2022-10-16 11:00:00,0.03663,0.037,0.0363,0.03637,313838901,11515215.06133,24647,165732104,6083352.98349,0.0,ARPA-USDT,0.0366343465054998,0.0367590661367265,
2022-10-16 12:00:00,0.03637,0.03657,0.0357899999999999,0.03593,334292884,12130784.8273,23204,164071639,5958248.56826,-0.0024986118822878,ARPA-USDT,0.0364328519653499,0.0363870354555446,
2022-10-16 13:00:00,0.03593,0.03619,0.03585,0.0359,174848748,6300644.928,14448,95643211,3446811.02849,-0.0011129660545352,ARPA-USDT,0.0359830548845224,0.0360442296247796,
2022-10-16 14:00:00,0.03591,0.036,0.0353,0.03544,208974488,7453878.08071,18822,100349743,3580970.60862,0.0002822466836014,ARPA-USDT,0.0359411347793054,0.0359242786324282,
2022-10-16 15:00:00,0.03543,0.03589,0.0350399999999999,0.0354,316300345,11181200.95506,25652,166635564,5892319.0020200005,-0.0008467400508044,ARPA-USDT,0.0354236831092538,0.0354508112078371,
2022-10-16 16:00:00,0.03541,0.03541,0.0349,0.0352,185150647,6509097.89809,15013,91273258,3208995.43163,0.0,ARPA-USDT,0.0353356619087535,0.0353381323676628,-0.00152583
2022-10-16 17:00:00,0.0352,0.0352,0.03485,0.03491,107493909,3764472.9592,9772,54387822,1905050.66276,-0.0002863688430699,ARPA-USDT,0.0350955904866248,0.0350654714830529,
2022-10-16 18:00:00,0.03492,0.0352,0.0346,0.03493,173594849,6052507.06786,14472,89205653,3110844.36407,-0.0017147756501857,ARPA-USDT,0.0348462037717892,0.0347814671980643,
2022-10-16 19:00:00,0.03493,0.03542,0.0349,0.03535,135986042,4782297.1773,12894,74144531,2608050.02726,-0.0016944365998304,ARPA-USDT,0.0349329386010807,0.0349603896958555,
2022-10-16 20:00:00,0.0353399999999999,0.03536,0.0350399999999999,0.03532,72140097,2540415.95592,7373,34534631,1216130.64729,-0.0047900817131587,ARPA-USDT,0.0352917992011943,0.0352771380619655,
2022-10-16 21:00:00,0.03531,0.03571,0.03503,0.03513,118309109,4189707.38112,10627,57201947,2026564.90131,-0.0005689900426741,ARPA-USDT,0.0353126331197404,0.0353462939824492,
2022-10-16 22:00:00,0.03512,0.0355199999999999,0.03511,0.03524,74606972,2637582.92329,7523,38911746,1375690.20084,-0.0008505812305076,ARPA-USDT,0.0351342165162872,0.0352440936987515,
2022-10-16 23:00:00,0.03524,0.03537,0.03512,0.03523,50750718,1788217.56877,6266,29117542,1026061.00696,-0.0005673758865247,ARPA-USDT,0.035256129442312,0.0352811394119973,
2022-10-17 00:00:00,0.03522,0.03592,0.0349,0.03585,132883714,4699187.84077,14517,71986065,2545965.45856,-0.0074750830564783,ARPA-USDT,0.035212637327103,0.0351843712828207,-0.00106435
2022-10-17 01:00:00,0.03585,0.03605,0.0352699999999999,0.03531,128652014,4590268.23065,11859,69176297,2469308.10813,-0.000848896434635,ARPA-USDT,0.0357296635355944,0.0356272910759784,
2022-10-17 02:00:00,0.03531,0.03538,0.03494,0.03495,75069434,2639189.26209,7507,37440974,1317156.08805,-0.0019988577955454,ARPA-USDT,0.0353122198131172,0.03534656358429,
2022-10-17 03:00:00,0.03496,0.03508,0.03486,0.03492,56461836,1974948.44969,5736,27744676,970725.19316,-0.0014297969688304,ARPA-USDT,0.0349882980762945,0.0349955188178042,
2022-10-17 04:00:00,0.03492,0.03517,0.03481,0.03514,60982206,2133501.56976,5881,30812294,1078251.88335,-0.0017045454545455,ARPA-USDT,0.0349394522213029,0.0349559953861011,
2022-10-17 05:00:00,0.03515,0.03516,0.03493,0.0350399999999999,35900506,1258341.23696,4136,16728200,586327.28382,-0.0002853067047103,ARPA-USDT,0.0350988166365106,0.0350778792565462,
2022-10-17 06:00:00,0.0350399999999999,0.03514,0.03473,0.03487,67380419,2351939.60709,5934,25750407,899059.26408,-0.0008595988538682,ARPA-USDT,0.0351036489547414,0.0350860089022474,
2022-10-17 07:00:00,0.03487,0.03535,0.03487,0.03523,60472572,2123343.83672,5906,31966489,1122162.68717,0.0,ARPA-USDT,0.0348917580357134,0.0349168262689078,
2022-10-17 08:00:00,0.03522,0.0354,0.03506,0.03531,104287429,3675317.53151,8760,54594970,1924320.4759,-0.0014140271493212,ARPA-USDT,0.0351965088528945,0.0351525850086801,-0.00087706
2022-10-17 09:00:00,0.03532,0.03597,0.0353,0.03573,107334448,3826457.32807,10272,59656854,2126145.46551,-0.0027909572983534,ARPA-USDT,0.0353532206742538,0.0353432641510617,
2022-10-17 10:00:00,0.03573,0.03581,0.0356,0.03568,57495740,2052044.95785,5793,26771212,955512.19555,-0.0011198208286673,ARPA-USDT,0.0357123660924776,0.0356519585280128,
2022-10-17 11:00:00,0.03567,0.03591,0.03555,0.03564,55103030,1968552.51297,5820,27552163,984721.96696,-0.001121076233184,ARPA-USDT,0.035688886631505,0.0356786316935198,
2022-10-17 12:00:00,0.03565,0.0357699999999999,0.03528,0.03568,73588040,2613773.7109,7704,34747439,1234426.82542,-0.0033519553072623,ARPA-USDT,0.0356505746805849,0.0356759748879198,
2022-10-17 13:00:00,0.03568,0.03619,0.03565,0.03581,108794266,3906143.53533,9839,57419547,2061807.76558,-0.0033398274422486,ARPA-USDT,0.035689459617527,0.0357081815313976,
2022-10-17 14:00:00,0.03582,0.03688,0.03573,0.03668,225601809,8218685.06495,19552,120999898,4407928.10756,-0.0121195798545652,ARPA-USDT,0.0358569762902265,0.0358139442071524,
2022-10-17 15:00:00,0.03669,0.03718,0.03597,0.03643,338467267,12344118.53808,27597,164652247,6007240.78576,0.0,ARPA-USDT,0.0366348830350974,0.0365462437340986,
2022-10-17 16:00:00,0.03643,0.039,0.03634,0.03848,837081826,31914775.82418,70540,430735352,16417081.99118,-0.0046559751681324,ARPA-USDT,0.0363991719805938,0.0365187121059071,-0.00290403
2022-10-17 17:00:00,0.03847,0.0389399999999999,0.0381,0.03889,305785800,11762491.9494,27457,159213212,6127468.92414,-0.0066411238825031,ARPA-USDT,0.0384003411490766,0.0383144936442869,
2022-10-17 18:00:00,0.03888,0.0392,0.03829,0.03847,355297190,13760225.4429,32874,176649847,6844347.588450001,-0.0010386912490263,ARPA-USDT,0.0390119713998731,0.0389694862661746,
2022-10-17 19:00:00,0.03847,0.03876,0.03813,0.03815,143271628,5509522.7056,13521,67715675,2605218.39451,0.0002621919244887,ARPA-USDT,0.0383989192774308,0.0385615395297189,
2022-10-17 20:00:00,0.03814,0.03839,0.0376,0.03766,176192908,6691334.15162,15961,87667824,3330995.78015,-0.0002654632333423,ARPA-USDT,0.038118502346086,0.0382650199095899,
2022-10-17 21:00:00,0.03765,0.03779,0.03711,0.0372399999999999,132290744,4955677.60802,11538,64713656,2425641.30755,-0.0005367686527134,ARPA-USDT,0.0376308409497542,0.0377094020594567,
2022-10-17 22:00:00,0.03725,0.03726,0.0367,0.03684,195788700,7223919.68072,15406,98182440,3622909.5457,0.0005431830526887,ARPA-USDT,0.0371595304621536,0.0371206185411571,
2022-10-17 23:00:00,0.03685,0.03686,0.03635,0.0365399999999999,111736498,4084590.8141,10593,53069291,1940007.39786,0.0002737476047056,ARPA-USDT,0.0368358103041771,0.0368131007248611,
2022-10-18 00:00:00,0.03653,0.0367899999999999,0.03627,0.0367199999999999,88970909,3253444.4228600003,9030,43978069,1608423.31394,-0.0019026909486301,ARPA-USDT,0.0365642626252366,0.0365334680212876,-0.00052549
2022-10-18 01:00:00,0.0367199999999999,0.03676,0.03603,0.03622,85648307,3117217.38336,8289,43481050,1583018.51576,-0.0008275862068963,ARPA-USDT,0.0366622830308086,0.0365975304033769,
2022-10-18 02:00:00,0.03622,0.03625,0.03596,0.03598,59356911,2142429.00534,5552,30709702,1108538.53487,-0.0011104941699057,ARPA-USDT,0.0362324472215242,0.0361335557563279,
2022-10-18 03:00:00,0.03599,0.03659,0.03597,0.03639,60702564,2202281.36913,6510,33250117,1206168.69457,-0.0002747252747253,ARPA-USDT,0.0359808452030983,0.0359972424675402,
2022-10-18 04:00:00,0.03639,0.03658,0.03619,0.03627,64560151,2349201.18703,6635,34690898,1262374.91927,0.0002757859900714,ARPA-USDT,0.0363223049016726,0.0363131518630034,
2022-10-18 05:00:00,0.03626,0.03633,0.03584,0.03588,54201021,1951384.96898,5965,26539346,955537.67011,0.0,ARPA-USDT,0.0362986487090911,0.0361901244358756,
2022-10-18 06:00:00,0.03588,0.03596,0.03571,0.03573,43534266,1560726.75214,5563,23084076,827824.62293,-0.0002797985450476,ARPA-USDT,0.0359212463272922,0.0359146365183644,
2022-10-18 07:00:00,0.03574,0.0357899999999999,0.03553,0.0357899999999999,44461070,1584666.80971,5416,21452018,764624.78887,-0.0008375209380262,ARPA-USDT,0.0357197758381149,0.0356283516029855,
2022-10-18 08:00:00,0.03578,0.0357899999999999,0.03531,0.03536,51698296,1834944.03632,5942,23012254,816824.01751,-0.0005652911249293,ARPA-USDT,0.0357392723188341,0.0356560694226546,-0.0001849
2022-10-18 09:00:00,0.03536,0.03548,0.03514,0.03537,60273267,2129464.71399,6677,27473798,970972.01341,0.0002828054298642,ARPA-USDT,0.0352643042018312,0.0352737396418111,
2022-10-18 10:00:00,0.03537,0.03567,0.03528,0.03551,53466929,1897112.20801,5506,29862746,1059685.16368,0.0,ARPA-USDT,0.0353681467096937,0.0353438257428668,
2022-10-18 11:00:00,0.03551,0.03566,0.03537,0.03557,39142726,1391118.11788,4431,20847578,741066.19496,-0.0011232799775345,ARPA-USDT,0.035503066461162,0.0354553426461704,
2022-10-18 12:00:00,0.03557,0.0357699999999999,0.03533,0.03539,101208219,3596023.21476,7898,55023239,1955613.50239,-0.0008469791078486,ARPA-USDT,0.0355748706390704,0.0355117394042173,
2022-10-18 13:00:00,0.03538,0.03543,0.03483,0.03497,85617243,3009006.91934,8787,40732943,1432026.95947,0.0005722460658081,ARPA-USDT,0.0354042888811092,0.035355349011732,
2022-10-18 14:00:00,0.03498,0.03518,0.03476,0.03496,71758772,2508036.319,6825,31864150,1113670.93452,-0.0005717552887364,ARPA-USDT,0.0349567688491837,0.0350212579728679,
2022-10-18 15:00:00,0.03496,0.03505,0.0347,0.03497,59641700,2078192.28116,5967,28766714,1002602.7794,-0.0011425307055126,ARPA-USDT,0.034936277609429,0.0349874706717227,
2022-10-18 16:00:00,0.03496,0.0352,0.03489,0.0350899999999999,58550883,2052396.64194,6615,29183555,1023149.46603,-0.0002849002849031,ARPA-USDT,0.034934750469916,0.0349546202599674,-3.383e-05
2022-10-18 17:00:00,0.03508,0.03519,0.03487,0.0350899999999999,41017088,1437305.2348,4841,22654481,793928.20459,-0.0005696382796953,ARPA-USDT,0.0350270315891614,0.0349755771760773,
2022-10-18 18:00:00,0.0351,0.03512,0.03422,0.0345399999999999,96402482,3337589.7593300003,9978,39763242,1377140.77931,-0.0014455044810669,ARPA-USDT,0.0350890095487416,0.0350673456780486,
2022-10-18 19:00:00,0.0345399999999999,0.03493,0.03439,0.03481,51048130,1770881.06478,6126,26125503,906473.9087,-0.0014343086632243,ARPA-USDT,0.0345294900809505,0.0344907302065781,
2022-10-18 20:00:00,0.03482,0.0352699999999999,0.0348,0.03494,65461724,2292741.41849,6988,30375155,1063906.5551,-0.0008578781812983,ARPA-USDT,0.0348711684431951,0.0349404401422135,
2022-10-18 21:00:00,0.03494,0.0350899999999999,0.03481,0.03493,23656053,826540.2805700001,3313,11965056,418172.23241,-0.0002862049227245,ARPA-USDT,0.0349378002358693,0.0349634803614446,
2022-10-18 22:00:00,0.03493,0.03511,0.03486,0.03496,21671940,758141.50885,2844,11223958,392614.51399,0.0008588605782993,ARPA-USDT,0.0349211048882338,0.0349264062094447,
2022-10-18 23:00:00,0.03495,0.03515,0.03489,0.03507,14907762,522524.14078,2624,8223728,288265.04101,-0.0002850627137971,ARPA-USDT,0.0349572458076566,0.0349453837067789,
2022-10-19 00:00:00,0.03507,0.03526,0.0348,0.03482,31251547,1095102.22626,4512,14271152,500213.73431,0.0002872737719044,ARPA-USDT,0.0350901105414247,0.0351365011235505,-2.731e-05
2022-10-19 01:00:00,0.03481,0.0354,0.03472,0.03526,44951838,1579479.79278,4949,21927245,770359.23012,-0.0002835270768358,ARPA-USDT,0.0347641176247541,0.034771452237567,
2022-10-19 02:00:00,0.03526,0.0352699999999999,0.0350199999999999,0.03526,26206995,920812.41387,3377,12372137,434745.17691,0.0,ARPA-USDT,0.0352022896967845,0.0351709682437879,
2022-10-19 03:00:00,0.03524,0.0354,0.03511,0.03516,20433115,720104.9778700001,2776,10107960,356339.78428,0.0,ARPA-USDT,0.0352509854883894,0.0351901554462467,
2022-10-19 04:00:00,0.03515,0.03523,0.03465,0.03478,36239610,1264918.46647,4156,16756154,584951.16762,0.0002876042565429,ARPA-USDT,0.0351636891580784,0.0351816735720454,
2022-10-19 05:00:00,0.03477,0.03499,0.0345399999999999,0.0348,34836753,1210921.20303,4209,18590027,646402.2326,-0.0005743825387708,ARPA-USDT,0.0347836330759686,0.0347990789455602,
2022-10-19 06:00:00,0.03481,0.0348399999999999,0.0343199999999999,0.03448,39018364,1349694.18045,4642,17863068,617825.03005,-0.0002899391127864,ARPA-USDT,0.0347852925542459,0.0347338171569017,
2022-10-19 07:00:00,0.03447,0.03457,0.03433,0.03445,23099926,795610.35433,3349,11668760,401883.17948,-0.0011597564511451,ARPA-USDT,0.0344821343463406,0.0344343600612148,
2022-10-19 08:00:00,0.03446,0.03453,0.0342,0.03436,33891659,1164278.01556,4164,15718460,539961.77565,0.0,ARPA-USDT,0.0344404263956645,0.0344544898592117,0.0001
2022-10-19 09:00:00,0.03436,0.03447,0.03425,0.03433,19808859,680668.10822,2625,10928304,375563.47841,-0.0008731082654249,ARPA-USDT,0.034362628308828,0.0343902045485914,
2022-10-19 10:00:00,0.03433,0.03438,0.03422,0.03423,15987222,548349.2136,2224,7462135,255999.36874,-0.0008756567425569,ARPA-USDT,0.0343455591090164,0.0343544935879637,
2022-10-19 11:00:00,0.03424,0.03435,0.0339,0.0340699999999999,63498289,2163258.28449,5536,32903037,1120698.26992,-0.0008797653958972,ARPA-USDT,0.0342438512638401,0.0342591120915276,
2022-10-19 12:00:00,0.0340699999999999,0.03412,0.0338,0.0341,33246682,1129736.83542,4224,16597691,564141.33525,0.0002933411557639,ARPA-USDT,0.0340680955836616,0.0340797330115964,
2022-10-19 13:00:00,0.0341,0.03419,0.03378,0.0338399999999999,40145107,1363871.78013,4650,19013278,646022.32243,-0.0005906674542263,ARPA-USDT,0.0340981989666388,0.0340393248233196,
2022-10-19 14:00:00,0.0338399999999999,0.0344,0.03375,0.03418,41550621,1419600.73889,4621,20375646,696285.61619,-0.0002924831822168,ARPA-USDT,0.0338343937889906,0.0338534857535526,
2022-10-19 15:00:00,0.03418,0.03447,0.0340899999999999,0.03439,25155430,862362.83616,3072,11440699,392094.8929,-0.0005812263876782,ARPA-USDT,0.0341651429420727,0.0341428712468754,
2022-10-19 16:00:00,0.0344,0.03443,0.03415,0.03423,16554929,567893.43285,2651,8056569,276314.84498,0.0002922267679719,ARPA-USDT,0.0344095303975956,0.0343856121148206,-0.00013452
2022-10-19 17:00:00,0.03423,0.03428,0.03408,0.03423,17291973,591256.29216,2511,8643593,295544.54676,0.0,ARPA-USDT,0.034243671645639,0.034199844288009,
2022-10-19 18:00:00,0.03424,0.03438,0.03402,0.03415,15275160,522958.65776,2780,6933605,237383.17191,0.0002929115407148,ARPA-USDT,0.0342514109532977,0.0342817180539957,
2022-10-19 19:00:00,0.03416,0.03437,0.0340699999999999,0.03437,13916384,476347.84723,2505,7824040,267799.67206,-0.0005815644082581,ARPA-USDT,0.0341505246178516,0.0341443871521647,
2022-10-19 20:00:00,0.03437,0.0346,0.03415,0.0343199999999999,20833270,716040.56253,3199,10735974,368954.47518,-2.997602166487923e-15,ARPA-USDT,0.0344227354589192,0.0344549812424931,
2022-10-19 21:00:00,0.0343199999999999,0.03444,0.03411,0.03422,11845081,405939.45714,2052,6094020,208859.59236,-0.0005841121495326,ARPA-USDT,0.0343117418343988,0.0343534929339769,
2022-10-19 22:00:00,0.03422,0.03422,0.0322,0.03329,110891812,3681646.03167,12624,46001464,1526349.354,0.0,ARPA-USDT,0.0341139174714879,0.0341465680176275,
2022-10-19 23:00:00,0.0333,0.0334,0.03259,0.03298,58349295,1930112.79629,6682,28480827,942495.16045,0.0,ARPA-USDT,0.0333506770986604,0.033329496346388,
2022-10-20 00:00:00,0.03297,0.03349,0.0328899999999999,0.03299,45407689,1507488.06369,5891,22817567,757808.6487,0.0003032140691325,ARPA-USDT,0.0329790451447536,0.033002552369827,2.62e-05
2022-10-20 01:00:00,0.03299,0.03335,0.03297,0.03327,18568733,616346.59168,2809,10129807,336137.82285,-0.0003004807692306,ARPA-USDT,0.0330184946064684,0.0330475664950944,
2022-10-20 02:00:00,0.03328,0.03344,0.03323,0.0333899999999999,11110539,370361.75131,1690,6054332,201793.14676,-0.0002994011976077,ARPA-USDT,0.0332497248597891,0.033257343810723,
2022-10-20 03:00:00,0.0334,0.03342,0.03321,0.03329,8533355,284243.57112,1803,4652006,154924.8484,-0.0006004202942059,ARPA-USDT,0.0333911165924996,0.0333944777759485,
2022-10-20 04:00:00,0.03329,0.03383,0.03329,0.03378,19590779,657901.37135,3017,11055567,371310.00149,-0.0002959455460196,ARPA-USDT,0.0333103172600472,0.0333249003350188,
2022-10-20 05:00:00,0.03379,0.03383,0.03367,0.03369,11773786,397248.27202,1975,5398164,182119.12774,-0.0005932957579353,ARPA-USDT,0.0338098766109224,0.0337590435302363,
2022-10-20 06:00:00,0.03371,0.03376,0.03353,0.0335699999999999,9210701,309752.91826,1608,3848634,129432.34552,-0.0008928571428601,ARPA-USDT,0.033709528758059,0.0336990061690344,
2022-10-20 07:00:00,0.0335699999999999,0.03365,0.0333899999999999,0.03346,11709193,392264.72284,1784,5572478,186688.29394,0.0002989536621822,ARPA-USDT,0.0335781355395568,0.0335914661154454,
2022-10-20 08:00:00,0.03345,0.03351,0.03333,0.03336,13184060,440872.92112,1858,5319025,177852.58051,-0.000299670362601,ARPA-USDT,0.0334336275070841,0.0334231777877907,-1.001e-05
2022-10-20 09:00:00,0.03337,0.03378,0.03324,0.03376,26031425,874147.23442,3795,13641115,458001.5395,-0.0002961208172935,ARPA-USDT,0.0333622347917291,0.0333238214607121,
2022-10-20 10:00:00,0.03376,0.03381,0.0336,0.03379,22558182,760418.21178,2710,13318045,449015.35328,-0.0005915409642117,ARPA-USDT,0.0337712849006421,0.033694703172065,
2022-10-20 11:00:00,0.0338,0.03394,0.03371,0.03386,26816142,907154.18512,3568,14560310,492635.30574,-0.0002952465308531,ARPA-USDT,0.0338524490434554,0.0338514304365511,
2022-10-20 12:00:00,0.03387,0.03391,0.03345,0.0335,26867295,905783.51511,4201,10440981,352224.39303,-0.0002984183825722,ARPA-USDT,0.0338446072167228,0.0338190149562974,
2022-10-20 13:00:00,0.03349,0.03376,0.0333899999999999,0.03361,19894700,668213.71298,2985,8638233,290143.99168,-0.001188707280832,ARPA-USDT,0.0335058658468806,0.0334624658706189,
2022-10-20 14:00:00,0.03362,0.0339,0.0336,0.03372,15674763,528878.79324,2491,7844099,264670.56497,0.0002966478789676,ARPA-USDT,0.0336363158773541,0.0336879380049003,
2022-10-20 15:00:00,0.03371,0.03372,0.0333899999999999,0.0333899999999999,15104432,506756.21825,2613,6648975,223133.71679,-0.0014952153110077,ARPA-USDT,0.0337092567862225,0.0336703713388318,
2022-10-20 16:00:00,0.0334,0.03344,0.03321,0.0334,21015970,700709.9048499999,3481,10998857,366742.68232,-0.0014947683109118,ARPA-USDT,0.0334217317564878,0.033401567873317,3.825e-05
2022-10-20 17:00:00,0.03341,0.03344,0.033,0.03307,22668754,752048.00949,3040,9033074,299636.95751,0.0,ARPA-USDT,0.0334310252720754,0.0333820121637363,
2022-10-20 18:00:00,0.03307,0.03308,0.03232,0.03282,57678597,1880803.24127,6735,25238026,823255.3618900001,0.0,ARPA-USDT,0.0330219846004706,0.0329561524291072,
2022-10-20 19:00:00,0.03281,0.03295,0.03265,0.03285,15157541,497108.97117,2351,7924746,259889.01306,0.0,ARPA-USDT,0.0328379361646071,0.032852009578334,
2022-10-20 20:00:00,0.03286,0.03286,0.03232,0.0326399999999999,22740080,741035.86613,3054,11512711,375082.70053,-0.0003062787136324,ARPA-USDT,0.0328127405407778,0.0328294328320743,
2022-10-20 21:00:00,0.0326399999999999,0.03279,0.03248,0.0327,10062812,328494.69763,1627,5236100,170860.25438,-0.000305716906145,ARPA-USDT,0.0325994866740665,0.0325680042978404,
2022-10-20 22:00:00,0.0327,0.03285,0.0324,0.0326,13788140,449407.57135,2159,6041135,196886.41711,0.0,ARPA-USDT,0.0327078593365717,0.0327726885559082,
2022-10-20 23:00:00,0.03259,0.03274,0.03244,0.0326199999999999,12518639,408269.17699,2180,6254213,203927.17801,-0.0009188361408912,ARPA-USDT,0.0326197167836392,0.0326946881652385,
2022-10-21 00:00:00,0.0326199999999999,0.03267,0.03205,0.03261,37616819,1218503.7625,5261,18590585,602120.72161,-0.0003065603923974,ARPA-USDT,0.0325883885957534,0.0326084403844443,0.0001
2022-10-21 01:00:00,0.03261,0.03273,0.03242,0.03266,16420906,535308.73029,2422,8331279,271587.51956,-0.0003060912151819,ARPA-USDT,0.032620733339093,0.0326272133075976,
2022-10-21 02:00:00,0.03267,0.03301,0.03266,0.0328,17992140,590882.39866,2452,8122614,266675.75443000003,-0.0003047851264856,ARPA-USDT,0.0326712562821962,0.0327074479098699,
2022-10-21 03:00:00,0.03279,0.03293,0.03268,0.03271,7038897,231059.63027,1417,3616561,118725.51307,-0.0003056234718825,ARPA-USDT,0.0327983161223829,0.0328122562466261,
2022-10-21 04:00:00,0.03271,0.03283,0.03257,0.03265,9062456,296346.69835,1806,4996238,163409.2538,0.0,ARPA-USDT,0.0327024934058564,0.0327202809744868,
2022-10-21 05:00:00,0.03265,0.03268,0.03246,0.03254,8731438,284404.919,1724,4337083,141291.68935,-0.0006142506142505,ARPA-USDT,0.0326167341532078,0.0326194775025084,
2022-10-21 06:00:00,0.03255,0.03286,0.03249,0.03259,40475060,1322420.07259,4409,22050506,720412.93157,-0.0009196811771919,ARPA-USDT,0.0326680536753329,0.0326562593005854,
2022-10-21 07:00:00,0.03259,0.03276,0.03242,0.03248,18271233,595210.2144299999,2235,9636348,313750.13653,-0.0012300123001229,ARPA-USDT,0.032551447520133,0.0325412785145178,
2022-10-21 08:00:00,0.03248,0.03258,0.0318,0.03208,41672648,1339494.8299500002,4820,20283903,652278.65891,-0.0006230529595014,ARPA-USDT,0.032485426900268,0.0325242700139039,0.0001
2022-10-21 09:00:00,0.03208,0.03243,0.03192,0.0323699999999999,30177175,972283.98335,3543,14238709,458513.63198,-0.0006174745291788,ARPA-USDT,0.0321182363640686,0.0321545455858184,
2022-10-21 10:00:00,0.0323699999999999,0.03249,0.03224,0.03245,14936589,483141.84098,2082,7510526,242891.49322,0.0,ARPA-USDT,0.0323799520013265,0.032359872028883,
2022-10-21 11:00:00,0.03243,0.03266,0.03222,0.03253,22436447,728869.25235,2700,10208195,331585.33748,-0.0006144393241167,ARPA-USDT,0.0324283011864555,0.0324144238846451,
2022-10-21 12:00:00,0.03251,0.03353,0.032,0.0333,131044160,4316721.92376,11683,64926421,2140511.01871,-0.0009000900090007,ARPA-USDT,0.03250076277505,0.0324803779596061,
2022-10-21 13:00:00,0.03329,0.03345,0.03288,0.03342,88910382,2947738.12409,7940,47890755,1587968.18475,-0.0008968609865471,ARPA-USDT,0.0332437083214573,0.0332968675248724,
2022-10-21 14:00:00,0.03341,0.03342,0.03295,0.03311,38625482,1281601.77048,3819,17935621,595024.6059,-0.0009052504526252,ARPA-USDT,0.0333494472618031,0.0332925928768974,
2022-10-21 15:00:00,0.0331,0.03349,0.03301,0.03348,26748033,889286.5601,4145,12623080,419727.69202,0.0002987750224081,ARPA-USDT,0.0330578075170661,0.033047078130739,
2022-10-21 16:00:00,0.03348,0.03356,0.03316,0.03331,28360995,946206.57059,3829,12566948,419410.72004,-0.0011994002998499,ARPA-USDT,0.0334826229516968,0.0334965672656968,-3.055e-05
2022-10-21 17:00:00,0.0333,0.03372,0.0333,0.03336,35146006,1176748.5967,4444,14992744,502080.41139,-0.0008984725965858,ARPA-USDT,0.0333215197130913,0.0333357866857031,
2022-10-21 18:00:00,0.03337,0.03351,0.03316,0.0333199999999999,17933273,597563.61259,2893,7789341,259525.25423,-0.0005998800239982,ARPA-USDT,0.0334285972235105,0.0334258781073492,
2022-10-21 19:00:00,0.03333,0.03378,0.03331,0.03353,32349790,1087304.46434,4036,14325066,481548.05799,0.0002983293556084,ARPA-USDT,0.0333312432158337,0.0333479293719129,
2022-10-21 20:00:00,0.03353,0.03372,0.03329,0.0333199999999999,20675562,692879.92614,2823,9392157,314769.43688,-0.0011990407673891,ARPA-USDT,0.0335656872177485,0.0336218244967497,
2022-10-21 21:00:00,0.03333,0.03344,0.03312,0.03321,11519347,383466.7787,1963,5377207,179025.08405,0.0,ARPA-USDT,0.0333272235108776,0.0333903958933479,
2022-10-21 22:00:00,0.03321,0.03333,0.0332,0.03327,12666639,421411.24436,1937,4956251,164897.71579000002,0.0003006614552014,ARPA-USDT,0.0332427722876025,0.0332601745452862,
2022-10-21 23:00:00,0.03327,0.0333199999999999,0.03321,0.03327,5626109,187194.85575,1313,2029609,67529.65037,-0.0006007810153199,ARPA-USDT,0.0332728941527955,0.0332939079302289,
2022-10-22 00:00:00,0.03326,0.03349,0.03324,0.0333199999999999,12090623,403249.66593,2318,5514012,183903.60882,-0.0003000300030032,ARPA-USDT,0.033296469703681,0.033353015100115,-8.403e-05
2022-10-22 01:00:00,0.03333,0.0333399999999999,0.03283,0.0328899999999999,21289568,703051.8463300001,2616,8724163,288160.60392,-0.0009113001215097,ARPA-USDT,0.0333186954758732,0.0332992392639122,
2022-10-22 02:00:00,0.0329,0.03299,0.03276,0.03279,8787188,288796.04911,1541,4054894,133264.01081,-0.0012183978068839,ARPA-USDT,0.0328672149313277,0.0328983437236887,
2022-10-22 03:00:00,0.03279,0.03307,0.03279,0.03306,9413949,310206.29503,1734,4663208,153611.64524,-0.0012084592145014,ARPA-USDT,0.0327938268810959,0.0328123723575599,
2022-10-22 04:00:00,0.03307,0.0330899999999999,0.03291,0.03292,8906927,294178.81485,1635,3625782,119801.50391,-0.0009104704097117,ARPA-USDT,0.033068178990028,0.0330544347626898,
2022-10-22 05:00:00,0.03293,0.033,0.03281,0.03294,12159975,400230.1727,1609,6997723,230337.64352,-0.0012128562765313,ARPA-USDT,0.0329710215479356,0.0329590560419529,
2022-10-22 06:00:00,0.03295,0.0332,0.03291,0.03305,9857358,326316.46734,1691,4922219,162910.21584,-0.0003024803387778,ARPA-USDT,0.0329328949259383,0.0330005159992387,
2022-10-22 07:00:00,0.03305,0.03319,0.03299,0.03308,12543483,415182.16406,1859,5993813,198384.53817,-0.0006042296072507,ARPA-USDT,0.0330570497774772,0.0330716992906481,
2022-10-22 08:00:00,0.0330899999999999,0.03335,0.03308,0.0331399999999999,11606444,385787.78253,1947,4995155,165987.45855,-0.0006031363088089,ARPA-USDT,0.0331542338017402,0.0332197507789679,9.962e-05
2022-10-22 09:00:00,0.0331399999999999,0.03325,0.03303,0.0331399999999999,11021135,365352.16358,1673,4243164,140657.31898,-0.0009044317154084,ARPA-USDT,0.0331586363649135,0.0331716102518604,
2022-10-22 10:00:00,0.03313,0.03335,0.0330899999999999,0.0333199999999999,8616457,286361.04159,1541,3623624,120422.62655,-0.0005998800239982,ARPA-USDT,0.0331305007855999,0.0331200018540942,
2022-10-22 11:00:00,0.03333,0.03341,0.03323,0.03323,14828893,494025.35912,2042,6532673,217638.76072,-0.0012022843402463,ARPA-USDT,0.0333415824790307,0.0333520143333419,
2022-10-22 12:00:00,0.03324,0.03331,0.03304,0.03324,15602064,517727.03784,2252,7984379,265055.76227,0.0003009328919649,ARPA-USDT,0.0332572136831818,0.0332723606406645,
2022-10-22 13:00:00,0.03323,0.03342,0.0332,0.0332,12128255,403903.87815,1926,5246751,174786.3069,-0.0009027986758953,ARPA-USDT,0.0332621827145968,0.0332693830234924,
2022-10-22 14:00:00,0.0332,0.03336,0.0332,0.0333199999999999,9678521,322342.60226,1777,5136944,171095.09138,0.0003002101470999,ARPA-USDT,0.0332477361453937,0.0332543200453277,
2022-10-22 15:00:00,0.03333,0.03342,0.03303,0.03317,12148932,403199.81417,2118,5723744,189970.89658,0.0,ARPA-USDT,0.0333360693691254,0.0333533568042841,
2022-10-22 16:00:00,0.03317,0.03321,0.03282,0.0328899999999999,14542417,479399.52354,2401,6638605,218810.704,-0.0006077180188424,ARPA-USDT,0.0331916432308323,0.0331741738939626,0.0001
2022-10-22 17:00:00,0.0329,0.03294,0.03274,0.0329,11273017,370289.13813,2097,6325973,207842.2017,-0.0009110233829335,ARPA-USDT,0.0328911231897616,0.0328949434536833,
2022-10-22 18:00:00,0.0329,0.033,0.03279,0.03295,12525523,412060.43998,2401,5919848,194768.20058,-0.0003033980582525,ARPA-USDT,0.0328702219011115,0.0328425301975362,
2022-10-22 19:00:00,0.03295,0.03303,0.0329,0.033,6689599,220573.37628,1606,3739230,123299.37031,-0.0009082652134422,ARPA-USDT,0.032926531581181,0.0329180180666982,
2022-10-22 20:00:00,0.03301,0.03318,0.03297,0.03316,11679539,386022.94111,2098,5987864,197906.04676,-0.0006027727546714,ARPA-USDT,0.0330106347326328,0.0330439606923281,
2022-10-22 21:00:00,0.03316,0.0332,0.03301,0.0330899999999999,5222199,172895.64256,1655,2273080,75253.34952,-0.0006040471156781,ARPA-USDT,0.0331698303727965,0.0331779191176697,
2022-10-22 22:00:00,0.03308,0.03312,0.03298,0.03307,5955458,196819.97962,1451,3141685,103839.56248,-0.0003022974607012,ARPA-USDT,0.0330827338293615,0.0331002397014547,
2022-10-22 23:00:00,0.03307,0.03315,0.03301,0.03307,5168355,171020.18626,1401,2910621,96305.08702,-0.000906344410876,ARPA-USDT,0.033054885075801,0.0330664377495563,
2022-10-23 00:00:00,0.03308,0.0333,0.03308,0.03316,16482838,546929.24055,2546,10216700,338929.64242,-0.0003014772384684,ARPA-USDT,0.0331382660736542,0.0332165196574295,0.0001
2022-10-23 01:00:00,0.03317,0.03317,0.03294,0.03304,7153404,236264.30907,1444,4140270,136726.39555,-0.000302571860817,ARPA-USDT,0.0331266356498865,0.0331414001671188,
2022-10-23 02:00:00,0.03303,0.03338,0.03303,0.03318,17390323,578247.02566,2298,8670313,288256.88934,-0.000903342366757,ARPA-USDT,0.0330344492801849,0.0330676408127326,
2022-10-23 03:00:00,0.03318,0.0333,0.03313,0.03318,13653474,453188.26817,1853,7704473,255731.00879,-0.000301295570955,ARPA-USDT,0.0332225011513798,0.0332512262703279,
2022-10-23 04:00:00,0.03317,0.03329,0.03306,0.0330899999999999,9259829,307255.38147,1539,4532320,150420.54282,-0.0006040471156781,ARPA-USDT,0.0331613863613981,0.0331966327568557,
2022-10-23 05:00:00,0.0330899999999999,0.03319,0.03308,0.03311,6590726,218392.14942,1165,3626595,120154.72224,-0.0009052504526252,ARPA-USDT,0.0330871206877302,0.0331010838417497,
2022-10-23 06:00:00,0.0331,0.03319,0.0329,0.03299,10310838,340706.73939,2012,5068938,167542.44983,0.0,ARPA-USDT,0.0330993968385371,0.0331191107461013,
2022-10-23 07:00:00,0.03299,0.033,0.0328699999999999,0.0328899999999999,6793916,223811.46936,1398,2771989,91315.03599,-0.0009113001215097,ARPA-USDT,0.0329943317853457,0.0329832534206275,
2022-10-23 08:00:00,0.0328899999999999,0.03297,0.03284,0.03297,8398287,276250.25197,1875,3910564,128636.61063,0.0,ARPA-USDT,0.0328846092517496,0.0328640960326263,0.0001
2022-10-23 09:00:00,0.03296,0.03298,0.0328,0.03283,7571421,249105.90679,1419,3987904,131211.09518,-0.0003045066991474,ARPA-USDT,0.0329604644069667,0.0329435548810657,
2022-10-23 10:00:00,0.03282,0.0328899999999999,0.03266,0.0328699999999999,9514807,311987.52523,1733,3926587,128775.82744,-0.0006080875646123,ARPA-USDT,0.0327883910176117,0.0327611600935003,
2022-10-23 11:00:00,0.03286,0.0328699999999999,0.0323899999999999,0.03257,26793708,872047.52067,3892,11502430,374292.07422,-0.000306936771025,ARPA-USDT,0.0328484864756182,0.0328183817311646,
2022-10-23 12:00:00,0.03257,0.03286,0.03242,0.03281,15688870,511593.05488,3033,8031480,262007.83069,-0.0015216068167985,ARPA-USDT,0.0325492580270454,0.032501228983379,
2022-10-23 13:00:00,0.03281,0.03282,0.03255,0.03272,17454677,570668.78315,2480,8139159,266090.2079,-0.0003055300947144,ARPA-USDT,0.0327322588535625,0.0327166801059059,
2022-10-23 14:00:00,0.03273,0.03293,0.03272,0.03282,11375662,373494.87015,2026,5926612,194552.71051,-0.0006090133982947,ARPA-USDT,0.0327288338875701,0.0327527415182938,
2022-10-23 15:00:00,0.03282,0.03319,0.03281,0.03294,14036902,462911.84133,2367,6856130,226068.54932,-0.0009099181073703,ARPA-USDT,0.0328328048019348,0.0328703530806901,
2022-10-23 16:00:00,0.03295,0.03301,0.03273,0.03281,15226122,500228.4198,2658,8397874,275861.5988,-0.0009135200974421,ARPA-USDT,0.0329708898162976,0.0329658712707941,-2.971e-05
2022-10-23 17:00:00,0.03281,0.03318,0.03272,0.03311,15992300,527531.70071,2892,7076105,233401.83254,-0.0006036824630244,ARPA-USDT,0.0327986742185242,0.032750057699399,
2022-10-23 18:00:00,0.0331,0.03331,0.033,0.03306,17866431,592689.73636,3380,8191694,271782.97937,-0.0006045949214026,ARPA-USDT,0.0331495979407333,0.0331436165528363,
2022-10-23 19:00:00,0.03306,0.03338,0.03303,0.03335,20787347,690857.42473,3020,11671461,387929.67174,-0.0002997601918466,ARPA-USDT,0.0330879700377863,0.0330982226667045,
2022-10-23 20:00:00,0.03335,0.03346,0.0332,0.03329,11858025,395216.35103,2289,5895673,196492.87866,-0.0003003003003003,ARPA-USDT,0.0333876563455245,0.0333962110472076,
2022-10-23 21:00:00,0.03329,0.03342,0.03322,0.0333399999999999,7043046,234715.16729,1590,2831970,94361.62037,-3.1086244689504387e-15,ARPA-USDT,0.0333434365047862,0.0333493144785866,
2022-10-23 22:00:00,0.0333399999999999,0.03369,0.0333399999999999,0.0333899999999999,18568097,622862.92148,3293,7679392,257620.93543,-0.0008976660682256,ARPA-USDT,0.0334602823864915,0.033580927872373,
2022-10-23 23:00:00,0.0334,0.0335699999999999,0.03335,0.03346,12475663,417454.02274,2265,5958192,199326.83542,-0.0002987750224082,ARPA-USDT,0.0334752671367343,0.033442811148529,
2022-10-24 00:00:00,0.03347,0.03369,0.03336,0.03338,12338624,413754.22334,2641,5645619,189251.38591,-0.0008979347500749,ARPA-USDT,0.0334822581893736,0.0335072812591521,0.0001
2022-10-24 01:00:00,0.03337,0.03342,0.03312,0.03315,11567879,384793.60623,2306,5151353,171346.01773,-0.0015060240963855,ARPA-USDT,0.0333956450793926,0.0333844378521892,
2022-10-24 02:00:00,0.03316,0.0332,0.03307,0.03311,7043325,233490.84965,1764,3086614,102333.37343,-0.0012066365007541,ARPA-USDT,0.0331568205826847,0.033142095619601,
2022-10-24 03:00:00,0.03311,0.03316,0.03295,0.03313,9072351,300061.62659,2291,3943547,130426.42333,-0.000603318250377,ARPA-USDT,0.0331241026454244,0.0331274483034558,
2022-10-24 04:00:00,0.03311,0.03323,0.0328899999999999,0.03322,12567948,414918.64205,2454,5975156,197332.95027,0.0,ARPA-USDT,0.0330931840920096,0.0330672280439855,
2022-10-24 05:00:00,0.03322,0.03341,0.03315,0.03327,15556217,517770.821,2971,8252383,274641.50763,-0.000900900900901,ARPA-USDT,0.0332132161765095,0.0332590267352062,
2022-10-24 06:00:00,0.03327,0.0338199999999999,0.03313,0.03316,39467763,1318064.68767,5365,22199678,740997.44996,-0.0012048192771083,ARPA-USDT,0.033334649744679,0.0335037756123798,
2022-10-24 07:00:00,0.03317,0.03333,0.03294,0.03319,21066454,697738.99166,3438,9580305,317267.60459,-0.0015042117930205,ARPA-USDT,0.0331667989566295,0.0332178634526884,
2022-10-24 08:00:00,0.03319,0.03348,0.03311,0.03329,18585393,618552.55466,2673,8347592,278005.0425,-0.0009003601440576,ARPA-USDT,0.0331721010285507,0.0331720119862309,-0.0001049
2022-10-24 09:00:00,0.03329,0.03349,0.03322,0.03345,11394288,379786.89335,1873,5890048,196254.27813,-0.0005975500448162,ARPA-USDT,0.0332788514380637,0.0332528161495684,
2022-10-24 10:00:00,0.03344,0.03356,0.0334,0.03352,16428131,550140.0177,2352,6711440,224748.01452,-0.0005963029218842,ARPA-USDT,0.0334692204353866,0.0334817538379992,
2022-10-24 11:00:00,0.03353,0.03353,0.03329,0.03331,13862003,462907.24258,2593,5908292,197282.94594,-0.0006000600060005,ARPA-USDT,0.033513438068975,0.0335006401965385,
2022-10-24 12:00:00,0.0333,0.0334,0.03307,0.03326,13018120,432752.97347,2700,6072162,201906.32711,0.0,ARPA-USDT,0.0333170416349848,0.0333094125732811,
2022-10-24 13:00:00,0.03325,0.03352,0.0330899999999999,0.0334,26417781,880725.27642,3760,14361156,478881.72123,-0.0005984440454817,ARPA-USDT,0.0332367957948866,0.0332498673111484,
2022-10-24 14:00:00,0.0334,0.03346,0.03302,0.0333,28705727,954140.81637,4294,14653975,487012.61147,-0.0009000900090007,ARPA-USDT,0.033337277812293,0.0333140333678341,
2022-10-24 15:00:00,0.0333,0.0335,0.03323,0.03337,15209272,507498.64936,2717,6861232,228892.90475,-0.000299580587178,ARPA-USDT,0.0333127400209078,0.0333348227747931,
2022-10-24 16:00:00,0.03337,0.03476,0.0333199999999999,0.03388,166323140,5667693.6018900005,17726,89878897,3062533.90073,-0.0014736221632773,ARPA-USDT,0.0334067326074441,0.0333912260180756,0.0001
2022-10-24 17:00:00,0.0338899999999999,0.03402,0.0336,0.03362,90060997,3041210.25919,8222,42950189,1450036.28927,0.0,ARPA-USDT,0.033711482820949,0.0336656455929407,
2022-10-24 18:00:00,0.03362,0.03381,0.03354,0.0335699999999999,32713978,1100904.82603,4263,16278996,547887.87578,-0.0005954153021763,ARPA-USDT,0.0337120888701927,0.0336734088987463,
2022-10-24 19:00:00,0.0335699999999999,0.03369,0.03326,0.03335,29109462,974363.72467,4033,11056306,370261.46888,-0.0005993407252022,ARPA-USDT,0.0336048263127982,0.0336318922432038,
2022-10-24 20:00:00,0.03335,0.03356,0.0333199999999999,0.03344,16893595,565144.21487,2986,9633665,322296.80983,-0.0002989536621824,ARPA-USDT,0.0333520032286808,0.0333817177059873,
2022-10-24 21:00:00,0.03344,0.0335899999999999,0.0333399999999999,0.03345,11952869,399866.55757,2137,6365409,212888.0574,-0.0002988643156005,ARPA-USDT,0.0334593839659307,0.0334922393445992,
2022-10-24 22:00:00,0.03348,0.0336,0.0333,0.0335699999999999,11146070,373235.98641,2314,5222073,174902.26022,-0.0011901219875067,ARPA-USDT,0.0335238028565572,0.0334929946442218,
2022-10-24 23:00:00,0.0335699999999999,0.03363,0.03329,0.03345,10264492,343564.37731,2022,4415613,147789.71811,0.0,ARPA-USDT,0.0336097854592693,0.0336081137653988,
2022-10-25 00:00:00,0.03344,0.0338899999999999,0.03335,0.03369,24176382,814787.19277,4211,11169635,376443.50637,-0.0005932957579353,ARPA-USDT,0.0334462207946028,0.0334342158091757,0.0001
2022-10-25 01:00:00,0.03369,0.03398,0.03355,0.03396,12671667,427851.1787,2726,6207840,209633.02496,-0.0002943773918163,ARPA-USDT,0.0337048748790063,0.0337776899158332,
2022-10-25 02:00:00,0.03395,0.03398,0.03379,0.0338899999999999,12546337,425135.09023,2397,6343951,214925.99749,-0.0011788977306248,ARPA-USDT,0.0339666335899811,0.0339576738903625,
2022-10-25 03:00:00,0.0339,0.0340899999999999,0.03383,0.03387,20835746,707782.19411,3244,8506292,289040.00239,-0.0008849557522124,ARPA-USDT,0.0339073903059316,0.0339055830765907,
2022-10-25 04:00:00,0.03387,0.03391,0.03352,0.03355,18470363,622711.13533,3044,8430197,284230.96701,-0.0005957700327673,ARPA-USDT,0.0338901046557731,0.0338762893871218,
2022-10-25 05:00:00,0.03354,0.03362,0.03336,0.03354,10681838,357601.9414,2456,4839112,162018.3596,0.0002982403817477,ARPA-USDT,0.0335863616413093,0.033548264803819,
2022-10-25 06:00:00,0.03353,0.0336,0.0333899999999999,0.03342,10506032,352076.59179,2444,4620677,154883.66387,0.000299311583358,ARPA-USDT,0.033531879616373,0.0335659105512378,
2022-10-25 07:00:00,0.03343,0.03345,0.03321,0.03328,11226872,373840.99097,2173,4767548,158770.0729,-0.0009006304413089,ARPA-USDT,0.033410857438786,0.0333439230350718,
2022-10-25 08:00:00,0.03329,0.03337,0.0332,0.03322,10909913,363200.83956,2231,5161748,171877.78722,-0.0009022556390978,ARPA-USDT,0.0332893611897862,0.0333106076303335,5.119e-05
2022-10-25 09:00:00,0.03322,0.03333,0.03294,0.03321,31582072,1047383.67473,4274,14930981,495567.35555,-0.001503307276007,ARPA-USDT,0.033125880276862,0.0330404385693571,
2022-10-25 10:00:00,0.03321,0.03333,0.03308,0.03328,13317347,442378.01519,2470,6739490,223901.75503,-0.0009006304413089,ARPA-USDT,0.033186678611547,0.0331472619193091,
2022-10-25 11:00:00,0.03328,0.03354,0.03321,0.03351,14980997,499537.68385,2918,7127874,237766.78783,-0.0014898688915375,ARPA-USDT,0.0332970912283058,0.0332815365904392,
2022-10-25 12:00:00,0.0335,0.03355,0.03327,0.03346,18180015,607634.0112599999,2894,9583780,320275.08132,-0.0008957897879965,ARPA-USDT,0.0334694210184637,0.0334212537624426,
2022-10-25 13:00:00,0.03347,0.03378,0.03347,0.0336399999999999,23594531,794298.85447,3718,10570660,355897.28771,-0.0005941770647683,ARPA-USDT,0.0335182232229919,0.0335038402954376,
2022-10-25 14:00:00,0.0336399999999999,0.03378,0.03351,0.03355,17780129,598151.0816,3117,7187020,241885.05084,-0.0002979737783074,ARPA-USDT,0.0336914912374032,0.0337366975025921,
2022-10-25 15:00:00,0.03354,0.03394,0.03338,0.03376,26882486,905060.65426,4421,11728679,394918.41091,-0.0011834319526626,ARPA-USDT,0.0335556358861675,0.0335097132400825,
2022-10-25 16:00:00,0.03376,0.03403,0.03372,0.03388,27714075,939131.37729,4758,12348862,418525.6295,-0.0005899705014749,ARPA-USDT,0.0337947211887034,0.0338803390052554,1.167e-05
2022-10-25 17:00:00,0.03388,0.03446,0.03387,0.0344,46851322,1600759.9455,6728,20581063,703285.656,0.0005817335660267,ARPA-USDT,0.0340782524575548,0.0341208270178391,
2022-10-25 18:00:00,0.03441,0.03453,0.03415,0.03427,31885628,1094847.84362,5275,14223342,488495.93116,-0.0011658408627222,ARPA-USDT,0.034420881351707,0.0344014935549924,
2022-10-25 19:00:00,0.03428,0.03435,0.03396,0.03417,17418584,595639.1498,3581,7431408,254040.45054,0.0,ARPA-USDT,0.0342835885519762,0.0342875432457746,
2022-10-25 20:00:00,0.03418,0.03424,0.03368,0.03385,21847048,740709.25944,4165,9795223,332053.83512,-0.0008854781582054,ARPA-USDT,0.0342045958143967,0.03404920863532,
2022-10-25 21:00:00,0.03386,0.03408,0.03378,0.03408,8277630,280429.54573,2566,4389833,148735.27889000002,0.0,ARPA-USDT,0.0338910347477494,0.0338571284358991,
2022-10-25 22:00:00,0.0340699999999999,0.0340699999999999,0.03375,0.03383,9566381,323909.27355,2145,4393203,148757.03828,-0.0005908419497784,ARPA-USDT,0.0340511924929071,0.0339745048446561,
2022-10-25 23:00:00,0.0338399999999999,0.03394,0.0337,0.03377,8230654,278385.01145,2104,4185059,141533.4683,-0.000591891092039,ARPA-USDT,0.0338330118384401,0.0338459650618115,
2022-10-26 00:00:00,0.03377,0.03404,0.03373,0.03402,13255252,449628.86474,3159,6518445,221109.05454,-0.0002938583602701,ARPA-USDT,0.033797684430519,0.0338811506939123,0.0001
2022-10-26 01:00:00,0.03404,0.03419,0.03383,0.03402,32863332,1119981.79486,3988,15913603,542508.65429,-0.0011743981209629,ARPA-USDT,0.0340560143201284,0.0340480969448327,
2022-10-26 02:00:00,0.03403,0.0342,0.03402,0.03419,15807170,539114.80144,2378,10772191,367363.29419,0.000292568753657,ARPA-USDT,0.0340999459219573,0.0341035312227872,
2022-10-26 03:00:00,0.03418,0.03441,0.03406,0.03433,13860081,474822.98708,2598,5595503,191704.07203,-0.0002912055911474,ARPA-USDT,0.0341688889934377,0.0341585482958842,
2022-10-26 04:00:00,0.03433,0.03462,0.0343199999999999,0.03443,14886541,513516.20331,3036,6530744,225224.50973,0.0,ARPA-USDT,0.0343321141232725,0.0343688220685717,
2022-10-26 05:00:00,0.03443,0.0345,0.03425,0.03435,10201623,350576.08418,2283,4428882,152208.42567,-0.0005819028222286,ARPA-USDT,0.0344518343498574,0.0344708076739327,
2022-10-26 06:00:00,0.03435,0.0346,0.03435,0.03452,12812260,441721.6002,2601,6391755,220337.19496,-0.0008683068017364,ARPA-USDT,0.0343699145207053,0.0344222581620018,
2022-10-26 07:00:00,0.03453,0.03464,0.03424,0.03426,23014002,793018.49967,3723,11040301,380649.93231,-0.0008748906386701,ARPA-USDT,0.0345402715700753,0.0345593809815532,
2022-10-26 08:00:00,0.03426,0.03473,0.03416,0.03443,20275631,697919.39699,3910,9529546,327885.86911,0.0002905287623475,ARPA-USDT,0.0342684885472111,0.0342897572017564,0.0001
2022-10-26 09:00:00,0.03444,0.0345,0.03435,0.03436,10541784,362976.48782,2155,5737875,197611.01165,-0.0008723466123872,ARPA-USDT,0.034449887849254,0.034471178790047,
2022-10-26 10:00:00,0.03435,0.03457,0.03426,0.03455,16567318,570606.13502,2545,10824786,372864.50792,-0.0002893518518519,ARPA-USDT,0.0343074834179529,0.0343143674512772,
2022-10-26 11:00:00,0.03455,0.0345899999999999,0.03429,0.03431,10879367,374623.48238,2151,4014355,138274.73325,-0.0002913752913753,ARPA-USDT,0.0345502484866072,0.0345441718806322,
2022-10-26 12:00:00,0.03431,0.0343199999999999,0.03401,0.03415,16820306,574034.79829,3050,6864692,234330.90932,-0.0008777062609713,ARPA-USDT,0.0342866142371234,0.0342439997802336,
2022-10-26 13:00:00,0.03416,0.03428,0.03388,0.03416,19126433,651760.85144,3381,9769514,332911.26882,-0.0005851375073141,ARPA-USDT,0.0341667977387406,0.034163810205754,
2022-10-26 14:00:00,0.03415,0.03468,0.03415,0.03426,36228193,1247155.8418,4739,20131474,693069.57307,-0.0011661807580174,ARPA-USDT,0.0342282204086425,0.0342459135533814,
2022-10-26 15:00:00,0.03427,0.03475,0.03426,0.03448,21508510,743049.7389700001,4289,10028884,346362.32579,-0.0008693132425384,ARPA-USDT,0.0342856887556589,0.0343602715970722,
2022-10-26 16:00:00,0.03449,0.03464,0.03423,0.03431,16363928,563405.33415,3391,7774778,267684.67829,-0.0002913752913753,ARPA-USDT,0.0345208128235782,0.0345374595109443,0.0001
2022-10-26 17:00:00,0.0343,0.03446,0.03419,0.03446,9191758,315649.66763,2891,4599345,157938.10881,0.0,ARPA-USDT,0.0342759805659334,0.0342919583374638,
2022-10-26 18:00:00,0.03445,0.03453,0.03417,0.03423,9497286,326613.32479,2439,3584385,123218.98199,-0.0002920560747664,ARPA-USDT,0.0344365584298609,0.0344701615814954,
2022-10-26 19:00:00,0.03422,0.03436,0.03413,0.03431,6479408,221891.11112,1939,3550770,121623.08669,0.0,ARPA-USDT,0.0341953899104172,0.034166477108301,
2022-10-26 20:00:00,0.0343199999999999,0.0345,0.03417,0.0343199999999999,13522815,464442.51284,2579,5762854,197791.02832,-0.0005824111822977,ARPA-USDT,0.0343362596715045,0.0343218822767968,
2022-10-26 21:00:00,0.03433,0.03442,0.0343,0.0343199999999999,4640555,159399.65977,1689,2361943,81126.70982,-0.0002912904165481,ARPA-USDT,0.0343210028878234,0.0343337994826617,
2022-10-26 22:00:00,0.03431,0.03449,0.03417,0.03439,8703016,298922.69979,2203,4167271,143081.55863,-0.0002906976744186,ARPA-USDT,0.0342883091060813,0.0342575248622573,
2022-10-26 23:00:00,0.03438,0.03453,0.03431,0.03436,6829057,234940.64864,1907,3306509,113721.88154,-0.001453065969195,ARPA-USDT,0.0343784583081808,0.0343680101156101,
2022-10-27 00:00:00,0.03436,0.03496,0.0343199999999999,0.03461,34758880,1205903.77601,5702,17926487,621737.56022,-0.0005775339301183,ARPA-USDT,0.0343511982109995,0.0344920965457751,0.0001
2022-10-27 01:00:00,0.03462,0.03472,0.03443,0.0345399999999999,11032817,381587.91725,2721,5089514,175973.70499,0.0005793742757791,ARPA-USDT,0.0346451807797544,0.0346857333024826,
2022-10-27 02:00:00,0.03453,0.03471,0.03417,0.03421,15516817,533509.6381,3227,6801577,233872.50052,-0.0005842827928717,ARPA-USDT,0.0345274045463273,0.0345643660754471,
2022-10-27 03:00:00,0.03422,0.03467,0.03418,0.0346,16635818,573822.23927,3266,9357247,322552.96546,-0.0005777007510109,ARPA-USDT,0.034261313223102,0.0343547851185863,
2022-10-27 04:00:00,0.03461,0.03486,0.03457,0.03474,11231699,389821.90562,2452,4836387,167902.34673,-0.0005753739930954,ARPA-USDT,0.0346334197270238,0.0347026504097778,
2022-10-27 05:00:00,0.03474,0.03507,0.03474,0.03497,14596460,509690.10579,2752,6189102,216117.11805,0.0,ARPA-USDT,0.0347579247669011,0.0347765764167463,
2022-10-27 06:00:00,0.03496,0.0353399999999999,0.03491,0.03491,18761597,659066.62512,3994,7989472,280713.65336,-0.000858614768174,ARPA-USDT,0.0350083346469104,0.0350754282880063,
2022-10-27 07:00:00,0.0349,0.03497,0.0343,0.03463,18684407,646865.12649,3663,7921653,274227.63331,-0.000865551067513,ARPA-USDT,0.0348812408765313,0.0348819661057053,
2022-10-27 08:00:00,0.03465,0.03482,0.03453,0.03471,10114917,350974.51388,2574,4033598,139937.95695,-0.0002880184331798,ARPA-USDT,0.0346507702137141,0.0346349810335606,0.0001
2022-10-27 09:00:00,0.03471,0.03472,0.03433,0.03447,11987087,413100.51822,2508,5952216,205105.6514,-0.0005798782255725,ARPA-USDT,0.0346936485940607,0.0346426661476923,
2022-10-27 10:00:00,0.03447,0.03449,0.03417,0.03437,12487358,428942.8848,2564,5773920,198340.44963,0.0,ARPA-USDT,0.0344702486906062,0.0344261915839719,
2022-10-27 11:00:00,0.03437,0.03456,0.03433,0.03442,7902848,272371.1261,1927,3599454,124037.04245,0.0002906131938389,ARPA-USDT,0.0343704510580988,0.0343739016715954,
2022-10-27 12:00:00,0.03443,0.03469,0.03421,0.03467,22534885,777321.16028,3939,11906603,410748.39559,-0.0002883506343714,ARPA-USDT,0.034397816097875,0.034387592605019,
2022-10-27 13:00:00,0.03467,0.03468,0.03393,0.03406,17047477,585689.52673,3615,7350612,252694.33305,-0.0005868544600938,ARPA-USDT,0.034661087373719,0.034630482369576,
2022-10-27 14:00:00,0.03406,0.03447,0.03396,0.03418,13268752,454652.54972,3093,6673425,228577.0373,-0.0014607069821792,ARPA-USDT,0.0340367846514582,0.0340552179938315,
2022-10-27 15:00:00,0.03419,0.03441,0.03408,0.03415,10380710,355500.84582,2680,5436745,186171.79641,0.0002929115407148,ARPA-USDT,0.0341551332714719,0.034221971538194,
2022-10-27 16:00:00,0.03415,0.03426,0.03402,0.03422,11019037,376224.7882,2480,5494790,187585.7551,0.0002923121894184,ARPA-USDT,0.0341312141326348,0.0341616571884703,0.0001
2022-10-27 17:00:00,0.03422,0.03444,0.0341,0.03436,14570144,500036.12179,2334,7227496,248025.29643,-0.0002909514111142,ARPA-USDT,0.0341986894853915,0.0341564341699128,
2022-10-27 18:00:00,0.03435,0.03441,0.03427,0.03435,6675559,229294.9795,1673,3919887,134662.21689,-0.000291036088475,ARPA-USDT,0.0343629563959985,0.0343604814809443,
2022-10-27 19:00:00,0.03436,0.03461,0.03435,0.03445,10915910,376303.22271,2334,5041619,173835.24274000002,-0.0005802146794313,ARPA-USDT,0.0343809137792294,0.0344108225435688,
2022-10-27 20:00:00,0.03444,0.03452,0.03343,0.03386,34138133,1156484.91509,5402,13711953,464000.5917,-0.0011799410029498,ARPA-USDT,0.0344846668057696,0.0343076693130124,
2022-10-27 21:00:00,0.03387,0.03391,0.0335699999999999,0.03376,7283845,245754.01684,1690,2964973,100023.82084,0.0,ARPA-USDT,0.0338691645738245,0.0338270377107891,
2022-10-27 22:00:00,0.03375,0.0338399999999999,0.03322,0.03358,16022691,538312.8542299999,2668,6666358,223943.99076,0.0,ARPA-USDT,0.0337447510084341,0.0337970432532716,
2022-10-27 23:00:00,0.0335699999999999,0.0336399999999999,0.03335,0.03342,12639261,423457.56792,2477,7313304,245011.77532,-0.0008968609865471,ARPA-USDT,0.0335610832019587,0.0335041755063694,
2022-10-28 00:00:00,0.03342,0.03377,0.03326,0.03366,16356606,548644.98154,3653,8354150,280142.45717,-0.0008904719501334,ARPA-USDT,0.0334011577757339,0.0334634110034545,0.0001
2022-10-28 01:00:00,0.03367,0.03396,0.03353,0.03388,12429078,420418.52737,2219,6963304,235495.60357,0.0005906674542233,ARPA-USDT,0.0336432215256506,0.0335866741299417,
2022-10-28 02:00:00,0.03388,0.03388,0.0333399999999999,0.03342,11110455,372724.32895,2475,5665936,190044.42403,-0.0002991325157045,ARPA-USDT,0.0338658872857961,0.0338417111262972,
2022-10-28 03:00:00,0.03341,0.03366,0.03337,0.03361,5971284,200310.91655,1688,2994208,100419.01,0.0,ARPA-USDT,0.0333830185107772,0.0334548692167504,
2022-10-28 04:00:00,0.03361,0.03373,0.03353,0.03356,10577894,355657.69456,1819,4916252,165303.25241000002,-0.0005955926146515,ARPA-USDT,0.0336085503880561,0.0336431910760825,
2022-10-28 05:00:00,0.03356,0.03358,0.03336,0.03355,6895933,230726.5252,1489,3762926,125921.12669,-0.0005957700327673,ARPA-USDT,0.0335510149916317,0.0335542335493312,
2022-10-28 06:00:00,0.03355,0.03363,0.03347,0.03347,6366058,213534.67944,1488,2793290,93695.37403,-0.0008955223880597,ARPA-USDT,0.0335653657867874,0.0335891607686301,
2022-10-28 07:00:00,0.03348,0.03352,0.033,0.03312,12709619,422186.39093,2767,5476253,181911.6521,0.0,ARPA-USDT,0.0334846641209975,0.0334832716024004,
2022-10-28 08:00:00,0.03312,0.03333,0.03303,0.03329,20596143,683910.80216,3227,10827014,359613.39009,-0.0006004202942059,ARPA-USDT,0.0331375549149401,0.0331655232085182,0.0001
2022-10-28 09:00:00,0.03328,0.0333899999999999,0.03322,0.0333199999999999,4390478,146236.02361,1502,2206219,73499.96822,-3.1086244689504387e-15,ARPA-USDT,0.0333050908719832,0.0333036635566181,
2022-10-28 10:00:00,0.03331,0.03341,0.03316,0.03321,7770652,258735.03969,1917,4209996,140232.50295,-0.0012030075187969,ARPA-USDT,0.0332948246163999,0.033297108413626,
2022-10-28 11:00:00,0.03321,0.03338,0.03312,0.03322,9183592,305168.67689,1950,5364990,178300.90699000002,-0.0015028554253081,ARPA-USDT,0.0332634458802182,0.033233968785189,
2022-10-28 12:00:00,0.03323,0.03362,0.03301,0.0333399999999999,78605770,2620368.32786,8363,41518616,1384509.19999,-0.0014974543276461,ARPA-USDT,0.033214745112768,0.0332105831343629,
2022-10-28 13:00:00,0.03335,0.03393,0.03333,0.03363,22891002,769997.44991,4398,12838504,431656.38036,-0.000594353640416,ARPA-USDT,0.0333558606910989,0.0334120692730753,
2022-10-28 14:00:00,0.03363,0.03395,0.03346,0.03387,16240779,548554.11472,3442,7875747,266109.53282,-0.0002951593860686,ARPA-USDT,0.0336461621075695,0.0336255112195607,
2022-10-28 15:00:00,0.03387,0.03395,0.03373,0.03386,9898866,334920.58619,2492,4594382,155436.21671,0.0,ARPA-USDT,0.0338543796176975,0.0338181629023084,
2022-10-28 16:00:00,0.03387,0.03428,0.0338,0.03421,15040988,512675.03326,3684,6094583,207713.44053,-0.0014594279042615,ARPA-USDT,0.0338735816621673,0.0338987930580065,0.0001
2022-10-28 17:00:00,0.03422,0.0343,0.0340699999999999,0.0340899999999999,10979867,375318.47241,2488,5731632,195951.36708,-0.0002932551319677,ARPA-USDT,0.0342332697467832,0.034243204853415,
2022-10-28 18:00:00,0.0341,0.03419,0.03397,0.03404,7617072,259515.18341,2137,3650057,124371.84411,-0.0002936857562406,ARPA-USDT,0.0341082738255722,0.0340703607029261,
2022-10-28 19:00:00,0.03404,0.03438,0.03394,0.03438,10037999,342767.67111,2499,5956779,203438.73926,-0.000290782204129,ARPA-USDT,0.0340519034723528,0.0340302927559797,
2022-10-28 20:00:00,0.03438,0.03453,0.03426,0.03433,11737668,403729.15387,2479,6023829,207217.471,-0.0008731082654249,ARPA-USDT,0.0343938910944641,0.0343722238922843,
2022-10-28 21:00:00,0.0343199999999999,0.03436,0.03412,0.03413,7145897,244694.74459,1589,2647615,90660.80703,-0.0005856515373352,ARPA-USDT,0.0343264448202451,0.0343369222832746,
2022-10-28 22:00:00,0.03414,0.03433,0.03414,0.03433,5766549,197458.35269,1491,3286198,112525.60017,-0.0002912055911474,ARPA-USDT,0.0341535806668792,0.0341830020627018,
2022-10-28 23:00:00,0.03433,0.03438,0.0341,0.03411,4409156,150970.17511,1186,1991565,68196.56314,-0.0002930832356388,ARPA-USDT,0.0343590663233173,0.0343548891441368,
2022-10-29 00:00:00,0.03411,0.03439,0.03406,0.03435,7547490,258464.52001,1857,3932506,134619.64034,0.0002912055911472,ARPA-USDT,0.034095106400688,0.0340943697404481,0.0001
2022-10-29 01:00:00,0.03435,0.03437,0.03421,0.03429,5464472,187469.26264,1142,3102841,106443.58615,-0.0005829204313611,ARPA-USDT,0.0343533461069042,0.0343446676050149,
2022-10-29 02:00:00,0.0343,0.03444,0.03402,0.03425,10203443,348934.09964000003,1845,3980062,136115.14388,-0.0005836008170411,ARPA-USDT,0.0342965371682789,0.0342665653705747,
2022-10-29 03:00:00,0.03426,0.03485,0.03426,0.0347899999999999,34248858,1184916.60839,5116,16556105,572760.93284,-2.997602166487923e-15,ARPA-USDT,0.0342680220307461,0.03433930321932,
2022-10-29 04:00:00,0.0347899999999999,0.03518,0.0345399999999999,0.03457,16743795,582890.32351,2949,9485637,330302.78216,-0.0005782017924257,ARPA-USDT,0.0347926935340039,0.0347677695104617,
2022-10-29 05:00:00,0.03458,0.03474,0.03452,0.03463,7669026,265435.50959,1769,4237609,146679.79759,-0.0002886836027712,ARPA-USDT,0.0345924661531161,0.0346461476583304,
2022-10-29 06:00:00,0.03463,0.03526,0.03463,0.03491,18612243,650752.24281,3299,9123829,318934.28875,-0.0005725737188664,ARPA-USDT,0.0346542276719498,0.0347072041461157,
2022-10-29 07:00:00,0.03491,0.03503,0.03482,0.0349,10855943,378993.54094,2198,6089851,212587.43993,-0.0005727376861397,ARPA-USDT,0.0348874305288598,0.0349005105593031,
2022-10-29 08:00:00,0.0349,0.03495,0.03462,0.03493,15374486,535325.11486,3581,5895081,205370.20424,0.0,ARPA-USDT,0.034900407449326,0.0348454815043177,0.0001
2022-10-29 09:00:00,0.03493,0.0351,0.03478,0.0350899999999999,13494160,471719.16988,2537,7248813,253520.00673,0.0002850627137942,ARPA-USDT,0.0349563451271616,0.0349417656122707,
2022-10-29 10:00:00,0.03508,0.0350899999999999,0.03452,0.03462,15065095,524074.4356,2992,6725089,233842.88799,-0.0008658008658009,ARPA-USDT,0.0350736513922873,0.0350523665698785,
2022-10-29 11:00:00,0.03463,0.03476,0.03444,0.03455,7242172,250593.56179,1710,3165658,109486.51192,-0.0011564035848512,ARPA-USDT,0.0346137640884453,0.0346052719453264,
2022-10-29 12:00:00,0.03456,0.03473,0.03447,0.03471,7960073,275607.98312,2189,4286299,148402.78369,-0.0002880184331798,ARPA-USDT,0.0345448303154479,0.0345466653987178,
2022-10-29 13:00:00,0.03471,0.03477,0.0343199999999999,0.0346,15178689,523908.5061,2597,6913562,238653.25884,-0.0005777007510109,ARPA-USDT,0.03472154,0.0347306533078549,
2022-10-29 14:00:00,0.0346,0.03476,0.03442,0.0345,10539369,364482.56676,2352,4982261,172222.79968,-0.000289771080846,ARPA-USDT,0.0345882979740813,0.0346275555220023,
2022-10-29 15:00:00,0.0345,0.03494,0.03448,0.0348,14602544,506491.80666,3104,7268392,252238.61258,0.0,ARPA-USDT,0.0345192261604406,0.0345135857862843,
2022-10-29 16:00:00,0.0348,0.03524,0.03476,0.03507,23883617,836069.53708,4853,11223012,392974.00823,-0.0002850627137971,ARPA-USDT,0.0348310458379628,0.0348553242846412,0.0001
2022-10-29 17:00:00,0.03508,0.03545,0.03446,0.03456,41014713,1440609.53572,6343,18563598,652520.44537,-0.0011560693641617,ARPA-USDT,0.0350766807050382,0.0350802157238537,
2022-10-29 18:00:00,0.03455,0.03513,0.03447,0.035,24546117,855710.87789,5337,12310975,429328.49129,-0.0011415525114154,ARPA-USDT,0.034504920597016,0.0346382346620511,
2022-10-29 19:00:00,0.03501,0.03513,0.03466,0.03506,14955596,522238.91925,3595,7924914,276662.45726,0.0,ARPA-USDT,0.0349705765092309,0.0350420582058605,
2022-10-29 20:00:00,0.03506,0.03531,0.03497,0.03518,19085761,670322.94065,3769,10054978,353096.17011,0.0,ARPA-USDT,0.0350552555195611,0.0350617494067228,
2022-10-29 21:00:00,0.03517,0.0353399999999999,0.03497,0.03497,9056971,318193.54379,2607,4655993,163582.9124,-0.0005715918833952,ARPA-USDT,0.0351390378326789,0.0351682345525046,
2022-10-29 22:00:00,0.03498,0.03517,0.03471,0.03483,13338046,466240.22592,3655,6629629,231740.77143,-0.0011471178663606,ARPA-USDT,0.0349970051605172,0.0350679018689313,
2022-10-29 23:00:00,0.03483,0.0359,0.03473,0.0354,26185408,926341.9255,4800,14166350,501184.73302,-0.0002824060999716,ARPA-USDT,0.0348022157515518,0.0347745785971343,
2022-10-30 00:00:00,0.03539,0.03539,0.03489,0.03497,27694449,972594.1625,5326,13789448,484231.07744,-0.000285877644368,ARPA-USDT,0.0353599372352719,0.0352483130455199,0.0001
2022-10-30 01:00:00,0.03498,0.03548,0.03482,0.03548,11771255,413562.64599,3288,6428802,225800.43952,0.0002819283901887,ARPA-USDT,0.0349514938087181,0.0349220046700755,
2022-10-30 02:00:00,0.03548,0.03563,0.0352899999999999,0.03556,7539778,267420.16373000003,2372,3835278,136028.72073,0.0008443568815086,ARPA-USDT,0.0354515024552814,0.0354665183125723,
2022-10-30 03:00:00,0.03556,0.03568,0.03537,0.03546,9106396,323292.89395,2391,4426312,157118.64033,-0.0011267605633802,ARPA-USDT,0.0355773011060986,0.0356252701321888,
2022-10-30 04:00:00,0.03547,0.03562,0.03543,0.03545,9351115,332207.06751,2694,4531461,160977.02729,-0.0005638567803777,ARPA-USDT,0.035500331462537,0.0355468611232168,
2022-10-30 05:00:00,0.03545,0.03572,0.03544,0.03555,7574779,269563.36439,2646,4383967,155992.75681,0.0,ARPA-USDT,0.0354690446201572,0.0355314015683842,
2022-10-30 06:00:00,0.0355399999999999,0.03597,0.03519,0.03573,27612705,983919.44933,5361,14755781,526059.6323299999,0.0,ARPA-USDT,0.035531635760583,0.0355306800763878,
2022-10-30 07:00:00,0.03572,0.0361,0.03547,0.03608,21400083,765108.73242,4825,11393569,407403.80869,-0.0011074197120708,ARPA-USDT,0.0356996354067811,0.0356940248962647,
2022-10-30 08:00:00,0.03608,0.0361,0.0352699999999999,0.0357,30273621,1081047.63419,5275,14527789,518851.01705,-0.0005599104143336,ARPA-USDT,0.036082513747964,0.0359851575428643,0.0001
2022-10-30 09:00:00,0.03571,0.03597,0.0350199999999999,0.03524,16777115,596149.61067,4043,7070577,251153.86521,-0.0002836879432622,ARPA-USDT,0.0357212426583405,0.0357355990374594,
2022-10-30 10:00:00,0.03524,0.03551,0.03523,0.03538,8741875,309371.04254,2486,3996899,141441.84463,-0.0005649717514124,ARPA-USDT,0.0352483813600564,0.0352715245377484,
2022-10-30 11:00:00,0.03537,0.03558,0.03524,0.03546,8524382,301885.50125,2336,4141963,146634.36861,-0.0002819283901889,ARPA-USDT,0.0353623924033766,0.0353680154610502,
2022-10-30 12:00:00,0.03546,0.03551,0.03507,0.03546,11782904,415878.94346,2908,6358699,224357.99474,0.0005643340857788,ARPA-USDT,0.0354665339599453,0.0354740188630969,
2022-10-30 13:00:00,0.03546,0.03547,0.03493,0.03503,12297125,432267.36277,2728,5593113,196537.43178,0.0005712653527563,ARPA-USDT,0.0354523792226042,0.0353773674491419,
2022-10-30 14:00:00,0.0350199999999999,0.03543,0.03482,0.03531,12090897,425012.2058,2782,5330014,187251.39355,-0.0005660911406736,ARPA-USDT,0.0349509718461488,0.0349815059096449,
2022-10-30 15:00:00,0.03532,0.03548,0.03472,0.03483,14441736,507168.83991,3194,6647405,233300.0819,-0.0022916069894012,ARPA-USDT,0.0353153004780468,0.0353560202702903,
2022-10-30 16:00:00,0.03483,0.03518,0.03471,0.03483,11744873,410536.93448,3155,5657609,197709.14777,0.0,ARPA-USDT,0.0348253808549832,0.03478627138119,0.0001
2022-10-30 17:00:00,0.03485,0.03508,0.0347899999999999,0.03501,8521267,297645.2115,2270,3778625,132003.5047,-0.0002855511136494,ARPA-USDT,0.034869068232157,0.0348540522985569,
2022-10-30 18:00:00,0.03501,0.03505,0.03483,0.03485,8521326,297906.16142,2400,3472328,121399.90618,-0.0008600917431192,ARPA-USDT,0.0350206798036352,0.0350220513833241,
2022-10-30 19:00:00,0.03485,0.03515,0.03485,0.035,13401499,469400.94023,2600,6139915,215031.61152,-0.0017113519680547,ARPA-USDT,0.0348887320685123,0.0349559758817875,
2022-10-30 20:00:00,0.035,0.0351,0.0349,0.035,6985040,244514.5745,1995,2967412,103878.0938,-0.000285632676378,ARPA-USDT,0.0350091559762767,0.0349968735586257,
2022-10-30 21:00:00,0.03501,0.0351,0.03487,0.03498,6899098,241468.1776,2196,2468187,86372.57542000001,-0.0002857959416977,ARPA-USDT,0.0350413593214267,0.0350472027617449,
2022-10-30 22:00:00,0.03499,0.03503,0.03414,0.0345399999999999,21132341,728915.65882,4317,8710677,300348.33502,0.0002896032435533,ARPA-USDT,0.0349993418282929,0.034868461273695,
2022-10-30 23:00:00,0.0345399999999999,0.03471,0.03446,0.0346,8048173,278360.92974,2279,3300377,114176.76012,-0.0008663008951776,ARPA-USDT,0.0345174927216815,0.0345679095507295,
2022-10-31 00:00:00,0.03461,0.03505,0.03458,0.03465,12117986,421935.18874,3158,5558795,193433.23676,-0.0002885170225044,ARPA-USDT,0.0346325009696636,0.0346541834986554,0.0001
2022-10-31 01:00:00,0.03465,0.0348399999999999,0.03446,0.03461,9447809,327665.36427,2551,3947317,136929.94268,-0.0005775339301183,ARPA-USDT,0.0346966552553426,0.0347608874069605,
2022-10-31 02:00:00,0.03462,0.03467,0.03421,0.03438,7933075,272555.08148,2276,3986984,136966.54405,-0.0005813953488371,ARPA-USDT,0.0346232312002005,0.0346053681521623,
2022-10-31 03:00:00,0.03438,0.03486,0.03436,0.03482,6009203,208073.43984,1907,3131628,108454.55418,-0.0005740528128589,ARPA-USDT,0.034397107575083,0.0343978118431102,
2022-10-31 04:00:00,0.03483,0.03485,0.03466,0.03474,7835133,272412.98839,2260,3168332,110173.09288,-0.000862812769629,ARPA-USDT,0.0348263298904359,0.0348063091429764,
2022-10-31 05:00:00,0.03473,0.03478,0.03456,0.0346,6328124,219471.5266,1904,2726768,94584.68006,-0.000288933834152,ARPA-USDT,0.0347267831996157,0.0347040349845302,
2022-10-31 06:00:00,0.03461,0.03469,0.03423,0.03445,10331336,355421.50686,2795,5511607,189554.4542,0.0,ARPA-USDT,0.0346099931129922,0.0346244070993924,
2022-10-31 07:00:00,0.03445,0.0346,0.03426,0.03457,17209228,593136.29446,2996,7791475,268578.92764,-0.0005782017924257,ARPA-USDT,0.0344431233342246,0.0344279903275573,
2022-10-31 08:00:00,0.03457,0.03458,0.03422,0.03435,7787552,267449.36424,2103,3443044,118155.32767,-0.0011631288165163,ARPA-USDT,0.0345637131128412,0.0345417866233532,0.0001
2022-10-31 09:00:00,0.03436,0.03507,0.03426,0.03499,14273095,495705.73709,2486,5407074,187771.94812,-0.0011418783899513,ARPA-USDT,0.0343395413032079,0.0343117984410304,
2022-10-31 10:00:00,0.035,0.0351,0.03473,0.03494,10618528,370950.26867,2388,5155309,180092.23957,-0.0008578781812983,ARPA-USDT,0.0349946531703429,0.0350372122842984,
2022-10-31 11:00:00,0.03495,0.03523,0.03492,0.03499,12203590,427722.59158,2184,6947948,243437.54197,-0.0011418783899513,ARPA-USDT,0.0350204493116951,0.035048462924824,
2022-10-31 12:00:00,0.03499,0.03521,0.03483,0.03495,13503376,472953.72951,2643,5546024,194117.29166,-0.0008576329331044,ARPA-USDT,0.0350147008743099,0.0350250535308216,
2022-10-31 13:00:00,0.03495,0.03516,0.0340899999999999,0.03412,19566796,681825.54509,3331,8242385,287397.68674,-0.0014632718759145,ARPA-USDT,0.034950618088597,0.0350003678887527,
2022-10-31 14:00:00,0.0341,0.03462,0.03401,0.03433,21865705,751344.29009,3814,10834878,371998.24089,-0.0005822416302765,ARPA-USDT,0.0341203151893322,0.0342254041398979,
2022-10-31 15:00:00,0.0343199999999999,0.03469,0.03423,0.03448,11415312,393356.61539,2760,6089435,209646.17875,-0.0011587485515645,ARPA-USDT,0.0343189426137179,0.0342757108738141,
2022-10-31 16:00:00,0.03448,0.03489,0.03433,0.03465,19987756,691333.53091,3572,10047347,347076.32804,-0.0011530700490054,ARPA-USDT,0.0344557504272718,0.0344530674114257,0.0001
2022-10-31 17:00:00,0.03464,0.03482,0.03451,0.03465,12240559,424605.31008,2642,5382036,186706.51601,-0.0011530700490054,ARPA-USDT,0.0346181293638545,0.0346379263820473,
2022-10-31 18:00:00,0.03465,0.0351,0.03465,0.03487,22712825,792554.1932399999,3398,8528057,297398.90116,0.0002868617326448,ARPA-USDT,0.034666325494388,0.0347381583288982,
2022-10-31 19:00:00,0.03488,0.03497,0.03466,0.0347,15288789,532417.2371,2401,8670352,301947.92947,-0.0002881014116967,ARPA-USDT,0.0348734005639101,0.0348900933273698,
2022-10-31 20:00:00,0.0347,0.0348399999999999,0.03458,0.03458,5826498,202139.86374,1558,3248114,112700.79211,-0.0002891008962128,ARPA-USDT,0.0346942315492386,0.0346619665334738,
2022-10-31 21:00:00,0.03458,0.03478,0.03455,0.03467,6013876,208244.88752,1510,3210096,111125.44355,-0.0011524056467876,ARPA-USDT,0.0346057628798351,0.034617689820513,
2022-10-31 22:00:00,0.03467,0.03508,0.03458,0.0349,13612974,475128.27272,2265,6085428,212334.37834,-0.0008588605782995,ARPA-USDT,0.0346928628998356,0.0346955595260866,
2022-10-31 23:00:00,0.03491,0.03501,0.0348,0.0348,7529935,262883.68447,1569,4364915,152346.04573,-0.0011481056257177,ARPA-USDT,0.0349320240257162,0.0349500172510706,
2022-11-01 00:00:00,0.03481,0.03523,0.0348,0.03499,14272678,499959.84933,2728,6403126,224134.76597,-0.0005712653527563,ARPA-USDT,0.0348450620792582,0.034937676451883,0.0001
2022-11-01 01:00:00,0.03501,0.0356,0.035,0.03526,18763661,662589.373,2987,10218961,360504.19544,-0.0008500991782375,ARPA-USDT,0.0350178732673267,0.035045097531916,
2022-11-01 02:00:00,0.03525,0.03544,0.03519,0.03532,9572666,337734.24022,1688,5421822,191273.50942,-0.0016958733747881,ARPA-USDT,0.0352165082267512,0.0352449100047013,
2022-11-01 03:00:00,0.03532,0.03545,0.0352699999999999,0.03533,4684824,165567.36791,1265,2569969,90803.5526,0.000566411781365,ARPA-USDT,0.0353291391622538,0.0353970457528574,
2022-11-01 04:00:00,0.03532,0.03536,0.03501,0.0351,9422818,331545.22018,1959,5065853,178264.68148,0.0,ARPA-USDT,0.0352930500095585,0.0352985053106309,
2022-11-01 05:00:00,0.0351,0.03519,0.03501,0.03512,5259066,184602.69701,1129,2584451,90685.38509,-0.0011376564277587,ARPA-USDT,0.0350691172289091,0.0350591923724484,
2022-11-01 06:00:00,0.03512,0.03535,0.03505,0.03528,6774630,238674.46197,1610,3492313,123044.83105,-0.0008496176720476,ARPA-USDT,0.0351317284793425,0.035126505484018,
2022-11-01 07:00:00,0.0352699999999999,0.03542,0.03514,0.03528,8877590,313090.252,1828,4121305,145342.64164000002,-0.0008496176720476,ARPA-USDT,0.035288077708896,0.0352816491156417,
2022-11-01 08:00:00,0.03528,0.03538,0.03523,0.0352699999999999,5027187,177413.92834,1279,2251386,79453.94864,-0.0008498583569432,ARPA-USDT,0.0352783526897504,0.0352917943223996,0.0001
2022-11-01 09:00:00,0.0352699999999999,0.03547,0.03524,0.03533,9103405,321735.15269,1951,4705322,166326.51496,0.0,ARPA-USDT,0.0353019161469731,0.0352984005846923,
2022-11-01 10:00:00,0.0353399999999999,0.03537,0.03523,0.03531,6862866,242334.73327,1703,3672762,129697.09672,0.0005667327854916,ARPA-USDT,0.0353419483868229,0.035288742713204,
2022-11-01 11:00:00,0.03532,0.03533,0.03493,0.03497,11078940,388579.66629,2109,5206640,182729.0466,-0.0005715918833952,ARPA-USDT,0.0353208840079717,0.0352695223484515,
2022-11-01 12:00:00,0.03497,0.0351,0.03487,0.0350399999999999,7910673,276770.63257,2164,3394048,118742.65678,-0.001140250855191,ARPA-USDT,0.0349732048151835,0.034994689526867,
2022-11-01 13:00:00,0.03506,0.03511,0.03453,0.03465,9915676,345729.29873,2234,4400927,153460.99935,-0.0011530700490054,ARPA-USDT,0.0350891045986789,0.0350749728854824,
2022-11-01 14:00:00,0.03466,0.03485,0.03456,0.03474,8348400,289862.55827,1729,3858473,133984.14945,-0.0011500862564691,ARPA-USDT,0.0346589030409395,0.0346528080392528,
2022-11-01 15:00:00,0.03474,0.03495,0.03469,0.0348,6248844,217453.79509,1528,2917489,101552.39631,-0.0014347202295552,ARPA-USDT,0.034750606651201,0.0347430034541112,
2022-11-01 16:00:00,0.03481,0.03485,0.03451,0.0345899999999999,9866006,342218.52047,2534,4094368,142011.1916,-0.0011550678602397,ARPA-USDT,0.0347777069040779,0.0347664890646558,0.0001
2022-11-01 17:00:00,0.03458,0.03466,0.03453,0.03461,6124304,211970.68355,1924,2504852,86716.17645,-0.0011544011544011,ARPA-USDT,0.034572170305623,0.0345752544751715,
2022-11-01 18:00:00,0.03462,0.03494,0.03462,0.03489,12130227,422088.06171,2305,5607138,195122.16537,-0.0011451474377327,ARPA-USDT,0.0347022182792807,0.0347496075738653,
2022-11-01 19:00:00,0.03489,0.03499,0.03473,0.0348399999999999,8475656,295523.87321,1731,3702938,129096.04327,-0.0014330753797677,ARPA-USDT,0.0348760742305263,0.0349091052025803,
2022-11-01 20:00:00,0.0348399999999999,0.03485,0.03475,0.03478,4849284,168769.37072,1472,2356376,82014.08622,-0.0005747126436781,ARPA-USDT,0.034807808533488,0.0348141250250678,
2022-11-01 21:00:00,0.0347899999999999,0.03482,0.03468,0.0347,2567497,89230.10346,1148,1011007,35149.90786,-0.0011514104778352,ARPA-USDT,0.0347874586313604,0.0347954307443202,
2022-11-01 22:00:00,0.03469,0.0347,0.03458,0.03467,4169379,144434.52081,1359,2206648,76452.07025,0.0002885170225042,ARPA-USDT,0.0346866716322779,0.0346768578027561,
2022-11-01 23:00:00,0.03466,0.03473,0.0346,0.0346,4085620,141681.85562,1031,1897846,65809.38204,-0.0014430014430014,ARPA-USDT,0.0346491042332268,0.0346461449940622,
2022-11-02 00:00:00,0.03461,0.03469,0.03433,0.03463,7955512,274679.58494,1869,4082535,140997.08797,-0.0011537352177675,ARPA-USDT,0.0346148621527803,0.0346274956508506,0.0001
2022-11-02 01:00:00,0.03464,0.03471,0.03458,0.03463,3310779,114716.96874,1096,1661803,57586.77678,-0.0011537352177675,ARPA-USDT,0.0346399972371253,0.0346309239181235,
2022-11-02 02:00:00,0.03462,0.03462,0.03443,0.03456,5265434,181708.19597,981,2660199,91763.77952,0.0,ARPA-USDT,0.0346150348211959,0.0345691249598569,
2022-11-02 03:00:00,0.03456,0.03465,0.03441,0.03442,5885701,203335.47369,1312,3418056,118098.96572,-0.0002904443799013,ARPA-USDT,0.0345451436402107,0.034536323975158,
2022-11-02 04:00:00,0.03441,0.03443,0.0343,0.03436,4860508,167001.78385,1213,2553748,87748.00401,-0.0005817335660267,ARPA-USDT,0.0344152759045567,0.0343843784839221,
2022-11-02 05:00:00,0.03437,0.0345899999999999,0.0343399999999999,0.0343399999999999,10798163,371906.89465,1766,5792383,199519.35437,-0.0014539110206484,ARPA-USDT,0.034353763371991,0.0344034320125134,
2022-11-02 06:00:00,0.03436,0.03436,0.03414,0.03417,6742493,230926.50525,1812,2995698,102621.41217,0.0002927400468382,ARPA-USDT,0.0343535051388835,0.0343373389336736,
2022-11-02 07:00:00,0.03416,0.03416,0.03354,0.03386,27762638,938619.71136,4144,12065411,407998.81287,-0.0020630710285882,ARPA-USDT,0.0341362528515593,0.0341315068685747,
2022-11-02 08:00:00,0.03386,0.03423,0.0338,0.03417,8892656,301769.38607,2310,4498685,152699.42815,-0.0008771929824562,ARPA-USDT,0.033845916073873,0.0338514574393529,0.0001
2022-11-02 09:00:00,0.03417,0.03429,0.03352,0.03352,12140246,410906.52473,2524,5505847,186424.08957,-0.0017867778439546,ARPA-USDT,0.0342361455739844,0.0342369298713511,
2022-11-02 10:00:00,0.03352,0.03377,0.03331,0.03374,10252155,343904.85714,2268,5296491,177688.62392,-0.0008883624518803,ARPA-USDT,0.0334741981465453,0.0334228967552028,
2022-11-02 11:00:00,0.03373,0.03378,0.0336399999999999,0.03368,4901519,165347.31714,1115,2797789,94389.21874,-0.0005934718100889,ARPA-USDT,0.0337293237911168,0.0337368360858721,
2022-11-02 12:00:00,0.03368,0.03371,0.0333899999999999,0.03352,7456452,250394.77502,1878,3728197,125243.98875,-0.0017867778439546,ARPA-USDT,0.0336684004214963,0.0336731520350247,
2022-11-02 13:00:00,0.03353,0.03375,0.03341,0.03358,6742700,226578.80095,1451,3531419,118603.11712,-0.000595238095238,ARPA-USDT,0.033512170766428,0.033539934943599,
2022-11-02 14:00:00,0.03358,0.0339,0.03352,0.03369,8837793,298053.18588,1840,4107790,138510.15531,-0.0011858879335904,ARPA-USDT,0.0335859042892635,0.0335738457375365,
2022-11-02 15:00:00,0.03369,0.03372,0.03358,0.03363,4006861,134842.53622,1432,2202467,74122.73597000001,-0.000594353640416,ARPA-USDT,0.0336785260680217,0.0336621347769697,
2022-11-02 16:00:00,0.03363,0.0338899999999999,0.03343,0.03387,7405804,249255.64129,1790,3414485,114882.90269,-0.0005901445854236,ARPA-USDT,0.0336334621806223,0.0336100839833816,7.685e-05
2022-11-02 17:00:00,0.03387,0.03388,0.03344,0.03362,8297125,279512.47255,2153,4863704,163903.51442,-0.0005945303210465,ARPA-USDT,0.0338748266008902,0.033784589317925,
2022-11-02 18:00:00,0.0335899999999999,0.03475,0.03345,0.03406,46616218,1599583.25752,8832,23392651,802506.18389,-0.0008800234672925,ARPA-USDT,0.0335997361009538,0.0341201735462377,
2022-11-02 19:00:00,0.03403,0.03444,0.03336,0.03367,23300615,788142.46479,5186,12110783,409582.56794,-0.0011865915158706,ARPA-USDT,0.0340491067247113,0.0341173220351045,
2022-11-02 20:00:00,0.03366,0.03376,0.0329,0.0333899999999999,22658374,754119.63241,4174,10317131,343491.11903,-0.0008976660682256,ARPA-USDT,0.0336217243226436,0.0336715732600986,
2022-11-02 21:00:00,0.03338,0.03373,0.03326,0.03372,10698730,358459.34083,2470,6121415,205065.07345,0.0,ARPA-USDT,0.0333422580270453,0.0333974452797313,
2022-11-02 22:00:00,0.03371,0.03372,0.03337,0.0335,10178400,341364.63176,2487,6010055,201556.30475,-0.0005966587112171,ARPA-USDT,0.0336502402343464,0.0336072760644592,
2022-11-02 23:00:00,0.03351,0.03381,0.03343,0.03375,10730234,361608.08238,2619,6345027,213811.24291,-0.0002962085308055,ARPA-USDT,0.0334853707159732,0.0334764050085647,
2022-11-03 00:00:00,0.03375,0.0344,0.03367,0.0343,17383570,592732.20885,4203,10420089,355386.914,0.0002916302128899,ARPA-USDT,0.0337321042445541,0.033703977971738,8.768e-05
2022-11-03 01:00:00,0.0343,0.03465,0.03412,0.03444,14753906,507351.81357,3198,8321785,286040.84462,-0.0005803830528148,ARPA-USDT,0.0343189234548968,0.0342586954182023,
2022-11-03 02:00:00,0.03443,0.035,0.03421,0.03494,21228629,734049.26249,4099,10924925,378111.98955,-0.0005720823798627,ARPA-USDT,0.03444824011728,0.0344427216581375,
2022-11-03 03:00:00,0.03493,0.03507,0.03453,0.03473,34894948,1212693.93769,5458,15794072,549119.6680599999,-0.0002878526194589,ARPA-USDT,0.0349463611693675,0.0349150838167708,
2022-11-03 04:00:00,0.03473,0.03588,0.03465,0.03497,49229130,1732252.6084,8071,26732636,940409.5623,-0.0008571428571428,ARPA-USDT,0.0346926552465134,0.034729954090893,
2022-11-03 05:00:00,0.03496,0.03581,0.03493,0.03571,31437417,1113250.14604,5529,15911354,563557.16885,-0.0005597537083682,ARPA-USDT,0.0349499331728368,0.0350531396573,
2022-11-03 06:00:00,0.03571,0.03703,0.03545,0.03571,108317968,3901026.59384,16202,54869532,1977218.23141,-0.0002799552071669,ARPA-USDT,0.0356836956013981,0.0356535125847556,
2022-11-03 07:00:00,0.0357,0.03614,0.03546,0.0356,30877385,1104103.55792,6136,14994450,536704.7358,-0.0002808199943836,ARPA-USDT,0.0358523239461862,0.0358526304904331,
2022-11-03 08:00:00,0.0356,0.03678,0.03553,0.03607,85556747,3086130.45062,12570,39360948,1419325.61522,0.0,ARPA-USDT,0.0356557275101638,0.0358832453800744,0.0001
2022-11-03 09:00:00,0.03607,0.03713,0.03563,0.03675,47803724,1731311.20727,7726,24669288,893752.58321,0.0010896213565785,ARPA-USDT,0.0360718113548875,0.0360176014775802,
2022-11-03 10:00:00,0.0367399999999999,0.03807,0.03623,0.03652,143273724,5297670.98761,20389,69674043,2579991.3627,0.0005479452054795,ARPA-USDT,0.0367503056289069,0.0367737919598205,
2022-11-03 11:00:00,0.03652,0.03661,0.0357699999999999,0.03615,42369880,1534126.46144,7613,20148573,729981.36238,-0.0002765486725662,ARPA-USDT,0.0364767849875607,0.0364404438692205,
2022-11-03 12:00:00,0.03614,0.03671,0.03609,0.03664,41827629,1523098.79916,7464,24183240,880562.69623,-0.0002728512960437,ARPA-USDT,0.0361511804337219,0.0361677010376295,
2022-11-03 13:00:00,0.03664,0.03689,0.03616,0.03626,38517343,1407954.11644,6420,16771359,613469.6829,-0.0005512679162072,ARPA-USDT,0.0366571954451659,0.0367315678994721,
2022-11-03 14:00:00,0.03627,0.03673,0.03627,0.0365399999999999,21335559,780227.49329,4971,9831526,359396.58701,-2.886579864025407e-15,ARPA-USDT,0.0363460866491797,0.0364118401633147,
2022-11-03 15:00:00,0.03653,0.03653,0.03582,0.03639,37118513,1340632.07087,5993,16627932,600800.3457,0.0002748763056623,ARPA-USDT,0.0365060049509844,0.0364383693484444,
2022-11-03 16:00:00,0.03638,0.03688,0.03627,0.03667,21969946,802653.39479,4854,10519859,384477.30668,-0.0008174386920981,ARPA-USDT,0.0363392775521269,0.0363646472975353,0.0001
2022-11-03 17:00:00,0.03667,0.0367,0.0362,0.03621,19831502,723794.11408,4549,8723491,318552.67925,-0.001103448275862,ARPA-USDT,0.0366065095117637,0.0365844481389492,
2022-11-03 18:00:00,0.03621,0.03659,0.03565,0.03652,23539247,849433.55602,5243,11257167,406304.75182,-0.0002737476047085,ARPA-USDT,0.0362323794115076,0.0361487400744778,
2022-11-03 19:00:00,0.03651,0.03668,0.03632,0.03642,13832935,504502.26713,3689,6686963,243958.39697,-0.0010970927043334,ARPA-USDT,0.0364849768591268,0.0364407534400921,
2022-11-03 20:00:00,0.03643,0.03712,0.03633,0.03657,27200164,999198.90549,5957,14082837,517436.72594,0.0,ARPA-USDT,0.0364678426248315,0.0364285939128563,
2022-11-03 21:00:00,0.03656,0.03693,0.03655,0.03684,13227661,486296.91658,3505,8128448,298803.20619,0.0002715177844148,ARPA-USDT,0.0365961455158996,0.036634032482325,
2022-11-03 22:00:00,0.03684,0.03684,0.03609,0.03616,21673720,788050.3424,4969,10551225,383856.26233,0.0,ARPA-USDT,0.0368253994229963,0.0367161974994853,
2022-11-03 23:00:00,0.03615,0.03643,0.03594,0.03637,15440759,559251.52216,4064,7417827,268718.75528,-0.0013728720483251,ARPA-USDT,0.0361633870264087,0.0363036539226891,
2022-11-04 00:00:00,0.03636,0.0367899999999999,0.03596,0.0367399999999999,17292055,629288.2069400001,4825,9186868,334196.90213,-0.0002721088435401,ARPA-USDT,0.0363830668972695,0.0363530351194842,0.0001
2022-11-04 01:00:00,0.03673,0.03695,0.03628,0.03644,16984648,621478.72471,4234,8803184,322090.76125,-0.0005485463521667,ARPA-USDT,0.0367232033867108,0.0367708255869413,
2022-11-04 02:00:00,0.03645,0.03678,0.03641,0.03668,12457173,455724.22626,3596,6134060,224369.34043,-0.0002725538293814,ARPA-USDT,0.0364430814025773,0.0365300328612856,
2022-11-04 03:00:00,0.03667,0.03782,0.0366,0.03753,43143677,1606184.60028,7723,24909560,927438.12662,-0.0010646792653712,ARPA-USDT,0.036662236215093,0.0366417339534231,
2022-11-04 04:00:00,0.03752,0.03768,0.03714,0.0372199999999999,30131207,1124701.28773,6196,16168436,603495.87863,-0.000268600590924,ARPA-USDT,0.03741455889551,0.037498861584125,
2022-11-04 05:00:00,0.03723,0.03727,0.0362399999999999,0.0362899999999999,31498200,1158577.27941,5468,11856898,436405.5195,-0.0002754820936666,ARPA-USDT,0.037217670237988,0.0371353958926361,
2022-11-04 06:00:00,0.0362899999999999,0.0372399999999999,0.0362899999999999,0.03709,25862811,950695.96914,5298,13083153,480445.22925,-0.0013462574044157,ARPA-USDT,0.0364287239795152,0.0364969824179806,
2022-11-04 07:00:00,0.03709,0.03709,0.03687,0.03694,14747950,545429.38534,3554,6167742,228077.07277,-0.0002706359945872,ARPA-USDT,0.0370144402676495,0.0370049033810171,
2022-11-04 08:00:00,0.03696,0.03709,0.03671,0.03676,14004510,516677.29652,3766,6397392,235902.80465,-0.0013583265417006,ARPA-USDT,0.036949762131691,0.0369925098680319,0.0001
2022-11-04 09:00:00,0.03677,0.03712,0.03648,0.03698,17193316,633565.6377,4274,7662141,282553.40102,-0.0010804970286331,ARPA-USDT,0.0367874695340501,0.0368128733214835,
2022-11-04 10:00:00,0.03698,0.03719,0.03684,0.03713,14967563,553693.3932,3956,7848784,290342.65771,-0.000269251480883,ARPA-USDT,0.0369494152613472,0.0369442678627208,
2022-11-04 11:00:00,0.03712,0.03718,0.03663,0.03671,14706429,543096.04164,3647,6616434,244233.09558,0.0002724795640325,ARPA-USDT,0.0370939733939907,0.03700360410072,
2022-11-04 12:00:00,0.0367,0.03738,0.03632,0.03729,34899667,1289447.56556,6918,16602683,614000.50858,-0.0002680965147453,ARPA-USDT,0.0367479793595231,0.0367309848218089,
2022-11-04 13:00:00,0.03728,0.03737,0.03691,0.03707,20914346,777520.137,4642,10627015,395135.11431,-0.0005392289026691,ARPA-USDT,0.0372690375043549,0.0372947582375537,
2022-11-04 14:00:00,0.03708,0.0377,0.03702,0.03751,24255444,908752.67443,5425,10860901,406834.52381,-0.0002665245202557,ARPA-USDT,0.0370859371092009,0.0370750439208285,
2022-11-04 15:00:00,0.03752,0.03759,0.0366,0.03662,19504312,723438.83432,4790,8524450,316299.11038,-0.000818553888131,ARPA-USDT,0.0375295494981159,0.0374879382298174,
2022-11-04 16:00:00,0.03662,0.03702,0.03656,0.03696,15188672,559402.02752,4277,7297782,268765.68038,-0.000270489586151,ARPA-USDT,0.0366937795198354,0.0367068907804355,0.0001
2022-11-04 17:00:00,0.03696,0.03716,0.03678,0.03698,14494744,536074.9686499999,4344,6808489,251872.51442,-0.0002703433360368,ARPA-USDT,0.0369509079821788,0.0369531834969453,
2022-11-04 18:00:00,0.03698,0.03702,0.03675,0.03692,12085548,445908.86299,3657,7227529,266673.70059,-0.0008119079837617,ARPA-USDT,0.037007696988555,0.0369542581313466,
2022-11-04 19:00:00,0.03691,0.03728,0.03688,0.03727,11137527,412778.0384,3206,5490719,203472.39399,-0.0002682403433477,ARPA-USDT,0.0369214123089527,0.0369356347033682,
2022-11-04 20:00:00,0.03726,0.03752,0.03717,0.03738,11635806,434194.92664,3666,5546470,206956.27728,-0.0005347593582889,ARPA-USDT,0.0372633911819139,0.0372633300819511,
2022-11-04 21:00:00,0.03738,0.03765,0.03725,0.03759,10553529,395800.20454,3301,5214647,195553.04298,-0.000531773464504,ARPA-USDT,0.0373945407016282,0.0374145709341278,
2022-11-04 22:00:00,0.03758,0.03765,0.03732,0.03763,10692939,400989.95556,3380,5116126,191882.26855,0.0,ARPA-USDT,0.0375884356380318,0.0375325270012115,
2022-11-04 23:00:00,0.03762,0.03762,0.03731,0.03757,9339621,349968.01699,3168,3880449,145388.59687,-0.0002660989888239,ARPA-USDT,0.0375961785096305,0.0375108374087545,
2022-11-05 00:00:00,0.03757,0.038,0.03752,0.03771,30857952,1165186.3594,6775,13826581,522210.28746,-0.0010596026490066,ARPA-USDT,0.0375762807377803,0.0377635419383849,0.0001
2022-11-05 01:00:00,0.03772,0.03839,0.0375,0.0378,35562792,1351239.67247,6283,18286241,694546.58722,-0.0013210039630119,ARPA-USDT,0.0377559590381074,0.0379883972739534,
2022-11-05 02:00:00,0.03781,0.03813,0.0377,0.0379899999999999,12876867,488058.02054,3602,6479351,245615.77009,-0.0015768725361393,ARPA-USDT,0.0378123283501924,0.0378544601178436,
2022-11-05 03:00:00,0.038,0.03845,0.03765,0.03805,23735407,903556.02432,5517,10699218,407176.91316,-0.0010501443948542,ARPA-USDT,0.0379492451376523,0.0380627992069848,
2022-11-05 04:00:00,0.03805,0.0381699999999999,0.03763,0.0376899999999999,18379607,698071.75618,4375,6896248,262017.75805,-0.0018538135593247,ARPA-USDT,0.0380021488721197,0.0379906354049028,
2022-11-05 05:00:00,0.0377,0.03806,0.03768,0.03786,11630923,440337.26477,3497,5710084,216177.90816,-0.0010554089709764,ARPA-USDT,0.0377142474222855,0.0377839775241333,
2022-11-05 06:00:00,0.03786,0.03835,0.03785,0.03833,17231134,656633.5104799999,4276,8318445,316791.78266,-0.0015629070070329,ARPA-USDT,0.0378715686191721,0.0379699898484964,
2022-11-05 07:00:00,0.03833,0.0388,0.03792,0.03861,38597260,1481544.33666,8278,19709130,756536.333,0.0007776049766716,ARPA-USDT,0.0383097653331013,0.0383014898778003,
2022-11-05 08:00:00,0.0386,0.03861,0.03801,0.03836,34071820,1304551.88678,7489,18036319,690574.46716,-0.0005211047420531,ARPA-USDT,0.0385453848811414,0.0385079970738085,5.887e-05
2022-11-05 09:00:00,0.03837,0.0384,0.0379,0.03814,29787866,1134755.76315,6637,13453634,512577.61781,-0.0007859575582919,ARPA-USDT,0.0383665945361771,0.0383283104450701,
2022-11-05 10:00:00,0.03814,0.0382399999999999,0.038,0.03804,16169055,616459.53996,4092,7077124,269837.19644,-0.0010504201680673,ARPA-USDT,0.0381333834382028,0.0381437754142931,
2022-11-05 11:00:00,0.03804,0.03821,0.03791,0.03791,16165175,615277.64244,3994,7384847,281154.59347,-0.0013171759747102,ARPA-USDT,0.038014103477636,0.0380384797817289,
2022-11-05 12:00:00,0.03791,0.03813,0.03782,0.0379899999999999,11928033,452784.69801,3568,4984353,189253.95607,-0.0007890583903235,ARPA-USDT,0.0379312848028513,0.0379285119221258,
2022-11-05 13:00:00,0.03801,0.03807,0.03767,0.03792,12407251,470025.55323,3681,5671128,214866.26512,-0.0015797788309636,ARPA-USDT,0.0379784474755048,0.0379795496401075,
2022-11-05 14:00:00,0.03792,0.03807,0.03765,0.03792,12543931,474812.80006,3306,5475489,207269.36692,-0.0002636435539149,ARPA-USDT,0.0379431046452751,0.0379696614533988,
2022-11-05 15:00:00,0.03792,0.0383,0.03783,0.03812,16735039,637847.66811,4498,8382580,319553.55469,-0.0007863695937091,ARPA-USDT,0.0379013352076528,0.0378842570361142,
2022-11-05 16:00:00,0.03813,0.03818,0.03783,0.0379899999999999,14306954,543746.37791,3928,6307073,239757.67464,-0.0002631578947395,ARPA-USDT,0.0381440541335206,0.0380898488825268,0.0001
2022-11-05 17:00:00,0.038,0.03804,0.03761,0.03782,14270871,539517.10872,3505,5657663,213974.19978,-0.0018474531538664,ARPA-USDT,0.0379753387465642,0.0379391789677189,
2022-11-05 18:00:00,0.03782,0.03787,0.03713,0.03739,23509872,880894.77178,5103,8452272,316796.05407,-0.0002673796791444,ARPA-USDT,0.0378515920726003,0.0378178422407902,
2022-11-05 19:00:00,0.03739,0.03759,0.03731,0.03755,8428634,315503.9391,2710,3351036,125469.56178,-0.0007982969664716,ARPA-USDT,0.0373486802850134,0.0373404312921529,
2022-11-05 20:00:00,0.03756,0.03762,0.03746,0.0376,5454122,204692.8631,2273,2488726,93384.52997,-0.0015932023366966,ARPA-USDT,0.0375448012184309,0.0375197521342779,
2022-11-05 21:00:00,0.0376,0.03762,0.03742,0.03761,4295374,161106.09907,1822,2103754,78901.4048,-0.0002658160552898,ARPA-USDT,0.037602925331944,0.0375685557370558,
2022-11-05 22:00:00,0.03762,0.03788,0.0374899999999999,0.03761,8044906,303194.07837,2558,4612854,173873.46229999998,-0.0005314908317831,ARPA-USDT,0.0376053461519996,0.0375778377607821,
2022-11-05 23:00:00,0.03762,0.03775,0.037,0.03737,22808534,850446.42502,5245,9588996,357528.41713,-0.0005349023803156,ARPA-USDT,0.0376854890099218,0.037696662046835,
2022-11-06 00:00:00,0.03738,0.03782,0.03711,0.03746,23032316,864453.42338,5242,10659387,399931.97424,0.0,ARPA-USDT,0.0374066825574687,0.0374032642171388,2.647e-05
2022-11-06 01:00:00,0.03744,0.03758,0.03689,0.03693,13529930,503631.26942,3352,6954389,258930.21884,-0.0002707092582566,ARPA-USDT,0.0374084148416488,0.0374178105754343,
2022-11-06 02:00:00,0.03692,0.03738,0.03692,0.03719,9695504,360735.59919,2862,4990805,185656.94123,-0.0008060182697474,ARPA-USDT,0.0371171297261005,0.0372814340165261,
2022-11-06 03:00:00,0.0372,0.03755,0.03719,0.0374699999999999,6828951,255262.12489,2263,3731707,139438.54778,-0.0002668089647839,ARPA-USDT,0.0372496150976051,0.0372597937169807,
2022-11-06 04:00:00,0.03746,0.0375,0.03731,0.03742,5276082,197433.1274,1944,3163849,118374.79755,0.0005347593582887,ARPA-USDT,0.037461472366428,0.037449446004762,
2022-11-06 05:00:00,0.03742,0.03742,0.03691,0.03692,7998118,297050.37466000003,2459,4281226,159108.16844,-0.0008119079837617,ARPA-USDT,0.0374187851309789,0.0373674615171356,
2022-11-06 06:00:00,0.03692,0.03713,0.03686,0.03705,9210682,340791.93921,2314,5310804,196486.95589,-0.0005395198273536,ARPA-USDT,0.0369372888376526,0.037004046883483,
2022-11-06 07:00:00,0.03704,0.0371,0.03696,0.03706,7346281,272123.38362,2262,3673839,136088.59385,-0.0016163793103447,ARPA-USDT,0.037015950977038,0.0370342770550528,
2022-11-06 08:00:00,0.03705,0.03729,0.03689,0.0371,12686523,470528.5148,3108,5431007,201415.69307,0.0,ARPA-USDT,0.0370439265493454,0.0370625078921152,0.0001
2022-11-06 09:00:00,0.03711,0.03725,0.03702,0.0371,5277046,196047.318,1838,2629811,97697.81151,-0.0013458950201884,ARPA-USDT,0.0371291819927593,0.0371167399132571,
2022-11-06 10:00:00,0.03711,0.03745,0.0371,0.0374,11860969,442892.99107,2822,6410174,239313.41433,-0.0008014961261019,ARPA-USDT,0.0371146378495397,0.0371516118583042,
2022-11-06 11:00:00,0.0374,0.03775,0.03704,0.0376,21088351,789710.0391599999,3512,10332762,386709.97437,-0.0007972362476745,ARPA-USDT,0.0374024969695942,0.0373853487754722,
2022-11-06 12:00:00,0.0376,0.0376,0.0372199999999999,0.03727,9962069,372881.73065,2282,5388445,201703.70861,-0.0010720986330743,ARPA-USDT,0.0375555069318346,0.0374974753685865,
2022-11-06 13:00:00,0.03727,0.03802,0.03717,0.0377399999999999,27856113,1049727.89297,4620,12738461,479954.45972,-0.0007942811755388,ARPA-USDT,0.0372904865475495,0.0373390606500733,
2022-11-06 14:00:00,0.03773,0.03789,0.03757,0.03773,16513462,622628.55747,3390,8569719,323097.38403,-0.0018518518518518,ARPA-USDT,0.0376426938390155,0.0376185137924867,
2022-11-06 15:00:00,0.03773,0.03796,0.03768,0.03778,14406415,545058.7731999999,2837,6977177,263982.23684,-0.0013217023526301,ARPA-USDT,0.0377397333520877,0.0377654341317712,
2022-11-06 16:00:00,0.03777,0.03789,0.03734,0.03763,16633401,625926.38032,4134,7270088,273624.36422,-0.0015919342000532,ARPA-USDT,0.0376809137340995,0.0375314959938574,-4.025e-05
2022-11-06 17:00:00,0.03763,0.03781,0.03736,0.03741,9564546,358992.88975,2799,3895275,146180.23206,0.0002673796791443,ARPA-USDT,0.0376517498916368,0.037630156146134,
2022-11-06 18:00:00,0.03741,0.0374699999999999,0.03708,0.0372199999999999,12426520,463161.08954,3554,5673808,211549.22703,-0.0008053691275194,ARPA-USDT,0.0374390441223527,0.0374207465439299,
2022-11-06 19:00:00,0.03723,0.03728,0.0367,0.03698,12794112,473599.11119,3299,4667083,172626.65744,-0.0010804970286331,ARPA-USDT,0.037232376908362,0.037222538238212,
2022-11-06 20:00:00,0.0369899999999999,0.03707,0.03671,0.03694,8812396,324920.13212,2860,3902828,143887.68968,-0.0010816657652784,ARPA-USDT,0.0370430546525203,0.0369884045807512,
2022-11-06 21:00:00,0.03693,0.0369899999999999,0.03663,0.03666,6344110,233650.94315,2207,2691445,99173.83342,-0.0019057990743261,ARPA-USDT,0.0369176864548292,0.0368919185338543,
2022-11-06 22:00:00,0.03666,0.03688,0.0361,0.03642,16119707,587531.51653,3797,6213418,226531.99386,-0.0010970927043334,ARPA-USDT,0.0366555421740969,0.0367504325360952,
2022-11-06 23:00:00,0.03642,0.03645,0.0350399999999999,0.03563,29958241,1071396.20318,6058,11834787,424069.54411,-0.0022402688322598,ARPA-USDT,0.0364034132479875,0.0363421099372235,
2022-11-07 00:00:00,0.03562,0.0362,0.03557,0.03582,17125179,615404.09503,4261,9129369,328202.93761,-0.0002790957298354,ARPA-USDT,0.035632127066112,0.0356938317858524,-0.00017297
2022-11-07 01:00:00,0.03583,0.03606,0.03558,0.03587,12860993,460862.96355,2866,5527657,198025.27096,-0.0008356545961003,ARPA-USDT,0.0358103233990731,0.035854078076059,
2022-11-07 02:00:00,0.03588,0.03615,0.03586,0.0360399999999999,7141071,257215.33929,1984,3727206,134220.19314,-0.0008317161075713,ARPA-USDT,0.0359125604575139,0.0359071422404865,
2022-11-07 03:00:00,0.0360399999999999,0.0361,0.03585,0.03591,6656298,239466.75829,2006,2869542,103191.92123,-0.0008347245409016,ARPA-USDT,0.036015598015681,0.0360449491336582,
2022-11-07 04:00:00,0.03591,0.03597,0.03569,0.03589,7159278,256507.34234,1948,2768016,99150.26504,-0.0002785515320334,ARPA-USDT,0.0359077111711298,0.0359241256739888,
2022-11-07 05:00:00,0.03589,0.03615,0.03585,0.03598,6387127,229778.41374,2201,3279904,117977.82254,-0.0013877324451846,ARPA-USDT,0.035867655465482,0.0359018164494162,
2022-11-07 06:00:00,0.03596,0.03607,0.03587,0.036,7154095,257367.96756,2510,3724659,134013.88225,-0.0016638935108154,ARPA-USDT,0.0359654121858362,0.035979860162221,
2022-11-07 07:00:00,0.036,0.0368,0.03478,0.0348,95501045,3430520.55525,15197,46763037,1682385.89665,-0.0008613264427218,ARPA-USDT,0.0359842517652084,0.036143350548245,
2022-11-07 08:00:00,0.03481,0.0355399999999999,0.03465,0.03548,16039633,563707.54296,4317,7709827,270765.98268,-0.0002817695125387,ARPA-USDT,0.0347416107221299,0.0347894189708288,0.0001
2022-11-07 09:00:00,0.03548,0.03557,0.03544,0.03551,6378841,226513.00413,2116,3459342,122846.60513,-0.0016868147315152,ARPA-USDT,0.0354772001504376,0.0355130407556687,
2022-11-07 10:00:00,0.03551,0.03606,0.0355,0.0357899999999999,10896883,390304.37614,2516,5621215,201153.87125,-0.0019520356943698,ARPA-USDT,0.0355122805540445,0.0355391763517409,
2022-11-07 11:00:00,0.0358,0.03603,0.0357899999999999,0.03594,5473730,196477.79093,1930,2537814,91070.35425,-0.0008340283569642,ARPA-USDT,0.0358156895523312,0.0358456140730507,
2022-11-07 12:00:00,0.03595,0.03615,0.03572,0.0360399999999999,9806218,352223.07965,2643,4762447,171048.77277,-2.886579864025407e-15,ARPA-USDT,0.035925711693901,0.0359227579320644,
2022-11-07 13:00:00,0.03605,0.03611,0.03568,0.03573,21797410,781852.69218,4592,10454871,375067.17664,-0.0002797985450476,ARPA-USDT,0.0360705448191145,0.0360055755678846,
2022-11-07 14:00:00,0.03572,0.03583,0.03526,0.03549,14376408,511215.54775,3671,6780464,241257.46009,-0.0011258091753447,ARPA-USDT,0.0357762781423563,0.0357452112840889,
2022-11-07 15:00:00,0.03547,0.03608,0.03547,0.0360399999999999,14376674,514072.69029,3820,6928066,247663.68995,-0.0008317161075713,ARPA-USDT,0.035501473781629,0.0355983969490772,
2022-11-07 16:00:00,0.03605,0.03621,0.03568,0.03568,12263834,441631.6078,2992,5496930,197903.53499,-0.0013993842709206,ARPA-USDT,0.0360723170131888,0.036107036822804,7.225e-05
2022-11-07 17:00:00,0.03571,0.03586,0.03564,0.03572,8354040,298536.71579,2189,4861960,173755.41846,-0.001118568232662,ARPA-USDT,0.0357390647315546,0.0357426970674954,
2022-11-07 18:00:00,0.03572,0.03592,0.03571,0.03576,7349114,263162.84353,2415,3489702,124968.23692,-0.0005589714924538,ARPA-USDT,0.0357800348041153,0.0357639494739437,
2022-11-07 19:00:00,0.03576,0.03616,0.0357,0.0360399999999999,15925914,573800.78374,3051,7081797,254975.66613,-0.000277392510405,ARPA-USDT,0.0357610651136335,0.0357430937675307,
2022-11-07 20:00:00,0.03605,0.03612,0.03581,0.03593,9488647,341543.49629,2789,5633176,202785.49524,-0.000556328233658,ARPA-USDT,0.0360926874333631,0.036052239433433,
2022-11-07 21:00:00,0.03593,0.03634,0.0355399999999999,0.03627,16007119,574599.67597,4268,9218603,330793.83893,0.0,ARPA-USDT,0.0359080999947994,0.0359090360737869,
2022-11-07 22:00:00,0.03627,0.03767,0.03503,0.03613,134974226,4876656.1004,20578,65333134,2362771.06295,-0.0024848150193262,ARPA-USDT,0.0364651755933241,0.0364884496799303,
2022-11-07 23:00:00,0.03614,0.03708,0.0360399999999999,0.03626,49464306,1806840.18168,8623,22140546,808652.37407,-0.0005512679162072,ARPA-USDT,0.036070791386019,0.0361149380818484,
2022-11-08 00:00:00,0.03626,0.03742,0.03625,0.0368,38051719,1400486.75419,8056,18828725,692877.05755,0.0005437737901032,ARPA-USDT,0.0362580595312846,0.0363511086303958,-0.00010518
2022-11-08 01:00:00,0.03681,0.03745,0.03675,0.03722,29103056,1081016.38174,5736,16293195,604931.54511,-0.0002686005909211,ARPA-USDT,0.0370131702673669,0.0371952943255591,
2022-11-08 02:00:00,0.03721,0.03761,0.03638,0.03659,62958757,2341435.21346,11911,30599310,1138657.15318,-0.0019094380796508,ARPA-USDT,0.0372219963608906,0.037295917959945,
2022-11-08 03:00:00,0.03662,0.03726,0.0359,0.03605,178176075,6527065.79574,32106,88324604,3239923.45545,-0.0008314855875831,ARPA-USDT,0.0365827450862779,0.0363637599222356,
2022-11-08 04:00:00,0.03604,0.03605,0.0331,0.03386,105444239,3633373.73675,19663,44759588,1541939.18017,-0.0032381513099793,ARPA-USDT,0.0356035583027262,0.0356072097264794,
2022-11-08 05:00:00,0.03386,0.03432,0.03295,0.03406,50188649,1698911.71041,9148,24445924,827921.1154,-0.0020509815411661,ARPA-USDT,0.0338560668176024,0.0340814764700036,
2022-11-08 06:00:00,0.03405,0.03459,0.03371,0.03451,26899692,919159.20638,5713,13892805,474782.31772,-0.001735608909459,ARPA-USDT,0.0340126068714991,0.0339445859082466,
2022-11-08 07:00:00,0.03451,0.03494,0.03436,0.03467,19336231,669663.80111,4497,9069465,314066.06872,-0.0005765350245027,ARPA-USDT,0.0344695444830787,0.034457741281987,
2022-11-08 08:00:00,0.03467,0.03477,0.0344,0.03452,14788330,511418.41673,3769,8081172,279485.34549,0.0,ARPA-USDT,0.0347087600772977,0.0346775229040968,-0.00012777
2022-11-08 09:00:00,0.03452,0.03476,0.0344,0.0345,16124812,557780.94382,4014,8150068,281851.75045,-0.0014471780028941,ARPA-USDT,0.0345738817198313,0.0345502170343547,
2022-11-08 10:00:00,0.0345,0.03465,0.03412,0.03422,14640033,503748.79992,3349,7318745,251818.98117,-0.0002921413964357,ARPA-USDT,0.034571953252881,0.0345261833462474,
2022-11-08 11:00:00,0.03423,0.03433,0.03384,0.03405,18436539,628209.42039,4071,8621836,293804.72462,-0.0020515826494724,ARPA-USDT,0.034199205767948,0.0340736195587978,
2022-11-08 12:00:00,0.03405,0.03428,0.03385,0.03418,14247236,485171.21304,3174,6771501,230595.82538,-0.0005847953216373,ARPA-USDT,0.0340503613255291,0.0340624887661974,
2022-11-08 13:00:00,0.03418,0.03423,0.03376,0.03377,11290475,384111.62439,2946,6153017,209296.56335,-0.0017735737511084,ARPA-USDT,0.0341863838230973,0.0341900497428639,
2022-11-08 14:00:00,0.03377,0.03408,0.03326,0.03375,21400162,720508.56605,5182,9824710,330803.99688,-0.0011837821840781,ARPA-USDT,0.0337820555145793,0.0338304196565732,
2022-11-08 15:00:00,0.03377,0.03397,0.03329,0.03396,15093351,508608.64284,3925,7085269,238633.75297,-0.0002943773918163,ARPA-USDT,0.033797005144798,0.0338455440940117,
2022-11-08 16:00:00,0.03396,0.03555,0.03391,0.03475,47222061,1650946.21355,9555,19573127,683761.70231,-0.0017236426314276,ARPA-USDT,0.0339783734823388,0.0340449535410461,-6.475e-05
2022-11-08 17:00:00,0.03475,0.035,0.03345,0.0335,35133721,1202851.48808,7502,17059590,583897.08032,-0.0002984183825722,ARPA-USDT,0.0348264166036428,0.0348355015928699,
2022-11-08 18:00:00,0.03347,0.03372,0.03155,0.03202,73031165,2375450.98433,14560,36497629,1187587.89352,-0.002492211838006,ARPA-USDT,0.0335401055263114,0.0336152434843955,
2022-11-08 19:00:00,0.03203,0.03237,0.028,0.03085,70505061,2152827.48354,11891,32510137,991125.97285,-0.0009715025906736,ARPA-USDT,0.0320505144255013,0.0321399179286732,
2022-11-08 20:00:00,0.03081,0.03118,0.03004,0.03078,55619045,1709016.68274,9339,29732275,914039.36659,-0.0045278137128073,ARPA-USDT,0.0308444763849906,0.0309431238846186,
2022-11-08 21:00:00,0.03079,0.0313,0.03055,0.03112,31758199,981521.55517,6212,15120598,467253.2866,-0.0012836970474968,ARPA-USDT,0.0307633330873954,0.0307836516178285,
2022-11-08 22:00:00,0.03112,0.03116,0.03063,0.03084,26145864,807283.15488,4509,14018359,432563.97492,-0.0009718172983479,ARPA-USDT,0.0310575081295188,0.0309895360498152,
2022-11-08 23:00:00,0.03082,0.03178,0.03068,0.03123,34136790,1065145.53261,5836,17376211,541876.96455,-0.0009596928982725,ARPA-USDT,0.0308194973345518,0.0308398893921308,
2022-11-09 00:00:00,0.03122,0.03158,0.03067,0.03068,25678863,798456.20543,5456,12067232,375131.03291,0.0006523157208089,ARPA-USDT,0.0312431702874993,0.0310470086609358,-0.00018967
2022-11-09 01:00:00,0.03069,0.0312,0.03048,0.03064,23589393,728101.9608,4598,10709837,330422.2599,-0.000326264274062,ARPA-USDT,0.0306621115524881,0.0306407972508573,
2022-11-09 02:00:00,0.03063,0.03188,0.02986,0.02994,117211796,3603415.89192,18707,57217082,1759940.45244,-0.0006675567423231,ARPA-USDT,0.0306312593355012,0.030583922642448,
2022-11-09 03:00:00,0.02992,0.0303,0.02961,0.03001,38131660,1141942.99087,6650,19266718,577191.48804,-0.0006660006660007,ARPA-USDT,0.0299489692443544,0.0298403129739903,
2022-11-09 04:00:00,0.03001,0.03044,0.02974,0.03022,26891151,809193.84986,5152,12344360,371238.90997,-0.0003307972213033,ARPA-USDT,0.0300213538706149,0.0299753616167804,
2022-11-09 05:00:00,0.03024,0.03081,0.02972,0.03016,25420472,768726.29773,5609,11174503,337705.65071,0.0003316749585406,ARPA-USDT,0.030179336331257,0.0301351023382915,
2022-11-09 06:00:00,0.03017,0.03084,0.03009,0.03032,15707916,477842.43841,4013,7660976,232978.58372,-0.0013175230566535,ARPA-USDT,0.0301510576228442,0.030181174799889,
2022-11-09 07:00:00,0.03032,0.03086,0.03025,0.0304,15646663,477936.31729,4309,7660225,233952.96296,-0.0003288391976323,ARPA-USDT,0.0303289627901934,0.0304075394659197,
2022-11-09 08:00:00,0.03039,0.03047,0.02889,0.02946,52825598,1558332.3697000002,9705,25045550,738880.87393,-0.000339328130302,ARPA-USDT,0.0303867112549333,0.0303343955340667,7.887e-05
2022-11-09 09:00:00,0.02947,0.02948,0.02817,0.02857,32148495,924901.28538,6363,16036859,461200.34087,0.0,ARPA-USDT,0.0294226676005603,0.0293447157991885,
2022-11-09 10:00:00,0.02857,0.0288,0.02767,0.02846,39855534,1128393.21599,7226,19282862,545714.84883,-0.0007022471910111,ARPA-USDT,0.0286971863720202,0.0287088977943175,
2022-11-09 11:00:00,0.02848,0.02923,0.02837,0.02919,27095322,782041.71284,5080,13283098,383067.47446,0.0,ARPA-USDT,0.0285237283405396,0.028509291451329,
2022-11-09 12:00:00,0.02918,0.02956,0.02872,0.02906,36152691,1053472.33314,7034,17020519,495798.85891,0.0,ARPA-USDT,0.0291712203144127,0.0292916528428282,
2022-11-09 13:00:00,0.02907,0.02925,0.0285,0.02861,24772895,713584.89403,5084,12246044,352801.1176,0.0,ARPA-USDT,0.0290890491392738,0.0291018915308684,
2022-11-09 14:00:00,0.02862,0.0293,0.02819,0.02883,27121217,778920.78358,4902,13012611,373397.64564,0.0,ARPA-USDT,0.0286250467579444,0.0286354044515233,
2022-11-09 15:00:00,0.02882,0.02922,0.02731,0.0274,48278214,1364374.91513,8733,24896830,703602.7128099999,-0.0039985459832787,ARPA-USDT,0.0288025734696697,0.0289463104754751,
2022-11-09 16:00:00,0.0274,0.02789,0.02689,0.02741,36297464,997039.19616,6699,18714247,513859.65933,-0.0018208302986161,ARPA-USDT,0.0273573702952561,0.0276303313950232,0.0001
2022-11-09 17:00:00,0.02743,0.02771,0.02695,0.02708,22601582,616850.308,4473,11046450,301381.99815,-0.00110660272962,ARPA-USDT,0.0274037013293651,0.0273822439892005,
2022-11-09 18:00:00,0.02707,0.02708,0.02595,0.02631,34765100,919048.28994,6659,17622094,465677.67047,0.0,ARPA-USDT,0.0270267022023019,0.0269842461165386,
2022-11-09 19:00:00,0.02632,0.02727,0.02627,0.02671,33409953,895630.96884,5558,15861076,424997.52032,-0.0007482229704451,ARPA-USDT,0.0263502835773576,0.0264400801665695,
2022-11-09 20:00:00,0.02669,0.02735,0.02618,0.02654,41622487,1110863.61012,7118,20696121,552143.92801,0.0003769317753485,ARPA-USDT,0.0266801913829849,0.0266021672829131,
2022-11-09 21:00:00,0.02656,0.02656,0.02398,0.02432,76786655,1912911.4079,12369,38539542,961000.62921,-0.0012320328542093,ARPA-USDT,0.0265040127691212,0.0262081507311436,
2022-11-09 22:00:00,0.02433,0.02495,0.02407,0.02448,40864456,1000923.45429,6474,21122597,517137.21513,-0.0012239902080783,ARPA-USDT,0.0242893169631249,0.0244038146294618,
2022-11-09 23:00:00,0.02447,0.02494,0.02394,0.02472,65794616,1609030.4126,9591,31094321,759848.15181,0.0,ARPA-USDT,0.0243605994177892,0.0242866395004657,
2022-11-10 00:00:00,0.02471,0.02571,0.02428,0.02568,46972183,1178057.02455,8344,22467980,563512.56701,-0.0019432568985618,ARPA-USDT,0.0245846148072556,0.0244973572848504,-2.201e-05
2022-11-10 01:00:00,0.02567,0.02599,0.02495,0.0252599999999999,31773319,808098.85622,5174,16815913,427203.82174,-0.0003957261575029,ARPA-USDT,0.0256230534082323,0.0258057606356298,
2022-11-10 02:00:00,0.02524,0.02556,0.02503,0.02554,21722176,549487.03725,3547,10758749,272055.8506,0.0003916960438699,ARPA-USDT,0.0252651535821349,0.0251704671315156,
2022-11-10 03:00:00,0.02553,0.02666,0.0255199999999999,0.0262,29749847,778514.86881,5094,14390396,376601.16397,-0.0003815337657382,ARPA-USDT,0.0255592724737792,0.0257098164186279,
2022-11-10 04:00:00,0.0262,0.02677,0.02605,0.02676,28986649,765019.20897,4832,14423730,380673.63161,0.0,ARPA-USDT,0.0261259649770646,0.0261636148585528,
2022-11-10 05:00:00,0.02677,0.0272199999999999,0.02668,0.02712,26667456,718174.66851,5022,13495670,363321.70817,-0.0007369196757553,ARPA-USDT,0.0268032971285347,0.0269131355991407,
2022-11-10 06:00:00,0.02711,0.0274899999999999,0.02684,0.02712,27679225,750672.69758,5306,13677298,370856.62068,-0.0011049723756907,ARPA-USDT,0.0271138397501356,0.0270499249164278,
2022-11-10 07:00:00,0.0271399999999999,0.02761,0.0269699999999999,0.02726,22946324,627016.7491,4293,10948744,299091.68076,-0.0018308311973636,ARPA-USDT,0.0271762788063987,0.0272786681100938,
2022-11-10 08:00:00,0.02725,0.02738,0.0263899999999999,0.02716,28091434,754420.20019,5357,13181822,353805.6733,-0.0007358351729211,ARPA-USDT,0.0272162228203562,0.0270864262166025,0.0001
2022-11-10 09:00:00,0.02715,0.02723,0.0268,0.0268899999999999,15063791,406765.25609,2762,8116345,219140.55657,-0.0022263450834917,ARPA-USDT,0.0271383636588598,0.0270905343608242,
2022-11-10 10:00:00,0.02688,0.027,0.02624,0.02642,20503568,544713.86089,3596,10755708,285695.96028,0.0007575757575757,ARPA-USDT,0.0268638635717567,0.0268882730024775,
2022-11-10 11:00:00,0.02641,0.02688,0.02625,0.0266399999999999,24679077,655892.32721,3985,11917848,316848.65577,-0.0029940119760516,ARPA-USDT,0.0264484339125531,0.0264341135839099,
2022-11-10 12:00:00,0.02663,0.0273899999999999,0.02659,0.02695,24351426,657178.97677,4825,11963490,322914.39213,-0.0014820303816227,ARPA-USDT,0.02662273443751,0.0268436656434766,
2022-11-10 13:00:00,0.02695,0.0287399999999999,0.02685,0.02852,43710744,1221269.94623,6707,21149245,590455.09229,0.0,ARPA-USDT,0.0269039431353707,0.0270244672274385,
2022-11-10 14:00:00,0.0284899999999999,0.02887,0.02815,0.02886,28451924,809888.40178,5072,13565752,386202.42268,0.0003466204506066,ARPA-USDT,0.0284038004921689,0.0283550872383618,
2022-11-10 15:00:00,0.02885,0.02926,0.02856,0.02889,25826179,746285.1461,4517,13456809,388932.82305,-0.0003460207612456,ARPA-USDT,0.028813378212286,0.0289724944645114,
2022-11-10 16:00:00,0.02887,0.02953,0.02872,0.0291,23680183,691381.74052,4183,10211856,298234.76778,-0.0017152658662091,ARPA-USDT,0.0288185871160794,0.0288318002540563,0.0001
2022-11-10 17:00:00,0.0291,0.02918,0.02816,0.02864,21311565,612493.29924,3975,11705950,336440.04128,0.0,ARPA-USDT,0.0290523561660903,0.0291000797576982,
2022-11-10 18:00:00,0.02863,0.02891,0.0283399999999999,0.02872,20307214,582363.60799,3308,10614724,304502.97613,-0.0010434782608695,ARPA-USDT,0.0286364381438866,0.0286558881876792,
2022-11-10 19:00:00,0.0287399999999999,0.02898,0.02854,0.0289199999999999,14207371,408628.24521,2811,7393304,212659.10071,-0.0006910850034588,ARPA-USDT,0.0287325174120153,0.0288092036405777,
2022-11-10 20:00:00,0.02891,0.0295,0.02862,0.0293399999999999,15561710,451064.89262,3141,7912003,229394.02945,-0.0020408163265339,ARPA-USDT,0.0288899771217313,0.0288234779216149,
2022-11-10 21:00:00,0.02935,0.03129,0.0287899999999999,0.02946,118120284,3515043.0249,18157,58168157,1731598.88547,-0.0010172939979653,ARPA-USDT,0.0293145006873704,0.0292679931413771,
2022-11-10 22:00:00,0.0294399999999999,0.02947,0.0290399999999999,0.02918,22160733,648599.85973,3325,11417600,334180.8428,-0.0006849315068493,ARPA-USDT,0.0292904046318612,0.029296937928111,
2022-11-10 23:00:00,0.02918,0.0294199999999999,0.0287399999999999,0.02899,24442647,711645.63646,3716,12728396,370594.84182,0.0,ARPA-USDT,0.0291925558881599,0.0292482795210045,
2022-11-11 00:00:00,0.02899,0.02925,0.02853,0.0291,19847114,574357.68717,3495,10336835,299123.72264,-0.0010298661174047,ARPA-USDT,0.0289748448580115,0.0290395651539452,0.0001
2022-11-11 01:00:00,0.02911,0.0294199999999999,0.02825,0.0284199999999999,17546491,505853.62375,3122,8588534,247296.53623,-3.552713678800501e-15,ARPA-USDT,0.029104897189856,0.0291646301341458,
2022-11-11 02:00:00,0.0284199999999999,0.02843,0.02781,0.02811,20787144,585503.35718,3541,8723800,245570.24147,0.0,ARPA-USDT,0.0283517970870139,0.0283404994375404,
2022-11-11 03:00:00,0.0281,0.02812,0.02745,0.02785,16861462,468143.39066,2811,8138263,226099.92937,-0.0007176175098672,ARPA-USDT,0.0280736662204897,0.0280313273876329,
2022-11-11 04:00:00,0.0278399999999999,0.02811,0.02763,0.02787,11440799,318725.92775000003,2416,6152526,171303.05151,0.0,ARPA-USDT,0.027816757885116,0.0277849709092125,
2022-11-11 05:00:00,0.02786,0.02847,0.02778,0.02837,10544160,296881.28762,2173,4876604,137345.07835999998,-0.0003523608174771,ARPA-USDT,0.0278209149336783,0.0278786853632001,
2022-11-11 06:00:00,0.02836,0.02851,0.02808,0.02835,9164467,259494.20327,2179,4728416,133839.52884,-0.0014089468122577,ARPA-USDT,0.028357859793568,0.0284285372934012,
2022-11-11 07:00:00,0.02835,0.0288,0.02817,0.0286699999999999,7988870,228146.60364,2120,3995803,114106.02897,-0.000348675034871,ARPA-USDT,0.0283357823968859,0.0283056520680929,
2022-11-11 08:00:00,0.02866,0.02895,0.02846,0.02873,11404714,327101.62814,2533,5287011,151665.27048,-0.0010431154381085,ARPA-USDT,0.0286450532449524,0.0286341088728995,0.0001
2022-11-11 09:00:00,0.0287399999999999,0.0289399999999999,0.02854,0.0288,7249045,208313.75763,1995,3550094,102016.76535,-0.0003471017007983,ARPA-USDT,0.0287372219789059,0.0287138235847167,
2022-11-11 10:00:00,0.0288,0.02903,0.02851,0.0287399999999999,10039989,288910.74084,2259,5029951,144854.46268,-0.0006954102920757,ARPA-USDT,0.0287682326838569,0.0288816446044468,
2022-11-11 11:00:00,0.0287399999999999,0.02903,0.0285899999999999,0.02868,12735109,367060.35454,2630,5707335,164526.44161,-0.0006968641114982,ARPA-USDT,0.0287175577751547,0.028691855753272,
2022-11-11 12:00:00,0.02866,0.02888,0.02843,0.02885,11122561,318602.21411,2362,5693202,163113.941,-0.0006927606511949,ARPA-USDT,0.0286538329316285,0.0286940977844013,
2022-11-11 13:00:00,0.02885,0.02907,0.02856,0.0286,9375132,270357.32642,2123,4016703,115766.52409,-0.0006988120195666,ARPA-USDT,0.0288868302249852,0.028953013286386,
2022-11-11 14:00:00,0.0286,0.02861,0.0266,0.02767,50468991,1390041.56532,7386,24002661,661147.1155,0.0010853835021706,ARPA-USDT,0.0284885097890234,0.0282655879725675,
2022-11-11 15:00:00,0.02766,0.02804,0.02727,0.02762,17641304,488440.22276,3367,7448793,206157.673,-0.0025279884434814,ARPA-USDT,0.0277366401965568,0.0277449838479569,
2022-11-11 16:00:00,0.02762,0.0277,0.02706,0.02746,13897452,380101.10962,3211,6327192,173095.20813,-0.0003640334910812,ARPA-USDT,0.0276179993825796,0.02759015151483,0.0001
2022-11-11 17:00:00,0.0274699999999999,0.02775,0.0273,0.02761,7698203,211533.09786,2005,3668447,100816.9049,-0.000362056480811,ARPA-USDT,0.0274376471149477,0.0274568583529912,
2022-11-11 18:00:00,0.0276,0.02778,0.0274,0.02746,9577237,264608.61479,2134,4635658,128088.98751,-0.0007278020378458,ARPA-USDT,0.0276369988492953,0.0276771019791603,
2022-11-11 19:00:00,0.02745,0.02763,0.02726,0.02753,7357330,202138.31575,1821,3650589,100300.92328,-0.001088534107402,ARPA-USDT,0.0274349279479669,0.0273616120909522,
2022-11-11 20:00:00,0.02755,0.02825,0.02681,0.02701,117054949,3233266.21784,12305,60116945,1661204.93681,-0.0014787430683919,ARPA-USDT,0.0275398989078603,0.0277340650059836,
2022-11-11 21:00:00,0.0270399999999999,0.02737,0.02694,0.02729,8694153,236312.69411,1972,4097088,111353.3471,-0.0010980966325037,ARPA-USDT,0.0270686460385965,0.0270832731836533,
2022-11-11 22:00:00,0.02729,0.02765,0.02729,0.02758,6189843,170077.55896,1667,3004519,82578.57169,-0.0007246376811593,ARPA-USDT,0.0273642163987093,0.0273528174468697,
2022-11-11 23:00:00,0.02758,0.0279399999999999,0.02744,0.02788,6516007,180347.61042,2054,3488121,96532.8374,-0.0003585514521334,ARPA-USDT,0.0275659560921299,0.0276201109518101,
2022-11-12 00:00:00,0.0279,0.0279399999999999,0.0274,0.02751,6280118,173636.9281,1846,2631846,72665.29737,0.0010917030567685,ARPA-USDT,0.0278960200673084,0.0278821841849043,0.0001
2022-11-12 01:00:00,0.02751,0.0276,0.02729,0.02753,4020607,110312.59072,1277,2244630,61609.54534,-0.0003631082062454,ARPA-USDT,0.0274914153472931,0.0274721869719025,
2022-11-12 02:00:00,0.02753,0.02771,0.02744,0.02752,4789212,132060.02094,1456,2555127,70448.52372,-0.0007262164124909,ARPA-USDT,0.0274837548564467,0.0274711005722796,
2022-11-12 03:00:00,0.02752,0.02754,0.0272399999999999,0.02735,5532238,151476.24251,1620,2926244,80121.72359,-0.0010956902848795,ARPA-USDT,0.0275236173432054,0.0275241457254614,
2022-11-12 04:00:00,0.02735,0.02736,0.02656,0.0266199999999999,11808407,317739.32974,2621,5552438,149325.90860999998,-0.0011257035647317,ARPA-USDT,0.0273493613800614,0.0273389313269078,
2022-11-12 05:00:00,0.02663,0.0266399999999999,0.0261,0.02623,14985176,394177.71894,3216,7824572,205772.93008,-0.0007619047619047,ARPA-USDT,0.0265511283401958,0.026488923891198,
2022-11-12 06:00:00,0.02622,0.02666,0.0261199999999999,0.0265,7702046,202774.89719,1920,4271545,112447.67716,-0.0018832391713747,ARPA-USDT,0.0262004013930437,0.0261916862458987,
2022-11-12 07:00:00,0.02651,0.02703,0.0265,0.02666,12371104,331173.07575,2601,5457333,145964.7954,0.0007507507507507,ARPA-USDT,0.02654188101983,0.0266008276619348,
2022-11-12 08:00:00,0.0266399999999999,0.02678,0.02636,0.02659,12643444,336162.89629,2398,6292941,167301.52119,-0.000375939849624,ARPA-USDT,0.0266413014971236,0.0266321735019482,0.0001
2022-11-12 09:00:00,0.02659,0.02665,0.02635,0.02653,8950626,237271.68423,1875,4306422,114108.16321,-0.0011295180722891,ARPA-USDT,0.0265470928957367,0.0264752611807097,
2022-11-12 10:00:00,0.0265399999999999,0.02686,0.02645,0.02655,10401238,277106.2982,1996,5417971,144274.40521,-0.0007527286413248,ARPA-USDT,0.0265831386500628,0.0265746910036947,
2022-11-12 11:00:00,0.02653,0.02667,0.0264399999999999,0.02665,5201753,138237.27899,1416,2708119,71954.69299,0.0,ARPA-USDT,0.0265409377346312,0.0265631830967328,
2022-11-12 12:00:00,0.02665,0.02683,0.02652,0.0267899999999999,7676434,204811.55704,1948,4477932,119487.60364,0.0003734129947683,ARPA-USDT,0.0266772006446014,0.0267362535841227,
2022-11-12 13:00:00,0.02678,0.02678,0.02638,0.02659,6626537,175852.39572,1643,3314655,87899.61979,-0.0015020653398423,ARPA-USDT,0.0267560319553874,0.0267323690307153,
2022-11-12 14:00:00,0.0266,0.02685,0.02615,0.02665,12481758,330605.83281,2488,5519097,146235.00088,-0.0014986886474334,ARPA-USDT,0.0265635845764793,0.0263248448779631,
2022-11-12 15:00:00,0.0266399999999999,0.02681,0.02657,0.0267,5853414,156409.71651,1725,2530109,67611.26874,-0.0011223344556677,ARPA-USDT,0.0266480574028331,0.0266268112728799,
2022-11-12 16:00:00,0.0267,0.02673,0.02652,0.0266399999999999,8828952,235036.46904,2040,4122861,109773.64197,-3.774758283725532e-15,ARPA-USDT,0.0267096176435661,0.0266920009191089,0.0001
2022-11-12 17:00:00,0.0266199999999999,0.02665,0.0265,0.02659,3488188,92657.98345,1250,1862254,49480.81519,-0.000375939849624,ARPA-USDT,0.0266385769257678,0.0266357780940185,
2022-11-12 18:00:00,0.02658,0.0266199999999999,0.0264899999999999,0.02657,4812022,127808.4284,1506,1892298,50267.40862,-0.0003762227238525,ARPA-USDT,0.0265908729522955,0.0265761092376496,
2022-11-12 19:00:00,0.02657,0.0266399999999999,0.0265,0.02655,3964390,105370.94051,1253,2178451,57919.63534,-0.0003765060240963,ARPA-USDT,0.0265808959470891,0.026563425846118,
2022-11-12 20:00:00,0.0265399999999999,0.0266199999999999,0.02634,0.02641,5092302,134762.40223,1435,2358181,62406.14072,-0.0015122873345936,ARPA-USDT,0.0265555969352657,0.0265710183689476,
2022-11-12 21:00:00,0.0264,0.02651,0.02632,0.0264,3323299,87871.80545,1070,1657774,43844.7935,-0.0011350737797956,ARPA-USDT,0.0263994915378201,0.0264126772608177,
2022-11-12 22:00:00,0.02638,0.02643,0.02633,0.02641,1595121,42105.68442,805,959212,25321.20941,-0.0007567158531971,ARPA-USDT,0.026395385166319,0.0263895881269291,
2022-11-12 23:00:00,0.02641,0.02643,0.02599,0.02633,7770444,203323.74118,2055,3919546,102586.47671,0.0,ARPA-USDT,0.0264117482695439,0.0264197391215717,
2022-11-13 00:00:00,0.02634,0.02658,0.02616,0.02648,9580327,252924.73703,2284,3872218,102287.61535,-0.0011316484345529,ARPA-USDT,0.0263301133945164,0.0262937570166504,0.0001
2022-11-13 01:00:00,0.02647,0.02667,0.02645,0.02655,4183415,111084.34995,1319,2713534,72075.42294,-0.0003765060240963,ARPA-USDT,0.0264644092430294,0.0265127760436543,
2022-11-13 02:00:00,0.02656,0.0267899999999999,0.02653,0.02677,5404588,144212.41186,1557,1939821,51761.14052,-0.0011194029850747,ARPA-USDT,0.0265513495683735,0.0265855265382473,
2022-11-13 03:00:00,0.02677,0.02698,0.02668,0.0269,4031770,108239.85872,1437,2134876,57322.59795,-0.00074294205052,ARPA-USDT,0.0267700413900146,0.0268303095202667,
2022-11-13 04:00:00,0.0269,0.02696,0.02669,0.02671,3136532,84184.16844000001,1120,1506765,40455.8195,-0.0014953271028036,ARPA-USDT,0.0269108307525396,0.0269242292597909,
2022-11-13 05:00:00,0.02671,0.0268,0.02669,0.02673,1702352,45520.43754,921,870718,23282.51272,-0.001494209936496,ARPA-USDT,0.0267130264005151,0.0267351364353625,
2022-11-13 06:00:00,0.0267199999999999,0.02675,0.02609,0.02609,8938320,235645.7773,1956,4035331,106309.2583,-0.0026758409785933,ARPA-USDT,0.0267248509955041,0.0267373157730487,
2022-11-13 07:00:00,0.02611,0.02628,0.02583,0.02621,8307374,216667.11332,2078,4337666,113165.34559,-0.0011432926829267,ARPA-USDT,0.026062935774678,0.025983321176424,
2022-11-13 08:00:00,0.02622,0.02624,0.02571,0.0258,7196825,187263.24717,1819,3374295,87820.11302,-0.0015479876160989,ARPA-USDT,0.0262026545001685,0.0262047517173892,0.0001
2022-11-13 09:00:00,0.0257899999999999,0.02583,0.0255,0.02559,6878543,176403.24274,1864,4437254,113799.21407,-0.0023391812865496,ARPA-USDT,0.0257828428348825,0.025795677398156,
2022-11-13 10:00:00,0.02558,0.02571,0.0255,0.02568,4604481,117919.23032,1344,2520214,64539.11839,-0.0003892565200467,ARPA-USDT,0.0255912762866784,0.0256270482396199,
2022-11-13 11:00:00,0.02567,0.02599,0.02563,0.02588,5227313,134989.33371,1378,2301139,59431.745930000005,0.0003865481252416,ARPA-USDT,0.025679827004838,0.025694335611701,
2022-11-13 12:00:00,0.0258699999999999,0.02596,0.02573,0.02573,4529921,117074.66252,1427,1801517,46564.76372,-0.001164596273292,ARPA-USDT,0.0258808129873277,0.0259180328035124,
2022-11-13 13:00:00,0.02573,0.0265399999999999,0.02563,0.02606,14710835,384049.82244,2957,8879066,231857.0002,-0.0019149751053236,ARPA-USDT,0.0257380352765457,0.0257080271437233,
2022-11-13 14:00:00,0.02606,0.02732,0.0259,0.0266199999999999,42737556,1139525.20589,6329,23233263,619239.06391,-0.0018747656542968,ARPA-USDT,0.0260403343494935,0.0260603691331364,
2022-11-13 15:00:00,0.02663,0.0267899999999999,0.0260399999999999,0.02634,27182232,716001.81952,4213,12303847,324140.23911,-0.0007587253414265,ARPA-USDT,0.0265311051193667,0.0264498817861738,
2022-11-13 16:00:00,0.02636,0.02643,0.02615,0.0262899999999999,9734294,256159.21044,2095,3841085,101107.57668,-0.0018982536066856,ARPA-USDT,0.0263242676843453,0.026357600609719,0.0001
2022-11-13 17:00:00,0.0262699999999999,0.02668,0.02621,0.02659,10717082,283489.67281,2508,5284856,139759.60526,-0.0011269722013524,ARPA-USDT,0.0263456028085037,0.0263680869996686,
2022-11-13 18:00:00,0.0266,0.02676,0.0262,0.0264,10904012,288174.44363,2197,4966976,131180.01123,-0.0018903591682419,ARPA-USDT,0.0266093188981089,0.0266217609907063,
2022-11-13 19:00:00,0.02642,0.0266,0.0264,0.02658,5893312,156126.3577,1463,3514141,93112.23518,-0.0015026296018032,ARPA-USDT,0.0264613175733883,0.0264939079492137,
2022-11-13 20:00:00,0.02656,0.02668,0.02616,0.02622,8889227,235326.10938,2138,3906610,103469.37124,-0.0011428571428571,ARPA-USDT,0.0265407843013396,0.026490123794228,
2022-11-13 21:00:00,0.02621,0.02769,0.0259,0.02617,125297080,3339453.76849,14641,62009256,1654267.85198,0.0007648183556405,ARPA-USDT,0.0262481120123664,0.0261247588158972,
2022-11-13 22:00:00,0.02615,0.02668,0.02588,0.02632,65225735,1712589.49609,9032,32579304,855679.06124,0.0007604562737641,ARPA-USDT,0.0261448429960983,0.0260291619515318,
2022-11-13 23:00:00,0.02632,0.02632,0.02571,0.02606,15548781,404470.29484,2763,7168771,186516.171,-0.0003835826620636,ARPA-USDT,0.0262352817321643,0.0260954746884364,
2022-11-14 00:00:00,0.02606,0.02625,0.02474,0.02532,31899892,811103.0645099999,5395,15382791,391412.04617,0.0011862396204032,ARPA-USDT,0.0260393389091519,0.0260952726238013,0.0001
2022-11-14 01:00:00,0.02531,0.02561,0.02484,0.02518,16646353,421076.64232,3370,9077627,229584.04104,0.0007949125596184,ARPA-USDT,0.0253133507600066,0.0252714899927638,
2022-11-14 02:00:00,0.0251699999999999,0.02528,0.02459,0.02524,11953770,298295.62357,2640,6065793,151485.45724,0.0003963535473643,ARPA-USDT,0.0251831253747522,0.0251079768195843,
2022-11-14 03:00:00,0.02523,0.0253,0.02504,0.02514,7195185,181113.46163,1892,3267371,82253.9157,-0.0019849146486701,ARPA-USDT,0.0252228963590038,0.0252189762773761,
2022-11-14 04:00:00,0.02515,0.02519,0.02458,0.0249,13118895,326601.17602,2596,6555587,163136.30544,-0.0012033694344164,ARPA-USDT,0.0251488483557946,0.0251404632380649,
2022-11-14 05:00:00,0.02489,0.02506,0.02459,0.02482,9229219,229256.22597,2108,4188440,103932.69966,0.000403063280935,ARPA-USDT,0.0248874810131908,0.0248824688421614,
2022-11-14 06:00:00,0.02481,0.02603,0.02468,0.02588,15835181,401568.7273,3228,7810299,197895.44911,-0.0007722007722007,ARPA-USDT,0.0247881542249805,0.0248438246783033,
2022-11-14 07:00:00,0.0258899999999999,0.0260199999999999,0.02544,0.026,13662606,352543.55498,2958,6342614,163663.587,0.0003847633705271,ARPA-USDT,0.0258089902945274,0.0257729260844469,
2022-11-14 08:00:00,0.02599,0.02617,0.0257699999999999,0.02596,8532494,221955.00385,1975,3565390,92730.89302,0.0,ARPA-USDT,0.0260232822673811,0.0260434173452584,0.0001
2022-11-14 09:00:00,0.02596,0.02607,0.02571,0.02597,6910515,178994.93674,1720,3322374,86126.36002000001,0.0,ARPA-USDT,0.025987448820878,0.0258906371865474,
2022-11-14 10:00:00,0.02597,0.02622,0.02588,0.0262,5184080,135050.99943,1190,2789383,72703.9469,0.0,ARPA-USDT,0.0259425682777217,0.0259398051721981,
2022-11-14 11:00:00,0.0262,0.02628,0.02601,0.02603,4310476,112677.08356,1377,1553887,40624.62263,-0.0011511895625478,ARPA-USDT,0.0261996333485818,0.0261977819445149,
2022-11-14 12:00:00,0.02603,0.02623,0.02586,0.02621,4340817,112993.97498,1255,2083709,54291.95552,-0.0003813882532417,ARPA-USDT,0.0260335550926924,0.0260172767980246,
2022-11-14 13:00:00,0.0262,0.02665,0.02565,0.02607,21927786,575730.61807,3782,10974015,288235.79733,0.0003837298541826,ARPA-USDT,0.0262208455382757,0.0262223540310291,
2022-11-14 14:00:00,0.02608,0.02626,0.0256,0.02598,10598670,274958.22646,2236,5431350,140992.66107,-0.0019208605455244,ARPA-USDT,0.0260169820458223,0.0260007082460519,
2022-11-14 15:00:00,0.02599,0.02645,0.0257699999999999,0.02638,11315469,295263.0735,2511,6383376,166567.65405,-0.0003789314134141,ARPA-USDT,0.0260462776148253,0.0260442517470188,
2022-11-14 16:00:00,0.02638,0.02643,0.02575,0.02601,12645452,330168.83401,2621,5998464,156613.40279,0.0003846153846154,ARPA-USDT,0.0263456012373666,0.0263440141285813,0.0001
2022-11-14 17:00:00,0.0260199999999999,0.0261899999999999,0.02598,0.02609,4630759,120875.55575,1554,2128130,55555.85331,0.0,ARPA-USDT,0.0260216408201196,0.026061290482621,
2022-11-14 18:00:00,0.0261,0.02622,0.02601,0.0261399999999999,3376906,88250.42565,1263,1919307,50163.64903,-3.885780586188048e-15,ARPA-USDT,0.0260897953486718,0.0260956004378377,
2022-11-14 19:00:00,0.02615,0.02615,0.02567,0.02576,9351932,242537.38985,2127,4210693,109139.45037,0.0011659541391373,ARPA-USDT,0.0261371204689556,0.0261201502199376,
2022-11-14 20:00:00,0.02576,0.02605,0.02571,0.02588,6828832,176740.95016,1632,3713832,96150.89788,-0.0003862495171881,ARPA-USDT,0.0257822292795684,0.0258402382869326,
2022-11-14 21:00:00,0.0258899999999999,0.02607,0.02582,0.0260399999999999,3587767,93128.11847,1186,1624071,42171.97031,0.0003841721091009,ARPA-USDT,0.0259010508302825,0.0259329398416002,
2022-11-14 22:00:00,0.02603,0.02615,0.02591,0.0261399999999999,3807364,99103.4932,1251,2013002,52401.8185,-3.885780586188048e-15,ARPA-USDT,0.0260259974552816,0.0260377935981084,
2022-11-14 23:00:00,0.0261199999999999,0.02652,0.02611,0.02632,9266230,243914.11042,2174,5233713,137782.4747,-0.0003797949107481,ARPA-USDT,0.0261303785685292,0.0261789222663285,
2022-11-15 00:00:00,0.02633,0.0264899999999999,0.0260199999999999,0.02613,10041801,263943.65062000003,2152,4577185,120396.2086,-0.0007648183556404,ARPA-USDT,0.0263351007172513,0.0263413015194568,0.0001
2022-11-15 01:00:00,0.02613,0.02656,0.026,0.02638,5493051,144626.26824,1493,3193627,84021.39322,-0.0003789314134141,ARPA-USDT,0.0260977469651408,0.0260936900202003,
2022-11-15 02:00:00,0.02638,0.02656,0.0263,0.0265,7410425,196143.91452,1817,4189508,110905.11274,-0.001130795326046,ARPA-USDT,0.0263397301656004,0.026408472487318,
2022-11-15 03:00:00,0.02651,0.02666,0.02648,0.02657,3264941,86798.83357,1372,1444224,38398.43878,0.0,ARPA-USDT,0.0265276967725794,0.0265942660751848,
2022-11-15 04:00:00,0.02658,0.02665,0.0265,0.02659,4111207,109266.86571,1255,1859842,49450.48813,0.0,ARPA-USDT,0.0265612999907179,0.0265433622478342,
2022-11-15 05:00:00,0.02658,0.0266399999999999,0.0263699999999999,0.0263899999999999,3126336,82929.37585,1165,1335587,35452.56473,-0.0003787878787916,ARPA-USDT,0.0265843997053768,0.0265835172448105,
2022-11-15 06:00:00,0.0263699999999999,0.02653,0.02636,0.0265,5730458,151409.73998,1221,3534356,93395.06012,-0.0007541478129713,ARPA-USDT,0.026379228550559,0.0263802815463004,
2022-11-15 07:00:00,0.0265,0.02681,0.0264899999999999,0.0268,5878734,156917.35407,1926,2577363,68815.42191,-0.0007457121551081,ARPA-USDT,0.0265172234602014,0.0265275466199699,
2022-11-15 08:00:00,0.0268,0.02703,0.02678,0.02692,6042384,162424.61237,1735,2463299,66244.40714,-0.0007423904974016,ARPA-USDT,0.0267919826546143,0.0267907949762201,0.0001
2022-11-15 09:00:00,0.02691,0.02695,0.02653,0.02681,8352266,223347.55761,1771,4664151,124669.3564,-0.0014897579143388,ARPA-USDT,0.0269177181381412,0.026905955759324,
2022-11-15 10:00:00,0.02682,0.02693,0.0267,0.0269,6535543,175276.31307,1660,3760830,100903.37068,0.0003718854592784,ARPA-USDT,0.0268233198073246,0.0268103119326704,
2022-11-15 11:00:00,0.02692,0.0269699999999999,0.0266,0.0267899999999999,6954470,186162.15011,1402,2987358,79984.10522,-0.0003731343283619,ARPA-USDT,0.0269139142885684,0.0269200194817183,
2022-11-15 12:00:00,0.0268,0.02695,0.02671,0.02692,4180013,112252.96916,1286,1850827,49719.42261,0.0,ARPA-USDT,0.0267945689341578,0.0267686295467906,
2022-11-15 13:00:00,0.0269,0.02723,0.02681,0.02708,8613481,232583.81344,1906,4440053,119957.97257,0.0,ARPA-USDT,0.0268944085648606,0.026903324347682,
2022-11-15 14:00:00,0.02708,0.02713,0.0267899999999999,0.02694,5699484,153799.28527,1619,3106591,83860.95165,-0.0003710575139147,ARPA-USDT,0.0270912005249542,0.0270771995900527,
2022-11-15 15:00:00,0.02693,0.02783,0.02691,0.02736,21491065,588082.30007,3222,12046818,329879.63436,0.0007315288953912,ARPA-USDT,0.0269425800822634,0.0269426636476182,
2022-11-15 16:00:00,0.02736,0.02755,0.02727,0.02743,10643294,291898.5931,2035,5756993,157959.49421,-0.0010924981791696,ARPA-USDT,0.0273770048908493,0.0273632779720933,0.0001
2022-11-15 17:00:00,0.02745,0.02753,0.0272199999999999,0.02744,5154295,141255.31103,1484,2556704,70050.72299,0.0003645643456069,ARPA-USDT,0.0274480985790303,0.0274166708504393,
2022-11-15 18:00:00,0.02743,0.02745,0.02661,0.0268,11950260,322579.93734,2403,5180765,139803.19404,-0.000372995151063,ARPA-USDT,0.0274167254841196,0.0274287468161958,
2022-11-15 19:00:00,0.0267899999999999,0.02702,0.02668,0.02694,8444078,226868.50804,1838,4315666,115954.44578,-0.0003710575139147,ARPA-USDT,0.0268498252012166,0.0267677284729115,
2022-11-15 20:00:00,0.02694,0.0269899999999999,0.02681,0.02688,4560803,122677.45293,1273,2263153,60890.91547,-0.0007434944237918,ARPA-USDT,0.0269682518926704,0.0269606018920582,
2022-11-15 21:00:00,0.0268699999999999,0.02694,0.02675,0.02683,6685794,179410.45914,1320,3063906,82278.51726,-0.0003725782414306,ARPA-USDT,0.0268792327185495,0.0269097577729108,
2022-11-15 22:00:00,0.02684,0.0268899999999999,0.02673,0.0267899999999999,3396456,91044.67646,1176,1845656,49483.64686,-0.0007459903021297,ARPA-USDT,0.0268422834526874,0.0268480454009224,
2022-11-15 23:00:00,0.0267899999999999,0.02698,0.02665,0.02695,5174172,138796.23127,1342,2460225,66040.20559,-0.0011119347664936,ARPA-USDT,0.0267644454876339,0.0267722475361164,
2022-11-16 00:00:00,0.02696,0.0269899999999999,0.0267199999999999,0.02683,5413467,145413.88817,1406,2832619,76098.69136,-0.0007448789571694,ARPA-USDT,0.0269348027522935,0.0269124885676226,0.0001
2022-11-16 01:00:00,0.02683,0.0271,0.0268,0.0270899999999999,3636656,98049.25033,1008,1705277,45977.03394,0.0003692762186078,ARPA-USDT,0.0268245691314686,0.0268327018034762,
2022-11-16 02:00:00,0.0270899999999999,0.02731,0.0270399999999999,0.02719,5786612,157199.14004,1382,2639420,71753.12909,-0.0011021307861867,ARPA-USDT,0.0270834890407203,0.0271068360566421,
2022-11-16 03:00:00,0.02719,0.02736,0.02715,0.02735,2679481,72988.67711,910,1252631,34150.61503,-0.0003654970760234,ARPA-USDT,0.0271796457159909,0.0271883358747425,
2022-11-16 04:00:00,0.0273399999999999,0.02741,0.02726,0.02737,5251601,143541.67239,1157,2376887,64963.81671000001,-0.0007301935012778,ARPA-USDT,0.0273698051960411,0.0273482552558524,
2022-11-16 05:00:00,0.02737,0.02742,0.0273,0.02736,3680293,100719.10312,959,2366517,64774.21747,-0.0010952902519167,ARPA-USDT,0.0273649237015259,0.0273682286404919,
2022-11-16 06:00:00,0.02735,0.02742,0.0271,0.02731,7044646,192101.02015,1220,3271045,89229.19482,-0.0007317965605561,ARPA-USDT,0.0273406034315663,0.027349474529266,
2022-11-16 07:00:00,0.0273,0.02736,0.02713,0.02721,4373170,119078.53911,960,1663866,45342.0541,-0.0003673769287289,ARPA-USDT,0.0273053739432039,0.0273269053760435,
2022-11-16 08:00:00,0.0272,0.0272,0.02668,0.027,6979295,188124.32343,1574,3565364,96076.11987,-0.0003702332469455,ARPA-USDT,0.0271906521373693,0.0270910668038456,0.0001
2022-11-16 09:00:00,0.0269899999999999,0.02717,0.02692,0.02717,9420714,254643.47548,1747,4418097,119453.69332,0.0,ARPA-USDT,0.0269679604625598,0.0269889692167234,
2022-11-16 10:00:00,0.02717,0.02721,0.02695,0.02707,6214401,168303.57309,1314,3289392,89077.88768,-0.0003692762186114,ARPA-USDT,0.0271485438928107,0.027148558138341,
2022-11-16 11:00:00,0.02708,0.02718,0.02683,0.0268699999999999,11398216,307777.87313,1733,4239619,114515.60214,-0.0007437709185608,ARPA-USDT,0.0270780248574648,0.0270914758448026,
2022-11-16 12:00:00,0.02686,0.0268699999999999,0.02658,0.02677,17718412,473928.20139,2424,8652838,231536.34582,-0.0003734129947723,ARPA-USDT,0.0268259363979257,0.0268143039193317,
2022-11-16 13:00:00,0.02676,0.0267899999999999,0.02638,0.02643,16932040,450057.0453,2900,7184872,191058.94626,-0.0011337868480726,ARPA-USDT,0.0267239155758517,0.0266478319952832,
2022-11-16 14:00:00,0.02642,0.02646,0.0260199999999999,0.0263,11484338,301253.94867,2731,5573113,146231.52815,-0.0007598784194529,ARPA-USDT,0.0264067732582156,0.0263437003627576,
2022-11-16 15:00:00,0.02631,0.02634,0.02585,0.02597,7041641,183917.13308,1699,2881718,75314.51228,-0.0003849114703617,ARPA-USDT,0.0262922730015588,0.026253930411551,
2022-11-16 16:00:00,0.02597,0.0262,0.02567,0.02611,10351386,268477.1646,2255,4401659,114263.83139,-0.001529636711281,ARPA-USDT,0.025976307143918,0.0258595817116635,0.0001
2022-11-16 17:00:00,0.02611,0.02628,0.0261,0.02623,4936130,129268.82327,1392,2480691,64980.87491,-0.001142421934501,ARPA-USDT,0.0261179748090026,0.0261276478600841,
2022-11-16 18:00:00,0.02624,0.0262699999999999,0.0261199999999999,0.02613,4062395,106425.2441,1064,1323411,34673.37186,-0.0007648183556404,ARPA-USDT,0.0262353123666374,0.0262118833504003,
2022-11-16 19:00:00,0.02613,0.0261899999999999,0.02606,0.02617,3450231,90142.44075,958,1407817,36803.91344,-0.0011450381679389,ARPA-USDT,0.0261516196991627,0.0261531107971103,
2022-11-16 20:00:00,0.02617,0.0262,0.0260199999999999,0.02615,2633062,68785.2139,914,1077969,28162.29402,-0.0019083969465649,ARPA-USDT,0.0261728697168479,0.0261770477713937,
2022-11-16 21:00:00,0.02617,0.02623,0.02611,0.02613,3058896,80066.05566,979,1648729,43167.18308,-0.0015284677111195,ARPA-USDT,0.026143255208022,0.0261464233117707,
2022-11-16 22:00:00,0.02613,0.02638,0.0261,0.02636,3420621,89613.60478,980,2341608,61347.92824,-0.0007581501137224,ARPA-USDT,0.0261316196021508,0.0261391662980631,
2022-11-16 23:00:00,0.02634,0.0264,0.0261899999999999,0.02635,4718932,124277.70724,1332,1508426,39726.3419,-0.0015157256536567,ARPA-USDT,0.0263745485032243,0.0263730871924005,
2022-11-17 00:00:00,0.02634,0.02653,0.02625,0.02643,7638447,201621.05819,1753,3751157,98984.38984,-0.0015111446921043,ARPA-USDT,0.0263395836535452,0.0263646114147243,0.0001
2022-11-17 01:00:00,0.02645,0.02655,0.02641,0.02652,1636069,43310.04476,708,837883,22191.5598,0.0007547169811319,ARPA-USDT,0.0264359476638238,0.0264397448669294,
2022-11-17 02:00:00,0.0265,0.02652,0.02632,0.02632,3121675,82452.58084,964,1532651,40492.59871,-0.0018960940462647,ARPA-USDT,0.0265145263934084,0.0264844807860613,
2022-11-17 03:00:00,0.02633,0.02656,0.02617,0.02633,14714516,388112.18824,2521,7391157,194941.51718,-0.0018953752843063,ARPA-USDT,0.0263110175669032,0.0263123821374619,
2022-11-17 04:00:00,0.02633,0.02634,0.02593,0.02617,10370096,271194.11764,1932,4999132,130641.54194,-0.0003819709702062,ARPA-USDT,0.0263189237925941,0.026259245831732,
2022-11-17 05:00:00,0.02618,0.02645,0.02615,0.02638,5998135,158015.7678,1251,3246302,85496.39596,-0.0007575757575757,ARPA-USDT,0.026180744772412,0.0262326065439061,
2022-11-17 06:00:00,0.0263699999999999,0.02652,0.02626,0.02632,5818484,153599.76704,1302,2385542,62996.04366,-0.0007593014426726,ARPA-USDT,0.0263741760428008,0.0263998177557614,
2022-11-17 07:00:00,0.02633,0.0265,0.02626,0.02648,3530293,93074.39654,1240,1958320,51643.38594,-0.0011316484345529,ARPA-USDT,0.0263177048525835,0.0262991768029516,
2022-11-17 08:00:00,0.02647,0.0268,0.02643,0.0267,25924343,690660.78273,3917,14539242,387492.19955,-0.0011223344556677,ARPA-USDT,0.0264831050852249,0.0265097893053492,0.0001
2022-11-17 09:00:00,0.0267,0.02694,0.02661,0.02692,21064208,563320.49184,5423,11267809,301494.67387,-0.0007423904974016,ARPA-USDT,0.0266921718362612,0.0266502218584114,
2022-11-17 10:00:00,0.02692,0.02731,0.02683,0.02703,49036514,1327227.9819,7406,22787486,617230.15201,-0.0003698224852072,ARPA-USDT,0.0269174565060659,0.0268993225227012,
2022-11-17 11:00:00,0.02702,0.02717,0.02678,0.02705,23915497,645791.58227,3139,10712432,289346.16061,-0.0011078286558344,ARPA-USDT,0.0269699542696687,0.0268928638307634,
2022-11-17 12:00:00,0.02707,0.0271399999999999,0.02692,0.0270899999999999,21832391,590443.47236,3215,11140676,301319.5814,-0.0018422991893921,ARPA-USDT,0.0270295125550788,0.0269808040577475,
2022-11-17 13:00:00,0.0271,0.02778,0.02706,0.0274,135622426,3722057.7371,15678,65534572,1799419.09404,-0.0010936930368209,ARPA-USDT,0.0271010296316729,0.0271440865418415,
2022-11-17 14:00:00,0.0273899999999999,0.0274699999999999,0.02681,0.0268899999999999,75829759,2058241.20034,7974,35394740,961165.14361,-0.0011144130757837,ARPA-USDT,0.0273075028610035,0.0272577174944927,
2022-11-17 15:00:00,0.0269,0.02731,0.02657,0.02668,47029898,1266729.79136,5352,23369463,629700.5015,-0.000749063670412,ARPA-USDT,0.0269114833420209,0.0268783537476932,
2022-11-17 16:00:00,0.02668,0.0268699999999999,0.02661,0.02667,21632931,579096.9018,3391,10742348,287580.79393,0.0,ARPA-USDT,0.0266675759119645,0.0266610210048302,-3.17e-06
2022-11-17 17:00:00,0.02666,0.02678,0.02658,0.02676,13003085,346703.38852,2341,6408688,170910.26071,-0.0011198208286674,ARPA-USDT,0.0266890360936046,0.0266647410620805,
2022-11-17 18:00:00,0.02676,0.02686,0.0267199999999999,0.0268,14641335,392099.59029,2315,6126838,164139.12816999998,-0.0007457121551081,ARPA-USDT,0.0267930785931932,0.026812090136009,
2022-11-17 19:00:00,0.0267899999999999,0.02684,0.02663,0.02667,11537345,308384.0679,1907,4609759,123206.3547,-0.001123595505618,ARPA-USDT,0.0267984110581419,0.0267917780559621,
2022-11-17 20:00:00,0.02668,0.02673,0.02659,0.0266399999999999,7062758,188264.98173,1525,3978688,106058.61348,-0.0011248593925796,ARPA-USDT,0.0266869946143842,0.0266887692581178,
2022-11-17 21:00:00,0.0266399999999999,0.02681,0.0266199999999999,0.02663,7926650,211635.25756,1547,3255442,86910.26776,-0.0018740629685156,ARPA-USDT,0.0266524022607939,0.0266856918900299,
2022-11-17 22:00:00,0.0266399999999999,0.02682,0.02663,0.02678,9720008,259649.52029,1531,5617140,150078.4742,-0.0007462686567163,ARPA-USDT,0.0266630274622256,0.0266603177371871,
2022-11-17 23:00:00,0.02678,0.0267899999999999,0.0265,0.0266199999999999,9852303,262397.18322,1594,2930748,78130.70693,-0.0015003750937772,ARPA-USDT,0.0267794389175942,0.0267219178339544,
2022-11-18 00:00:00,0.0266399999999999,0.02703,0.0266399999999999,0.02695,14344153,385347.08702,2287,7338045,197224.07115,-0.0018518518518517,ARPA-USDT,0.0266467743184081,0.0266907269342676,0.0001
2022-11-18 01:00:00,0.0269699999999999,0.02701,0.02681,0.0269899999999999,6758297,181975.80752,1295,2920503,78680.90312999999,-3.774758283725532e-15,ARPA-USDT,0.0269679955952248,0.0269675043315957,
2022-11-18 02:00:00,0.027,0.02719,0.0269699999999999,0.0271399999999999,7654072,207153.56972,1267,3334717,90321.31309,-0.0007363770250404,ARPA-USDT,0.0270008936901707,0.0269886342491188,
2022-11-18 03:00:00,0.02716,0.0272399999999999,0.02706,0.0271,5283284,143466.974,1471,1852343,50329.36388,-0.0014738393515107,ARPA-USDT,0.0271725896579646,0.0272018054688975,
2022-11-18 04:00:00,0.02711,0.02717,0.02695,0.02703,8668205,234434.54412,1499,2751117,74443.85653,-0.0018463810930576,ARPA-USDT,0.0270936424932513,0.0271320364460589,
2022-11-18 05:00:00,0.02703,0.0270899999999999,0.02693,0.02702,5158201,139396.8328,1058,3266003,88291.25072,-0.0011090573012939,ARPA-USDT,0.0270255253644837,0.0270431622026522,
2022-11-18 06:00:00,0.02702,0.0271,0.02692,0.02694,6489184,175191.68556,1243,3194555,86259.71289000001,-0.0014825796886582,ARPA-USDT,0.0270234871523471,0.0270632627317543,
2022-11-18 07:00:00,0.02695,0.02702,0.02685,0.02691,6021062,162135.76376,1284,2157156,58112.71244,-0.0007426661715558,ARPA-USDT,0.0269916796437808,0.0270003081551867,
2022-11-18 08:00:00,0.02691,0.02694,0.02667,0.02686,8593406,230302.60054,1488,3040431,81506.26828999999,-0.0011156563778357,ARPA-USDT,0.02691544494511,0.0268806036661323,0.0001
2022-11-18 09:00:00,0.02686,0.02692,0.02681,0.02681,4395019,118034.82764,1021,1727238,46394.59548,-0.0003728560775539,ARPA-USDT,0.02684513064525,0.0268621088834251,
2022-11-18 10:00:00,0.02681,0.02695,0.0268,0.02691,11547936,310515.25836,1613,5874549,157924.03457,-0.0007426661715558,ARPA-USDT,0.0268199818928652,0.0268277364185259,
2022-11-18 11:00:00,0.0269,0.027,0.02683,0.02695,5079428,136744.91721,1434,2573673,69297.28739,-0.0018518518518517,ARPA-USDT,0.026906083012379,0.0269409081445612,
2022-11-18 12:00:00,0.02696,0.02705,0.02695,0.0269899999999999,5977202,161456.75938,1273,3228195,87209.27526,-0.0003703703703741,ARPA-USDT,0.0269589323378928,0.0270095501644337,
2022-11-18 13:00:00,0.027,0.02705,0.02692,0.02698,5912333,159552.21097,1335,3096638,83580.93841,0.0,ARPA-USDT,0.0269992023933026,0.0270036034986629,
2022-11-18 14:00:00,0.02694,0.02698,0.0267199999999999,0.02678,10258830,275436.56683,1967,5048205,135558.62876,-0.0011189854531891,ARPA-USDT,0.0269544782451897,0.026927215561428,
2022-11-18 15:00:00,0.0268,0.02682,0.02661,0.02671,10799961,288660.36478,1703,4565862,122110.7876,-0.0007482229704451,ARPA-USDT,0.0267875627806297,0.0267445938837259,
2022-11-18 16:00:00,0.02671,0.02678,0.02659,0.0266399999999999,6710134,179134.44977,1423,3309293,88366.63345,-0.0011248593925796,ARPA-USDT,0.026721098702854,0.0267234255623262,0.0001
2022-11-18 17:00:00,0.0266399999999999,0.02669,0.02645,0.02655,9946547,263920.60547,1660,3742093,99331.05031,0.0003767897513187,ARPA-USDT,0.0266580172804735,0.0266617470407184,
2022-11-18 18:00:00,0.02655,0.0266,0.0264399999999999,0.02653,5571274,147757.98402,1211,2301885,61065.94211,0.0003770739064858,ARPA-USDT,0.0265406304654981,0.0265715160445772,
2022-11-18 19:00:00,0.02653,0.02668,0.0265,0.02667,6547284,174069.47557,1401,3229639,85920.98167,-0.0007493443237167,ARPA-USDT,0.0265209705876052,0.0265450831571496,
2022-11-18 20:00:00,0.02666,0.02677,0.0266199999999999,0.02675,5153990,137587.25031,1328,2360508,63047.01343,-0.0003736920777279,ARPA-USDT,0.0266448510582611,0.0266408594734938,
2022-11-18 21:00:00,0.02676,0.0269899999999999,0.02668,0.0268699999999999,18412083,494475.08724,2812,9044978,242915.48187,-3.774758283725532e-15,ARPA-USDT,0.0267397660015014,0.0267403366051182,
2022-11-18 22:00:00,0.02688,0.02693,0.02668,0.02675,7231354,193806.62373,1551,4211348,112856.38281,-0.000747104968248,ARPA-USDT,0.026857271618583,0.0268684616503641,
2022-11-18 23:00:00,0.02676,0.02686,0.02667,0.02676,6740220,180321.13655,1553,3437477,91961.22368,-0.0007468259895445,ARPA-USDT,0.0267598388698946,0.0267323563918462,
2022-11-19 00:00:00,0.02676,0.02686,0.02667,0.0267199999999999,9241231,247380.28153,1472,5220973,139844.83332,-3.774758283725532e-15,ARPA-USDT,0.0267434884421774,0.0267772793190499,0.0001
2022-11-19 01:00:00,0.0267199999999999,0.02673,0.02661,0.02668,2987065,79667.08021,902,1405320,37466.50759,-0.000749063670412,ARPA-USDT,0.0267147622207476,0.0267132138972418,
2022-11-19 02:00:00,0.02669,0.02669,0.0264,0.02661,8264104,219172.02387,1445,3787179,100482.82576,-0.0015009380863039,ARPA-USDT,0.0266712701140645,0.026643241217494,
2022-11-19 03:00:00,0.0266399999999999,0.0267399999999999,0.02663,0.02669,2030298,54197.94365,809,547869,14625.73075,0.0,ARPA-USDT,0.0266351135993042,0.0266666662566088,
2022-11-19 04:00:00,0.02669,0.02681,0.02666,0.02677,2698008,72142.30709,954,1499611,40109.73559,-0.0003734129947723,ARPA-USDT,0.0266745063441042,0.0266760396576722,
2022-11-19 05:00:00,0.02677,0.02681,0.02632,0.02652,11841272,313749.95305,1956,5117427,135498.09546,-0.0007535795026376,ARPA-USDT,0.0267765107120352,0.0267811896218916,
2022-11-19 06:00:00,0.02653,0.0266,0.02636,0.02658,5450697,144475.54254,1142,2883766,76446.16111,-0.0015026296018032,ARPA-USDT,0.0265325129122269,0.0265136364704717,
2022-11-19 07:00:00,0.02658,0.02671,0.02643,0.02651,8786935,233377.5163,1433,2879221,76520.86441,-0.0003770739064856,ARPA-USDT,0.0265468671348364,0.0265541225540325,
2022-11-19 08:00:00,0.02651,0.02668,0.02648,0.02667,4678253,124310.15691,1092,3161325,83986.50532,0.0,ARPA-USDT,0.0265210718084069,0.0265548996083776,0.0001
2022-11-19 09:00:00,0.02666,0.02678,0.02657,0.02667,8151085,217477.95943,1192,4987818,133081.59399,-0.0007493443237167,ARPA-USDT,0.0266674101714835,0.0266444463804256,
2022-11-19 10:00:00,0.02667,0.0267,0.0266399999999999,0.02667,1709294,45584.74084,607,940801,25093.87394,-0.000374812593703,ARPA-USDT,0.0266780994452434,0.0266754694298847,
2022-11-19 11:00:00,0.02668,0.02673,0.02655,0.0267199999999999,11154462,296948.041,1813,5215198,138916.27393,-0.0007479431563238,ARPA-USDT,0.0266887718594322,0.0266708808479015,
2022-11-19 12:00:00,0.0267199999999999,0.0268699999999999,0.02668,0.02678,12262106,328139.9378,1703,6674815,178747.1224,-0.0003732736095557,ARPA-USDT,0.0267186862252092,0.0267448564667263,
2022-11-19 13:00:00,0.02678,0.02682,0.02668,0.02676,5653631,151218.08346,1114,2826961,75617.24304,-0.0011198208286674,ARPA-USDT,0.0267872550257424,0.0267765708573022,
2022-11-19 14:00:00,0.02676,0.0268,0.0267,0.0268,3172986,84916.19742,918,1249463,33441.12083,0.0,ARPA-USDT,0.0267664193215222,0.0267708016025262,
2022-11-19 15:00:00,0.0268,0.02729,0.02678,0.0272199999999999,22875170,619665.53584,3046,14467291,391753.11955,-3.6637359812630166e-15,ARPA-USDT,0.0267905970984899,0.0268213486307941,
2022-11-19 16:00:00,0.0272199999999999,0.02725,0.02701,0.02708,10601749,287288.12973,1893,4149477,112445.68576,0.0003694126339119,ARPA-USDT,0.0271997518161031,0.0271438127385008,0.0001
2022-11-19 17:00:00,0.0270899999999999,0.0271,0.02682,0.02684,7245546,195251.45544,1153,3514442,94729.09185,-0.0003724394785846,ARPA-USDT,0.0270914266186288,0.0270606099645279,
2022-11-19 18:00:00,0.02683,0.02693,0.0268,0.0268699999999999,4980326,133775.26021,794,3396378,91237.04225,-0.0018573551263038,ARPA-USDT,0.0268281039395101,0.0268434745672708,
2022-11-19 19:00:00,0.02688,0.0270399999999999,0.02688,0.0268899999999999,5789108,156034.12683,1046,2599554,70108.53883,-0.0011144130757837,ARPA-USDT,0.0269270754493149,0.026956171151607,
2022-11-19 20:00:00,0.0269,0.0269899999999999,0.0268899999999999,0.02693,3780829,101810.51257,820,1751467,47173.65183,-0.0007421150278293,ARPA-USDT,0.026900230050166,0.0269277345757167,
2022-11-19 21:00:00,0.02694,0.02706,0.02693,0.02706,1986733,53637.18835,648,852783,23019.61859,-0.0003694126339121,ARPA-USDT,0.0269401383985674,0.0269629324982291,
2022-11-19 22:00:00,0.02707,0.0272199999999999,0.02705,0.02705,8632825,234176.81329,1409,3617877,98160.90522,-0.0018450184501844,ARPA-USDT,0.0271113425546224,0.0271566510436118,
2022-11-19 23:00:00,0.02705,0.02716,0.02702,0.02716,5653078,153313.57483,932,1881952,51029.38273,-0.0003680529996319,ARPA-USDT,0.0270950697050619,0.0271361407028991,
2022-11-20 00:00:00,0.02715,0.0275699999999999,0.0271399999999999,0.02754,13873452,379237.24801,2070,8096398,221391.83798,0.0,ARPA-USDT,0.027143353242887,0.0271599976393711,1.429e-05
2022-11-20 01:00:00,0.02753,0.0276,0.02738,0.02744,8008402,220203.32025,1376,3284015,90314.74899,-0.0007283321194464,ARPA-USDT,0.0275710823125254,0.027575981859042,
2022-11-20 02:00:00,0.02744,0.02767,0.02738,0.02756,9313670,256077.64871,1104,3767388,103624.64085,-0.0003627130939426,ARPA-USDT,0.0274495357125179,0.0274437124440226,
2022-11-20 03:00:00,0.02754,0.02765,0.02744,0.02758,9970252,274501.97126,1220,4313962,118740.13368,-0.001448225923244,ARPA-USDT,0.0275569881910934,0.0275850510666245,
2022-11-20 04:00:00,0.02762,0.02771,0.0275899999999999,0.02766,7083703,195884.16949,940,3111391,86079.99085,0.0,ARPA-USDT,0.0276201994263387,0.0276159776160198,
2022-11-20 05:00:00,0.02767,0.02862,0.02758,0.02829,88816711,2502415.95084,8166,47899306,1348965.35278,-0.0021164021164021,ARPA-USDT,0.0276980125222796,0.0277035078359812,
2022-11-20 06:00:00,0.02829,0.0283,0.02755,0.02755,50156232,1400751.71015,5765,25809729,720795.13508,-0.001087744742567,ARPA-USDT,0.0281310202766837,0.0280469606431856,
2022-11-20 07:00:00,0.02756,0.02773,0.02744,0.02746,15630461,431226.00144,2457,8294775,228922.51943,-0.0010913059294289,ARPA-USDT,0.0276340969168008,0.0276708358465909,
2022-11-20 08:00:00,0.02746,0.02766,0.02693,0.02733,39522334,1080419.90499,4542,15868990,433919.35617,0.0003660322108345,ARPA-USDT,0.0274734531086298,0.0274721333803722,9.317e-05
2022-11-20 09:00:00,0.02733,0.02746,0.02703,0.02716,21273144,580260.44226,2882,8521157,232573.63706,-0.0007358351729211,ARPA-USDT,0.0273083183969597,0.0273147517482584,
2022-11-20 10:00:00,0.02717,0.02735,0.0270899999999999,0.02717,20887815,568943.18651,2951,10721853,292142.44978,-0.0003679175864605,ARPA-USDT,0.0271827632386573,0.0272741644328034,
2022-11-20 11:00:00,0.02716,0.02723,0.02669,0.0268,15300982,412403.67628,2536,6392709,172151.3209,-0.0011181513231456,ARPA-USDT,0.0271783128483439,0.0271937270474219,
2022-11-20 12:00:00,0.02681,0.02695,0.02671,0.02684,10331757,277188.06902,2172,5525758,148242.61621,-0.0014880952380953,ARPA-USDT,0.0268088430703725,0.0268648829355502,
2022-11-20 13:00:00,0.02683,0.0270399999999999,0.02681,0.02702,6335085,170733.42691,1249,2991713,80629.29757,0.0,ARPA-USDT,0.0268305303290134,0.026854451080034,
2022-11-20 14:00:00,0.02701,0.02716,0.0269899999999999,0.02712,7242468,196117.30666,1288,3341141,90491.74586,0.00036886757654,ARPA-USDT,0.0270168277183382,0.0270208145475111,
2022-11-20 15:00:00,0.02711,0.02721,0.0269899999999999,0.02702,11442192,309712.96976,1836,5471629,148163.15504,-0.0011090573012939,ARPA-USDT,0.0271148516963274,0.0270909913739617,
2022-11-20 16:00:00,0.02703,0.02708,0.02673,0.02685,11220811,301547.92386000004,2173,3643951,97911.44688,0.0003725782414307,ARPA-USDT,0.0270341650439063,0.0270478466899638,0.0001
2022-11-20 17:00:00,0.02684,0.02693,0.02646,0.02653,10122120,270315.14604,1841,4700603,125525.43258,-0.0015054572826495,ARPA-USDT,0.0268232275327028,0.0268175123889816,
2022-11-20 18:00:00,0.0265399999999999,0.02667,0.02648,0.02667,6809346,181049.0181,1533,3414606,90808.50326,0.0007504690431519,ARPA-USDT,0.0265044747477778,0.026533748041141,
2022-11-20 19:00:00,0.0266399999999999,0.02683,0.02658,0.0267,5853193,156199.08888999998,1213,3716798,99233.93741,-0.0018691588785045,ARPA-USDT,0.0266456081932928,0.026633368041516,
2022-11-20 20:00:00,0.0267,0.02675,0.02632,0.0265,10092387,267826.59518,1765,4218295,111932.21165,-0.0007541478129713,ARPA-USDT,0.0266999983325922,0.026715579855478,
2022-11-20 21:00:00,0.0264899999999999,0.0265,0.02576,0.02584,22061877,576987.07341,3547,8594507,224591.47948,-0.0015455950540959,ARPA-USDT,0.0264779454731104,0.0264638990729083,
2022-11-20 22:00:00,0.02584,0.0261399999999999,0.02574,0.02603,9536386,247563.56297,1908,5200973,135131.23278,-0.0011511895625478,ARPA-USDT,0.0258187501102269,0.0258274271191962,
2022-11-20 23:00:00,0.02603,0.0261399999999999,0.0257699999999999,0.02584,9565229,248055.88808,2049,3791634,98318.22019,-0.0007733952049497,ARPA-USDT,0.0260802211734539,0.0260698122128935,
2022-11-21 00:00:00,0.02584,0.0260399999999999,0.02547,0.0260199999999999,17739776,457309.66607,3060,8139650,209732.20152,-0.0003841721091086,ARPA-USDT,0.0258424660664889,0.0258321012784107,-9.44e-05
2022-11-21 01:00:00,0.026,0.0260199999999999,0.02565,0.02571,7278005,187986.31422,1577,3581320,92502.82197,-0.0003888024883359,ARPA-USDT,0.0259797316875824,0.0259698939051831,
2022-11-21 02:00:00,0.0257,0.02575,0.025,0.02528,22812283,577443.41782,3326,10674026,270242.26798,-0.0011853022520742,ARPA-USDT,0.0256501977178762,0.0256934327785003,
2022-11-21 03:00:00,0.02528,0.02562,0.02507,0.02553,14665046,372367.14983,2283,7479890,190060.54235,-0.0007827788649705,ARPA-USDT,0.0252589566685728,0.0253498114736303,
2022-11-21 04:00:00,0.02554,0.0256399999999999,0.02541,0.02545,10841707,276705.07571,1935,5906830,150741.79234,-0.0007852375343541,ARPA-USDT,0.0255221674301569,0.0255507187322979,
2022-11-21 05:00:00,0.02545,0.02573,0.02545,0.02572,4128403,105636.83072,1385,2385520,61046.99301,0.0,ARPA-USDT,0.0254678330425903,0.0254765572903325,
2022-11-21 06:00:00,0.02572,0.02576,0.02541,0.02541,10718046,274000.22626,1822,4419772,112958.69203,-0.0015717092337917,ARPA-USDT,0.0256998085074569,0.0257096780985203,
2022-11-21 07:00:00,0.02541,0.02553,0.0251699999999999,0.02534,9732935,246635.73664,1694,5329075,135100.71984,-0.0003944773175542,ARPA-USDT,0.025431036980127,0.0254735054173391,
2022-11-21 08:00:00,0.02534,0.02547,0.02528,0.02535,10648326,270260.51831,1901,5100545,129567.92403,0.000394632991318,ARPA-USDT,0.0253366181038172,0.0253947685914623,0.0001
2022-11-21 09:00:00,0.02534,0.02556,0.02524,0.0255099999999999,11453450,290738.76324,2147,5513270,139997.18556,0.000784621420161,ARPA-USDT,0.0253514134574159,0.0253406798737735,
2022-11-21 10:00:00,0.0255,0.02563,0.02538,0.02559,5415786,137987.21604,1418,3148415,80221.47866,0.0003909304143863,ARPA-USDT,0.0255122578258481,0.0255104190897638,
2022-11-21 11:00:00,0.02559,0.0256399999999999,0.02535,0.02535,4240326,108051.32728,1122,2552027,65046.20587,-0.0003943217665615,ARPA-USDT,0.0256178910721375,0.0255993796136367,
2022-11-21 12:00:00,0.02535,0.02549,0.02523,0.02547,8493189,215520.88919,1477,4511922,114444.1816,-0.0003924646781789,ARPA-USDT,0.0253572397545022,0.0253649263492638,
2022-11-21 13:00:00,0.02547,0.02583,0.02545,0.02572,11911031,305754.48874,1688,5121343,131498.81806,0.0003889537145078,ARPA-USDT,0.0254758748549026,0.0254852122753313,
2022-11-21 14:00:00,0.02572,0.0259,0.0256399999999999,0.02585,11709147,301329.6753,1839,5120232,131859.20617,-0.0011591962905718,ARPA-USDT,0.0257224967102622,0.0257084242506684,
2022-11-21 15:00:00,0.02585,0.02593,0.0257699999999999,0.02578,8750334,226228.02652,1564,3588119,92818.78577,-0.0011623401782254,ARPA-USDT,0.0258575013140823,0.0258855878439043,
2022-11-21 16:00:00,0.0257899999999999,0.02584,0.02528,0.02572,16911119,433577.29319,2607,8916321,228691.46156,-0.0003886513797123,ARPA-USDT,0.0258070217033532,0.0257901151978226,0.0001
2022-11-21 17:00:00,0.02572,0.02578,0.02539,0.02539,7417923,189682.27068,1331,3251231,83155.9622,-0.0015729453401495,ARPA-USDT,0.0257005468288575,0.0257009866107577,
2022-11-21 18:00:00,0.0254,0.02546,0.02508,0.02513,22386488,564853.76977,2971,12554621,317042.17075,-0.0007952286282305,ARPA-USDT,0.0253990413368513,0.0253994383631876,
2022-11-21 19:00:00,0.02512,0.02521,0.0246699999999999,0.02499,17230199,430486.15998,2934,7728167,192907.15608,-0.0007996801279489,ARPA-USDT,0.0251299609330766,0.025144256034068,
2022-11-21 20:00:00,0.02498,0.02548,0.02497,0.0252599999999999,9415600,237619.33619,2002,5014101,126479.69804,-0.0007911392405103,ARPA-USDT,0.025000584232376,0.0250257461739873,
2022-11-21 21:00:00,0.02528,0.02544,0.02496,0.02511,10662706,268519.15083,1756,4926511,124094.45019,-0.0007958615200954,ARPA-USDT,0.0253028256447989,0.0253616541197448,
2022-11-21 22:00:00,0.02511,0.0254199999999999,0.02508,0.0252599999999999,6579212,166012.30214,1393,3054076,77027.56801,0.0003960396039563,ARPA-USDT,0.0250935076729275,0.0251410759075761,
2022-11-21 23:00:00,0.02524,0.02547,0.02523,0.02533,5570987,141081.51541,1217,3210555,81310.28908,-0.0007889546351086,ARPA-USDT,0.0252542716415493,0.0252669426015476,
2022-11-22 00:00:00,0.02533,0.02563,0.0252599999999999,0.02549,8702839,221879.81366,1803,4091217,104291.92819,-0.000392156862745,ARPA-USDT,0.0253273295161687,0.0253653049453766,0.0001
2022-11-22 01:00:00,0.02549,0.02553,0.02535,0.02538,4119612,104787.65136,815,1892854,48155.18873,-0.0007874015748031,ARPA-USDT,0.0254906655002187,0.0254842946325455,
2022-11-22 02:00:00,0.02538,0.0256399999999999,0.02533,0.0256,6258740,159334.56658,1202,3808114,97021.21932,-0.0003904724716907,ARPA-USDT,0.0253715656163678,0.0253970837237017,
2022-11-22 03:00:00,0.0256,0.02583,0.02557,0.0256899999999999,5590265,143701.87797,1326,3023617,77724.69809,-0.0011664074650116,ARPA-USDT,0.0256096899557395,0.0255983696582211,
2022-11-22 04:00:00,0.0257,0.02572,0.0255099999999999,0.02553,7705348,197251.33044,1001,4205086,107658.76928,-0.0007827788649705,ARPA-USDT,0.0256991224142383,0.0256729357581683,
2022-11-22 05:00:00,0.02553,0.02558,0.02541,0.0255099999999999,2697843,68789.67214,667,1343157,34246.8174,-3.996802888650564e-15,ARPA-USDT,0.0255299956970112,0.0255150604077632,
2022-11-22 06:00:00,0.0255099999999999,0.02554,0.02509,0.02511,9451531,239557.64693,1575,2914334,73927.36599,-0.0011933174224343,ARPA-USDT,0.0255236309732983,0.0255076282211928,
2022-11-22 07:00:00,0.0251,0.0253,0.02497,0.0252699999999999,6707013,168560.73408,1334,3620719,91034.86008,-0.0007908264136061,ARPA-USDT,0.0250794161616829,0.0250275326707305,
2022-11-22 08:00:00,0.0252699999999999,0.02528,0.02497,0.02514,6749541,169547.06257,1193,2414167,60635.99659,-0.0003976143141153,ARPA-USDT,0.0252486758953026,0.0252403496703133,0.0001
2022-11-22 09:00:00,0.02515,0.02519,0.0249099999999999,0.02493,8964051,224581.76814,1189,4452808,111615.95512,-0.001201923076923,ARPA-USDT,0.0251504827146532,0.0251487892092536,
2022-11-22 10:00:00,0.0249199999999999,0.0252599999999999,0.02486,0.02522,6076252,152334.90448,1196,2608844,65454.40497,-0.0003963535473642,ARPA-USDT,0.0249311417876768,0.0249483540413949,
2022-11-22 11:00:00,0.02522,0.02525,0.02509,0.02515,2779051,69964.46947,717,1238310,31182.095,0.0007958615200953,ARPA-USDT,0.0252372043055497,0.0252200158996948,
2022-11-22 12:00:00,0.02511,0.0255099999999999,0.02504,0.02545,12201635,307939.92844,1628,6895385,174009.84304,-0.0007852375343541,ARPA-USDT,0.0251180097683429,0.025099826201998,
2022-11-22 13:00:00,0.02545,0.02588,0.02543,0.02586,25168316,646178.72216,3727,10938102,280868.31407,-0.0019297568506367,ARPA-USDT,0.0254477251180349,0.0255252265916026,
2022-11-22 14:00:00,0.02586,0.02592,0.02565,0.02583,16902653,436063.4859,2493,7650886,197400.72451,0.0,ARPA-USDT,0.0258616679648895,0.0258518910241506,
2022-11-22 15:00:00,0.02583,0.02613,0.02583,0.02608,12737890,330989.43384,2122,6872273,178597.80144,0.0003835826620637,ARPA-USDT,0.0258487213332618,0.0259142447937336,
2022-11-22 16:00:00,0.02609,0.02617,0.02593,0.0260199999999999,8149559,212084.54082,1838,4516406,117562.44353,-3.885780586188048e-15,ARPA-USDT,0.0260942860700451,0.0261155608263086,0.0001
2022-11-22 17:00:00,0.026,0.02609,0.02593,0.02596,7850555,204208.22903,1586,3973857,103376.56792,-0.0007698229407235,ARPA-USDT,0.0260048735897822,0.0260133762142182,
2022-11-22 18:00:00,0.02598,0.0261899999999999,0.02593,0.02618,10811309,282020.67684000003,1834,6662540,173780.93435,-0.000763358778626,ARPA-USDT,0.0260061470185798,0.0259781649851387,
2022-11-22 19:00:00,0.02618,0.0262899999999999,0.0261,0.02613,6653572,174300.36490000002,1440,3319218,86966.87011999999,-0.0007648183556404,ARPA-USDT,0.0261790226584618,0.0261424509108117,
2022-11-22 20:00:00,0.02613,0.0263,0.02608,0.02626,7652411,200583.97141,1550,3743349,98073.77571,-0.0003806623524934,ARPA-USDT,0.0261452076696898,0.0261248796965852,
2022-11-22 21:00:00,0.02626,0.0263,0.02613,0.02628,5001181,131048.14487,1105,2568946,67323.11468,-0.001140250855188,ARPA-USDT,0.0262558339688996,0.0262102693269141,
2022-11-22 22:00:00,0.0262699999999999,0.02648,0.0262699999999999,0.0263899999999999,3824302,100706.92887,1044,2252889,59339.58855,-0.0007572889057213,ARPA-USDT,0.0262771529112165,0.0262818304411897,
2022-11-22 23:00:00,0.0264,0.02648,0.02634,0.0264399999999999,3834519,101281.20614,1069,1922697,50799.83532,-0.0007558578987187,ARPA-USDT,0.0264166304861797,0.0264202523280806,
2022-11-23 00:00:00,0.0264399999999999,0.02657,0.02632,0.02642,6221195,164409.88148,1526,2643509,69880.58101,-0.0003783579265985,ARPA-USDT,0.0264792751477494,0.0264584213944156,0.0001
2022-11-23 01:00:00,0.02642,0.02648,0.02626,0.02634,5415978,142692.56838,917,1913387,50412.47357,-0.0007587253414265,ARPA-USDT,0.0264293057437475,0.0264119641160409,
2022-11-23 02:00:00,0.02635,0.0268699999999999,0.02634,0.02685,12315570,328334.22638,2033,7447586,198513.05737,-0.0007443245254932,ARPA-USDT,0.0263593564599268,0.0263839070479677,
2022-11-23 03:00:00,0.02684,0.02706,0.02681,0.02705,7250052,195213.15285,1529,3702992,99757.49135,-0.000738825267824,ARPA-USDT,0.026836202837824,0.0268610375019209,
2022-11-23 04:00:00,0.02705,0.02708,0.02693,0.02695,5408035,146087.41656,974,1928770,52084.77448,-0.0003709198813056,ARPA-USDT,0.0270519306358781,0.0270576022466477,
2022-11-23 05:00:00,0.02694,0.02702,0.02686,0.02691,3978952,107156.06481,879,1899724,51154.84714,-0.00037147102526,ARPA-USDT,0.0269392381979631,0.0269416062822823,
2022-11-23 06:00:00,0.0269,0.02711,0.0269,0.02705,5720387,154667.40985,1319,2396984,64811.54571,-0.0014765596160943,ARPA-USDT,0.0269234034832278,0.0269542823777343,
2022-11-23 07:00:00,0.0270399999999999,0.02733,0.0269899999999999,0.02721,8207427,222919.87556,1653,3619109,98376.89067,-0.0014678899082568,ARPA-USDT,0.0270574191419541,0.0270820638131168,
2022-11-23 08:00:00,0.0272199999999999,0.02742,0.02716,0.02729,9145442,249664.89092,1970,3727840,101731.46281,-0.0003663003663004,ARPA-USDT,0.0272954386418745,0.0273639995618841,0.0001
2022-11-23 09:00:00,0.0273,0.02746,0.02706,0.02717,11127086,303783.70104,1948,4070876,111210.23581,-0.0007355645457888,ARPA-USDT,0.0273333907963775,0.0274074045724809,
2022-11-23 10:00:00,0.02717,0.02751,0.02702,0.0275,8616488,234729.9736,1536,4559090,124313.26048,-0.000363504180298,ARPA-USDT,0.0271764151180424,0.0271829966007595,
2022-11-23 11:00:00,0.0275,0.02751,0.0271399999999999,0.02716,8257224,225649.65658,1802,2817157,76942.51398,-0.0003680529996319,ARPA-USDT,0.0274847579670266,0.0274295959663519,
2022-11-23 12:00:00,0.02716,0.02763,0.02713,0.02729,23901292,653533.84174,3435,14944234,408549.73253,0.0,ARPA-USDT,0.0271583875980396,0.0271573559327599,
2022-11-23 13:00:00,0.02728,0.02742,0.02683,0.02685,17549712,475875.45648,2534,6867508,186387.58321,-0.0014875418371141,ARPA-USDT,0.0273031714178244,0.0272638082625949,
2022-11-23 14:00:00,0.02686,0.02732,0.02676,0.02732,13757693,371603.25945,2010,7871259,212771.11813,-0.0003658982802781,ARPA-USDT,0.0268698509990737,0.0269065383643671,
2022-11-23 15:00:00,0.02732,0.02733,0.027,0.0270899999999999,7429773,201685.33724,1356,3562056,96721.15356,-0.0003690036900405,ARPA-USDT,0.0272678701360733,0.0272867689661701,
2022-11-23 16:00:00,0.0271,0.02738,0.02702,0.02705,10258399,278918.98385,1956,4485617,122046.854,-0.000738825267824,ARPA-USDT,0.0271124791144078,0.0271013045086959,0.0001
2022-11-23 17:00:00,0.0270399999999999,0.02731,0.02701,0.02701,10050671,272933.86575,1686,4201235,114074.51486,-0.0007399186089529,ARPA-USDT,0.02707734865785,0.0271441741300197,
2022-11-23 18:00:00,0.02701,0.02733,0.02696,0.02726,7230805,195920.69417,1292,3645718,98808.96445,-0.000733137829912,ARPA-USDT,0.027016832217313,0.0270154905440342,
2022-11-23 19:00:00,0.02725,0.02758,0.0270399999999999,0.02728,11086509,302483.72036,1858,5504509,150228.83707,0.0,ARPA-USDT,0.0272301553083643,0.0273192173707503,
2022-11-23 20:00:00,0.02727,0.02743,0.02713,0.0273899999999999,5915901,161306.29782,1183,2817779,76861.76514,-3.6637359812630166e-15,ARPA-USDT,0.0272624882020949,0.0272315631857452,
2022-11-23 21:00:00,0.0274,0.02741,0.02718,0.02719,3970657,108266.37703,1109,2008404,54760.44473,-0.0011021307861867,ARPA-USDT,0.0273798644898607,0.0273388428933919,
2022-11-23 22:00:00,0.02719,0.0273399999999999,0.02719,0.02731,4630155,126290.20412,942,1858466,50693.73092,-0.0003660322108345,ARPA-USDT,0.0272079349232164,0.0272802982935735,
2022-11-23 23:00:00,0.0273,0.02748,0.02726,0.02743,6025047,165009.28078,1202,3222551,88229.75726,-0.0003644314868804,ARPA-USDT,0.0272782517348413,0.0273326776655568,
2022-11-24 00:00:00,0.02742,0.02754,0.02721,0.02726,7800410,213708.01137,1482,3920908,107335.77552,-0.0003667033370003,ARPA-USDT,0.0274461147003974,0.0274435976986724,0.0001
2022-11-24 01:00:00,0.02726,0.0276,0.02718,0.02753,5542802,151689.42012,1318,2914525,79829.21627,-0.001088534107402,ARPA-USDT,0.027262791972378,0.0272668001048123,
2022-11-24 02:00:00,0.02752,0.0276399999999999,0.0274,0.0275,6640718,182870.1639,1314,2964951,81680.08295,-0.000363504180298,ARPA-USDT,0.0275507377696341,0.0275689870292597,
2022-11-24 03:00:00,0.0275,0.0276399999999999,0.02743,0.0275699999999999,5847800,161015.40673,1032,3555588,97897.04977,-0.0003625815808593,ARPA-USDT,0.0274783220105523,0.0274823949313636,
2022-11-24 04:00:00,0.0275699999999999,0.02763,0.0274,0.02745,6399009,176056.93886,1509,3244349,89253.28396,0.0,ARPA-USDT,0.0275669034797954,0.0275626205423711,
2022-11-24 05:00:00,0.02745,0.0274699999999999,0.02727,0.02735,4175774,114263.38777,826,1751054,47914.64313,-0.0003654970760234,ARPA-USDT,0.0274560463246066,0.0274145749714887,
2022-11-24 06:00:00,0.02735,0.02773,0.02732,0.02773,8977029,246987.81541,1418,4747788,130574.85909,-0.0003604902667627,ARPA-USDT,0.0273617059813713,0.0273486127163739,
2022-11-24 07:00:00,0.0277199999999999,0.0277199999999999,0.02751,0.02756,9518523,262689.51284,1264,4103410,113245.95503,0.0010897203051216,ARPA-USDT,0.0276657726414397,0.0276637439755765,
2022-11-24 08:00:00,0.02756,0.02783,0.02738,0.0278,16298010,449693.15882,2375,8480762,234044.55903,0.0007199424046075,ARPA-USDT,0.0275690040628903,0.0275570824502443,2.441e-05
2022-11-24 09:00:00,0.0278,0.0278199999999999,0.02751,0.02756,11854990,327572.16042000003,2059,5513288,152367.33193,-0.0007251631617113,ARPA-USDT,0.0278019276508793,0.0277507107110634,
2022-11-24 10:00:00,0.02756,0.02765,0.02711,0.02733,14975295,410468.83941,1950,7066909,193653.52258,0.0,ARPA-USDT,0.0275403857860085,0.0275684957969347,
2022-11-24 11:00:00,0.0273399999999999,0.02745,0.02723,0.02745,5644792,154297.43078999998,1140,2529960,69162.86368,0.0,ARPA-USDT,0.0273523098694692,0.0273254647084371,
2022-11-24 12:00:00,0.02745,0.0274899999999999,0.02716,0.02729,6621756,181043.41593,1209,3182544,87030.54323,0.0,ARPA-USDT,0.0274544720392178,0.0274085590738753,
2022-11-24 13:00:00,0.0273,0.0274899999999999,0.02726,0.0274,6228431,170543.92665,967,2471196,67675.06731,-0.0010936930368209,ARPA-USDT,0.0272878320018471,0.0272977233359722,
2022-11-24 14:00:00,0.0274,0.02741,0.02717,0.02731,6352444,173227.80384,1122,3555504,96933.46333,-0.0003660322108345,ARPA-USDT,0.0274083795740518,0.027378281840491,
2022-11-24 15:00:00,0.02731,0.02738,0.02718,0.02727,4518250,123320.3174,964,2572723,70211.75339,-0.0010989010989012,ARPA-USDT,0.0273162034037675,0.027284562559626,
2022-11-24 16:00:00,0.02728,0.02752,0.0271399999999999,0.0273399999999999,11934832,326403.16411,1772,5533345,151337.28643,-0.0003656307129835,ARPA-USDT,0.0272943958143564,0.0273469262305676,0.0001
2022-11-24 17:00:00,0.0273399999999999,0.02743,0.0272,0.02721,5959744,162934.40958,1016,2692237,73611.35671,-0.0018341892883344,ARPA-USDT,0.0273581098984034,0.0273379693401538,
2022-11-24 18:00:00,0.02723,0.02728,0.02717,0.0272199999999999,4996440,136105.48684,970,2528547,68893.63865,-0.0014673514306712,ARPA-USDT,0.027227498838274,0.0272526819096547,
2022-11-24 19:00:00,0.0272399999999999,0.02731,0.02718,0.02729,4297088,117106.63225,855,2267686,61813.31391,-0.0007323324789455,ARPA-USDT,0.0272503987234072,0.0272595842778701,
2022-11-24 20:00:00,0.02728,0.02737,0.02725,0.02731,5354074,146205.57539,865,1973015,53878.490600000005,-0.0007317965605561,ARPA-USDT,0.0272717112116488,0.0272916325528899,
2022-11-24 21:00:00,0.02731,0.02738,0.0272399999999999,0.02727,5308527,145019.01676,1017,2940352,80333.09135,-0.0010989010989012,ARPA-USDT,0.0273040033414337,0.0273331903410115,
2022-11-24 22:00:00,0.02728,0.02736,0.02725,0.02735,2206627,60216.83458,595,1350595,36857.04241,-0.000730727073438,ARPA-USDT,0.027277616225424,0.0272665643963368,
2022-11-24 23:00:00,0.02735,0.02742,0.02726,0.02738,3574173,97773.69393,854,1712747,46854.334610000005,-0.0003650967506388,ARPA-USDT,0.0273830367337023,0.0273661393252371,
2022-11-25 00:00:00,0.02737,0.02741,0.0269699999999999,0.02712,10334801,280795.3092,1619,3646461,99077.33349,-0.0007369196757553,ARPA-USDT,0.027369465395013,0.0273378893782359,0.0001
2022-11-25 01:00:00,0.02712,0.0273399999999999,0.02702,0.02705,8671063,235908.06579,1300,4308466,117257.89701,-0.000738825267824,ARPA-USDT,0.0271351682348015,0.0271510638337418,
2022-11-25 02:00:00,0.02706,0.02708,0.02673,0.0268699999999999,10514830,282264.88164,1552,4511372,121057.13186,-0.0007437709185608,ARPA-USDT,0.0270551557731772,0.0269376784538765,
2022-11-25 03:00:00,0.02688,0.02693,0.02681,0.02691,4185721,112510.33675,839,1429690,38432.3326,0.0003717472118958,ARPA-USDT,0.0268846889841405,0.0268905366969393,
2022-11-25 04:00:00,0.02691,0.02691,0.02666,0.02678,7684252,205954.54254,999,4270728,114454.11692,0.0003735524841241,ARPA-USDT,0.0268864825224856,0.026866288187223,
2022-11-25 05:00:00,0.02678,0.02681,0.0267,0.0267,4871127,130402.51427,899,3225484,86365.97504,-0.0003743916136278,ARPA-USDT,0.0267888997405382,0.0267772501733474,
2022-11-25 06:00:00,0.02671,0.0268699999999999,0.02663,0.02685,6604914,176661.29803,1188,3719809,99500.33857,-0.0003723008190618,ARPA-USDT,0.026698862451722,0.0266875869782417,
2022-11-25 07:00:00,0.02685,0.02688,0.02677,0.02684,3321163,89055.0101,758,2103404,56391.70005,-0.0003724394785846,ARPA-USDT,0.0268729786464851,0.0268598671000426,
2022-11-25 08:00:00,0.02685,0.0269,0.02665,0.02675,5814588,155578.54569,1227,2683068,71753.42091,-0.000747104968248,ARPA-USDT,0.0268465024786907,0.0268687990691742,0.0001
2022-11-25 09:00:00,0.02675,0.02685,0.0267199999999999,0.0267399999999999,3087366,82659.25451,726,1042709,27925.41346,-0.0003738317757047,ARPA-USDT,0.0267642617873846,0.0267875194894161,
2022-11-25 10:00:00,0.0267399999999999,0.02695,0.0267199999999999,0.0268699999999999,3484754,93568.58951,937,1795798,48219.69713,-3.774758283725532e-15,ARPA-USDT,0.0267409638797336,0.0267375305708454,
2022-11-25 11:00:00,0.02688,0.02716,0.02686,0.02695,11671117,315023.91037,2035,4920388,132927.10014,-0.0011119347664936,ARPA-USDT,0.0268822877991406,0.0269284901592041,
2022-11-25 12:00:00,0.02695,0.02715,0.02695,0.0269699999999999,5982120,161705.03595,1477,2895022,78223.81632,-0.0014809329877859,ARPA-USDT,0.0269716875973092,0.0269837712320397,
2022-11-25 13:00:00,0.0269699999999999,0.0270399999999999,0.02685,0.0270399999999999,3730149,100563.77957,844,1875321,50560.14109,-3.774758283725532e-15,ARPA-USDT,0.0269631324034097,0.0269841848076172,
2022-11-25 14:00:00,0.02705,0.02715,0.02691,0.02713,4203744,113692.97149,990,1963253,53108.13507,-0.0007366482504603,ARPA-USDT,0.0270475922519951,0.0270051361164909,
2022-11-25 15:00:00,0.02715,0.02719,0.027,0.02703,4879117,132141.36919,1193,1898803,51425.41472,-0.000739371534196,ARPA-USDT,0.0271312098496961,0.0271520016293631,
2022-11-25 16:00:00,0.0270399999999999,0.02713,0.02682,0.02706,9560150,257901.84898,1801,4180171,112790.20394,-0.0003694126339121,ARPA-USDT,0.0270405282719642,0.0270290433102374,0.0001
2022-11-25 17:00:00,0.02707,0.02716,0.02705,0.0270899999999999,3509325,95086.17936,835,1725367,46753.69503,-0.001474382602289,ARPA-USDT,0.0270581816498472,0.0270641112767642,
2022-11-25 18:00:00,0.0270899999999999,0.02729,0.02708,0.02719,6877669,186913.92743,1192,2247159,61085.72077,-0.0003676470588235,ARPA-USDT,0.027092548208763,0.0271134894161448,
2022-11-25 19:00:00,0.0272,0.02723,0.0271,0.02713,7241177,196669.25589,1286,3701093,100512.57136,-0.0014722119985277,ARPA-USDT,0.0271917768252212,0.0271823755020132,
2022-11-25 20:00:00,0.02715,0.02731,0.02713,0.0271399999999999,4335018,117922.66641,991,2018830,54909.06995,-0.0007363770250404,ARPA-USDT,0.0271544523156485,0.0271736823936674,
2022-11-25 21:00:00,0.02713,0.02715,0.02703,0.0270399999999999,3493512,94639.83737,770,1023769,27745.2017,-0.0003696857671017,ARPA-USDT,0.0271403440537591,0.0271364443500433,
2022-11-25 22:00:00,0.02705,0.02706,0.0269899999999999,0.02702,2521256,68146.1223,639,1510816,40838.00959,-0.0003699593044764,ARPA-USDT,0.0270572414276925,0.0270549118980326,
2022-11-25 23:00:00,0.02701,0.02711,0.0269699999999999,0.02711,4736710,128092.28909,1273,2670567,72227.35803,-0.0003687315634217,ARPA-USDT,0.0270121311621881,0.02702922969319,
2022-11-26 00:00:00,0.0271,0.02754,0.02706,0.02731,11579367,315914.69155,2288,6431336,175491.77339000002,0.0010997067448681,ARPA-USDT,0.0270845265581311,0.0270939270639719,0.0001
2022-11-26 01:00:00,0.0273,0.0278,0.02719,0.0276,71150798,1953011.76307,7416,35211226,966938.34413,-0.001085776330076,ARPA-USDT,0.0272978759749322,0.027298341028529,
2022-11-26 02:00:00,0.02761,0.0283,0.02758,0.02766,80541724,2244892.8565,9338,37437379,1044021.07979,0.0,ARPA-USDT,0.0275870221853857,0.0275857914516804,
2022-11-26 03:00:00,0.02766,0.02775,0.02758,0.0277199999999999,7228926,200026.17577,1501,3855619,106669.45492,-0.0007209805335292,ARPA-USDT,0.027652981536802,0.0276206924496988,
2022-11-26 04:00:00,0.0277399999999999,0.02826,0.02758,0.02767,36843702,1024857.4834,4666,18623169,518317.57626,-0.0007222824124232,ARPA-USDT,0.0277251784706347,0.0277118040553112,
2022-11-26 05:00:00,0.02766,0.02771,0.02748,0.0275,8983182,247676.75607,1699,3688125,101683.28469,-0.0007267441860464,ARPA-USDT,0.0276819563771851,0.0276832125753258,
2022-11-26 06:00:00,0.0275,0.0275,0.02726,0.02738,5641015,154503.18927,1449,2327224,63770.34448,-0.0010944910616562,ARPA-USDT,0.0274870161512449,0.0274866524762761,
2022-11-26 07:00:00,0.02738,0.02781,0.02738,0.02781,9667813,266574.16078,1851,5821609,160518.49317,-0.0014362657091561,ARPA-USDT,0.0273858901249828,0.0274020884726726,
2022-11-26 08:00:00,0.02781,0.0287399999999999,0.02775,0.0279,54754105,1543382.14335,7231,27699095,780775.73972,-0.0003582945180938,ARPA-USDT,0.0277854052089679,0.0277844282620672,0.0001
2022-11-26 09:00:00,0.02792,0.0279399999999999,0.02758,0.02765,23919207,663039.95888,3155,8766231,243017.01592,-0.0014445648248464,ARPA-USDT,0.0279083285600591,0.0278423140625477,
2022-11-26 10:00:00,0.02765,0.02825,0.02765,0.02814,19234085,538008.18373,2886,9568839,267615.52392,-0.0007102272727274,ARPA-USDT,0.0276725169353045,0.0276712683422409,
2022-11-26 11:00:00,0.02813,0.02853,0.02792,0.02833,22559440,636469.21255,3541,11435774,322718.37962,-0.000705467372134,ARPA-USDT,0.0281162685315575,0.0281130182109916,
2022-11-26 12:00:00,0.02833,0.02845,0.02813,0.02843,13125090,370511.757,2252,6275896,177141.83789,-0.0017556179775279,ARPA-USDT,0.0282924707666952,0.028215388066014,
2022-11-26 13:00:00,0.02843,0.02855,0.02806,0.02811,15555021,439659.18052,2755,6673910,188665.41669,-0.0014209591474245,ARPA-USDT,0.028456875587829,0.0284988108797962,
2022-11-26 14:00:00,0.02811,0.02818,0.02751,0.02762,20324979,567842.6342,3175,8011451,224089.61044,0.0003621876131836,ARPA-USDT,0.0281393118642108,0.0281438442373934,
2022-11-26 15:00:00,0.02762,0.0279,0.02761,0.02773,16538674,458609.32643,2911,8445152,234196.32974,0.0,ARPA-USDT,0.0276262923851633,0.02770345203997,
2022-11-26 16:00:00,0.02773,0.0278,0.02767,0.02769,7563610,209789.33771,1682,3365114,93344.82118,-0.0007217610970768,ARPA-USDT,0.0277238252693024,0.0277198934135736,6.38e-06
2022-11-26 17:00:00,0.02769,0.02805,0.0275,0.0276399999999999,58917298,1634911.22831,7393,30307109,841345.6441500001,-3.6637359812630166e-15,ARPA-USDT,0.0276602362062345,0.0276286842292292,
2022-11-26 18:00:00,0.02763,0.0278,0.02754,0.02769,19162861,530157.99015,2706,10583642,292695.92819,-0.0010822510822511,ARPA-USDT,0.0276256143886461,0.027597869738345,
2022-11-26 19:00:00,0.02769,0.02792,0.02753,0.02783,11983812,332548.8136,2321,5161279,143226.69489,-0.0017934002869439,ARPA-USDT,0.0276740693375107,0.0275883605602014,
2022-11-26 20:00:00,0.0278399999999999,0.02803,0.0278199999999999,0.02795,10913051,304737.70824,1981,5162598,144175.60738,-0.0007150518412584,ARPA-USDT,0.02782639941751,0.0278353847729367,
2022-11-26 21:00:00,0.02795,0.02795,0.02763,0.02766,9993533,277563.78295,1756,3270936,90793.0006,-0.0007225433526011,ARPA-USDT,0.0279412178492805,0.027876006552,
2022-11-26 22:00:00,0.02766,0.02779,0.02745,0.02755,7780709,214941.06986,1582,3545462,97978.34285,-0.0007254261878854,ARPA-USDT,0.0276681811105876,0.0276707031810386,
2022-11-26 23:00:00,0.02755,0.02775,0.02754,0.02769,6094372,168506.95537,1328,3299851,91250.01928,0.0,ARPA-USDT,0.0275488038597317,0.0276079823716454,
2022-11-27 00:00:00,0.02769,0.02779,0.02758,0.0276399999999999,7157022,197966.42829,1649,3324530,91948.0425,-0.0014450867052059,ARPA-USDT,0.0276427365891691,0.0276673344176856,6.687e-05
2022-11-27 01:00:00,0.02765,0.02801,0.0276399999999999,0.02798,6233623,173680.87192,1450,3556587,99149.18202,0.0,ARPA-USDT,0.0276616699476721,0.0276991505881556,
2022-11-27 02:00:00,0.02797,0.02818,0.02797,0.02818,3856334,108195.7849,1171,2009005,56367.66071,0.0003549875754349,ARPA-USDT,0.0279792310373751,0.0279968742394091,
2022-11-27 03:00:00,0.02818,0.02823,0.02808,0.0281,5024117,141298.06786,1124,3068872,86311.16036,-0.0010664770707429,ARPA-USDT,0.0281738891149045,0.0281778101065362,
2022-11-27 04:00:00,0.0281,0.02827,0.02802,0.02806,9058151,255077.49783,1608,4308952,121362.39951,-0.0003562522265764,ARPA-USDT,0.0280999739980178,0.0281390896210482,
2022-11-27 05:00:00,0.02806,0.02806,0.0279399999999999,0.02797,3731373,104439.90422,1037,1322689,37013.35378,-0.0014280614066405,ARPA-USDT,0.0279796855829045,0.0279560773840927,
2022-11-27 06:00:00,0.02798,0.0284399999999999,0.02795,0.0279899999999999,22440339,632652.25083,3610,10791335,304465.73944000003,-0.0007140307033237,ARPA-USDT,0.0279787623843951,0.0280261160149717,
2022-11-27 07:00:00,0.02798,0.02813,0.02798,0.0279899999999999,4641635,130250.81549,1199,1786033,50119.69549,-0.0010706638115667,ARPA-USDT,0.027987222116398,0.0280222210972886,
2022-11-27 08:00:00,0.028,0.02815,0.02795,0.02801,8027882,225078.71864,1600,3953760,110830.09371,-0.0010699001426532,ARPA-USDT,0.0279997542351207,0.0280110176085086,8.467e-05
2022-11-27 09:00:00,0.028,0.02802,0.02791,0.02791,4052581,113390.12793,1082,2084572,58330.01976,-0.0014311270125223,ARPA-USDT,0.0280059232262141,0.0280005400596488,
2022-11-27 10:00:00,0.02792,0.02801,0.0278199999999999,0.02783,8648805,241477.54279,1877,3595195,100419.31692,0.0,ARPA-USDT,0.0279276163393783,0.0279450504747214,
2022-11-27 11:00:00,0.0278399999999999,0.028,0.02781,0.028,5825679,162418.9588,1344,3581320,99840.67345,0.0003572704537335,ARPA-USDT,0.0278335756276926,0.0278302285357922,
2022-11-27 12:00:00,0.02798,0.0281899999999999,0.02798,0.02816,6283528,176367.36785,1597,3204243,89920.19892,-0.0010642071656615,ARPA-USDT,0.0279860585297104,0.0279893723361707,
2022-11-27 13:00:00,0.02815,0.02823,0.02804,0.02823,5392827,151833.58959,1481,2089188,58835.64632,-0.0007079646017699,ARPA-USDT,0.0281703113827373,0.0281633385462988,
2022-11-27 14:00:00,0.02823,0.029,0.02821,0.0286,40839011,1172091.14123,6933,21936895,629780.00375,-0.000349528137015,ARPA-USDT,0.0282412062502765,0.0282360891856674,
2022-11-27 15:00:00,0.0285899999999999,0.0286,0.02818,0.0282,17276319,489873.78879,3582,9357385,265306.22508,-0.0003544842254519,ARPA-USDT,0.0285382942364794,0.0284151901592032,
2022-11-27 16:00:00,0.02821,0.02831,0.02803,0.02806,11080995,312120.50248,1925,4764214,134229.99216,-0.0003562522265764,ARPA-USDT,0.0282588942798332,0.028232745330971,6.673e-05
2022-11-27 17:00:00,0.02806,0.0282399999999999,0.02803,0.02823,9639719,271343.68667,1593,6123893,172388.98321,-0.0003541076487252,ARPA-USDT,0.0281051195920762,0.0280832117935629,
2022-11-27 18:00:00,0.02823,0.02836,0.02823,0.0282399999999999,8051824,227914.03904,1703,4774805,135162.45452,-0.0007077140835137,ARPA-USDT,0.028313235065887,0.0283027516323548,
2022-11-27 19:00:00,0.02825,0.0283399999999999,0.02802,0.02825,6676314,188450.37115,1555,3475030,98089.78371,-0.0007074637424832,ARPA-USDT,0.0282728894227612,0.0283113382636561,
2022-11-27 20:00:00,0.02825,0.02825,0.0281,0.02812,4419153,124514.29541,1238,1895063,53410.51517,-0.0007107320540156,ARPA-USDT,0.0282207760004279,0.0281887635211976,
2022-11-27 21:00:00,0.0281,0.02814,0.02801,0.02806,4419755,124159.46044,1015,1679917,47210.14582,-0.0003562522265764,ARPA-USDT,0.0281187403178418,0.0281226367437355,
2022-11-27 22:00:00,0.02806,0.02821,0.02806,0.02816,4374210,123061.87559,1088,2416894,67998.85229,-0.0007097232079488,ARPA-USDT,0.0280670553909025,0.028105262302975,
2022-11-27 23:00:00,0.02816,0.02817,0.02738,0.02752,25099148,694830.87142,4635,10355741,286478.98773,-0.0014513788098694,ARPA-USDT,0.028146714957686,0.0279940159752968,
2022-11-28 00:00:00,0.02751,0.0278,0.02748,0.02761,12653014,350622.46558,2343,5053384,140007.1992,-0.0010853835021708,ARPA-USDT,0.0275067574738238,0.0276225683815118,7.113e-05
2022-11-28 01:00:00,0.02762,0.02773,0.02657,0.0267399999999999,28880871,779327.42429,4687,13294943,358527.70259,-0.002610966057445,ARPA-USDT,0.0276263122691179,0.0276793234617315,
2022-11-28 02:00:00,0.0267399999999999,0.02688,0.02657,0.02677,12534647,335117.27083,2394,5813089,155507.81924,-0.0007465472191117,ARPA-USDT,0.0266563550735846,0.0266944639540262,
2022-11-28 03:00:00,0.02678,0.02701,0.02673,0.027,5181269,139291.45886,1433,3053122,82091.87914,-0.0003702332469455,ARPA-USDT,0.0267773736466343,0.0267726328991956,
2022-11-28 04:00:00,0.02701,0.0271399999999999,0.0269699999999999,0.02711,5553186,150112.82096,1291,2853351,77140.30179,-0.0007371913011426,ARPA-USDT,0.0269926323237908,0.0269865761875889,
2022-11-28 05:00:00,0.02712,0.02715,0.02678,0.02678,6634879,179119.42625,1326,2648321,71466.32057,-0.0022354694485841,ARPA-USDT,0.0271043510818202,0.0271108948224687,
2022-11-28 06:00:00,0.02678,0.0271,0.02678,0.0270899999999999,6772074,182283.90175,1422,4137793,111376.52867,-0.0003690036900405,ARPA-USDT,0.0268085204918716,0.0268409440553207,
2022-11-28 07:00:00,0.0271,0.02717,0.02702,0.02716,4209230,114025.98794,1345,2343504,63480.07306,-0.0007358351729211,ARPA-USDT,0.0270806831499613,0.0270697166195196,
2022-11-28 08:00:00,0.02717,0.02726,0.02706,0.0271399999999999,6804779,184757.41798,1657,3140150,85279.79849,-0.0003683241252339,ARPA-USDT,0.027181812041902,0.0271544372835997,0.0001
2022-11-28 09:00:00,0.02715,0.02721,0.02696,0.02696,5123139,138717.42835,1274,2767950,74954.52424,-0.000741289844329,ARPA-USDT,0.0271784774126963,0.0271795481778063,
2022-11-28 10:00:00,0.02696,0.0269699999999999,0.02678,0.02678,4083963,109791.54181,946,1804605,48514.37953,-0.0007462686567163,ARPA-USDT,0.0269626560814843,0.0269376640445787,
2022-11-28 11:00:00,0.02678,0.02691,0.02676,0.0267899999999999,4703223,126184.42411,1167,2242662,60170.0933,-0.0011185682326658,ARPA-USDT,0.0267813382580913,0.0268474119419697,
2022-11-28 12:00:00,0.02678,0.0271399999999999,0.02678,0.02691,9972070,269032.84321,1992,4781101,129037.25188,-0.0014842300556586,ARPA-USDT,0.0268110805148805,0.0268703931481771,
2022-11-28 13:00:00,0.02692,0.02712,0.02691,0.02706,5352036,144726.89546,1361,2468002,66725.86647000001,-0.0007385524372229,ARPA-USDT,0.0269343007972162,0.0269466318852749,
2022-11-28 14:00:00,0.02706,0.02743,0.02695,0.02725,8622828,234685.20822,1767,5002607,136172.1278,-0.0003668378576668,ARPA-USDT,0.0270681899366597,0.0270577696979634,
2022-11-28 15:00:00,0.0272399999999999,0.02731,0.02698,0.02728,7902148,214463.22532,1947,3578178,97163.05128,0.0,ARPA-USDT,0.0272109554071476,0.0272488396431081,
2022-11-28 16:00:00,0.02728,0.02777,0.02701,0.0276,14001366,382781.70961,3052,6111700,167102.04949,0.0,ARPA-USDT,0.027252588014386,0.0271881000012763,8.177e-05
2022-11-28 17:00:00,0.02762,0.02777,0.02736,0.02745,8581088,236099.62052,1877,4152605,114293.86746,0.0003644314868804,ARPA-USDT,0.0276504825093546,0.0276211148936729,
2022-11-28 18:00:00,0.02744,0.02746,0.02728,0.0273399999999999,5302980,145132.9331,1215,2975016,81408.14245,-0.001460920379843,ARPA-USDT,0.0274319868485336,0.0274333027489855,
2022-11-28 19:00:00,0.02732,0.0275,0.02726,0.02742,4222700,115636.15567,1204,2431625,66580.12665,0.0003648303538854,ARPA-USDT,0.0273287511097957,0.0272978159139436,
2022-11-28 20:00:00,0.02742,0.02745,0.02735,0.02744,2626179,71944.66146,813,1769817,48482.79679,-0.0007283321194464,ARPA-USDT,0.0274076633788387,0.0273770217174854,
2022-11-28 21:00:00,0.02743,0.02746,0.02732,0.02742,2255698,61773.00834,755,1178171,32262.02213,0.0003648303538854,ARPA-USDT,0.0274412713174698,0.027448423580236,
2022-11-28 22:00:00,0.02741,0.02743,0.02732,0.02742,2883741,78950.10968,748,1474518,40368.11836,0.0007299270072993,ARPA-USDT,0.0274079386149927,0.027399309867438,
2022-11-28 23:00:00,0.02741,0.0275,0.02727,0.0273899999999999,4999653,136944.41081,1203,2689809,73695.47976,-0.0010940919037235,ARPA-USDT,0.0274597894080689,0.027360603562187,
2022-11-29 00:00:00,0.02738,0.02743,0.02706,0.02737,10988864,299807.94269,2249,4778219,130422.78971,-0.0003652300949599,ARPA-USDT,0.0273788827310313,0.0273449314641771,0.0001
2022-11-29 01:00:00,0.02737,0.02808,0.02726,0.02751,159203948,4375563.4692,17632,83946913,2307672.59649,-0.0007264802034144,ARPA-USDT,0.0273772251001776,0.0273934811585364,
2022-11-29 02:00:00,0.02751,0.02781,0.02744,0.02756,19721253,545014.0431499999,3282,11214639,309895.74964,-0.0003627130939426,ARPA-USDT,0.0274850201322105,0.0275958006992539,
2022-11-29 03:00:00,0.02756,0.02763,0.02752,0.0276,6439938,177513.61295,1447,3310458,91247.32983,-0.000724112961622,ARPA-USDT,0.0275485785250155,0.0275407594326421,
2022-11-29 04:00:00,0.0276,0.02805,0.0275899999999999,0.028,13321039,370629.10209,2754,6233289,173334.76371,-0.0007137758743753,ARPA-USDT,0.0276091803681567,0.0276421319137808,
2022-11-29 05:00:00,0.028,0.02827,0.0279,0.02802,38401179,1078302.7297,4508,18167639,510562.00272,-0.0003567606136282,ARPA-USDT,0.0280209239474324,0.0280455452199507,
2022-11-29 06:00:00,0.02803,0.02804,0.0278399999999999,0.02787,10671108,297892.73949,1883,4734313,132183.5054,0.0003589375448671,ARPA-USDT,0.0280190335549694,0.02795963330065,
2022-11-29 07:00:00,0.02787,0.0279,0.02773,0.0278199999999999,6227875,173281.61056,1256,2419167,67344.34912,-0.0007183908046012,ARPA-USDT,0.0278740783510545,0.0278733649600176,
2022-11-29 08:00:00,0.0278199999999999,0.02803,0.0278,0.02801,6672747,186197.93456,1819,3240396,90460.18159,-0.0003568879371876,ARPA-USDT,0.0278441762789944,0.0278509271725906,0.0001
2022-11-29 09:00:00,0.028,0.02803,0.02785,0.02797,6640310,185607.96015,1396,2931390,81988.63105,-0.000714540907467,ARPA-USDT,0.0280016411710439,0.0279968782615521,
2022-11-29 10:00:00,0.02797,0.02798,0.02779,0.0278199999999999,4896265,136490.66037,1163,2165996,60384.7071,-0.0007183908046012,ARPA-USDT,0.0279706177631525,0.0279402919206996,
2022-11-29 11:00:00,0.0278199999999999,0.0278899999999999,0.02769,0.0277199999999999,4113866,114344.0291,1312,1828752,50835.07542,-0.0007209805335292,ARPA-USDT,0.0278247051987905,0.0278392402775803,
2022-11-29 12:00:00,0.02771,0.02775,0.0275699999999999,0.0276399999999999,9110187,251909.66741,1546,3968970,109698.64865,-3.6637359812630166e-15,ARPA-USDT,0.0277090150262266,0.0277172960866587,
2022-11-29 13:00:00,0.0276399999999999,0.02766,0.02727,0.02751,11623323,319166.16139,2521,5798092,159199.75419,0.0,ARPA-USDT,0.0276363814517687,0.0276330823809256,
2022-11-29 14:00:00,0.0274899999999999,0.0276399999999999,0.02735,0.02743,13331585,366498.9928,2994,6033586,165899.02309,0.0003646973012398,ARPA-USDT,0.0274976147896539,0.0275520209287012,
2022-11-29 15:00:00,0.02743,0.02761,0.02732,0.0274899999999999,9255153,254324.84109,2018,4607234,126563.33977,-0.0007270083605998,ARPA-USDT,0.0274222677375667,0.0273837930813742,
2022-11-29 16:00:00,0.0274899999999999,0.02751,0.02718,0.02744,9448615,258584.596,2180,3107753,85055.12546,-0.0007283321194464,ARPA-USDT,0.0274630282861168,0.0274725377223148,2.267e-05
2022-11-29 17:00:00,0.02744,0.0274699999999999,0.0273,0.02742,4982709,136440.02497,1331,2458116,67310.62736,-0.0010928961748633,ARPA-USDT,0.027453666236869,0.0274577787286344,
2022-11-29 18:00:00,0.02742,0.02755,0.0274,0.02752,5887393,161713.271,1246,2013968,55319.11852,-0.0007262164124909,ARPA-USDT,0.027412723997448,0.0274210624145941,
2022-11-29 19:00:00,0.02751,0.02763,0.0275,0.0275,2803909,77253.62047000001,1032,1556032,42873.69209,-0.0010897203051216,ARPA-USDT,0.0275198208460416,0.0275332826795099,
2022-11-29 20:00:00,0.02751,0.02763,0.02748,0.02761,4649579,128094.47896,1220,2493090,68675.69718999999,0.0,ARPA-USDT,0.0275259635807556,0.0275176968384513,
2022-11-29 21:00:00,0.02761,0.02763,0.02755,0.02758,2361240,65160.10376,805,1165406,32164.401100000003,-0.0010865628395508,ARPA-USDT,0.0276134712610763,0.0276178396270736,
2022-11-29 22:00:00,0.02758,0.02767,0.0275699999999999,0.02761,2980142,82295.46373,955,1529704,42237.94431,-0.000362056480811,ARPA-USDT,0.027579633566906,0.0276146297112935,
2022-11-29 23:00:00,0.02762,0.0277,0.0275699999999999,0.0275899999999999,5845549,161499.93898,1653,2678759,74017.01084,-0.0014477017734382,ARPA-USDT,0.0276660809621589,0.0276153872611388,
2022-11-30 00:00:00,0.0275899999999999,0.02853,0.0275899999999999,0.02831,40079402,1127962.23782,6434,21290881,598630.1379,-0.0010585744530698,ARPA-USDT,0.0276042203031809,0.0278031603137383,9.508e-05
2022-11-30 01:00:00,0.02833,0.02854,0.02811,0.0284199999999999,21409244,606631.64735,3532,9222836,261312.20294,-0.0003517411185403,ARPA-USDT,0.0283878045177444,0.0284702520220193,
2022-11-30 02:00:00,0.02843,0.02862,0.0284199999999999,0.0285699999999999,10697490,305218.85554,2501,4949971,141225.27843,-3.552713678800501e-15,ARPA-USDT,0.0284694073903277,0.0284672643468131,
2022-11-30 03:00:00,0.0285699999999999,0.02866,0.02825,0.02825,9431946,268869.52534,2257,4943977,140931.54009,-0.001060820367751,ARPA-USDT,0.0285798245083884,0.028556469786668,
2022-11-30 04:00:00,0.02826,0.0289199999999999,0.02825,0.02887,12719495,364563.43534,2815,7826587,224370.86463,0.0,ARPA-USDT,0.0282672810732952,0.028370340734486,
2022-11-30 05:00:00,0.02887,0.02887,0.02845,0.02853,8815482,252516.54371,1976,5082915,145657.70148,-0.0007005253940455,ARPA-USDT,0.0288280468687354,0.0287740934751179,
2022-11-30 06:00:00,0.02854,0.02861,0.0284,0.0284899999999999,9933507,283192.26648,1974,3038830,86643.07317,-0.0010518934081381,ARPA-USDT,0.0285357600620024,0.0285512978073594,
2022-11-30 07:00:00,0.02848,0.02873,0.02848,0.02852,9707302,277686.85672,2004,5655209,161824.38614,-0.0010507880910682,ARPA-USDT,0.0284968059129705,0.0285342136536066,
2022-11-30 08:00:00,0.02852,0.02873,0.02845,0.0285699999999999,7559707,216088.71468,1668,2989838,85463.49066,-0.000349895031494,ARPA-USDT,0.0285410266961133,0.0286213152829031,0.0001
2022-11-30 09:00:00,0.02858,0.0286699999999999,0.02836,0.0286,6754929,192789.51813,2165,3092854,88269.30723,-0.0006988120195666,ARPA-USDT,0.0285647426775479,0.0285627125932414,
2022-11-30 10:00:00,0.0285899999999999,0.02877,0.0285,0.02858,6787983,194406.3987,1471,3771485,108017.97382,-0.0003497726477789,ARPA-USDT,0.0285929904198398,0.028553507091517,
2022-11-30 11:00:00,0.0285899999999999,0.0287399999999999,0.0285699999999999,0.02864,5212213,149352.29488,1333,3405316,97597.44071,-0.000349040139616,ARPA-USDT,0.0286107570595368,0.0286217669874874,
2022-11-30 12:00:00,0.02865,0.02873,0.0283399999999999,0.02838,8892251,253939.84862,1847,3396513,97056.29018,0.0,ARPA-USDT,0.0286785333146128,0.0286921807091176,
2022-11-30 13:00:00,0.02837,0.02861,0.02827,0.02835,10604801,301572.25068,2125,5048184,143661.95674,-0.0003526093088856,ARPA-USDT,0.0283598513894097,0.0283919392505723,
2022-11-30 14:00:00,0.02835,0.02863,0.02835,0.02852,7656725,218270.3529,1441,4109628,117183.55103,-0.0014005602240896,ARPA-USDT,0.0283549554889237,0.0283832229555836,
2022-11-30 15:00:00,0.02852,0.02861,0.0284399999999999,0.02861,5960823,170007.84436,1324,2632997,75127.90583999999,-0.0003494060097833,ARPA-USDT,0.0285010480719256,0.0284840231354641,
2022-11-30 16:00:00,0.02861,0.02877,0.02847,0.0285899999999999,11734255,335886.0038,2266,5684458,162777.56645,-0.0003496503496538,ARPA-USDT,0.0285991469515957,0.0285387298175402,0.0001
2022-11-30 17:00:00,0.0285899999999999,0.0285899999999999,0.028,0.02825,12568498,355677.72888,2514,5774786,163355.90946,-0.001060820367751,ARPA-USDT,0.0285830295609585,0.0285294263204265,
2022-11-30 18:00:00,0.02823,0.0287399999999999,0.0280899999999999,0.02865,14927136,424217.80348,2692,7987752,226982.29728,-0.0010460251046026,ARPA-USDT,0.0282166028361784,0.0282312441411187,
2022-11-30 19:00:00,0.02862,0.02885,0.02862,0.02868,9487175,272566.37683,2141,4756548,136682.79348,-0.0003485535029627,ARPA-USDT,0.0286706834288112,0.0287356788575516,
2022-11-30 20:00:00,0.02868,0.0287899999999999,0.0286699999999999,0.02877,5022300,144283.1729,1271,2250197,64662.04461,-0.0003474635163307,ARPA-USDT,0.0287101745420088,0.0286991878930944,
2022-11-30 21:00:00,0.02877,0.02898,0.02873,0.02893,7842195,226426.96647,1509,4375699,126387.85538,-0.0003455425017276,ARPA-USDT,0.0287810149456072,0.0287787919263146,
2022-11-30 22:00:00,0.0289199999999999,0.02899,0.02882,0.02896,4172726,120541.69632,1053,2140166,61829.24035,0.0,ARPA-USDT,0.0289196641958799,0.0289151792994917,
2022-11-30 23:00:00,0.02895,0.02898,0.02875,0.02878,7450949,215028.36622,1767,3194443,92209.92278,-0.0010413051023949,ARPA-USDT,0.0289741028891107,0.028898097972429,
2022-12-01 00:00:00,0.02878,0.02887,0.02852,0.0286699999999999,10088210,289480.8167,2354,4961931,142426.20668,0.0003489183531018,ARPA-USDT,0.0287924303232095,0.0288298056369381,0.0001
2022-12-01 01:00:00,0.02866,0.02868,0.02843,0.02853,4642496,132532.67844,1344,2131155,60859.18858,-0.0007005253940455,ARPA-USDT,0.0286513055794363,0.0286155429788765,
2022-12-01 02:00:00,0.02853,0.02861,0.02851,0.02861,2609917,74512.64198,824,1446489,41300.16689,0.0003496503496502,ARPA-USDT,0.02853,0.0285492433476668,
2022-12-01 03:00:00,0.02861,0.02863,0.02852,0.02852,2387380,68247.80214,574,1259415,36016.4897,-0.0010507880910682,ARPA-USDT,0.0285992111817026,0.0285920953331465,
2022-12-01 04:00:00,0.02853,0.02865,0.02846,0.02848,4069215,116113.88626,788,1541410,44008.23545,-0.0010522623640828,ARPA-USDT,0.0285283134109013,0.0285421798817533,
2022-12-01 05:00:00,0.02848,0.02852,0.02826,0.02839,5451056,154827.51559,1147,2574221,73122.18099,-0.0007039774727209,ARPA-USDT,0.0284726429061,0.0284986143164353,
2022-12-01 06:00:00,0.02839,0.0286,0.02838,0.02855,2374906,67670.23223000001,648,893152,25459.59415,-0.0007000350017501,ARPA-USDT,0.0283880024520797,0.0284073911408718,
2022-12-01 07:00:00,0.02855,0.02871,0.02846,0.02866,3729881,106607.11358,877,1798840,51432.52651,-0.0003487966515521,ARPA-USDT,0.0285089644989661,0.0285218429395459,
2022-12-01 08:00:00,0.02866,0.0286899999999999,0.02853,0.0285899999999999,4146919,118612.9177,1046,1600478,45764.50121,-0.0010482180293536,ARPA-USDT,0.0286517742667368,0.0286537969842162,0.0001
2022-12-01 09:00:00,0.02861,0.02863,0.02829,0.02839,14381015,408420.96613,1711,7345108,208363.4786,-0.0017580872011252,ARPA-USDT,0.0286136733041929,0.0286059892219469,
2022-12-01 10:00:00,0.02839,0.0285699999999999,0.02839,0.02851,4422720,125960.65709,1084,1768020,50359.887,-0.001051156271899,ARPA-USDT,0.0284209425477267,0.0284503475062569,
2022-12-01 11:00:00,0.0284899999999999,0.0286899999999999,0.02843,0.02866,6215755,177462.31743,1605,2907318,83036.96025999999,-0.0010456605088881,ARPA-USDT,0.0285152777346131,0.0284902986773283,
2022-12-01 12:00:00,0.02868,0.02888,0.0286699999999999,0.02886,5642511,162236.91916,2070,2518682,72454.7013,-0.0006925207756232,ARPA-USDT,0.0286897646137821,0.0287015871001238,
2022-12-01 13:00:00,0.02886,0.02895,0.0284399999999999,0.0286,11431033,328180.13407000003,2085,5296531,152083.54484,-0.000349528137015,ARPA-USDT,0.028852964691127,0.0288777672233224,
2022-12-01 14:00:00,0.02861,0.02873,0.0285,0.02866,7017347,200640.8475,1617,3394858,97104.076,-0.0010456605088881,ARPA-USDT,0.0286019350308833,0.0285710482982748,
2022-12-01 15:00:00,0.0286699999999999,0.02873,0.0280899999999999,0.02829,13933709,394381.25034,2670,4606670,130282.52561,-0.0007064641469445,ARPA-USDT,0.0286972638669868,0.0286440869886651,
2022-12-01 16:00:00,0.0283,0.02835,0.02815,0.02828,6092107,172150.71595,1361,3090327,87298.72008,-0.0003534817956875,ARPA-USDT,0.0283000081183203,0.0283163015053575,0.0001
2022-12-01 17:00:00,0.02827,0.02828,0.02801,0.0282399999999999,6695729,188376.71863,1262,2909836,81935.31508,-0.0007077140835137,ARPA-USDT,0.0282580478533713,0.0282018314864433,
2022-12-01 18:00:00,0.02823,0.02823,0.0280899999999999,0.02813,5480885,154367.66731,929,2389687,67300.54964,-0.0003553660270078,ARPA-USDT,0.0282264772465221,0.0281907987407224,
2022-12-01 19:00:00,0.02813,0.02813,0.02804,0.02805,4640750,130293.6863,853,2864307,80420.582,-0.0007125044531529,ARPA-USDT,0.0281065090387374,0.0280899950223387,
2022-12-01 20:00:00,0.02806,0.0280699999999999,0.02797,0.02797,3879067,108764.68376,829,2530470,70966.54255,-0.0021405636817695,ARPA-USDT,0.0280419224986585,0.028042320532471,
2022-12-01 21:00:00,0.02798,0.02806,0.02792,0.02801,4430147,123951.10041,910,2673334,74810.3014,0.0,ARPA-USDT,0.0279696873602999,0.0279702477879135,
2022-12-01 22:00:00,0.02801,0.02813,0.0279399999999999,0.02803,5266883,147762.90005,995,3043809,85394.90909,0.0010714285714286,ARPA-USDT,0.0280051462586276,0.0280127563082239,
2022-12-01 23:00:00,0.02802,0.02806,0.02773,0.02795,8342117,232555.10939,1508,4636254,129310.58968,0.0007160759040458,ARPA-USDT,0.0280397058157954,0.0280346813521827,
2022-12-02 00:00:00,0.02795,0.02823,0.02792,0.0281899999999999,9369121,262736.84865,1754,4228608,118670.87115,-0.0007089684509075,ARPA-USDT,0.0279586922703017,0.0279473032341236,-2.391e-05
2022-12-02 01:00:00,0.0281899999999999,0.02828,0.02783,0.02806,8309382,233234.62983,1892,4051535,113774.76564,-0.001067995728017,ARPA-USDT,0.0281832696297256,0.0282089514119267,
2022-12-02 02:00:00,0.02806,0.0280899999999999,0.02775,0.028,7243695,202323.74224,1450,3951264,110413.38486,-0.0010702818408847,ARPA-USDT,0.0280446599246519,0.0280677063100727,
2022-12-02 03:00:00,0.02801,0.0280699999999999,0.02791,0.02798,2950842,82579.28416,806,1344628,37626.88062,0.0003575259206294,ARPA-USDT,0.0279899541198282,0.0279892845569345,
2022-12-02 04:00:00,0.02798,0.0279899999999999,0.02767,0.02796,7531466,209730.53877,1683,3975076,110727.02167,0.0003577817531306,ARPA-USDT,0.0279676900493551,0.0278690369997334,
2022-12-02 05:00:00,0.02795,0.0280699999999999,0.0278899999999999,0.02801,3730977,104380.60496,977,2129717,59572.14996,-0.0007135212272564,ARPA-USDT,0.0279501893939393,0.0279221518750378,
2022-12-02 06:00:00,0.02801,0.02827,0.02798,0.0280899999999999,13472447,379065.76333,2329,8639203,242997.23678,-0.0017768301350425,ARPA-USDT,0.0280154474535661,0.0280049837186333,
2022-12-02 07:00:00,0.0280899999999999,0.02828,0.02805,0.0281899999999999,6497704,183260.65407,1634,3603957,101640.02144,-0.0010630758327462,ARPA-USDT,0.0280774769671003,0.0280970622761142,
2022-12-02 08:00:00,0.0282,0.02833,0.0281899999999999,0.02827,6652016,187972.93985,1775,3693952,104401.33488,0.0003538570417551,ARPA-USDT,0.0282041567841756,0.0282236598242725,0.0001
2022-12-02 09:00:00,0.02827,0.02845,0.0282,0.02829,5835802,165381.40337,1263,3136175,88849.92864,-0.0014119308153901,ARPA-USDT,0.0282818108484994,0.028243920295638,
2022-12-02 10:00:00,0.0283,0.0284199999999999,0.02828,0.02841,3935419,111541.05644,933,2069330,58656.53503,0.0,ARPA-USDT,0.0283219258427211,0.0283618212826475,
2022-12-02 11:00:00,0.02841,0.02848,0.02829,0.0284,4692406,133176.85697,1108,2696477,76518.90707,-0.0003519887363604,ARPA-USDT,0.0284114839932183,0.0283931311456434,
2022-12-02 12:00:00,0.02839,0.02839,0.02825,0.02837,5408786,153234.09165,1006,2974726,84293.95035,-0.0003523608174771,ARPA-USDT,0.0283667658463888,0.0283151073723823,
2022-12-02 13:00:00,0.02836,0.02838,0.02787,0.02813,12063229,339331.37707,2253,5315941,149551.66648,-0.0003553660270078,ARPA-USDT,0.0283555936400027,0.0283597795429312,
2022-12-02 14:00:00,0.02814,0.02821,0.02801,0.0281899999999999,3673194,103357.23704,1182,1663903,46812.54931,-0.0007089684509075,ARPA-USDT,0.0281360514341128,0.0280959898058759,
2022-12-02 15:00:00,0.0281899999999999,0.02835,0.02815,0.02829,5349933,151123.14309,1397,1814696,51255.30986,0.0,ARPA-USDT,0.0281821348878364,0.0281749761741549,
2022-12-02 16:00:00,0.02829,0.02838,0.02822,0.0283399999999999,5564550,157474.73745000002,1345,2397153,67848.01938,-0.000705218617775,ARPA-USDT,0.0282885867076969,0.0282853779073206,-0.00010855
2022-12-02 17:00:00,0.02835,0.02853,0.02831,0.02835,5063804,143889.76211,1291,2287037,64979.16775,0.0,ARPA-USDT,0.0283640628451743,0.0283632961546522,
2022-12-02 18:00:00,0.02836,0.02856,0.02835,0.0284899999999999,5347520,152182.74455,1179,2766786,78710.40145,0.0003511235955022,ARPA-USDT,0.0283750114641865,0.0283829977830464,
2022-12-02 19:00:00,0.0284899999999999,0.0284899999999999,0.02825,0.02843,14505018,411051.46718,2870,5998576,170028.21424,0.0,ARPA-USDT,0.0284606361182613,0.0283722041724604,
2022-12-02 20:00:00,0.02843,0.02854,0.02843,0.02848,5976150,170264.29097,1337,3106708,88524.71859,-0.0010522623640828,ARPA-USDT,0.0284400573191573,0.0284613785776082,
2022-12-02 21:00:00,0.0284899999999999,0.0286699999999999,0.02843,0.02851,12156415,347006.65077,2540,7538610,215280.5358,-0.0003506311360448,ARPA-USDT,0.0284918390266729,0.0284682293040539,
2022-12-02 22:00:00,0.02852,0.02855,0.02848,0.02851,2382771,67932.06345,782,1089097,31054.07662,-0.0003506311360448,ARPA-USDT,0.0285257315172794,0.0285136431561245,
2022-12-02 23:00:00,0.02852,0.02897,0.02851,0.02885,105626166,3033046.26484,11481,58018013,1667338.30583,0.0006937218175511,ARPA-USDT,0.0285351683933595,0.0285444951401158,
2022-12-03 00:00:00,0.02885,0.02914,0.0286699999999999,0.0287399999999999,31636704,912994.02669,4217,15680995,452592.60314,0.0003480682213679,ARPA-USDT,0.0287854967700708,0.0287693218831186,-0.00012781
2022-12-03 01:00:00,0.0287399999999999,0.0287399999999999,0.0285699999999999,0.02868,5002732,143438.99716,1508,2153489,61759.77435,0.0,ARPA-USDT,0.028730304119531,0.0287169916270402,
2022-12-03 02:00:00,0.02868,0.0294,0.02855,0.02877,155227496,4495557.85458,17096,73998783,2144080.74522,0.0,ARPA-USDT,0.0286988942238526,0.0286975856566975,
2022-12-03 03:00:00,0.02877,0.02878,0.02845,0.02847,11971945,342300.37197000004,3151,5325582,152306.3835,-0.0007020007020007,ARPA-USDT,0.0286870221842138,0.0286584315890734,
2022-12-03 04:00:00,0.02847,0.02939,0.02827,0.0287399999999999,60254225,1732634.46142,7092,29846745,858532.51484,-3.552713678800501e-15,ARPA-USDT,0.028799929412322,0.0286840122432409,
2022-12-03 05:00:00,0.0287399999999999,0.0287399999999999,0.0285699999999999,0.0285899999999999,7581923,216979.13506,1945,3822483,109386.41992,-0.0006990562740335,ARPA-USDT,0.028645875169094,0.0286455682415768,
2022-12-03 06:00:00,0.02861,0.02864,0.02826,0.02831,12846218,364753.16971,2628,5503701,156201.4006,-0.0003531073446328,ARPA-USDT,0.0286241200944998,0.0286306887753476,
2022-12-03 07:00:00,0.02831,0.02835,0.0282,0.0283199999999999,6512314,184198.08626,1589,3059394,86542.00332,0.0007067137809153,ARPA-USDT,0.0283043461106708,0.0283089408901631,
2022-12-03 08:00:00,0.02831,0.02856,0.02816,0.02827,107721030,3058364.76914,8918,52870538,1502584.0752100002,0.0,ARPA-USDT,0.028292481273685,0.0282507534896819,-0.0003175
2022-12-03 09:00:00,0.02827,0.02852,0.0282399999999999,0.02851,10674220,302927.82539,1826,5389766,152946.7481,-0.000701016473887,ARPA-USDT,0.0282676652712941,0.0282960890003793,
2022-12-03 10:00:00,0.0285,0.0288399999999999,0.02846,0.02873,17642691,505909.42727,3018,8455824,242400.25021,-0.0010431154381085,ARPA-USDT,0.0284861838447621,0.0285112155399766,
2022-12-03 11:00:00,0.02873,0.0287899999999999,0.02862,0.0287,11024131,316289.92073,1763,5575181,159929.10429,0.0003485535029625,ARPA-USDT,0.0287329903626879,0.028753248971246,
2022-12-03 12:00:00,0.02871,0.02882,0.0286699999999999,0.02872,9254249,265958.22421,1543,5126500,147299.19895,-0.0003480682213713,ARPA-USDT,0.0287061603059459,0.0287169342061612,
2022-12-03 13:00:00,0.02872,0.0287899999999999,0.02864,0.0286899999999999,6821586,195861.99566,1192,2718687,78050.76337,-0.0003484320557526,ARPA-USDT,0.0287359797973815,0.0287415917427132,
2022-12-03 14:00:00,0.0286899999999999,0.0287899999999999,0.02865,0.0287399999999999,9154121,262853.52838,1555,4901682,140758.62016,-3.552713678800501e-15,ARPA-USDT,0.0286896132182252,0.0286866558342532,
2022-12-03 15:00:00,0.02875,0.02877,0.02865,0.02871,5189034,149082.65643,933,1826664,52501.52945,0.0,ARPA-USDT,0.0287476577969582,0.0287452363985543,
2022-12-03 16:00:00,0.02872,0.0287399999999999,0.02856,0.0286,4555399,130583.87704,1031,1535820,44026.827430000005,0.0,ARPA-USDT,0.0287275716549135,0.0287252060820246,1.29e-06
2022-12-03 17:00:00,0.0285899999999999,0.02862,0.0285,0.0285699999999999,3816532,109005.48696,935,1360610,38880.45262,-0.0013981125480635,ARPA-USDT,0.0285906252739125,0.0285780712527572,
2022-12-03 18:00:00,0.0285699999999999,0.0286,0.0284199999999999,0.0285,3928705,111989.38716,911,1126195,32111.27919,0.0,ARPA-USDT,0.0285787316065492,0.0285794028274942,
2022-12-03 19:00:00,0.0285,0.02853,0.02838,0.02848,2004368,57054.62671,615,1252342,35656.98342,-0.0010522623640828,ARPA-USDT,0.028507862405862,0.028513884426196,
2022-12-03 20:00:00,0.02847,0.02855,0.02838,0.02841,5165449,147124.71383,1398,2071407,59008.26938,-0.0003518648838846,ARPA-USDT,0.0284535578506704,0.0284720465876899,
2022-12-03 21:00:00,0.0284199999999999,0.02846,0.0283199999999999,0.02841,5284615,149995.06004,1275,2438818,69238.66934000001,-0.0007034822370735,ARPA-USDT,0.0284327089499033,0.0284278006025908,
2022-12-03 22:00:00,0.0284,0.02841,0.02801,0.02811,10166417,286392.4381,2325,4135632,116437.91985,-0.0007109847138285,ARPA-USDT,0.0283900921143813,0.0283679587521014,
2022-12-03 23:00:00,0.02812,0.02817,0.02796,0.02804,8025004,225083.86234,2061,3371179,94613.36078,-0.000712758374911,ARPA-USDT,0.0280990577578744,0.0281030763261872,
2022-12-04 00:00:00,0.02803,0.02823,0.02802,0.02822,5085333,143185.4688,1554,2576084,72531.62009,0.0010642071656614,ARPA-USDT,0.0280345223951832,0.0280732208192874,-0.00043115
2022-12-04 01:00:00,0.02822,0.02829,0.02811,0.02825,3002630,84674.35974,932,1106431,31211.1301,0.0,ARPA-USDT,0.0282226188254417,0.0282219261319153,
2022-12-04 02:00:00,0.02825,0.02835,0.0282399999999999,0.02827,2018171,57076.08454,759,1246114,35246.59685,-0.0003536067892503,ARPA-USDT,0.0282503273097175,0.0282622271112313,
2022-12-04 03:00:00,0.02828,0.02833,0.02826,0.0283,2382821,67396.00181,728,1138615,32197.05427,-0.0003532320734722,ARPA-USDT,0.0282906573249448,0.0282992600832548,
2022-12-04 04:00:00,0.0283,0.02841,0.02829,0.02839,2404551,68188.50925,838,923744,26189.89072,0.0003523608174771,ARPA-USDT,0.0283028343021806,0.0283046287954204,
2022-12-04 05:00:00,0.02838,0.0284399999999999,0.02825,0.02831,5866347,166231.1975,1271,3088953,87561.77857000001,0.0,ARPA-USDT,0.0284163527864433,0.0284208874527915,
2022-12-04 06:00:00,0.0283199999999999,0.02836,0.02831,0.02835,2186381,61946.26169,659,1225192,34716.32909,0.0,ARPA-USDT,0.0283215801836713,0.0283385240890936,
2022-12-04 07:00:00,0.0283399999999999,0.0284399999999999,0.02826,0.02826,4669595,132474.19235,1347,2448948,69489.42758,-0.0017661603673613,ARPA-USDT,0.0283356937799043,0.0283582177660429,
2022-12-04 08:00:00,0.02826,0.02839,0.0281899999999999,0.02827,4217492,119327.88529,1223,1974937,55882.27611,-0.001412928293889,ARPA-USDT,0.028284468410411,0.0282843267217948,9.197e-05
2022-12-04 09:00:00,0.02827,0.02836,0.02821,0.02825,5064882,143246.96553000002,1117,2613333,73921.47878,-0.0007074637424832,ARPA-USDT,0.0282731952838601,0.0282738788009948,
2022-12-04 10:00:00,0.02825,0.0283,0.02818,0.02823,2779735,78492.53938,774,1168959,33008.00009,-0.0003541076487252,ARPA-USDT,0.0282319597874268,0.0282388313091006,
2022-12-04 11:00:00,0.0282399999999999,0.0283199999999999,0.02816,0.02829,4903077,138477.59024,1297,2503345,70708.76463,0.0,ARPA-USDT,0.0282429283139767,0.0282624683075623,
2022-12-04 12:00:00,0.0283,0.02846,0.02828,0.0284199999999999,5098127,144638.59436,1201,2466564,70017.92334000001,-0.0007032348804535,ARPA-USDT,0.0282907221925337,0.0283136574812364,
2022-12-04 13:00:00,0.02843,0.02856,0.02826,0.02853,57179486,1622772.19987,4944,29647578,842175.63455,-0.0007005253940455,ARPA-USDT,0.0284435246156718,0.0284515657362493,
2022-12-04 14:00:00,0.02852,0.02865,0.02835,0.02854,16110775,458732.59249,2819,8742791,248985.1436,-0.0003502626970227,ARPA-USDT,0.0284592954239197,0.0285217913612813,
2022-12-04 15:00:00,0.02855,0.02858,0.02838,0.0284399999999999,4741526,134977.92356999998,1201,1621665,46165.92371,-0.0010537407797717,ARPA-USDT,0.0285613854808884,0.028556305008567,
2022-12-04 16:00:00,0.0284399999999999,0.0286,0.0284399999999999,0.02848,4097658,116790.19133,1151,1636813,46649.38708,0.0,ARPA-USDT,0.0284935890578833,0.0284824609447242,4.806e-05
2022-12-04 17:00:00,0.0284899999999999,0.02851,0.0284399999999999,0.0284899999999999,2366054,67341.207,718,1076782,30653.34918,0.0003511235955022,ARPA-USDT,0.0284800151292377,0.02845456782216,
2022-12-04 18:00:00,0.0285,0.02864,0.0285,0.02855,4721683,134863.79197,1265,2311397,66014.22528,0.0,ARPA-USDT,0.0285246791667256,0.0285436004844082,
2022-12-04 19:00:00,0.0285699999999999,0.02863,0.02854,0.02858,2948197,84253.97708,916,1140179,32590.63958,0.0,ARPA-USDT,0.0285798542942188,0.0285818012304246,
2022-12-04 20:00:00,0.02858,0.02882,0.02858,0.02868,5709639,163956.05976,1439,2912801,83637.863,0.000348796651552,ARPA-USDT,0.0286076923611497,0.0286391404728164,
2022-12-04 21:00:00,0.0286899999999999,0.02881,0.02868,0.02878,4374925,125738.09515,1274,2493518,71674.9795,-0.0006944444444444,ARPA-USDT,0.0287035243695739,0.0287069903667123,
2022-12-04 22:00:00,0.02877,0.02883,0.02863,0.02872,6220099,178600.05267,1467,2703795,77651.56004,0.0003483106931383,ARPA-USDT,0.028772391888372,0.0287740800618043,
2022-12-04 23:00:00,0.02872,0.02889,0.02862,0.0286899999999999,6764792,194482.44305,2248,3273939,94125.93594,-0.0010445682451287,ARPA-USDT,0.0287070746368066,0.0287061399752986,
2022-12-05 00:00:00,0.0287,0.0287899999999999,0.02853,0.02868,8971625,257465.70075,1790,4564115,131023.97788,-0.0006968641114982,ARPA-USDT,0.0287225803250854,0.028705545260649,8.978e-05
2022-12-05 01:00:00,0.02868,0.02877,0.02865,0.02877,1613193,46342.19201,823,789399,22675.56389,0.0,ARPA-USDT,0.0286861406115211,0.0287034341553978,
2022-12-05 02:00:00,0.02877,0.02887,0.02875,0.02877,2919391,84121.4903,1164,1317191,37959.00616,-0.0010416666666666,ARPA-USDT,0.0287726200497005,0.0287734957704459,
2022-12-05 03:00:00,0.02878,0.02898,0.02877,0.02877,4594902,132671.79813,1155,2644536,76379.42278,-0.0013884068031932,ARPA-USDT,0.0287974150902504,0.0287957297149812,
2022-12-05 04:00:00,0.02876,0.02896,0.02875,0.02893,4095899,118243.34947,999,2112132,60985.6813,0.0003457814661134,ARPA-USDT,0.0287886162909586,0.0288287418892593,
2022-12-05 05:00:00,0.0289199999999999,0.02896,0.02881,0.02888,2572168,74340.74527,874,1339903,38727.7716,-0.0003461405330563,ARPA-USDT,0.0289252571047942,0.028929483121944,
2022-12-05 06:00:00,0.0289,0.02895,0.02885,0.02888,2548265,73645.66955,760,1064724,30777.76952,0.0,ARPA-USDT,0.0289045991413668,0.0289012079014825,
2022-12-05 07:00:00,0.02888,0.02899,0.0288,0.0289399999999999,3126325,90369.08234,1008,1397673,40402.98966,-3.4416913763379853e-15,ARPA-USDT,0.0288876095113438,0.0288812797927029,
2022-12-05 08:00:00,0.0289399999999999,0.0290899999999999,0.02889,0.0289199999999999,6264294,181520.68057,1354,2653126,76878.31275,-0.0003456619426235,ARPA-USDT,0.0289364151783177,0.0289326229977278,9.302e-05
2022-12-05 09:00:00,0.0289199999999999,0.02895,0.0288,0.02882,3276188,94587.97436,933,1433366,41379.982,0.0,ARPA-USDT,0.0289302175581586,0.0289068956174935,
2022-12-05 10:00:00,0.02882,0.02888,0.02876,0.02886,2817105,81187.18856,676,1384549,39913.24871,0.0,ARPA-USDT,0.0288238920357272,0.0288190050675575,
2022-12-05 11:00:00,0.02885,0.02891,0.0288399999999999,0.0288399999999999,1426210,41180.11682,434,578198,16698.32848,-0.0006930006930041,ARPA-USDT,0.0288562792542641,0.0288580229181107,
2022-12-05 12:00:00,0.02885,0.02885,0.02868,0.02872,4458059,128128.62724,836,1654525,47558.45112,0.0003483106931383,ARPA-USDT,0.0288467617473269,0.0288404675152001,
2022-12-05 13:00:00,0.02872,0.02873,0.0285699999999999,0.0285699999999999,3744051,107325.62485,788,1465140,42003.46236,-0.000349895031494,ARPA-USDT,0.0287015226820103,0.0287095089144178,
2022-12-05 14:00:00,0.0285699999999999,0.02862,0.0284199999999999,0.02856,3465314,98921.12504,816,1604921,45829.18864,0.0007007708479327,ARPA-USDT,0.028559431082107,0.0285688442523575,
2022-12-05 15:00:00,0.02854,0.02854,0.02823,0.0284199999999999,7337411,208010.83711,1919,3041025,86215.39926,0.0010567101091898,ARPA-USDT,0.0284926984921391,0.0284123538752239,
2022-12-05 16:00:00,0.0284199999999999,0.02848,0.02828,0.0283399999999999,5380988,152829.55069,1287,2417339,68643.56,-0.000705218617775,ARPA-USDT,0.0284093077646306,0.028418542984025,-0.00018757
2022-12-05 17:00:00,0.02835,0.02852,0.02829,0.0284,6052799,172039.09279999998,1448,2901573,82477.62868,-0.0007037297677691,ARPA-USDT,0.028312091369656,0.0283504110952406,
2022-12-05 18:00:00,0.0284,0.02851,0.02839,0.02839,3208837,91273.24662,921,1585602,45099.23866,-0.0007039774727209,ARPA-USDT,0.0284218087339426,0.0284400912825347,
2022-12-05 19:00:00,0.02839,0.02843,0.0279,0.02813,10383343,292178.8092,2222,4846177,136266.1228,-0.0003553660270078,ARPA-USDT,0.0284069799161679,0.0284130826086784,
2022-12-05 20:00:00,0.02814,0.02823,0.02808,0.02822,3078375,86655.53376,884,1202216,33843.56459,-0.0007082152974504,ARPA-USDT,0.0281172300899298,0.0281118913119654,
2022-12-05 21:00:00,0.02822,0.02828,0.02818,0.02827,1337813,37783.06121,502,627322,17718.98558,0.0003538570417551,ARPA-USDT,0.0281999302558776,0.0282024776794005,
2022-12-05 22:00:00,0.02827,0.0283,0.02823,0.02825,1884042,53263.04299,445,881963,24938.32891,-0.0007074637424832,ARPA-USDT,0.0282756673483756,0.0282740289706495,
2022-12-05 23:00:00,0.02826,0.02837,0.02814,0.0283,5833404,164955.25845,1067,2932843,82979.57684000001,-0.0010589481115426,ARPA-USDT,0.0282796958850712,0.028283215487714,
2022-12-06 00:00:00,0.0283,0.02839,0.02827,0.02835,3243781,91898.9625,908,1512623,42859.50321,-0.0003526093088856,ARPA-USDT,0.028340738219786,0.0283262122486807,2.487e-05
2022-12-06 01:00:00,0.0283399999999999,0.02839,0.02829,0.02836,1825603,51749.78148,642,1017661,28845.65455,-0.0003524850193866,ARPA-USDT,0.0283322140020114,0.0283251747703547,
2022-12-06 02:00:00,0.02835,0.02866,0.02828,0.02847,29275496,832424.59195,3631,16572249,471330.72398,0.0,ARPA-USDT,0.02835,0.0283745865322863,
2022-12-06 03:00:00,0.02846,0.0285699999999999,0.0284199999999999,0.02851,3700966,105490.2162,990,1932330,55070.77199,-0.0003506311360448,ARPA-USDT,0.0284416285334089,0.028465881880683,
2022-12-06 04:00:00,0.02851,0.02855,0.02829,0.02854,3766577,107145.26728,982,1972517,56115.6149,0.0003505082369434,ARPA-USDT,0.0285238569547329,0.0284960280824149,
2022-12-06 05:00:00,0.02855,0.02855,0.02838,0.02841,2463073,70077.46754,676,816133,23219.22964,0.0,ARPA-USDT,0.0285351378744287,0.0285299484099455,
2022-12-06 06:00:00,0.0284199999999999,0.0285699999999999,0.02836,0.02854,5121173,145902.25447,934,2377115,67749.01267,0.0,ARPA-USDT,0.0283995267418968,0.0284126467862665,
2022-12-06 07:00:00,0.02855,0.0287,0.02854,0.0286,3614233,103393.39654,1219,1593467,45591.8751,-0.0010478519035975,ARPA-USDT,0.028566128737433,0.0285609203517464,
2022-12-06 08:00:00,0.02861,0.0287,0.02858,0.0286899999999999,4413199,126367.96349,1235,1960958,56160.30964,-0.0003484320557526,ARPA-USDT,0.0286344535255259,0.0286509027419824,0.0001
2022-12-06 09:00:00,0.0286899999999999,0.02873,0.02856,0.02856,4741107,135793.22275000002,1114,1999508,57269.12263,-0.0006997900629811,ARPA-USDT,0.0287100171762076,0.0287067477212608,
2022-12-06 10:00:00,0.02856,0.02877,0.02853,0.02873,9669430,277068.77696,1678,6323900,181209.35453,-0.0003479471120391,ARPA-USDT,0.028574798128292,0.0285664331905757,
2022-12-06 11:00:00,0.02873,0.0298,0.02866,0.02922,112288019,3281808.70958,14150,59205085,1731280.6621,0.0,ARPA-USDT,0.0287211098422244,0.0287219256480638,
2022-12-06 12:00:00,0.02921,0.02921,0.0287,0.0288,28025434,810984.73676,3992,14042992,406468.02274,0.0,ARPA-USDT,0.0290606102315103,0.0290181445668161,
2022-12-06 13:00:00,0.0287899999999999,0.0290199999999999,0.0287,0.0289399999999999,11486632,331312.52098,2251,5512769,159014.02591,-0.0017247326664401,ARPA-USDT,0.0287734237928262,0.0287544384273238,
2022-12-06 14:00:00,0.02893,0.0292899999999999,0.02877,0.0287899999999999,20937781,607858.77376,3974,9201597,267222.55669,-3.4416913763379853e-15,ARPA-USDT,0.0290223391105065,0.0289953928725796,
2022-12-06 15:00:00,0.0287899999999999,0.0288,0.02847,0.0286699999999999,17622914,504634.19838,2893,6868731,196689.99535,-0.000348675034871,ARPA-USDT,0.0287579137072798,0.0286409775764982,
2022-12-06 16:00:00,0.02866,0.0287899999999999,0.02864,0.0286699999999999,5960794,171123.34802,1266,2449630,70325.79123,-0.0006971070059288,ARPA-USDT,0.0286852591311784,0.0286948771406742,-0.0002625
2022-12-06 17:00:00,0.02868,0.02871,0.02854,0.02863,4881547,139633.53367,1285,2521678,72134.33154,0.0006990562740301,ARPA-USDT,0.028692133054103,0.0286731067344859,
2022-12-06 18:00:00,0.02864,0.0286899999999999,0.02837,0.02851,10600131,302238.1883,1857,4105597,117035.16237,0.0,ARPA-USDT,0.0286706369987899,0.0286476893658589,
2022-12-06 19:00:00,0.02851,0.0285899999999999,0.02838,0.02853,4519184,128781.58997,1073,1652580,47106.11584,-0.0007005253940455,ARPA-USDT,0.0285475880855332,0.0285239431632305,
2022-12-06 20:00:00,0.02853,0.0285699999999999,0.02847,0.0285,4685849,133723.55006,926,1184218,33800.47452,-0.0010515247108306,ARPA-USDT,0.0285392685128212,0.0285403822555858,
2022-12-06 21:00:00,0.02851,0.02858,0.02847,0.02852,5261741,150124.74164000002,762,2089689,59586.811830000006,-0.0010507880910682,ARPA-USDT,0.0285188369138928,0.0285210706850204,
2022-12-06 22:00:00,0.0285,0.0285699999999999,0.02848,0.02852,1324463,37789.40092,658,650731,18569.44116,-0.0007007708479327,ARPA-USDT,0.0285342648605532,0.0285309562039496,
2022-12-06 23:00:00,0.02853,0.02875,0.0284899999999999,0.02866,4858299,139136.88976,1450,2748403,78728.74531,-0.0006973500697349,ARPA-USDT,0.0285175835557928,0.0285211672775034,
2022-12-07 00:00:00,0.02866,0.02877,0.02865,0.02868,3616436,103785.88853,1370,1539667,44192.40153,-0.0003485535029627,ARPA-USDT,0.028681618249715,0.028690154575154,-0.00015971
2022-12-07 01:00:00,0.02868,0.02872,0.0285699999999999,0.02863,2150233,61554.52746,764,674698,19321.36655,0.0,ARPA-USDT,0.0287007706657538,0.0286679873905563,
2022-12-07 02:00:00,0.02863,0.02865,0.02856,0.0286,1451973,41540.55116,620,438119,12534.3638,-0.000349528137015,ARPA-USDT,0.028633189276635,0.0286348590882325,
2022-12-07 03:00:00,0.0285899999999999,0.0286,0.02848,0.0284899999999999,1412807,40307.48848,712,535903,15288.02228,-0.0003508771929859,ARPA-USDT,0.0285910890609874,0.0285605480290791,
2022-12-07 04:00:00,0.02848,0.02861,0.02846,0.02861,2906500,82920.42218,815,2041804,58257.8176,0.0003496503496502,ARPA-USDT,0.0285021141616024,0.028505925978671,
2022-12-07 05:00:00,0.0286,0.02861,0.02846,0.02847,3640581,103883.97291,870,1126530,32152.958,-0.0007020007020007,ARPA-USDT,0.0285986314951785,0.0285859529558312,
2022-12-07 06:00:00,0.02846,0.02847,0.028,0.02804,7816689,220788.01822,1691,2505558,70715.24345,0.0,ARPA-USDT,0.0284632116699712,0.0284443203718146,
2022-12-07 07:00:00,0.02803,0.02808,0.02708,0.02715,21632885,593146.72797,4502,9326168,255859.9622,-0.0011037527593819,ARPA-USDT,0.0280243649555111,0.0280291748147001,
2022-12-07 08:00:00,0.02715,0.02736,0.02702,0.02733,16316134,444197.47083,3083,7862951,214125.79864,-0.0007312614259598,ARPA-USDT,0.0271400886153029,0.027106634552898,-1.552e-05
2022-12-07 09:00:00,0.02733,0.02761,0.02732,0.0275899999999999,6263215,172131.37394,1748,3472590,95406.7263,-0.0007243752263709,ARPA-USDT,0.0273348563300243,0.027359464249326,
2022-12-07 10:00:00,0.02758,0.02763,0.02745,0.0276,4829622,133083.53579,1139,2305428,63551.79479,-0.001085776330076,ARPA-USDT,0.0275740381524091,0.027548242449516,
2022-12-07 11:00:00,0.02761,0.0276399999999999,0.02743,0.02753,4454419,122739.03146,1379,2276382,62730.81723,0.0,ARPA-USDT,0.027610920156917,0.0276069606505486,
2022-12-07 12:00:00,0.02753,0.02762,0.0275,0.0275899999999999,6249355,172254.05119,1498,2828742,77995.66889,-0.0003623188405833,ARPA-USDT,0.0275450236793084,0.0275704236246085,
2022-12-07 13:00:00,0.0276,0.02773,0.02756,0.02768,5758923,159168.0987,1224,1975442,54608.24159,-0.0014430014430014,ARPA-USDT,0.0275906829558788,0.027605953290853,
2022-12-07 14:00:00,0.02769,0.0278,0.02763,0.02768,6708727,185877.93369,1239,3003597,83232.11977,-0.0014430014430014,ARPA-USDT,0.0276829579357698,0.0276960409121704,
2022-12-07 15:00:00,0.02768,0.02779,0.02758,0.0277,4631401,128240.29586,1275,2057850,56968.22508,0.000722543352601,ARPA-USDT,0.0276784012217912,0.0277064009892727,
2022-12-07 16:00:00,0.02769,0.0277,0.02751,0.0276399999999999,5539851,152995.42271,1077,3243186,89593.14788,-0.0010842067220853,ARPA-USDT,0.0276683334296076,0.0276677042758918,-6.812e-05
2022-12-07 17:00:00,0.02763,0.02775,0.0276,0.02762,4489994,124208.41396,1083,1882400,52087.80905,-0.0007235890014473,ARPA-USDT,0.0276131493086342,0.0276604422855054,
2022-12-07 18:00:00,0.02762,0.0277199999999999,0.0275699999999999,0.0275699999999999,3711970,102617.78515,859,2022729,55919.695530000005,-0.0010869565217427,ARPA-USDT,0.0276049765980533,0.0276360119240881,
2022-12-07 19:00:00,0.02758,0.02765,0.0275699999999999,0.02763,1952597,53901.51862,664,919804,25389.72803,-0.0003617945007237,ARPA-USDT,0.0275850517364367,0.0275891734887124,
2022-12-07 20:00:00,0.02761,0.02762,0.02731,0.02756,5711093,156953.84115,1174,2506446,68845.19239,-0.0010873504893076,ARPA-USDT,0.027607591002792,0.0274848261204822,
2022-12-07 21:00:00,0.02755,0.0275899999999999,0.02744,0.02752,4594845,126477.43525,727,2485487,68454.88233,-0.0003632401017071,ARPA-USDT,0.0275592987867047,0.0275545335377047,
2022-12-07 22:00:00,0.02752,0.02754,0.02741,0.0275,3676437,101033.25005,658,1101597,30286.62934,0.0,ARPA-USDT,0.0275334235097615,0.0275386808086246,
2022-12-07 23:00:00,0.02751,0.02754,0.02741,0.02742,3641508,100075.08895,1328,1645663,45242.61503,-0.0007288629737609,ARPA-USDT,0.0275129427571109,0.0274973293303338,
2022-12-08 00:00:00,0.02743,0.02754,0.02741,0.02741,7495002,205919.51555,1844,3527521,96920.29291,-0.0007291286912139,ARPA-USDT,0.0275029267768829,0.0274745450732445,2.841e-05
2022-12-08 01:00:00,0.02741,0.02752,0.0273899999999999,0.0274699999999999,3848591,105581.07048,769,1974673,54166.79964,0.0003641660597197,ARPA-USDT,0.0274190788454787,0.0274296597318748,
2022-12-08 02:00:00,0.0274699999999999,0.02769,0.02742,0.02763,3034903,83640.85254,890,1712984,47205.02941,-0.0003617945007237,ARPA-USDT,0.0274703090841607,0.027456684472824,
2022-12-08 03:00:00,0.02762,0.02767,0.02755,0.02762,2806814,77513.88231,832,1752683,48399.39395,-0.0003619254433586,ARPA-USDT,0.0275819474301348,0.0275964435478612,
2022-12-08 04:00:00,0.02761,0.02768,0.02753,0.02756,3285541,90712.57681,870,1544797,42663.25583,0.0,ARPA-USDT,0.0275982360735234,0.0276344013987751,
2022-12-08 05:00:00,0.0275699999999999,0.02767,0.02751,0.02763,3196790,88230.80029,887,1413780,39010.69928,0.0003620564808108,ARPA-USDT,0.0275734447999101,0.0275772321205404,
2022-12-08 06:00:00,0.02762,0.0276399999999999,0.0275,0.02758,2940348,81098.05341000001,871,1620038,44686.74719,-0.0003624501631025,ARPA-USDT,0.0276106868433572,0.0275819564309742,
2022-12-08 07:00:00,0.0275899999999999,0.02781,0.0275899999999999,0.0277199999999999,4704275,130437.45175,1231,1650664,45766.62039,-0.0003606202668625,ARPA-USDT,0.0276010673472339,0.0276195187220846,
2022-12-08 08:00:00,0.0277199999999999,0.02773,0.0276399999999999,0.02769,3476782,96275.41525,831,1253339,34710.68837,-0.0010822510822511,ARPA-USDT,0.02772,0.0277141991466296,4.761e-05
2022-12-08 09:00:00,0.02768,0.02773,0.02753,0.0275899999999999,4638858,128208.8431,853,2125571,58753.58343,-0.0003623188405833,ARPA-USDT,0.0277023288446886,0.0276961647965966,
2022-12-08 10:00:00,0.02758,0.02773,0.0275699999999999,0.02762,6053628,167360.11292,1158,2778944,76857.46216000001,0.0003621876131836,ARPA-USDT,0.0275885551893812,0.0275930574030601,
2022-12-08 11:00:00,0.02762,0.02763,0.02725,0.02746,10142315,278548.7879,2070,4559833,125317.12627,-0.0010913059294289,ARPA-USDT,0.027595982429205,0.0275951798513046,
2022-12-08 12:00:00,0.0274699999999999,0.02758,0.02742,0.02751,6510561,179105.90304,1185,2977845,81907.82059999999,-0.0003633720930232,ARPA-USDT,0.0274938415045188,0.0275100102988062,
2022-12-08 13:00:00,0.02751,0.02762,0.02742,0.0276,4060407,111747.85824,1132,1710813,47111.00563,-0.0003621876131836,ARPA-USDT,0.0275072755796129,0.0275074781386804,
2022-12-08 14:00:00,0.02762,0.02768,0.0274899999999999,0.02767,4097243,113017.48949,846,1628022,44906.85307,0.0,ARPA-USDT,0.027616911990013,0.0276368954649951,
2022-12-08 15:00:00,0.02767,0.02787,0.0276399999999999,0.02785,8992049,249684.13727,1798,5240275,145529.07577,-0.0007176175098672,ARPA-USDT,0.027679492116556,0.0277001074193145,
2022-12-08 16:00:00,0.02785,0.02785,0.02771,0.02781,5316605,147692.51977,1247,2199352,61097.03506,0.0,ARPA-USDT,0.0278342705715256,0.0278229509651668,-0.00019169
2022-12-08 17:00:00,0.0278199999999999,0.02797,0.02778,0.02796,8763719,244302.32343,1182,5238849,146040.33602,0.0,ARPA-USDT,0.0278170817654437,0.0278046283030985,
2022-12-08 18:00:00,0.02796,0.02833,0.02793,0.02816,27074618,761535.7646700001,4324,14810562,416511.31096,-0.0007097232079488,ARPA-USDT,0.0280046755754276,0.0280329009904811,
2022-12-08 19:00:00,0.02817,0.02838,0.02817,0.02837,7570882,214023.35043,1245,4125372,116606.08073,-0.0003523608174771,ARPA-USDT,0.0282437458868251,0.0282658157401333,
2022-12-08 20:00:00,0.02838,0.02843,0.02833,0.02835,7218109,204872.37314,1399,3645799,103493.91513,-0.0003526093088856,ARPA-USDT,0.0283790669249365,0.0283843783563258,
2022-12-08 21:00:00,0.02835,0.02863,0.02812,0.0282399999999999,47299769,1342497.45532,4740,21989639,624851.8304,-3.552713678800501e-15,ARPA-USDT,0.0283421914935819,0.028339459933769,
2022-12-08 22:00:00,0.02823,0.02837,0.02823,0.02827,6888887,194940.20555,1147,3900473,110379.50208,-0.0003536067892503,ARPA-USDT,0.0282582348109098,0.0282974828279905,
2022-12-08 23:00:00,0.02828,0.0284,0.02825,0.02837,4921412,139425.53968,1143,1886583,53436.61986,0.0,ARPA-USDT,0.0282846364236058,0.0282996938325965,
2022-12-09 00:00:00,0.02837,0.0285,0.02827,0.02845,9942716,282396.32986,1898,4897851,139129.37668,0.0,ARPA-USDT,0.0283665345555838,0.0283668563412135,-0.00054536
2022-12-09 01:00:00,0.02845,0.02863,0.0284,0.02843,5757660,164102.07742000002,1384,2981558,85010.90268,0.0003518648838845,ARPA-USDT,0.028449702564369,0.0284364594626424,
2022-12-09 02:00:00,0.02843,0.0284899999999999,0.02833,0.02846,6434401,182845.79556,1236,3309727,94079.56309,-0.0007022471910111,ARPA-USDT,0.028443277893374,0.0284264283908804,
2022-12-09 03:00:00,0.02847,0.02853,0.02841,0.0284899999999999,5870313,167139.69663,956,2294959,65357.48729,-0.0003508771929859,ARPA-USDT,0.0284617153772236,0.0284614884885635,
2022-12-09 04:00:00,0.0284899999999999,0.02868,0.02847,0.0286699999999999,7059221,201616.45662,1368,4349321,124244.25979,-0.000348675034871,ARPA-USDT,0.0284905058174555,0.0284821831918528,
2022-12-09 05:00:00,0.02865,0.02928,0.02865,0.0291,52666819,1528237.69125,6420,30512015,884775.41012,-0.0010298661174047,ARPA-USDT,0.0286579440558756,0.0286608067382902,
2022-12-09 06:00:00,0.0290899999999999,0.02933,0.0289199999999999,0.02922,41278359,1202388.81093,5666,23409081,682074.65668,-0.0006839945280437,ARPA-USDT,0.0290783532345332,0.0290401271051827,
2022-12-09 07:00:00,0.02922,0.02933,0.02895,0.02903,30062459,875721.84887,4556,14440405,420700.6903,0.0003445899379737,ARPA-USDT,0.029223645208253,0.0292098086898591,
2022-12-09 08:00:00,0.0290199999999999,0.02932,0.02896,0.02932,21223155,617985.5536,3043,10929670,318285.92523,-0.0013623978201635,ARPA-USDT,0.0290027714153633,0.0289863860970817,-0.00027187
2022-12-09 09:00:00,0.02931,0.02937,0.02903,0.02922,27805823,812081.8868,3909,14239780,415890.92974,-0.0003421142661649,ARPA-USDT,0.0293526268738545,0.0293191045597483,
2022-12-09 10:00:00,0.02922,0.02928,0.0290899999999999,0.02925,14934894,435762.0344,2365,5155325,150438.50988,-0.0006832934745473,ARPA-USDT,0.0291989037374375,0.0291928508561389,
2022-12-09 11:00:00,0.02924,0.02938,0.02915,0.02915,15454731,452355.74491,2711,6694266,196027.52123,-0.001028101439342,ARPA-USDT,0.029252441388569,0.0292316110454957,
2022-12-09 12:00:00,0.02916,0.0291699999999999,0.02886,0.0291,22293710,647663.59746,3327,8663337,251865.56655,-0.0006868131868131,ARPA-USDT,0.0291622971561836,0.0291551572068063,
2022-12-09 13:00:00,0.0290899999999999,0.0291,0.02855,0.02883,23708505,683258.5733,3968,8736220,251828.33211,-0.0006932409012131,ARPA-USDT,0.0290834269419895,0.0290733827270217,
2022-12-09 14:00:00,0.02883,0.0289199999999999,0.02866,0.02883,11584071,333743.4459,2656,5323093,153412.51015,-0.0006932409012131,ARPA-USDT,0.0288412629655836,0.0288232566374595,
2022-12-09 15:00:00,0.0288399999999999,0.0290899999999999,0.0287899999999999,0.02903,12076188,350171.67291,2235,5866897,170112.12789,-0.0003443526170798,ARPA-USDT,0.0288573991487941,0.0288746151955304,
2022-12-09 16:00:00,0.02903,0.02918,0.02893,0.0290199999999999,10283701,298762.26105000003,2211,4728846,137398.82021,-0.0003444712366551,ARPA-USDT,0.0290159770432127,0.0289918179480097,-0.00037483
2022-12-09 17:00:00,0.02901,0.02908,0.0289199999999999,0.02897,7009836,203212.52662,1475,3664564,106223.99536,0.0003453038674032,ARPA-USDT,0.0289792322169193,0.028960889481685,
2022-12-09 18:00:00,0.02896,0.02896,0.02878,0.02893,9380897,270913.41698,2017,4723941,136480.62236,-0.0003455425017276,ARPA-USDT,0.0289483096541371,0.0289163553988086,
2022-12-09 19:00:00,0.0289199999999999,0.0289199999999999,0.02875,0.02878,6240026,179833.01784,1433,2351703,67781.22104,0.0,ARPA-USDT,0.0288464087892166,0.0288229317157812,
2022-12-09 20:00:00,0.02878,0.02883,0.02868,0.02878,9529109,274083.83582000004,1947,5054148,145410.74128,0.0,ARPA-USDT,0.0287825403051539,0.0287819963480707,
2022-12-09 21:00:00,0.02876,0.0288,0.02861,0.02864,8786003,252117.57324,1882,3799248,109038.21077,-0.000349040139616,ARPA-USDT,0.0287391802866927,0.0287364398103745,
2022-12-09 22:00:00,0.02864,0.0286899999999999,0.02862,0.0286899999999999,2776933,79565.16639,858,1507931,43210.83715,-3.552713678800501e-15,ARPA-USDT,0.0286534986841178,0.0286570501646089,
2022-12-09 23:00:00,0.0286899999999999,0.0287899999999999,0.02868,0.0287399999999999,4168803,119819.22895,1131,2526735,72621.55653,-0.00034782608696,ARPA-USDT,0.0286933759666134,0.0287025888770766,
2022-12-10 00:00:00,0.02875,0.02885,0.02873,0.02875,12813773,368785.9334,1665,6156975,177200.40804,-0.0003477051460361,ARPA-USDT,0.0287751418544301,0.0287673611260132,3.226e-05
2022-12-10 01:00:00,0.02875,0.02882,0.02872,0.02877,3519900,101259.32339,853,1724674,49615.99363,-0.0006946856547411,ARPA-USDT,0.0287583715272851,0.02875933840945,
2022-12-10 02:00:00,0.02878,0.0288399999999999,0.02877,0.0288,2943607,84788.26194,791,1401273,40364.28646,0.0003473428273705,ARPA-USDT,0.0287828054487197,0.0287966584295095,
2022-12-10 03:00:00,0.02878,0.0289,0.02877,0.02881,5388473,155304.42254,914,2757192,79481.68175,-0.0003469812630118,ARPA-USDT,0.0287930046370506,0.0287879635407582,
2022-12-10 04:00:00,0.0288,0.02898,0.0287899999999999,0.02891,3794632,109602.54959,855,1780266,51443.60734,-0.0006913238852401,ARPA-USDT,0.0288077537636011,0.0288125852235821,
2022-12-10 05:00:00,0.02891,0.02899,0.02888,0.02891,2793811,80778.73114,666,1345651,38910.35399,-0.0006913238852401,ARPA-USDT,0.0288999841426785,0.028897291890827,
2022-12-10 06:00:00,0.02891,0.02908,0.02891,0.02905,3318307,96205.66464,904,1749889,50752.48169,0.0,ARPA-USDT,0.0289176622425161,0.0289450371349318,
2022-12-10 07:00:00,0.0290399999999999,0.02905,0.02895,0.02897,3946140,114459.05404,859,1361799,39508.17362,0.0,ARPA-USDT,0.0290439939413046,0.0290377608862253,
2022-12-10 08:00:00,0.02897,0.02903,0.02895,0.02898,3735932,108299.81979,797,1691286,49026.87164,-0.0003449465332873,ARPA-USDT,0.028983980739928,0.0289929333837638,-1.088e-05
2022-12-10 09:00:00,0.02898,0.0290899999999999,0.02897,0.02905,4830566,140245.49495,939,1901287,55229.91912,0.0003443526170798,ARPA-USDT,0.0289847304436512,0.0290174957237927,
2022-12-10 10:00:00,0.02906,0.0291699999999999,0.02905,0.02913,4060645,118183.71715,898,1842744,53638.64268,0.0003434065934064,ARPA-USDT,0.0290688603256841,0.0290754841176948,
2022-12-10 11:00:00,0.02912,0.02921,0.02911,0.02918,4028454,117489.20109,837,2015974,58799.30337,-0.0006849315068493,ARPA-USDT,0.029130597749961,0.0291266470726496,
2022-12-10 12:00:00,0.0291899999999999,0.02936,0.02916,0.0292,10098023,295141.96927,1790,4558225,133282.73851,-0.000684462696783,ARPA-USDT,0.0292016087690794,0.0292130837059197,
2022-12-10 13:00:00,0.02921,0.0293,0.02915,0.02923,6289726,183752.94357,1272,2974576,86912.23745,0.0003422313483913,ARPA-USDT,0.0292440252717664,0.0292594545863464,
2022-12-10 14:00:00,0.02923,0.02932,0.02922,0.0293,3824245,111962.49182,1059,2068400,60553.82733,-0.0003411804844762,ARPA-USDT,0.0292320484633992,0.0292318697019809,
2022-12-10 15:00:00,0.0293,0.02956,0.0292899999999999,0.02933,26782699,788947.47241,4414,14544404,428431.59155,-0.0003408316291753,ARPA-USDT,0.0293393507732362,0.0294284742045891,
2022-12-10 16:00:00,0.02933,0.02938,0.02918,0.0292899999999999,7390517,216395.61115,1519,2756923,80757.1143,0.0006832934745437,ARPA-USDT,0.0293267314434871,0.0293557778938773,8.454e-05
2022-12-10 17:00:00,0.02928,0.0292899999999999,0.02907,0.02911,6250234,182544.95529,1077,2058314,60110.36652,0.0003436426116838,ARPA-USDT,0.0292738159481194,0.0292737544372179,
2022-12-10 18:00:00,0.02911,0.0292699999999999,0.02911,0.02923,3513267,102644.11913,786,1781298,52015.37488,0.0003422313483913,ARPA-USDT,0.0291230846048251,0.0291354302429292,
2022-12-10 19:00:00,0.02924,0.02931,0.02922,0.02924,2419296,70808.15517,690,1041812,30488.00208,-0.0006835269993165,ARPA-USDT,0.0292468493397792,0.0292652883708198,
2022-12-10 20:00:00,0.02925,0.02931,0.02916,0.0291699999999999,4344490,127005.06488,983,2050050,59945.76691,-3.4416913763379853e-15,ARPA-USDT,0.0292550817501023,0.0292732830900527,
2022-12-10 21:00:00,0.0291699999999999,0.02921,0.02906,0.02906,5629962,164096.63667,1005,2173390,63368.01756,0.0,ARPA-USDT,0.0291722615152819,0.0291944637193154,
2022-12-10 22:00:00,0.02907,0.02925,0.02888,0.02901,10850202,315391.4634,1625,4855971,141284.30692,0.0003448275862067,ARPA-USDT,0.0290547896960377,0.0290558637062338,
2022-12-10 23:00:00,0.0290199999999999,0.02912,0.02899,0.02908,5625621,163494.74803,1159,2778629,80757.46306,0.0,ARPA-USDT,0.0290521522231234,0.0290648364486244,
2022-12-11 00:00:00,0.02907,0.0290899999999999,0.029,0.02908,2916984,84742.8591,885,1627420,47276.20617,-0.0003437607425231,ARPA-USDT,0.0290511521737006,0.0290289954136745,-4.635e-05
2022-12-11 01:00:00,0.02908,0.0291,0.02903,0.02907,2180532,63380.89641,696,955309,27768.42942,-0.000343878954608,ARPA-USDT,0.0290650311193038,0.0290796927651188,
2022-12-11 02:00:00,0.02907,0.02913,0.02903,0.02912,1883525,54752.2307,752,936590,27232.7942,-0.0003432887058015,ARPA-USDT,0.0290564853807285,0.0290480386926352,
2022-12-11 03:00:00,0.02912,0.02923,0.02911,0.02922,2977087,86861.54792,1048,1702495,49677.20938,-0.0003421142661649,ARPA-USDT,0.0291179338173121,0.0291179466955416,
2022-12-11 04:00:00,0.02921,0.0292699999999999,0.0291899999999999,0.02926,2929552,85625.5019,852,1112826,32537.99646,0.0003418803418804,ARPA-USDT,0.0292100527196092,0.0292152664175491,
2022-12-11 05:00:00,0.02925,0.0292899999999999,0.02922,0.02924,1885179,55141.94683,883,730681,21376.47546,0.0003421142661648,ARPA-USDT,0.0292488140772289,0.0292487401041119,
2022-12-11 06:00:00,0.02923,0.02924,0.02915,0.02924,3422214,99923.61799,697,1540512,44998.01163,0.000684462696783,ARPA-USDT,0.0291883370305715,0.0292061233652725,
2022-12-11 07:00:00,0.02923,0.02932,0.02922,0.0292699999999999,3038181,88930.02452,823,1712379,50114.21539,0.0003417634996547,ARPA-USDT,0.0292244230185241,0.0292290817928944,
2022-12-11 08:00:00,0.02928,0.02932,0.0292699999999999,0.02928,2507089,73442.85244,629,858837,25163.49832,0.0003416467372736,ARPA-USDT,0.029282709090909,0.0292909332755164,-8.867e-05
2022-12-11 09:00:00,0.02928,0.02928,0.02915,0.02915,2197741,64181.45302,667,740714,21626.05085,-0.0006856359273227,ARPA-USDT,0.0292795265151515,0.0292722798636775,
2022-12-11 10:00:00,0.02915,0.02916,0.02912,0.02912,1805102,52603.72979,414,489957,14281.76658,-0.0003432887058015,ARPA-USDT,0.029146294308208,0.0291442908176318,
2022-12-11 11:00:00,0.02911,0.02921,0.0291,0.02921,3206546,93488.06834,644,1816319,52968.29539,0.0003424657534245,ARPA-USDT,0.0291126606613341,0.0291117019322253,
2022-12-11 12:00:00,0.02921,0.02926,0.0291899999999999,0.02923,3531589,103223.35975,760,1551204,45352.5729,0.0,ARPA-USDT,0.0292276668131121,0.0292373702250676,
2022-12-11 13:00:00,0.02924,0.02931,0.02921,0.0292899999999999,2952731,86424.11134999999,748,1728057,50582.73788,-3.4416913763379853e-15,ARPA-USDT,0.0292554148140559,0.0292547927393977,
2022-12-11 14:00:00,0.02928,0.02958,0.02926,0.0294399999999999,13528248,398042.08832,2131,7609062,223871.34854,-0.0003395585738573,ARPA-USDT,0.0292845966655115,0.029277092764709,
2022-12-11 15:00:00,0.0294399999999999,0.02945,0.02925,0.0293,10161328,298327.35836,1742,4342944,127542.36806,0.0,ARPA-USDT,0.0294367631023916,0.0294292615231238,
2022-12-11 16:00:00,0.0293,0.02936,0.02926,0.0293,4723109,138396.8302,877,1904172,55806.00208,0.0003414134516899,ARPA-USDT,0.0292822193378739,0.029287673722691,-1.542e-05
2022-12-11 17:00:00,0.0292899999999999,0.02931,0.02922,0.0292699999999999,3468596,101529.83314,827,1234148,36130.81962,-0.0003415300546482,ARPA-USDT,0.0292929816021983,0.0292854227451991,
2022-12-11 18:00:00,0.02928,0.02935,0.02921,0.0293,4225433,123690.62412,728,2459267,71999.86059,0.0,ARPA-USDT,0.0292670832708532,0.0292640008875061,
2022-12-11 19:00:00,0.02931,0.02938,0.02912,0.02924,6071541,177610.22788,1207,2407737,70446.99459,0.0,ARPA-USDT,0.0293263431326058,0.0293440359770855,
2022-12-11 20:00:00,0.02925,0.02926,0.0289199999999999,0.0291,9435475,274172.77437,2016,4147114,120475.47455,0.0003437607425231,ARPA-USDT,0.0292488414820863,0.0292373229564322,
2022-12-11 21:00:00,0.0290899999999999,0.02912,0.0289199999999999,0.02897,8080139,234560.00261,1606,4041750,117323.40581,-0.0010344827586207,ARPA-USDT,0.0290755082961671,0.0290501312197869,
2022-12-11 22:00:00,0.02896,0.02899,0.02858,0.02873,9715561,279719.97451000003,2030,4095079,117942.12165,0.0003481894150416,ARPA-USDT,0.0289273508681491,0.0289540334616027,
2022-12-11 23:00:00,0.0287399999999999,0.02893,0.02865,0.02875,8286568,238478.63439,1660,4066087,117042.20501,-0.0003477051460361,ARPA-USDT,0.0287587217772644,0.0288196765070452,
2022-12-12 00:00:00,0.0287399999999999,0.02877,0.02862,0.02873,6166760,176948.12793,1498,3325843,95416.9204,-0.0003479471120391,ARPA-USDT,0.0287243898627442,0.0287146207156457,-0.00014326
2022-12-12 01:00:00,0.02875,0.02876,0.02862,0.02862,4400420,126222.03923,1087,1881528,53966.78852,-0.0006983240223463,ARPA-USDT,0.028742773900992,0.0287359087991882,
2022-12-12 02:00:00,0.02861,0.02861,0.0277,0.02786,15991575,450524.74518,3052,6492299,182556.38834,0.0,ARPA-USDT,0.0285925444184411,0.0285820160083997,
2022-12-12 03:00:00,0.02786,0.02795,0.0277399999999999,0.02795,10595624,295284.74511,2118,5940872,165566.00218,0.0,ARPA-USDT,0.0277960433738273,0.0277749549975934,
2022-12-12 04:00:00,0.0279399999999999,0.02802,0.02783,0.02797,5969811,166779.89266,1262,2672603,74650.91094,-0.000714540907467,ARPA-USDT,0.0279446532570179,0.0279604207986543,
2022-12-12 05:00:00,0.02797,0.02808,0.0279,0.0280699999999999,2883192,80665.82816,920,1694881,47438.97568,0.0003563791874519,ARPA-USDT,0.0279686361776977,0.0279722287014705,
2022-12-12 06:00:00,0.0280699999999999,0.02808,0.0279,0.02797,3662165,102528.33381,725,1805479,50510.93232,0.00035765379113,ARPA-USDT,0.0280606657350067,0.0280554581187528,
2022-12-12 07:00:00,0.02796,0.02801,0.0277399999999999,0.02781,6658724,185406.88535,1420,3552669,98934.4778,-0.0007186489399927,ARPA-USDT,0.0279639541336429,0.0279713132084209,
2022-12-12 08:00:00,0.02781,0.02785,0.02768,0.0278399999999999,4205817,116749.00622,1402,2055244,57060.07741,-3.6637359812630166e-15,ARPA-USDT,0.0277992916159957,0.0277902045589223,-0.00035129
2022-12-12 09:00:00,0.0278399999999999,0.02835,0.02781,0.02829,16602341,466636.48876,2837,10373782,291524.12593,-0.0007064641469445,ARPA-USDT,0.0278342375911268,0.0278582874783486,
2022-12-12 10:00:00,0.02829,0.0284899999999999,0.02825,0.02843,6267182,177851.85148,1439,3771276,106996.12662,0.0,ARPA-USDT,0.0282867892356556,0.0282839894581289,
2022-12-12 11:00:00,0.02843,0.02858,0.02838,0.02843,11335128,322672.65605,2285,5572163,158647.96807,0.0,ARPA-USDT,0.0284447191108047,0.0284853101337449,
2022-12-12 12:00:00,0.02843,0.02845,0.02827,0.02835,11779485,334192.91179,2375,5695430,161625.23863,0.0003528581510232,ARPA-USDT,0.0284077233974886,0.0283972040440058,
2022-12-12 13:00:00,0.02836,0.0285,0.02831,0.02837,6529096,185503.3287,1525,2866806,81468.1514,0.0,ARPA-USDT,0.0283876768925578,0.0283755248858894,
2022-12-12 14:00:00,0.02837,0.02872,0.02837,0.0286899999999999,10275735,293504.56978,2097,5474094,156372.67159,-0.00069662138628,ARPA-USDT,0.0283882663292978,0.028395701847032,
2022-12-12 15:00:00,0.0287,0.02872,0.02837,0.02841,14190873,404465.56706,2094,5715114,162878.08749,0.000704473406129,ARPA-USDT,0.0287088166813274,0.0286816693415432,
2022-12-12 16:00:00,0.02841,0.0284399999999999,0.02837,0.02839,5302229,150586.10411,1222,2225411,63216.20954,0.0003523608174771,ARPA-USDT,0.0284064015909006,0.0284019270499751,-5.646e-05
2022-12-12 17:00:00,0.02838,0.0284,0.02813,0.02815,10966956,309625.11359,1670,4917408,138804.18051,-0.0003551136363636,ARPA-USDT,0.028389383950458,0.0283813184136685,
2022-12-12 18:00:00,0.02815,0.0283199999999999,0.02815,0.02826,4769671,134663.74285,1308,3045986,86011.00431,0.0003539823008849,ARPA-USDT,0.0281677073140182,0.0281938762587586,
2022-12-12 19:00:00,0.02827,0.0283199999999999,0.0282,0.0283199999999999,2604042,73579.44796,938,1517087,42869.09023,-3.552713678800501e-15,ARPA-USDT,0.028271028088636,0.0282649638145075,
2022-12-12 20:00:00,0.0283199999999999,0.0284399999999999,0.0283,0.0284399999999999,4309002,122143.88495,1121,2019409,57247.87474,0.0007037297677656,ARPA-USDT,0.0283251452732003,0.0283435596393054,
2022-12-12 21:00:00,0.0284399999999999,0.02885,0.0284399999999999,0.0287899999999999,10034988,287378.34139,2243,4828070,138326.85079,-0.0003472222222257,ARPA-USDT,0.0284596722802237,0.0284886666396708,
2022-12-12 22:00:00,0.0287899999999999,0.02905,0.02875,0.02898,6042635,174583.60578,1688,2931473,84691.02237,0.0003451846738005,ARPA-USDT,0.0287819069652615,0.0287680985149702,
2022-12-12 23:00:00,0.02897,0.02899,0.02889,0.02897,3198777,92556.37014,970,1084242,31374.15641,0.0010366275051831,ARPA-USDT,0.0289480064275347,0.0289406544158666,
2022-12-13 00:00:00,0.02897,0.02901,0.02877,0.02881,4745411,137007.02813,1313,2156373,62281.55546,0.0,ARPA-USDT,0.0289515864727649,0.0289529001725366,5.587e-05
2022-12-13 01:00:00,0.02881,0.0288399999999999,0.02873,0.02883,2365962,68112.41374999999,766,1245943,35873.1182,0.0010416666666668,ARPA-USDT,0.0288116462158023,0.0287909683366552,
2022-12-13 02:00:00,0.02882,0.02883,0.02866,0.0287399999999999,3765591,108281.99917,958,1353733,38912.04477,-0.0013898540653265,ARPA-USDT,0.0288210770933715,0.0287994962258862,
2022-12-13 03:00:00,0.0287399999999999,0.02878,0.0286899999999999,0.0287,3299015,94816.16948,945,1828892,52567.85965,-0.0003483106931382,ARPA-USDT,0.028742095000116,0.0287276147664285,
2022-12-13 04:00:00,0.0286899999999999,0.0287,0.0284199999999999,0.02868,6817222,194675.71572,1554,3298352,94177.29739,0.000348796651552,ARPA-USDT,0.0286566304830463,0.0285174666638503,
2022-12-13 05:00:00,0.02868,0.0286899999999999,0.0285699999999999,0.02865,2708524,77541.40248,738,972444,27832.02726,0.000349162011173,ARPA-USDT,0.0286748303604607,0.028668860460867,
2022-12-13 06:00:00,0.02865,0.02873,0.0285699999999999,0.0285699999999999,4211021,120591.45281,1017,1477662,42345.10424,-3.552713678800501e-15,ARPA-USDT,0.0286538572992006,0.028674731151066,
2022-12-13 07:00:00,0.0285699999999999,0.02858,0.0278199999999999,0.028,17587274,494174.50764,3479,7537892,211723.11169,0.0,ARPA-USDT,0.0285718548304937,0.0284675759608861,
2022-12-13 08:00:00,0.0279899999999999,0.0280699999999999,0.0279,0.02791,6363905,178107.36818,1552,2684644,75129.57893,-0.0003581661891117,ARPA-USDT,0.0279661078226968,0.0279762792255397,-9.779e-05
2022-12-13 09:00:00,0.0279,0.02854,0.02787,0.02841,15814998,446481.33646,3081,9545694,269243.57934,0.0,ARPA-USDT,0.0278809912260639,0.0278961286689775,
2022-12-13 10:00:00,0.0284,0.0285899999999999,0.02839,0.02851,8132699,231801.23699,1943,4639187,132243.79506,0.0003508771929825,ARPA-USDT,0.0284547526018047,0.0284589985688478,
2022-12-13 11:00:00,0.02851,0.0289399999999999,0.0285,0.02893,9614329,276558.72332,2071,5686867,163524.39372,0.0,ARPA-USDT,0.0285134545337629,0.0285463590499348,
2022-12-13 12:00:00,0.0289399999999999,0.029,0.02846,0.02852,18238796,523746.59803,2670,7059094,202682.09044,0.0,ARPA-USDT,0.0289574366367221,0.0289432448034446,
2022-12-13 13:00:00,0.02854,0.02924,0.02841,0.0290199999999999,22624088,653062.1061,3820,12347456,356421.85139,-0.0003444712366551,ARPA-USDT,0.0285169380737452,0.0285063532319228,
2022-12-13 14:00:00,0.0290199999999999,0.02923,0.02895,0.02907,10000066,290943.94004,1994,4736050,137812.76471,-0.0013740982480248,ARPA-USDT,0.0290423586247106,0.029108857605497,
2022-12-13 15:00:00,0.02907,0.02912,0.02881,0.02886,8161707,236355.9131,1600,3217198,93194.84271,0.0003466204506066,ARPA-USDT,0.0291080350012769,0.0290781208566907,
2022-12-13 16:00:00,0.02885,0.02912,0.02885,0.02901,6993224,202802.64997,1462,3240717,93988.33743,0.0010351966873707,ARPA-USDT,0.0289185790235427,0.0289652130459891,0.0001
2022-12-13 17:00:00,0.02901,0.02914,0.0288399999999999,0.02887,7855457,227662.62868,1487,3684011,106757.24765,0.0003465003465004,ARPA-USDT,0.0290437791581731,0.0290822483328954,
2022-12-13 18:00:00,0.02886,0.0292699999999999,0.0288399999999999,0.02915,9317192,271366.36453,1840,4749856,138219.37353,-0.0006856359273227,ARPA-USDT,0.0288760596116492,0.028943228357471,
2022-12-13 19:00:00,0.02916,0.02925,0.02912,0.02913,3433618,100242.51029,1008,1754646,51227.85271,0.0003434065934064,ARPA-USDT,0.0291623442752548,0.0292007285606485,
2022-12-13 20:00:00,0.02914,0.02932,0.02914,0.02925,6357658,185952.30447,1494,3753121,109765.19904,0.0006842285323298,ARPA-USDT,0.0292009273119466,0.02923679220225,
2022-12-13 21:00:00,0.02925,0.02932,0.02921,0.02932,2303978,67448.66231,949,1032063,30213.36183,0.0,ARPA-USDT,0.0292640571105023,0.0292783355461876,
2022-12-13 22:00:00,0.02931,0.02938,0.02925,0.0292699999999999,3037231,89023.70329,886,1310930,38436.35165,-0.0003415300546482,ARPA-USDT,0.0293225070623744,0.0293399229172492,
2022-12-13 23:00:00,0.02928,0.02935,0.02924,0.02932,2891567,84718.55494,1058,1535959,45010.07941,-0.0003409478349812,ARPA-USDT,0.0292829372972779,0.0293165504566751,
2022-12-14 00:00:00,0.02932,0.0295,0.02932,0.02949,5355482,157582.33203,1688,2815191,82844.36705,0.0013582342954159,ARPA-USDT,0.0293339536738962,0.0293954628040765,-1.965e-05
2022-12-14 01:00:00,0.02948,0.02951,0.02935,0.02937,2971931,87436.25069,787,1195063,35174.942390000004,0.0,ARPA-USDT,0.029491017943964,0.0294308439546471,
2022-12-14 02:00:00,0.02938,0.0294399999999999,0.02932,0.02941,2517056,73938.71247,712,1389228,40809.57629,0.0003401360544217,ARPA-USDT,0.0293726631937745,0.0293679678411935,
2022-12-14 03:00:00,0.02941,0.02955,0.0294,0.0295399999999999,2793588,82377.0777,689,1210493,35709.47839,-0.0003384094754687,ARPA-USDT,0.0294112011942097,0.0294320983617461,
2022-12-14 04:00:00,0.0295399999999999,0.02966,0.0295,0.0295199999999999,5060491,149689.05588,1050,2505306,74118.64246,0.0003388681802745,ARPA-USDT,0.0295465158464457,0.0295945516534605,
2022-12-14 05:00:00,0.0295199999999999,0.02955,0.0294,0.0295199999999999,3042562,89715.2959,804,1521255,44862.90112,0.0003388681802745,ARPA-USDT,0.0295291405821997,0.0295231362562303,
2022-12-14 06:00:00,0.02953,0.02958,0.02946,0.0295199999999999,3623068,106934.18283,821,1493940,44104.72834,-0.0006770480704163,ARPA-USDT,0.0295074093630028,0.029491629809859,
2022-12-14 07:00:00,0.0295199999999999,0.0296,0.02951,0.02953,2841779,83989.65741,908,1213660,35881.461970000004,-0.0010148849797022,ARPA-USDT,0.029523056650672,0.0295333006776148,
2022-12-14 08:00:00,0.02953,0.02956,0.02938,0.02938,5412702,159592.31790999998,1151,2312749,68228.26924,-0.0006802721088434,ARPA-USDT,0.0295398120053138,0.0295283053125912,0.0001
2022-12-14 09:00:00,0.02939,0.0294199999999999,0.02926,0.0293,6954936,204066.5754,1328,4223022,123953.12081,-0.0003411804844762,ARPA-USDT,0.0293979602300138,0.0293939654302815,
2022-12-14 10:00:00,0.02931,0.02945,0.0292899999999999,0.02939,4972597,146126.2453,1086,2504289,73600.11433,0.0,ARPA-USDT,0.0293089755827143,0.0293081874183971,
2022-12-14 11:00:00,0.02939,0.02947,0.02928,0.0293399999999999,6617992,194476.95052,1102,2651121,77921.55533,0.0006821282401057,ARPA-USDT,0.0293793418499814,0.0293838150142353,
2022-12-14 12:00:00,0.02933,0.02943,0.0292899999999999,0.02932,6627279,194452.57514,994,3291195,96560.11067,-0.0006816632583505,ARPA-USDT,0.0293178763461241,0.0293099778652146,
2022-12-14 13:00:00,0.02931,0.02933,0.02916,0.02925,5604876,163930.49767,988,2463627,72060.75097,0.0003419972640219,ARPA-USDT,0.0293170029994897,0.0293098610640519,
2022-12-14 14:00:00,0.02926,0.0294399999999999,0.02924,0.0294399999999999,4973758,145930.93938,1135,2440209,71588.98566,0.0010200612036688,ARPA-USDT,0.0292682742450788,0.0292703836300419,
2022-12-14 15:00:00,0.02945,0.02947,0.02935,0.02941,4806205,141385.06535,996,2072116,60960.46347,-0.0003399048266486,ARPA-USDT,0.029454607177878,0.0294269489331218,
2022-12-14 16:00:00,0.0294,0.02945,0.0292699999999999,0.02933,4852335,142528.40929,930,2183851,64147.84342,0.0006823609689525,ARPA-USDT,0.0294242810311684,0.0294285577403573,0.0001
2022-12-14 17:00:00,0.0293399999999999,0.0294399999999999,0.02931,0.0293399999999999,4289112,125940.67612,1128,1739530,51082.452260000005,-0.001021450459656,ARPA-USDT,0.0293353332239416,0.029335328206441,
2022-12-14 18:00:00,0.02935,0.02958,0.02922,0.02926,10691532,314529.68815,2039,5001424,147102.39838,-0.0013651877133105,ARPA-USDT,0.0293665640754184,0.0293565007056725,
2022-12-14 19:00:00,0.02926,0.02946,0.02876,0.02936,24132274,702643.2673300001,4252,11685240,340393.11269,-0.0006807351940094,ARPA-USDT,0.0292788389472582,0.0291120628647037,
2022-12-14 20:00:00,0.02935,0.0294199999999999,0.0290899999999999,0.0291899999999999,8039166,235217.71024,1903,4031835,117977.99211,-0.0006846970215713,ARPA-USDT,0.0292796549574069,0.0292867745865265,
2022-12-14 21:00:00,0.0291899999999999,0.0292699999999999,0.02915,0.02926,2134387,62317.17887,790,1095205,31978.83086,0.0003418803418804,ARPA-USDT,0.0292005092177086,0.0291792684645468,
2022-12-14 22:00:00,0.02926,0.02933,0.02921,0.02926,2068399,60544.08447,708,919461,26914.61878,0.0003418803418804,ARPA-USDT,0.0292968000016984,0.0292555834511992,
2022-12-14 23:00:00,0.02925,0.0293399999999999,0.0292,0.02931,2110125,61791.6906,700,1225107,35871.66104,-0.0003410641200545,ARPA-USDT,0.0292823820005563,0.0292799632393272,
2022-12-15 00:00:00,0.02931,0.02941,0.02923,0.02923,4161481,121955.47563,897,2268064,66466.09276,-0.0010252904989748,ARPA-USDT,0.0292937879997303,0.0292812995670017,1.26e-05
2022-12-15 01:00:00,0.02923,0.02931,0.02865,0.02873,10166146,293797.54009,2184,4026663,116318.755,-0.0013903371567606,ARPA-USDT,0.0292513505175227,0.0292536576039508,
2022-12-15 02:00:00,0.02873,0.02899,0.02864,0.02898,4622865,133138.89439,1571,2671918,76947.84388,0.0010362694300518,ARPA-USDT,0.0287568467290984,0.0287305118279797,
2022-12-15 03:00:00,0.02897,0.0291899999999999,0.0289399999999999,0.0291899999999999,2950469,85826.37023,932,1536136,44681.05682,-0.0003424657534281,ARPA-USDT,0.0289813215373037,0.0289886889077683,
2022-12-15 04:00:00,0.0292,0.02922,0.0291,0.02914,2748800,80133.42394,674,1267082,36938.12897,0.0010305736860185,ARPA-USDT,0.0292040113498376,0.0291945968075328,
2022-12-15 05:00:00,0.02914,0.0291699999999999,0.02895,0.02907,2854856,82952.03262,864,1529564,44442.8733,0.0,ARPA-USDT,0.0291480209404634,0.0291109808187014,
2022-12-15 06:00:00,0.02908,0.02916,0.02903,0.02905,1496096,43536.77546,592,708677,20618.41929,0.0,ARPA-USDT,0.0290560690596581,0.0290597877166656,
2022-12-15 07:00:00,0.02905,0.0290899999999999,0.02899,0.02908,2165612,62887.2202,693,792039,22995.76702,0.0,ARPA-USDT,0.0290388291895049,0.029012795806863,
2022-12-15 08:00:00,0.0290899999999999,0.02922,0.029,0.02907,5518408,160690.42236,1253,2336798,68071.5187,0.0003441156228491,ARPA-USDT,0.0291044739853746,0.0291341912985008,-2.837e-05
2022-12-15 09:00:00,0.02908,0.02933,0.02907,0.02926,5016489,146643.71144,1025,2609098,76243.58656,-0.0017059024223813,ARPA-USDT,0.0290833104621852,0.0291241828339403,
2022-12-15 10:00:00,0.02926,0.0293,0.0292,0.02924,2468535,72209.43989,735,1165232,34086.10423,-0.0003418803418804,ARPA-USDT,0.0292862418491861,0.0292813372705518,
2022-12-15 11:00:00,0.02923,0.0293,0.02918,0.02925,2415485,70613.52040000001,656,1490587,43564.74088,0.0,ARPA-USDT,0.029239125794362,0.0292312483282442,
2022-12-15 12:00:00,0.02925,0.02932,0.0291899999999999,0.02932,4280060,125216.96338,792,2294319,67132.90427,0.0003411804844761,ARPA-USDT,0.0292628284363973,0.0292627358171909,
2022-12-15 13:00:00,0.02932,0.02938,0.02907,0.02932,13270095,388276.94961,3006,7127695,208617.33301,-0.0003409478349812,ARPA-USDT,0.0293199466744968,0.0293262486892733,
2022-12-15 14:00:00,0.02932,0.02992,0.02932,0.0295399999999999,52756675,1564448.95849,7789,30352615,900119.58586,0.0006775067750643,ARPA-USDT,0.0293418277133096,0.0293586373919914,
2022-12-15 15:00:00,0.02953,0.0297,0.02935,0.02943,24406263,720825.3350300001,3324,13050384,385429.44479,0.0006800408024483,ARPA-USDT,0.0294834085256068,0.0294785149032583,
2022-12-15 16:00:00,0.02943,0.02943,0.02921,0.0293399999999999,10078059,295572.78262,1541,4557786,133682.57279,-0.0003407155025587,ARPA-USDT,0.0293993014292555,0.0293967326785459,-7.854e-05
2022-12-15 17:00:00,0.02935,0.0295199999999999,0.02926,0.02937,8155695,239975.63879,1498,3789170,111532.77401,0.0006814310051106,ARPA-USDT,0.0293561067632581,0.0293500131852427,
2022-12-15 18:00:00,0.02936,0.02938,0.02914,0.0292699999999999,7409019,216829.66981,1209,3152891,92247.61273,0.0006837606837573,ARPA-USDT,0.0293557295419676,0.0293600760591022,
2022-12-15 19:00:00,0.02928,0.02958,0.02921,0.02955,9556266,280671.88954,1508,5224512,153524.11618,-0.0013518080432579,ARPA-USDT,0.0292911144413,0.0293073027565767,
2022-12-15 20:00:00,0.02955,0.02955,0.0292699999999999,0.02933,17138361,503585.89778,1907,9124148,267968.89229,-0.0010217983651227,ARPA-USDT,0.0294488665028484,0.0294175208128908,
2022-12-15 21:00:00,0.02933,0.02967,0.02931,0.0295899999999999,13966401,411551.80778,2317,7930834,233734.8413,-0.0003378378378412,ARPA-USDT,0.0293274895439948,0.0293786994055615,
2022-12-15 22:00:00,0.02958,0.0295899999999999,0.02926,0.0293399999999999,14362338,421706.57593,2102,7159319,210134.16089,0.0003409478349778,ARPA-USDT,0.0294501996499537,0.0293797628435561,
2022-12-15 23:00:00,0.02935,0.02937,0.02916,0.0293399999999999,7513333,219846.98266,1196,2773232,81163.13306000001,-0.0003407155025587,ARPA-USDT,0.029355335084541,0.0293192043994866,
2022-12-16 00:00:00,0.02935,0.02968,0.02933,0.02962,9588259,283068.46328,1855,4313832,127374.47773,-0.0003374957813027,ARPA-USDT,0.0293420653452108,0.029366533919325,-0.00019481
2022-12-16 01:00:00,0.02962,0.02975,0.0295399999999999,0.0295899999999999,9386911,278263.43295,1431,5296207,157026.25213,-0.0010128291694834,ARPA-USDT,0.0295633942548184,0.0295771256766474,
2022-12-16 02:00:00,0.0296,0.02974,0.02956,0.0297,4145488,122934.63349,728,1779657,52762.60788,0.0,ARPA-USDT,0.0295895141263271,0.0295751527356909,
2022-12-16 03:00:00,0.0296899999999999,0.02971,0.02958,0.02965,3828781,113544.85718,974,1750703,51924.69857,-0.0003371544167228,ARPA-USDT,0.0296730343052536,0.0296666905391732,
2022-12-16 04:00:00,0.02965,0.02966,0.0295,0.02951,2989799,88469.95834,814,806255,23856.14275,-0.0013536379018611,ARPA-USDT,0.0296462763617053,0.0296357976686478,
2022-12-16 05:00:00,0.0295199999999999,0.02963,0.02949,0.02961,3132645,92602.44315,875,1600184,47308.12846,-0.0003376097231599,ARPA-USDT,0.0295097858332813,0.0295152069729766,
2022-12-16 06:00:00,0.02961,0.03035,0.02955,0.03013,67440083,2024117.81379,8821,37744683,1133137.54938,-0.0026481297583581,ARPA-USDT,0.0296023352572961,0.029610606357147,
2022-12-16 07:00:00,0.03013,0.0301399999999999,0.0297699999999999,0.02984,56502936,1692998.6163,7165,28926683,866952.15652,-0.0010043521928356,ARPA-USDT,0.0299724758779432,0.0299512768561247,
2022-12-16 08:00:00,0.02983,0.02984,0.02928,0.0292899999999999,28005560,829549.58143,4279,12000314,355616.88334,-0.0017041581458794,ARPA-USDT,0.0298009159397522,0.0297623135707676,-0.00031452
2022-12-16 09:00:00,0.0292899999999999,0.0292899999999999,0.02841,0.02881,52030359,1496298.11505,8474,23048870,663057.78354,0.0,ARPA-USDT,0.0292076227328534,0.0289601532492224,
2022-12-16 10:00:00,0.02881,0.02891,0.02855,0.02855,15134123,434807.82255,2974,6086961,174836.20342,0.0,ARPA-USDT,0.0288470520581059,0.0288297018090076,
2022-12-16 11:00:00,0.02855,0.0287399999999999,0.02846,0.02856,12675769,362497.34007,2198,5290874,151348.77162,0.0010515247108306,ARPA-USDT,0.0285435002375222,0.0285104735083836,
2022-12-16 12:00:00,0.02856,0.0289199999999999,0.02856,0.0289,13067054,375554.58871,2512,7060223,202945.64107,0.0,ARPA-USDT,0.0285968699967522,0.0286025114537253,
2022-12-16 13:00:00,0.0289,0.0291899999999999,0.02887,0.02889,20373773,591856.93177,3185,9723820,282563.22958,-0.0006918021445867,ARPA-USDT,0.0289196648326303,0.0289443752384305,
2022-12-16 14:00:00,0.0289,0.02928,0.0288399999999999,0.0290899999999999,19820102,576907.11669,3407,10381577,302230.41538,0.0010323468685444,ARPA-USDT,0.0290079090662922,0.0290803962975189,
2022-12-16 15:00:00,0.02908,0.02921,0.02883,0.02886,13090903,379460.19992,2310,6248439,181215.44858,-0.0010384215991692,ARPA-USDT,0.0290818214080028,0.0290827685727325,
2022-12-16 16:00:00,0.02886,0.02889,0.02836,0.02843,20359966,582786.50104,3658,9247523,264777.14062,0.0,ARPA-USDT,0.0288594163630414,0.0288558026289112,9.595e-05
2022-12-16 17:00:00,0.02841,0.02856,0.0278899999999999,0.0279,19252942,543238.52988,3358,6179038,174359.00021,-0.0010741138560687,ARPA-USDT,0.028456930344052,0.0284976900494386,
2022-12-16 18:00:00,0.02791,0.0279899999999999,0.0277,0.0277199999999999,14084570,392070.54445,2284,5834174,162508.51952,-0.0007209805335292,ARPA-USDT,0.0278804476956444,0.0278795939836623,
2022-12-16 19:00:00,0.02771,0.02778,0.0274899999999999,0.02778,14410596,398330.13929,2330,6105131,168838.24076,0.0007204610951008,ARPA-USDT,0.0276714222259758,0.0276622669958475,
2022-12-16 20:00:00,0.02777,0.0279399999999999,0.0277399999999999,0.02791,9860993,274619.84388,1815,5098103,142011.85333,-0.0007160759040457,ARPA-USDT,0.0277717602684385,0.0277967874121809,
2022-12-16 21:00:00,0.02792,0.02798,0.02771,0.0277199999999999,7973395,221987.72182,1396,4706516,131031.45469,-0.0003606202668625,ARPA-USDT,0.0279506693334108,0.0279236253688261,
2022-12-16 22:00:00,0.02773,0.0278199999999999,0.0252699999999999,0.02615,57382900,1507417.32262,7104,23670750,620509.60358,-0.0003822629969418,ARPA-USDT,0.0277417846669037,0.0277424803813905,
2022-12-16 23:00:00,0.02615,0.02622,0.02548,0.02601,26180272,676816.57085,4008,13318399,344303.22557,0.0,ARPA-USDT,0.0261933907024809,0.0260441741347794,
2022-12-17 00:00:00,0.02599,0.0260199999999999,0.02571,0.02584,15949658,412682.04038,2540,6166912,159611.94957,-0.0007733952049497,ARPA-USDT,0.0259431384082188,0.0259094867981614,-2.445e-05
2022-12-17 01:00:00,0.02583,0.02588,0.02558,0.02561,13803252,355130.10426,2850,7049683,181457.88698,-0.0003903200624512,ARPA-USDT,0.025831360952611,0.0258256298100185,
2022-12-17 02:00:00,0.02561,0.02585,0.02535,0.02585,13217208,337951.35908,2563,6606902,168892.76955,0.0015497869043006,ARPA-USDT,0.0256014454230444,0.0255672452960189,
2022-12-17 03:00:00,0.02584,0.02601,0.02578,0.02593,4760126,123081.98823,1267,2659334,68791.89371,0.0,ARPA-USDT,0.025855862262722,0.0258493590287502,
2022-12-17 04:00:00,0.02593,0.0260399999999999,0.0259,0.02599,4131573,107247.41294,1033,1560679,40520.31606,0.0003849114703617,ARPA-USDT,0.0259546494817638,0.0259253554922383,
2022-12-17 05:00:00,0.02599,0.02605,0.02588,0.02588,4890787,126983.16678,1144,1807262,46930.66417,-0.0019282684149634,ARPA-USDT,0.0260221066492665,0.0260043496615412,
2022-12-17 06:00:00,0.0259,0.02616,0.02578,0.02606,7153433,185878.97404,1352,3574742,92897.12115,-0.0003835826620636,ARPA-USDT,0.0258961100183388,0.0258496505412707,
2022-12-17 07:00:00,0.02606,0.02628,0.02601,0.02621,3958898,103454.06921,1174,2089896,54639.06676,0.0003816793893129,ARPA-USDT,0.0260614871073605,0.0260647319377543,
2022-12-17 08:00:00,0.02622,0.0262699999999999,0.0261199999999999,0.02618,6797205,178045.14933,1491,2672275,69997.00416,0.0,ARPA-USDT,0.0262281202985693,0.0262444451523291,3.585e-05
2022-12-17 09:00:00,0.0261899999999999,0.02623,0.0259,0.0259399999999999,9921378,258417.57541,1729,3135407,81735.2004,0.0003856536829887,ARPA-USDT,0.0261911639342462,0.0261773502505509,
2022-12-17 10:00:00,0.02592,0.02605,0.02575,0.02596,5510203,142741.66006,1303,2717746,70456.10081999999,-0.0011542901115813,ARPA-USDT,0.0259209179686334,0.0259312425110619,
2022-12-17 11:00:00,0.02597,0.026,0.02575,0.0258,3533840,91363.94954,874,1571635,40625.7521,0.0,ARPA-USDT,0.0259774810591624,0.0259432789471056,
2022-12-17 12:00:00,0.0258,0.02585,0.02557,0.02567,6454555,166096.57773,1099,2191213,56440.85704,-0.0007785130400935,ARPA-USDT,0.0257915481880815,0.0257926500039336,
2022-12-17 13:00:00,0.02568,0.0257,0.02546,0.0255,6498975,166214.02239,1546,2402398,61473.10591,-0.0003920031360251,ARPA-USDT,0.0256756472153124,0.0256823509616936,
2022-12-17 14:00:00,0.02549,0.0256399999999999,0.02546,0.02549,4973466,127017.76751,1040,2295194,58611.32876,-0.0007840062720503,ARPA-USDT,0.0254725504221303,0.0254798542226669,
2022-12-17 15:00:00,0.02549,0.02563,0.02539,0.02561,6482940,165492.72824,1394,3506321,89484.82372,0.0011727912431587,ARPA-USDT,0.0254715711528534,0.0254554919479561,
2022-12-17 16:00:00,0.02561,0.02561,0.02533,0.02543,7390865,188053.1176,1382,3314286,84315.14589,0.0007870916961827,ARPA-USDT,0.0255833774663156,0.0255441905581634,-0.0002858
2022-12-17 17:00:00,0.0254199999999999,0.02546,0.0251699999999999,0.02538,10080855,255541.65678,2184,5290976,134189.23779,-0.0011806375442738,ARPA-USDT,0.0254161587931149,0.0254009196544955,
2022-12-17 18:00:00,0.02538,0.0254199999999999,0.02529,0.02536,4750805,120455.72134,1037,2467029,62559.94237,-0.0011815675462779,ARPA-USDT,0.0253522097295035,0.0253207227824223,
2022-12-17 19:00:00,0.02535,0.02592,0.0252699999999999,0.02568,33856849,863123.5464,4313,20209884,515268.6969,-0.0019432568985618,ARPA-USDT,0.0253348698721183,0.0253327351671293,
2022-12-17 20:00:00,0.02568,0.02571,0.02537,0.0255199999999999,21225196,541356.85662,3216,10461955,266825.3573,-3.996802888650564e-15,ARPA-USDT,0.02556371425182,0.0254575336589251,
2022-12-17 21:00:00,0.0255099999999999,0.0256399999999999,0.02548,0.02557,7904279,201882.23344,1322,3532030,90213.17303,-0.0003909304143862,ARPA-USDT,0.0255249208724858,0.0255094343505498,
2022-12-17 22:00:00,0.02558,0.026,0.0255,0.02591,8427145,216611.28645,1463,4253862,109306.05386,0.0011591962905719,ARPA-USDT,0.0255911879007235,0.0255727148952506,
2022-12-17 23:00:00,0.02592,0.0261,0.02583,0.0260399999999999,12702828,329886.46268,2285,5370054,139459.46621,0.0003841721091009,ARPA-USDT,0.0259509483747408,0.0259415647255484,
2022-12-18 00:00:00,0.0260399999999999,0.02608,0.02591,0.02596,6114879,158893.12582,1261,2872881,74633.63092,0.0,ARPA-USDT,0.0260366695449316,0.0260163796961275,-0.00032276
2022-12-18 01:00:00,0.02596,0.02599,0.02584,0.02588,5014343,129971.13257,879,2532924,65628.97835,-0.0007722007722007,ARPA-USDT,0.0259465575674038,0.0259006790872895,
2022-12-18 02:00:00,0.0258699999999999,0.02601,0.0258699999999999,0.02596,3576767,92758.8287,680,2278426,59082.54826,-0.000385059684251,ARPA-USDT,0.0258742855533743,0.0258854344527688,
2022-12-18 03:00:00,0.02597,0.02622,0.02597,0.0261399999999999,5623054,146644.76681,1075,3818239,99551.91631,-0.000382409177824,ARPA-USDT,0.0259748782295045,0.0259783279772441,
2022-12-18 04:00:00,0.02616,0.02646,0.0261399999999999,0.0264,6913220,181677.19411,1575,4407874,115885.71834,0.0003789314134141,ARPA-USDT,0.0262026798274644,0.0262048367426418,
2022-12-18 05:00:00,0.0264,0.02641,0.02625,0.02631,3233470,85145.87065,1061,1584548,41732.02919,0.000380228136882,ARPA-USDT,0.0263703428906489,0.0263853979427571,
2022-12-18 06:00:00,0.02632,0.02632,0.0261899999999999,0.0261899999999999,3853658,101110.70815,895,1958993,51410.77193,-0.0011441647597292,ARPA-USDT,0.0262790369790128,0.0262604055460818,
2022-12-18 07:00:00,0.02621,0.02633,0.0262,0.0262899999999999,4585676,120432.52035,1120,3307460,86877.62322,0.0003805175038014,ARPA-USDT,0.026221574391638,0.0262407862243726,
2022-12-18 08:00:00,0.0262899999999999,0.02631,0.02613,0.0261399999999999,5223101,136964.67129,1143,2075594,54431.19603,-3.885780586188048e-15,ARPA-USDT,0.026291512185132,0.0262856470084947,-0.00029335
2022-12-18 09:00:00,0.02615,0.02618,0.02584,0.0259399999999999,5902647,153340.07586,1623,2632599,68365.9879,-0.0007704160246571,ARPA-USDT,0.0261610079751401,0.0261605489902703,
2022-12-18 10:00:00,0.0259399999999999,0.02603,0.02586,0.02601,3916900,101681.634,1136,1997570,51865.92075,0.0003846153846154,ARPA-USDT,0.0259326190830051,0.0259373373064072,
2022-12-18 11:00:00,0.02601,0.02616,0.02597,0.02605,3619333,94307.50633,768,1959974,51075.52287,-0.0003837298541826,ARPA-USDT,0.0259800189401555,0.0260103051451722,
2022-12-18 12:00:00,0.02606,0.02625,0.02606,0.02609,7656362,200188.63107,1106,3314430,86688.86667,-0.0003831417624522,ARPA-USDT,0.0261318173715693,0.0261798740199063,
2022-12-18 13:00:00,0.02609,0.0261,0.02595,0.02598,2615443,68063.10261,602,1246541,32445.66302,0.0007704160246533,ARPA-USDT,0.0260949874508948,0.0260848785457073,
2022-12-18 14:00:00,0.02597,0.0260199999999999,0.02578,0.02581,5341577,138429.54519,948,2142800,55547.13679,0.0003875968992248,ARPA-USDT,0.0259884156717916,0.02596353771179,
2022-12-18 15:00:00,0.02581,0.0258699999999999,0.02573,0.02573,3078206,79420.53436,761,1159275,29931.1241,-0.0007766990291261,ARPA-USDT,0.0257862235095896,0.0258036881512974,
2022-12-18 16:00:00,0.02573,0.02585,0.02571,0.02576,3080202,79417.45427,864,1526446,39368.8738,-0.0003880481179666,ARPA-USDT,0.0257230106313189,0.0257643633425757,4.769e-05
2022-12-18 17:00:00,0.02575,0.02592,0.02574,0.0258899999999999,3514432,90799.76041,761,2192457,56652.25872,-3.885780586188048e-15,ARPA-USDT,0.025752646118353,0.0257487714336492,
2022-12-18 18:00:00,0.0258899999999999,0.0262699999999999,0.02582,0.02599,12223788,318744.7953,2408,5380840,140328.68748999998,0.0,ARPA-USDT,0.0258574462976343,0.0260136023255352,
2022-12-18 19:00:00,0.026,0.02611,0.02596,0.02603,4526059,117808.84541,952,1891902,49235.13331,-0.0003840245775729,ARPA-USDT,0.0260335681723834,0.0260375222442331,
2022-12-18 20:00:00,0.0260399999999999,0.0262899999999999,0.02601,0.02608,7047488,184401.92267,1373,3698872,96730.70697,-0.0007662835249042,ARPA-USDT,0.0260456518786121,0.026185823065305,
2022-12-18 21:00:00,0.02608,0.02611,0.02596,0.02597,3753835,97721.63664,713,2212549,57608.0861,-0.0019215987701768,ARPA-USDT,0.0260946248989464,0.0260940095955812,
2022-12-18 22:00:00,0.02597,0.0261899999999999,0.02596,0.02608,3640265,94937.68636,879,1680363,43815.93983,-0.0007662835249042,ARPA-USDT,0.0259928867030918,0.0259924744755854,
2022-12-18 23:00:00,0.02607,0.0262899999999999,0.0260399999999999,0.0261199999999999,6064204,158768.56198,1311,3238278,84772.0895,0.0007662835249002,ARPA-USDT,0.0260574880339603,0.0261307384989691,
2022-12-19 00:00:00,0.02611,0.02646,0.02595,0.02623,26166424,685519.87698,3576,11682504,306419.44002,-0.0015226494099733,ARPA-USDT,0.0261199466702153,0.0261222976171752,-0.00017404
2022-12-19 01:00:00,0.02624,0.02635,0.02617,0.0261899999999999,3057530,80241.40547,791,1329205,34893.0376,-0.0007630675314803,ARPA-USDT,0.0262210098582369,0.026221382316739,
2022-12-19 02:00:00,0.0261899999999999,0.02621,0.02598,0.0260199999999999,4630686,120820.30355,1269,2256058,58868.37468,0.0003844675124915,ARPA-USDT,0.0261909349715498,0.026198304234688,
2022-12-19 03:00:00,0.026,0.02601,0.0255199999999999,0.02581,10239097,264158.17924,2140,4170359,107621.67276,0.0003875968992248,ARPA-USDT,0.0259924298629177,0.0259408932298808,
2022-12-19 04:00:00,0.0258,0.02598,0.02576,0.02595,4236668,109630.39465,885,2123888,54937.38505,0.0007713073659854,ARPA-USDT,0.0257914012265287,0.0257986310637248,
2022-12-19 05:00:00,0.02595,0.02598,0.02584,0.02592,2630835,68172.56919,828,1254975,32510.545830000003,0.0003859513701274,ARPA-USDT,0.0259628570456787,0.0259612436992822,
2022-12-19 06:00:00,0.02591,0.0260199999999999,0.02588,0.02599,2166355,56213.1773,686,1191748,30930.93208,0.0007701193685021,ARPA-USDT,0.0259006155455844,0.0259129829748383,
2022-12-19 07:00:00,0.026,0.02605,0.02585,0.0259399999999999,2755870,71501.48702,881,1254400,32532.17934,0.0030935808197949,ARPA-USDT,0.0260023739432874,0.0260102847109832,
2022-12-19 08:00:00,0.02592,0.02616,0.02592,0.02615,3684466,95948.40807,985,2211335,57586.56235,0.0003825554705432,ARPA-USDT,0.0259503343112173,0.0259742966894223,3.671e-05
2022-12-19 09:00:00,0.02616,0.02638,0.02613,0.02638,6073691,159705.91855,1205,2904806,76354.69279,-0.0007575757575757,ARPA-USDT,0.0261429823497249,0.0261636458492026,
2022-12-19 10:00:00,0.02638,0.0267,0.02618,0.02638,39170859,1035000.80684,5292,19487496,515211.32436,-0.0003789314134141,ARPA-USDT,0.0263427471654354,0.0263185127370414,
2022-12-19 11:00:00,0.0263699999999999,0.0263899999999999,0.02625,0.02638,6573436,173082.86509,1181,2830856,74554.44658,-0.0007575757575757,ARPA-USDT,0.0263810345276483,0.0263338462886354,
2022-12-19 12:00:00,0.0263899999999999,0.02659,0.02631,0.02652,8235438,217908.40844,1532,3673099,97185.21784,-0.0007535795026376,ARPA-USDT,0.0263872853064066,0.0263608595982543,
2022-12-19 13:00:00,0.02651,0.02665,0.02642,0.0264399999999999,7426878,196896.82707,1358,3726420,98789.28725,-0.0007558578987187,ARPA-USDT,0.0265512401785829,0.0265514933323691,
2022-12-19 14:00:00,0.0264399999999999,0.02653,0.02626,0.02642,10546049,278281.91603,1720,4872820,128620.96137,0.0003786444528588,ARPA-USDT,0.026483717228798,0.0264688674081615,
2022-12-19 15:00:00,0.02643,0.02656,0.02631,0.02632,5874032,155280.97728,1322,2430287,64257.44207,-0.0003797949107481,ARPA-USDT,0.026456781188324,0.0264684226676077,
2022-12-19 16:00:00,0.02632,0.02641,0.026,0.02622,14944876,391443.38342,2621,6467665,169518.55546,-0.0003812428516964,ARPA-USDT,0.0263044419045766,0.0263260201717256,-0.00024547
2022-12-19 17:00:00,0.02622,0.02623,0.0257699999999999,0.026,11345690,294963.17148,2147,4713214,122621.55387,0.0007698229407235,ARPA-USDT,0.0262123781393703,0.026193739162412,
2022-12-19 18:00:00,0.02601,0.02601,0.0253,0.02543,11846675,304335.51997,2377,4570230,117321.43838,0.0011811023622048,ARPA-USDT,0.0260015918200189,0.0259760868329323,
2022-12-19 19:00:00,0.02543,0.02565,0.02541,0.02558,8254476,210778.95769,2006,4272918,109086.92927,0.0015661707126075,ARPA-USDT,0.025456875992591,0.0254605139074094,
2022-12-19 20:00:00,0.02558,0.02565,0.02554,0.02562,4329948,110827.26527,1254,1878658,48100.16666,0.0003904724716907,ARPA-USDT,0.0255911488185317,0.0255739831101406,
2022-12-19 21:00:00,0.02562,0.02562,0.02534,0.02534,7370207,188094.79062,1285,2727169,69628.93697000001,-0.0011824990145841,ARPA-USDT,0.0256161627066186,0.0256023473517881,
2022-12-19 22:00:00,0.02534,0.0259,0.02465,0.0249,37690262,951106.1164,5206,19190736,484871.1986,0.0020120724346075,ARPA-USDT,0.0255386119519607,0.0254148221527364,
2022-12-19 23:00:00,0.0249,0.02505,0.02485,0.02497,7255659,181053.27002,1882,3229602,80585.84589,0.0004006410256409,ARPA-USDT,0.0249228152537429,0.0249734440928545,
2022-12-20 00:00:00,0.02497,0.02522,0.02486,0.0251699999999999,8179862,205076.39126,1991,3781391,94746.99812,-0.000397140587772,ARPA-USDT,0.0249650240341357,0.0249842257550891,-0.00019364
2022-12-20 01:00:00,0.02516,0.0255,0.02512,0.0254199999999999,5275999,133549.16719,1456,2631508,66548.24946,0.0007874015747992,ARPA-USDT,0.0251540367798718,0.0251546742788862,
2022-12-20 02:00:00,0.02543,0.02591,0.02536,0.02584,7668846,196805.34145,1734,3781636,97038.93724,0.00038714672861,ARPA-USDT,0.0254307318736784,0.0254146999351855,
2022-12-20 03:00:00,0.02583,0.02625,0.02576,0.02621,9405268,244739.11956,1788,5105130,132931.6354,-0.0007624857033929,ARPA-USDT,0.0258155602542542,0.0258368965805341,
2022-12-20 04:00:00,0.0262,0.02634,0.02598,0.02622,11635775,304016.54915,2139,7114945,185953.33351,-0.0007621951219511,ARPA-USDT,0.0260936039801225,0.026020133243581,
2022-12-20 05:00:00,0.02622,0.02628,0.02613,0.0261399999999999,3454752,90565.99334,1035,1613641,42308.63669,-0.0007645259938876,ARPA-USDT,0.0262348847856622,0.0262587352617405,
2022-12-20 06:00:00,0.02613,0.02622,0.02609,0.02621,4594675,120174.79124,1148,2789448,72963.91117,0.0007636502481862,ARPA-USDT,0.0261647753257744,0.0261524500724789,
2022-12-20 07:00:00,0.02622,0.02626,0.02613,0.02621,2145409,56233.94121,719,1119229,29340.7655,-0.0003813882532417,ARPA-USDT,0.0262338360916678,0.0262198058695043,
2022-12-20 08:00:00,0.02621,0.02624,0.0261,0.02622,3073637,80436.13592,786,1680606,43987.44813,-0.0003812428516964,ARPA-USDT,0.0262024071847668,0.0262073885583812,-0.00024033
2022-12-20 09:00:00,0.02623,0.02631,0.02613,0.02623,3414271,89503.31236,672,1971533,51683.6245,-0.0003810975609755,ARPA-USDT,0.0262479459118836,0.0262302503772372,
2022-12-20 10:00:00,0.02623,0.0262699999999999,0.0261399999999999,0.02615,3020315,79143.80683,651,1555240,40747.66205,0.0003825554705432,ARPA-USDT,0.0262575375274704,0.026252325548662,
2022-12-20 11:00:00,0.02615,0.02625,0.02609,0.0262,2604242,68149.81778,624,1223924,32053.57329,0.0003818251240932,ARPA-USDT,0.0261563803334275,0.0261616225522493,
2022-12-20 12:00:00,0.0262,0.02642,0.02616,0.02618,8895614,233534.85508,1449,3743363,98351.53243,0.0,ARPA-USDT,0.0262030315996212,0.0262143683010496,
2022-12-20 13:00:00,0.02618,0.02624,0.02593,0.02601,5052308,131682.50135,1025,1523419,39703.66953,0.0003846153846154,ARPA-USDT,0.0262141707278205,0.0261787987910124,
2022-12-20 14:00:00,0.026,0.0261899999999999,0.02583,0.02613,6989598,181668.05525,1267,3597107,93546.92378,-0.0011467889908256,ARPA-USDT,0.0260155988619652,0.0260198698500169,
2022-12-20 15:00:00,0.02613,0.02638,0.02608,0.02615,9647620,253011.91589,2062,3698870,97032.29054,-0.0003822629969418,ARPA-USDT,0.0261923727289141,0.0262050561060657,
2022-12-20 16:00:00,0.0261399999999999,0.02622,0.02596,0.02603,5545768,144579.17769,1361,2803646,73099.71194,-0.0007677543186179,ARPA-USDT,0.0261421382560982,0.0261709033614127,-0.00037358
2022-12-20 17:00:00,0.02603,0.02618,0.02599,0.0261199999999999,6705719,174903.93359,1324,4053129,105717.03096,0.0011498658489805,ARPA-USDT,0.0260387624046584,0.0260562637864558,
2022-12-20 18:00:00,0.02611,0.02623,0.02611,0.02622,3008336,78708.79923,995,1778369,46527.52656,0.0003815337657382,ARPA-USDT,0.0261267309714651,0.0261307202135189,
2022-12-20 19:00:00,0.02622,0.02634,0.02621,0.02624,3662093,96238.02678,1075,1838634,48319.77998,0.0,ARPA-USDT,0.0262245856309295,0.0262449536731061,
2022-12-20 20:00:00,0.02626,0.02635,0.0261399999999999,0.02617,4992988,131240.24361,1341,2341484,61561.62772,0.0003822629969418,ARPA-USDT,0.0262893582409177,0.0262975365859349,
2022-12-20 21:00:00,0.02617,0.02624,0.02615,0.02621,1707259,44718.94238,693,907281,23767.67988,-0.0007624857033929,ARPA-USDT,0.0261776693864987,0.0262037242230922,
2022-12-20 22:00:00,0.02622,0.02631,0.02618,0.0263,2609375,68522.36247000001,819,1445723,37977.58707,0.0,ARPA-USDT,0.0262362070053644,0.0262238836962647,
2022-12-20 23:00:00,0.0262899999999999,0.0264399999999999,0.0261899999999999,0.0261899999999999,5766213,151746.2552,1647,2558297,67356.94741,-0.0015249714067898,ARPA-USDT,0.0262415257760652,0.0262997110877551,
2022-12-21 00:00:00,0.0262,0.02638,0.02608,0.0261,11401709,299173.95263,2014,5763132,151168.12817,-0.0011481056257175,ARPA-USDT,0.0262412534510284,0.0262986330180534,0.0001
2022-12-21 01:00:00,0.0261,0.02624,0.02605,0.02616,2544021,66509.50045,781,1243646,32496.52706,0.0,ARPA-USDT,0.0260777057838007,0.0260976936512855,
2022-12-21 02:00:00,0.02616,0.02617,0.02607,0.0261,1952154,50987.48941,600,1079409,28192.57673,0.0011507479861911,ARPA-USDT,0.0261445924049904,0.0260978156903023,
2022-12-21 03:00:00,0.02609,0.02609,0.02593,0.02598,2383471,61946.91087,752,1120077,29110.45664,-0.0011534025374855,ARPA-USDT,0.0260580970566176,0.0260487412817013,
2022-12-21 04:00:00,0.02599,0.026,0.0257899999999999,0.02582,3840209,99435.4805,1022,1736381,44967.1945,-0.0030888030888031,ARPA-USDT,0.0259539596674135,0.0259670992823292,
2022-12-21 05:00:00,0.02581,0.026,0.02567,0.02597,5016684,129554.42388,1188,3069416,79293.06596,-0.0003849114703617,ARPA-USDT,0.0257800159169521,0.0257636988422303,
2022-12-21 06:00:00,0.02596,0.026,0.02591,0.02599,1094175,28403.65316,543,644311,16728.0803,0.0007701193685021,ARPA-USDT,0.0259614566157713,0.0259674248276623,
2022-12-21 07:00:00,0.02598,0.02608,0.02593,0.02607,3020127,78559.75868,785,1221208,31780.75817,0.0007677543186179,ARPA-USDT,0.0259717234990311,0.0259557286247616,
2022-12-21 08:00:00,0.02607,0.0261899999999999,0.0258699999999999,0.02609,5293655,137808.64138,1201,2077974,54089.00408,0.001151189562548,ARPA-USDT,0.0260385201234826,0.0259935521332438,-0.00025488
2022-12-21 09:00:00,0.02609,0.02617,0.02606,0.02607,2814706,73459.86369,787,1444244,37690.62173,-0.0007665772326561,ARPA-USDT,0.0260857149848292,0.0260784424536072,
2022-12-21 10:00:00,0.02609,0.02615,0.02606,0.02608,1754968,45800.38536,387,732946,19131.04391,0.0,ARPA-USDT,0.0261015423107824,0.0261183242705939,
2022-12-21 11:00:00,0.02607,0.02611,0.026,0.02609,2234976,58233.82938,498,986459,25704.73739,-0.0007659900421295,ARPA-USDT,0.026062771944496,0.0260695631266291,
2022-12-21 12:00:00,0.0261,0.0261899999999999,0.02599,0.02599,5467206,142680.7667,1052,2720142,71025.17904999999,-0.0011529592621061,ARPA-USDT,0.0261070844273254,0.0261118240431621,
2022-12-21 13:00:00,0.026,0.02613,0.02591,0.02607,3497325,91038.28153,861,1571564,40919.99064,-0.000383435582822,ARPA-USDT,0.0260268407809537,0.0260413584115803,
2022-12-21 14:00:00,0.02608,0.02624,0.02593,0.026,5384750,140504.03303,1000,2751825,71865.74111,0.0023130300693907,ARPA-USDT,0.0260675194412014,0.0260699283068978,
2022-12-21 15:00:00,0.02601,0.02615,0.02599,0.02615,3384977,88266.284,1064,1610275,41997.99495,0.0015319800842588,ARPA-USDT,0.0260372090641089,0.0260325460845707,
2022-12-21 16:00:00,0.02615,0.02618,0.0260199999999999,0.02603,2208735,57596.713,772,1131675,29498.83376,-0.0003840245775729,ARPA-USDT,0.0261590654297423,0.026141981576431,-8.415e-05
2022-12-21 17:00:00,0.02603,0.02607,0.02596,0.026,2084668,54229.81721,702,1031711,26843.67223,-0.0011525163273147,ARPA-USDT,0.0260096344027185,0.0259813237477372,
2022-12-21 18:00:00,0.02599,0.02605,0.02596,0.02596,2539603,66056.72766,604,1342057,34917.01429,0.0,ARPA-USDT,0.026012544182518,0.026023865008768,
2022-12-21 19:00:00,0.02596,0.02597,0.02574,0.02585,3751799,97139.57217,840,1555472,40277.81959,0.0011618900077459,ARPA-USDT,0.0259587435210982,0.0259651003104003,
2022-12-21 20:00:00,0.02584,0.0258899999999999,0.02574,0.02584,2374951,61361.02823,809,1179897,30488.565130000003,-0.0015455950540959,ARPA-USDT,0.0258153904751851,0.0257870633021878,
2022-12-21 21:00:00,0.02585,0.02593,0.02581,0.02588,4028033,104218.34048,771,1634602,42294.99679,-0.0007722007722007,ARPA-USDT,0.0258540034954735,0.0258615003441444,
2022-12-21 22:00:00,0.02588,0.02593,0.02585,0.02586,1802680,46667.44044,451,697936,18070.09109,-0.0011587485515642,ARPA-USDT,0.025898103355644,0.0259079442704894,
2022-12-21 23:00:00,0.0258699999999999,0.02599,0.02582,0.02595,3065462,79410.84771,1019,1446412,37475.23526,0.0015438054805094,ARPA-USDT,0.0258505484562528,0.0258378464824181,
2022-12-22 00:00:00,0.0259399999999999,0.02607,0.02592,0.0260399999999999,3416066,88672.37926,1121,1618849,42029.40863,-3.885780586188048e-15,ARPA-USDT,0.0259420434560938,0.0259547654996007,0.0001
2022-12-22 01:00:00,0.02606,0.02607,0.02592,0.02593,1665585,43275.98717,606,716205,18619.95949,-0.0007707129094411,ARPA-USDT,0.0260558966572952,0.0260398031735539,
2022-12-22 02:00:00,0.02593,0.02603,0.02592,0.0260199999999999,1670475,43396.42396,698,1001981,26035.17003,0.0011542901115775,ARPA-USDT,0.0259307506104124,0.0259369528024667,
2022-12-22 03:00:00,0.02601,0.02605,0.02601,0.02603,2485513,64683.65422,557,1122564,29220.19909,0.0003843197540354,ARPA-USDT,0.0260192587362017,0.0260150181009006,
2022-12-22 04:00:00,0.0260199999999999,0.02606,0.02601,0.02601,5600948,145784.38807000002,1052,2589257,67406.92902,-0.0015355086372361,ARPA-USDT,0.0260224952949881,0.0260252868705436,
2022-12-22 05:00:00,0.02601,0.0260199999999999,0.02592,0.02593,4193874,108838.94069,915,1537325,39904.11683,-0.000385505011565,ARPA-USDT,0.0259971337610059,0.0259727242807742,
2022-12-22 06:00:00,0.02593,0.0259399999999999,0.02582,0.02583,4289556,111038.15342,800,1541545,39919.15258,0.0003872966692486,ARPA-USDT,0.025920757193654,0.0259123029845456,
2022-12-22 07:00:00,0.02584,0.0259399999999999,0.02578,0.02591,3657731,94612.77799,862,2075881,53698.34531,-0.0011565150346954,ARPA-USDT,0.0258359569776625,0.0258163795557427,
2022-12-22 08:00:00,0.02591,0.02608,0.02591,0.02598,6434802,167096.72718000002,1270,3370516,87536.71966999999,0.0,ARPA-USDT,0.0259550664898512,0.0259563873569525,-0.00010072
2022-12-22 09:00:00,0.02597,0.0260399999999999,0.02595,0.02599,3245568,84353.54829,791,1362524,35411.53664,-0.0003846153846153,ARPA-USDT,0.0259713420963973,0.0259773758761265,
2022-12-22 10:00:00,0.026,0.02605,0.02592,0.02595,2904061,75447.45411,601,1295186,33651.20181,-0.0007701193685021,ARPA-USDT,0.0260161832426042,0.0260272141327255,
2022-12-22 11:00:00,0.02595,0.026,0.02583,0.0259399999999999,6150208,159332.42808,1239,3064993,79396.31221,-0.0003853564547244,ARPA-USDT,0.0259452328531219,0.025950796748325,
2022-12-22 12:00:00,0.02593,0.02601,0.02592,0.02599,4248746,110329.81427,900,2225496,57799.16204,-0.0003846153846153,ARPA-USDT,0.0259574345663408,0.0259753227357067,
2022-12-22 13:00:00,0.02598,0.02601,0.0259,0.0259,3899526,101177.98807,814,1594543,41379.84986,-0.0003859513701273,ARPA-USDT,0.0259867633048199,0.0259810571479576,
2022-12-22 14:00:00,0.02591,0.02593,0.0256899999999999,0.0256899999999999,6326274,163225.05104,1402,3143903,81113.83786,-0.0011664074650116,ARPA-USDT,0.0259044579217614,0.0259092593074067,
2022-12-22 15:00:00,0.0257,0.02572,0.02549,0.02553,9787465,250479.69214,1924,4180186,107016.63406,0.0,ARPA-USDT,0.0256825984283874,0.0256423864460323,
2022-12-22 16:00:00,0.02554,0.02562,0.0255,0.02557,7942066,202925.82768,1574,3890526,99440.85559,-0.0003909304143862,ARPA-USDT,0.0255277929288905,0.0255466154062286,-0.00024797
2022-12-22 17:00:00,0.02557,0.02563,0.0254,0.02547,7882015,200945.99951,1561,3095699,78968.31815,0.0,ARPA-USDT,0.0255618615080006,0.0255803558006251,
2022-12-22 18:00:00,0.02546,0.02556,0.0254199999999999,0.02548,4850054,123585.78297,971,2408722,61396.98719,-0.0003923107100823,ARPA-USDT,0.0254383778404945,0.0254425792065587,
2022-12-22 19:00:00,0.02548,0.02559,0.02546,0.02558,4297654,109662.59058,885,2527607,64506.755,0.0,ARPA-USDT,0.0254824696889389,0.025505634908257,
2022-12-22 20:00:00,0.02558,0.0260199999999999,0.02555,0.02585,12053529,311261.2245,2321,5968032,153978.75541,-0.0003866976024748,ARPA-USDT,0.0255769278434688,0.0255692916924602,
2022-12-22 21:00:00,0.02585,0.02631,0.02585,0.0261,28126010,733957.6213100001,4145,16534421,431368.48583,-0.0003829950210647,ARPA-USDT,0.0258833867500822,0.0258961982692359,
2022-12-22 22:00:00,0.0261,0.02616,0.0260199999999999,0.02611,9837392,256629.51737,1605,5178545,135090.57656,-0.0003828483920367,ARPA-USDT,0.0260752811462364,0.0260977592487941,
2022-12-22 23:00:00,0.0261,0.02623,0.02595,0.02623,12510002,326388.75295,2125,5638887,147178.31897,0.0007630675314764,ARPA-USDT,0.0261128081492117,0.0260925787914299,
2022-12-23 00:00:00,0.02622,0.0262899999999999,0.0261199999999999,0.02615,9526556,249510.03028,1768,4529732,118651.34882,-0.0011459129106187,ARPA-USDT,0.0261936283404771,0.0261672914841677,-0.00012082
2022-12-23 01:00:00,0.02616,0.02625,0.0261399999999999,0.0262,3924777,102784.93587,731,2079500,54463.06496,0.0,ARPA-USDT,0.0261917126222086,0.0261632958968405,
2022-12-23 02:00:00,0.0262,0.0263699999999999,0.02616,0.02634,4864759,127772.65412,919,2518763,66159.73557,0.0,ARPA-USDT,0.0262092352485902,0.0262105986688621,
2022-12-23 03:00:00,0.02635,0.02643,0.0263,0.02636,9253365,244037.97947,2067,4216855,111257.35594,0.0015197568389058,ARPA-USDT,0.0263734993835674,0.0263749297081655,
2022-12-23 04:00:00,0.02635,0.0263699999999999,0.02626,0.02636,4438511,116817.85849,1023,2244015,59061.26494,0.0003795066413663,ARPA-USDT,0.0263592279074817,0.0263338660110034,
2022-12-23 05:00:00,0.02636,0.0263899999999999,0.0262699999999999,0.0262699999999999,4778878,125872.92354,1065,2136527,56301.77011,-0.0007607455306237,ARPA-USDT,0.0263671376664775,0.0263674110504731,
2022-12-23 06:00:00,0.02628,0.0263,0.0261899999999999,0.0262,3877168,101747.21747,800,1581617,41505.65142,-0.0003815337657382,ARPA-USDT,0.0262838947370833,0.026267093806229,
2022-12-23 07:00:00,0.02621,0.02631,0.0262,0.02628,2641977,69409.59503,743,1812605,47623.37845,-0.001140250855188,ARPA-USDT,0.0262302566586841,0.0262315566523141,
2022-12-23 08:00:00,0.02628,0.0263,0.02616,0.02626,3548180,93090.07822,862,1628346,42730.2033,0.0007621951219511,ARPA-USDT,0.0262812056213798,0.0262863246390573,-0.00019003
2022-12-23 09:00:00,0.02626,0.0262899999999999,0.0261899999999999,0.02628,2700135,70863.74859999999,765,1378976,36196.63017,0.0,ARPA-USDT,0.0262702087947556,0.0262672673893105,
2022-12-23 10:00:00,0.0262899999999999,0.02645,0.0262699999999999,0.02635,3925269,103470.3173,1069,2034122,53631.31654,-0.0003793626707133,ARPA-USDT,0.0262916455982145,0.026290451183227,
2022-12-23 11:00:00,0.02636,0.0263899999999999,0.0262699999999999,0.02631,2397557,63096.22327,583,1085066,28561.97217,0.0011415525114155,ARPA-USDT,0.0263627218182663,0.0263693294300064,
2022-12-23 12:00:00,0.0263,0.02643,0.0262899999999999,0.02643,3692354,97349.65597,889,2519341,66427.11655,0.0011363636363634,ARPA-USDT,0.0263041982259173,0.0263234840265435,
2022-12-23 13:00:00,0.02642,0.02648,0.02623,0.02635,12413779,327073.00181,1893,5852150,154207.60454,-0.0015157256536567,ARPA-USDT,0.0264124532665899,0.0264101551668992,
2022-12-23 14:00:00,0.02636,0.0264399999999999,0.02625,0.0262899999999999,5227112,137671.6809,1156,2299133,60565.97869,-3.774758283725532e-15,ARPA-USDT,0.0263873256694476,0.0263816356648225,
2022-12-23 15:00:00,0.0262899999999999,0.0264,0.02625,0.0262699999999999,3953607,104049.94187,899,1864784,49073.27277,-0.0011406844106501,ARPA-USDT,0.0263289335171656,0.0263093175310207,
2022-12-23 16:00:00,0.02628,0.02636,0.02628,0.02632,2508582,66032.64709,747,1153065,30348.45001,0.000380083618396,ARPA-USDT,0.0262960681023139,0.0263086888281563,5.64e-06
2022-12-23 17:00:00,0.02632,0.02635,0.02624,0.02625,3200786,84211.11526,673,1054719,27764.76106,-0.0003808073115003,ARPA-USDT,0.0263236307703187,0.0263254656114688,
2022-12-23 18:00:00,0.02625,0.02631,0.02621,0.02622,5194044,136468.43229,1052,3088170,81152.74481,-0.0003812428516964,ARPA-USDT,0.0262652289777783,0.0262673566068193,
2022-12-23 19:00:00,0.02622,0.0263,0.02621,0.02625,2964414,77848.1202,770,1616630,42463.08043,-0.0003808073115003,ARPA-USDT,0.0262181376660307,0.0262189945629209,
2022-12-23 20:00:00,0.02625,0.02632,0.0261899999999999,0.0261899999999999,2558111,67140.49087000001,733,1126341,29561.72924,-0.0007630675314803,ARPA-USDT,0.0262277830121178,0.0262744749482603,
2022-12-23 21:00:00,0.0262,0.02625,0.02615,0.0262,2754315,72172.80454,772,1342385,35170.76111,-0.0015243902439023,ARPA-USDT,0.0261903196547793,0.0261924618896591,
2022-12-23 22:00:00,0.02621,0.02622,0.02617,0.0262,1734304,45435.18574,511,1060260,27779.6791,-0.0007627765064835,ARPA-USDT,0.0262068351628895,0.0262055104559957,
2022-12-23 23:00:00,0.02621,0.02628,0.02618,0.02626,2875206,75430.73952,646,1302615,34180.30311,0.0015255530129671,ARPA-USDT,0.0262367270150879,0.0262332895825888,
2022-12-24 00:00:00,0.02625,0.0262699999999999,0.02618,0.02621,2219014,58188.29432,611,1119533,29356.24119,-0.0007624857033929,ARPA-USDT,0.0262411065978209,0.0262097938732143,-0.00032958
2022-12-24 01:00:00,0.02622,0.02631,0.0262,0.02623,1225254,32160.83757,567,593603,15584.4207,-0.0003810975609755,ARPA-USDT,0.0262138196399528,0.0262130237008006,
2022-12-24 02:00:00,0.02624,0.02631,0.02621,0.02631,1515333,39782.85006,499,731412,19201.09206,0.0007607455306199,ARPA-USDT,0.0262262125530562,0.0262329023116633,
2022-12-24 03:00:00,0.0263,0.02636,0.02628,0.02636,1498887,39452.1269,507,718122,18907.84834,0.0,ARPA-USDT,0.0263002353939829,0.0262914649930188,
2022-12-24 04:00:00,0.0263699999999999,0.0263899999999999,0.02636,0.0263899999999999,1384555,36521.11629,554,832520,21964.22665,0.0007584376185021,ARPA-USDT,0.0263704368542481,0.0263794073498347,
2022-12-24 05:00:00,0.02638,0.0264,0.0262899999999999,0.02635,2835055,74678.07225,685,1292396,34042.81605,0.0,ARPA-USDT,0.0263659559450808,0.0263765041609447,
2022-12-24 06:00:00,0.02635,0.02635,0.02618,0.02626,5003105,131326.73113,779,1762335,46266.57504,-0.0003806623524934,ARPA-USDT,0.0263362598201543,0.0263130780086492,
2022-12-24 07:00:00,0.02626,0.0263699999999999,0.02623,0.02636,1740770,45797.88552,598,1105257,29077.23917,0.0007593014426727,ARPA-USDT,0.0262396223816262,0.0262426057927389,
2022-12-24 08:00:00,0.02636,0.02638,0.02628,0.02632,3062707,80641.5598,750,1847451,48635.56094,-0.0007593014426726,ARPA-USDT,0.0263635726617049,0.026362471922132,-4.449e-05
2022-12-24 09:00:00,0.02632,0.02634,0.02621,0.02621,2381301,62562.06283,621,1304227,34274.34791,-0.0003813882532417,ARPA-USDT,0.0263185765136853,0.0263073354514144,
2022-12-24 10:00:00,0.02621,0.02635,0.02621,0.02632,2903990,76381.73809,491,1875823,49334.14158,0.000380083618396,ARPA-USDT,0.026223516990768,0.0262247531693269,
2022-12-24 11:00:00,0.02632,0.02632,0.02624,0.0262899999999999,1788976,47005.56071,545,1012384,26599.52674,-3.774758283725532e-15,ARPA-USDT,0.02631992436201,0.026311984872402,
2022-12-24 12:00:00,0.0262899999999999,0.02638,0.02607,0.0261,15456562,404546.90467,2123,5512797,144250.0143,-0.0007656967840734,ARPA-USDT,0.0263057622592399,0.0263361990755362,
2022-12-24 13:00:00,0.02609,0.02622,0.02609,0.02613,6968173,182316.102,1542,3282217,85889.97344,-0.0007648183556404,ARPA-USDT,0.026102945879621,0.0261275166378959,
2022-12-24 14:00:00,0.0261399999999999,0.0262,0.02609,0.0261,6233104,162915.82105,1260,2641398,69029.55633,-0.0011481056257175,ARPA-USDT,0.02614450197191,0.0261543986911779,
2022-12-24 15:00:00,0.02611,0.0261199999999999,0.02609,0.0261,2862553,74740.98406,804,1295059,33818.38508,0.0003832886163281,ARPA-USDT,0.0261092009221968,0.0261162748095853,
2022-12-24 16:00:00,0.02609,0.0261199999999999,0.02605,0.02607,3308783,86371.30462,785,1703078,44467.16535,-0.000383435582822,ARPA-USDT,0.026101607966457,0.0261107175831247,-0.00061416
2022-12-24 17:00:00,0.02607,0.0261399999999999,0.02603,0.02613,2978725,77719.00984,620,1542930,40254.88791,-0.0003825554705432,ARPA-USDT,0.0260522065411024,0.0260671601650165,
2022-12-24 18:00:00,0.02613,0.02618,0.02609,0.02617,1923558,50274.61308,489,948882,24802.62393,0.0003822629969418,ARPA-USDT,0.0261223154349298,0.0261168096398483,
2022-12-24 19:00:00,0.02616,0.02622,0.02616,0.02618,2093343,54825.56515,563,1036106,27137.80654,-0.0003818251240932,ARPA-USDT,0.0261742198069492,0.0261740718597306,
2022-12-24 20:00:00,0.0261899999999999,0.0262,0.02616,0.02616,1092981,28616.42276,388,315127,8252.47538,-0.0003821169277798,ARPA-USDT,0.0261821689097232,0.026180694826007,
2022-12-24 21:00:00,0.02617,0.02618,0.0261199999999999,0.02613,1684571,44067.473900000005,400,704106,18422.8981,0.0,ARPA-USDT,0.0261747553054482,0.0261780976027741,
2022-12-24 22:00:00,0.0261199999999999,0.02615,0.02611,0.0261399999999999,1127990,29468.64132,350,508966,13297.66582,-0.0007645259938876,ARPA-USDT,0.0261198009691495,0.0261187668789075,
2022-12-24 23:00:00,0.0261399999999999,0.02621,0.0261,0.02613,3256910,85183.86983,908,1660046,43423.56102,-0.0015284677111195,ARPA-USDT,0.0261195812034206,0.0261197993179017,
2022-12-25 00:00:00,0.02613,0.02622,0.0261199999999999,0.0262,2565874,67129.02322,662,1229294,32161.84539,-0.0003815337657382,ARPA-USDT,0.026139397065589,0.0261400047941624,-0.0001634
2022-12-25 01:00:00,0.02621,0.0262699999999999,0.0262,0.02622,1671532,43854.86355,464,934503,24519.27289,-0.0003812428516964,ARPA-USDT,0.026205597369994,0.0262075241797327,
2022-12-25 02:00:00,0.02621,0.02633,0.02621,0.0263,5433193,142754.96658,734,3940667,103526.36824,-0.0007598784194529,ARPA-USDT,0.0262194630465823,0.026240302305172,
2022-12-25 03:00:00,0.0263,0.02636,0.0262899999999999,0.02635,1943274,51152.70905,461,1220581,32129.67595,0.0,ARPA-USDT,0.0263058404730254,0.0263052841995675,
2022-12-25 04:00:00,0.02635,0.02638,0.0263,0.02632,2882965,75961.99809000001,601,1038019,27358.93545,-0.0007593014426726,ARPA-USDT,0.0263660388968985,0.0263692910735169,
2022-12-25 05:00:00,0.02632,0.02635,0.0262899999999999,0.02631,2218222,58353.55122,586,879273,23134.57611,-0.0007595898214963,ARPA-USDT,0.0263123835444764,0.0263080030439793,
2022-12-25 06:00:00,0.0263,0.02638,0.0263,0.02634,3032454,79881.28431,590,1611239,42448.66055,0.0,ARPA-USDT,0.0263096685056571,0.0263097649680847,
2022-12-25 07:00:00,0.02634,0.02635,0.02626,0.02626,3162545,83178.93056,887,840958,22123.57314,-0.0003806623524934,ARPA-USDT,0.0263476806424238,0.0263469752962993,
2022-12-25 08:00:00,0.0262699999999999,0.0263,0.02621,0.02621,2197755,57720.23488,639,679287,17843.61518,-0.0007624857033929,ARPA-USDT,0.0262887904364569,0.0262895843970868,3.232e-05
2022-12-25 09:00:00,0.02622,0.0263,0.02621,0.02625,2152327,56526.54197,562,978673,25694.24544,-0.0011415525114155,ARPA-USDT,0.0262198584107904,0.0262301613160123,
2022-12-25 10:00:00,0.02625,0.0262699999999999,0.02623,0.02625,1280500,33618.94135,364,682337,17915.95359,-0.0003808073115003,ARPA-USDT,0.0262465456341403,0.0262484012881685,
2022-12-25 11:00:00,0.02626,0.02635,0.02624,0.02632,2158831,56749.78408,658,1070469,28137.65724,0.000380083618396,ARPA-USDT,0.0262514907580609,0.0262519199463698,
2022-12-25 12:00:00,0.02631,0.02632,0.02622,0.02622,3062970,80403.22009,680,1594418,41853.33413,0.0,ARPA-USDT,0.0262936222260995,0.0262830525784756,
2022-12-25 13:00:00,0.02623,0.0263,0.02622,0.02624,2053768,53942.29369,856,1182984,31071.34011,-0.0007616146230007,ARPA-USDT,0.0262336803771646,0.0262492327734535,
2022-12-25 14:00:00,0.02625,0.02638,0.0261199999999999,0.02635,15255164,400753.66047,2175,8330073,218832.89375,0.0,ARPA-USDT,0.0262495128457924,0.0262597377127623,
2022-12-25 15:00:00,0.02634,0.02645,0.0261899999999999,0.0262,7039282,185205.17053,1161,3670392,96574.7828,-0.0003815337657382,ARPA-USDT,0.0263325290901731,0.0263736989342193,
2022-12-25 16:00:00,0.0262,0.0266399999999999,0.0261199999999999,0.02653,26940420,712854.15507,3260,14835345,392543.58465,-0.0015054572826495,ARPA-USDT,0.0261678407253579,0.0261890469589665,-0.0002609
2022-12-25 17:00:00,0.02653,0.02655,0.02625,0.02626,50286600,1328271.70281,5716,23015413,608028.10744,0.0,ARPA-USDT,0.0263975010698837,0.0264760374509514,
2022-12-25 18:00:00,0.02626,0.0263899999999999,0.02613,0.0261399999999999,20466719,537220.83874,2551,9516339,249846.04945,-0.0007645259938876,ARPA-USDT,0.0262475884844572,0.0262488787310365,
2022-12-25 19:00:00,0.02615,0.02628,0.02603,0.0262699999999999,14318981,374556.41673,2253,6844034,179057.84332,0.0003808073114965,ARPA-USDT,0.0261535906996263,0.0262045367044646,
2022-12-25 20:00:00,0.0262699999999999,0.02631,0.0261199999999999,0.02616,8310439,218054.05011,1307,3914258,102711.65865,0.0,ARPA-USDT,0.0262970232844905,0.0262821624299346,
2022-12-25 21:00:00,0.02617,0.02635,0.02617,0.02632,5413572,142124.98188,1052,2982298,78302.95952,0.0007604562737641,ARPA-USDT,0.0261847919577391,0.0261819023615144,
2022-12-25 22:00:00,0.02632,0.02635,0.02624,0.02624,4425677,116436.98868,861,1547637,40712.14923,0.0,ARPA-USDT,0.0263194714920249,0.0263148528375642,
2022-12-25 23:00:00,0.02624,0.02635,0.02624,0.02634,3137223,82512.95499,662,1668630,43885.45653,0.0003797949107482,ARPA-USDT,0.0262525587430515,0.0262606909604044,
2022-12-26 00:00:00,0.02633,0.02634,0.02624,0.02634,5204854,136854.82226000002,956,2758084,72524.70986,0.0003797949107482,ARPA-USDT,0.026336894186576,0.0263188966690694,4.917e-05
2022-12-26 01:00:00,0.02635,0.02645,0.02632,0.02645,2942853,77660.05375,740,1623003,42842.02381,-0.0003779289493575,ARPA-USDT,0.0263524240151332,0.0263394765274625,
2022-12-26 02:00:00,0.02646,0.02653,0.02642,0.02648,4025811,106560.5144,772,1686247,44633.333340000005,0.000377786173026,ARPA-USDT,0.0264584538029522,0.0264833831986042,
2022-12-26 03:00:00,0.02647,0.0264899999999999,0.02638,0.0264399999999999,2704324,71464.18265,464,1139822,30119.09067,0.0015151515151476,ARPA-USDT,0.026475429614675,0.026479824216172,
2022-12-26 04:00:00,0.02643,0.02645,0.02633,0.02638,2995146,79062.40487,906,1580157,41713.30248,0.0,ARPA-USDT,0.026437534724681,0.0264263710945424,
2022-12-26 05:00:00,0.02638,0.0264399999999999,0.02633,0.02638,2965335,78223.72977,1108,1881900,49644.88401,-0.0003789314134141,ARPA-USDT,0.0263870182076841,0.026386195200092,
2022-12-26 06:00:00,0.02638,0.0263899999999999,0.02626,0.02626,2303624,60682.71781,702,926664,24415.74535,-0.0003806623524934,ARPA-USDT,0.0263799499075724,0.0263680128497493,
2022-12-26 07:00:00,0.02626,0.02634,0.02626,0.0262699999999999,2950378,77566.19366,1040,1673348,44005.40642,-0.0003805175038089,ARPA-USDT,0.02627404212204,0.0262837803077666,
2022-12-26 08:00:00,0.02628,0.0263,0.02621,0.02621,1784558,46837.3266,521,778004,20423.14453,0.0,ARPA-USDT,0.0262854377373846,0.0262770820758317,-0.00015468
2022-12-26 09:00:00,0.02622,0.0263,0.02621,0.02623,2979924,78216.91362,565,853795,22411.693,0.0,ARPA-USDT,0.0262140986364177,0.0262132002210586,
2022-12-26 10:00:00,0.02624,0.0263699999999999,0.02623,0.02631,3446760,90702.52919,579,1450323,38164.432080000006,0.0,ARPA-USDT,0.026240071491686,0.0262441357785459,
2022-12-26 11:00:00,0.02631,0.02635,0.0262699999999999,0.02635,2118328,55735.69871,418,1170222,30792.82847,0.0011398176291792,ARPA-USDT,0.0263027541720913,0.026294292323265,
2022-12-26 12:00:00,0.02635,0.02638,0.02634,0.02638,2552627,67296.23055,859,1523141,40160.22575,0.0007587253414262,ARPA-USDT,0.0263577566767837,0.0263622416933344,
2022-12-26 13:00:00,0.02638,0.02638,0.02626,0.02631,3467550,91284.94603,787,1286011,33867.30765,0.0,ARPA-USDT,0.0263765698628612,0.0263699951298817,
2022-12-26 14:00:00,0.02632,0.02635,0.02626,0.0263,3184437,83773.31924,564,1139847,29990.49,0.0003803727653099,ARPA-USDT,0.0263263829042259,0.0263265957260564,
2022-12-26 15:00:00,0.0263,0.0263899999999999,0.02617,0.02618,6625280,174188.39519,983,2783288,73221.86138,-0.000763358778626,ARPA-USDT,0.0263101259718578,0.026332106359381,
2022-12-26 16:00:00,0.02618,0.02625,0.02617,0.02622,3652345,95733.15991,751,2151614,56401.16824,-0.0007621951219511,ARPA-USDT,0.02618401204033,0.0261885717485858,0.0001
2022-12-26 17:00:00,0.02622,0.02622,0.02611,0.0261199999999999,4289689,112247.32793,811,1658979,43415.95131,-0.0007651109410903,ARPA-USDT,0.0262115892290645,0.0262005666408108,
2022-12-26 18:00:00,0.0261199999999999,0.02641,0.02608,0.0261399999999999,21740161,569773.59215,2839,13407108,351469.84725,-0.000382409177824,ARPA-USDT,0.0261089305111415,0.0261118185565667,
2022-12-26 19:00:00,0.02613,0.02624,0.0261199999999999,0.02624,3917353,102570.22436,1006,2489969,65204.83182,0.0003812428516964,ARPA-USDT,0.0261332762760071,0.0261326497719666,
2022-12-26 20:00:00,0.02624,0.02633,0.02623,0.02631,3692887,96986.81004,961,2142695,56275.769980000005,0.0,ARPA-USDT,0.0262359138500017,0.0262361439997469,
2022-12-26 21:00:00,0.02631,0.0264,0.02628,0.0262899999999999,5890161,155224.01114,935,3094311,81570.8088,0.0003805175038014,ARPA-USDT,0.0262966503474894,0.0262906310243214,
2022-12-26 22:00:00,0.0263,0.02655,0.0262899999999999,0.02646,9540968,252247.41226,1900,6562755,173579.97434000002,-0.000377786173026,ARPA-USDT,0.0262982455575048,0.0263071107065084,
2022-12-26 23:00:00,0.02647,0.02675,0.0264399999999999,0.0266,6325659,168348.36686,1396,3718496,98976.74204,-0.0011265490048818,ARPA-USDT,0.0264832840250102,0.0264684620267665,
2022-12-27 00:00:00,0.02661,0.02669,0.0261199999999999,0.0261399999999999,17148150,452174.04088,2751,5171048,136215.19501,-0.0011463507833434,ARPA-USDT,0.0266215623288248,0.0266437095995539,5.485e-05
2022-12-27 01:00:00,0.02615,0.02624,0.02609,0.0261899999999999,6684636,174866.21215,1764,3327120,87030.90771,0.0003819709702024,ARPA-USDT,0.0261991348435184,0.026212683779147,
2022-12-27 02:00:00,0.0261899999999999,0.02625,0.0261399999999999,0.02621,5322141,139390.96939,1248,2787146,73009.57048,0.0003816793893129,ARPA-USDT,0.0261776889963704,0.0261841345570872,
2022-12-27 03:00:00,0.0262,0.02631,0.0261899999999999,0.0263,3134505,82261.43613,666,2078827,54560.94688,0.0,ARPA-USDT,0.0262032444028797,0.0262073873136401,
2022-12-27 04:00:00,0.0263,0.02647,0.0262899999999999,0.0264399999999999,4192198,110624.00265,954,2560317,67564.4358,0.0003783579265947,ARPA-USDT,0.0262929465597638,0.0263029406671699,
2022-12-27 05:00:00,0.0264399999999999,0.02645,0.02628,0.0263,5885973,155125.90059,1114,2585433,68151.19316,0.0003803727653099,ARPA-USDT,0.0264427197166961,0.0264329053110768,
2022-12-27 06:00:00,0.02631,0.02631,0.02621,0.02625,4111369,107956.79405,849,1546246,40586.91208,0.0,ARPA-USDT,0.0263017774451976,0.0262926352824836,
2022-12-27 07:00:00,0.02625,0.0262899999999999,0.02616,0.02623,5256090,137752.07455,908,1987367,52081.76788,0.0007630675314764,ARPA-USDT,0.0262629194469266,0.0262756690481908,
2022-12-27 08:00:00,0.02622,0.02633,0.02615,0.02626,5715005,149839.87131,1042,2937389,76994.82595,0.0,ARPA-USDT,0.0262231321974293,0.0261937719817881,-0.00024191
2022-12-27 09:00:00,0.02625,0.0265,0.0261899999999999,0.0264399999999999,6184840,163031.11777,1032,3782984,99719.74303,0.000757002271003,ARPA-USDT,0.0262271031056763,0.0262115218020305,
2022-12-27 10:00:00,0.02643,0.0264399999999999,0.02632,0.02635,7137137,188162.00442,1045,3098395,81707.78623,0.0007595898214962,ARPA-USDT,0.0264258441151556,0.0264017210940352,
2022-12-27 11:00:00,0.02635,0.0263899999999999,0.0262699999999999,0.02635,2600026,68452.83840000001,710,1332355,35086.36089,0.0003796507213362,ARPA-USDT,0.0263646365902354,0.0263556988704983,
2022-12-27 12:00:00,0.02634,0.02638,0.0262899999999999,0.0263,3904280,102851.63924,617,1728567,45550.40133,-0.0007598784194529,ARPA-USDT,0.0263576796732888,0.0263672675456512,
2022-12-27 13:00:00,0.0263,0.02643,0.0262899999999999,0.02636,2148958,56678.34754,590,1374401,36240.26871,-0.0003792188092529,ARPA-USDT,0.0263028101951835,0.0263215365320505,
2022-12-27 14:00:00,0.02636,0.02647,0.02606,0.02616,11247422,295162.88997,1648,5331078,139961.64894,0.0,ARPA-USDT,0.0263579402474538,0.0263827061621215,
2022-12-27 15:00:00,0.02615,0.02634,0.02611,0.02616,5216611,136816.43099999998,1035,2676306,70161.97913,-0.0015267175572519,ARPA-USDT,0.0261548726233549,0.0261438373184656,
2022-12-27 16:00:00,0.02616,0.02624,0.02613,0.0261899999999999,3891397,101889.28666,771,2112459,55304.25052,0.0003819709702024,ARPA-USDT,0.0261458920142276,0.026182403983626,-0.00012727
2022-12-27 17:00:00,0.02618,0.02621,0.02601,0.0261399999999999,5318330,138910.96091,1085,2550983,66617.35036,-0.0007645259938876,ARPA-USDT,0.0261786927601269,0.0261819442377991,
2022-12-27 18:00:00,0.02613,0.0261399999999999,0.02603,0.0261,4445052,115981.23022,905,2440705,63668.18852,-0.0007656967840734,ARPA-USDT,0.0261220403292451,0.0261251098443643,
2022-12-27 19:00:00,0.0261,0.02621,0.02607,0.0262,2946124,77000.90868000001,602,1527866,39936.33352,0.0003818251240932,ARPA-USDT,0.026097257222085,0.0261101508405615,
2022-12-27 20:00:00,0.0262,0.02631,0.0262,0.02624,2501811,65710.47353,759,1124920,29539.01529,0.0011446012972147,ARPA-USDT,0.0262084114666621,0.026232475592298,
2022-12-27 21:00:00,0.02625,0.02626,0.0262,0.02622,1935832,50773.40449,480,1119137,29356.88933,-0.0003812428516964,ARPA-USDT,0.0262571456796351,0.0262433766909308,
2022-12-27 22:00:00,0.02621,0.02626,0.02616,0.02624,2615967,68568.94213,587,1599227,41927.67495,-0.0003809523809523,ARPA-USDT,0.0262181374533001,0.026210713564564,
2022-12-27 23:00:00,0.02623,0.02636,0.02622,0.02634,2646156,69556.30489,679,1675814,44053.08238,0.0003797949107482,ARPA-USDT,0.0262267781896584,0.0262425071586775,
2022-12-28 00:00:00,0.02634,0.0263899999999999,0.02622,0.02623,4859849,127942.05901,785,1441850,37974.26739,-0.0003810975609755,ARPA-USDT,0.0263320955565142,0.0263552294078672,9.54e-06
2022-12-28 01:00:00,0.02624,0.0262699999999999,0.02603,0.02613,4791923,125386.14343,952,2057956,53818.67476,-0.0003825554705432,ARPA-USDT,0.0262427973899949,0.0262484617723526,
2022-12-28 02:00:00,0.02613,0.0261399999999999,0.02595,0.026,5327597,138629.70097,919,1901826,49496.06059,-0.0011525163273147,ARPA-USDT,0.0261317755856966,0.026114949477364,
2022-12-28 03:00:00,0.026,0.02601,0.0256899999999999,0.0259,7487121,193452.88895,1340,2961428,76467.40817,0.0,ARPA-USDT,0.0260066304385234,0.0259661411753695,
2022-12-28 04:00:00,0.02591,0.02595,0.02586,0.02595,2032905,52637.43102,550,974590,25239.87279,-0.0003852080123266,ARPA-USDT,0.025897494265645,0.0258991712461674,
2022-12-28 05:00:00,0.0259399999999999,0.02599,0.0254199999999999,0.0255099999999999,15959931,408982.47955,2629,8102784,207654.59003,-0.0007833920877438,ARPA-USDT,0.0259331698731412,0.0259375764723057,
2022-12-28 06:00:00,0.0255099999999999,0.02554,0.02544,0.02545,4909904,125141.94196,1381,2172445,55373.04011,-0.0003927729772191,ARPA-USDT,0.0254830839394496,0.0254935111942283,
2022-12-28 07:00:00,0.02546,0.02567,0.02546,0.0256399999999999,5606860,143524.01244,1276,2831376,72457.57274,-0.0003898635477621,ARPA-USDT,0.0254628278231834,0.0254936471400533,
2022-12-28 08:00:00,0.02563,0.02578,0.02563,0.02571,4197796,107915.01387,909,2119614,54471.55814,-0.001165501165501,ARPA-USDT,0.0256414713072139,0.0257027567662072,-0.00022654
2022-12-28 09:00:00,0.02572,0.02576,0.0256399999999999,0.02576,3450251,88720.93553,867,1601650,41201.28077,0.0007770007770009,ARPA-USDT,0.025718022855526,0.0257248026939546,
2022-12-28 10:00:00,0.02575,0.0257699999999999,0.02554,0.02559,5598811,143693.79077,1031,2247086,57650.56863,-0.0003906249999999,ARPA-USDT,0.0257438562194877,0.0257489772058252,
2022-12-28 11:00:00,0.0256,0.0258,0.02556,0.0257899999999999,8876970,228186.19119,1670,5154268,132517.58967,0.0007760962359293,ARPA-USDT,0.025598842245881,0.0256053938766367,
2022-12-28 12:00:00,0.0257899999999999,0.0257899999999999,0.0256,0.02562,7574938,194589.82037,1378,2931804,75303.24852,0.0003904724716907,ARPA-USDT,0.0257768293857933,0.0257307961104456,
2022-12-28 13:00:00,0.02562,0.0257,0.02561,0.02568,3284742,84284.4857,692,2082782,53442.37131,0.000389559797429,ARPA-USDT,0.025631947656065,0.0256379054009461,
2022-12-28 14:00:00,0.0256899999999999,0.02605,0.02566,0.0258699999999999,14591638,377528.35563,2177,7999591,206995.23142,-3.885780586188048e-15,ARPA-USDT,0.025689757520176,0.0256879201943197,
2022-12-28 15:00:00,0.02588,0.02603,0.0256,0.02565,8402447,216711.37154,1400,3597401,92865.17773,0.0,ARPA-USDT,0.0259059702285774,0.0259704086544691,
2022-12-28 16:00:00,0.02566,0.02575,0.0256,0.02565,6235169,160024.58484999998,1041,3388473,86957.10541999999,-0.0007791195948577,ARPA-USDT,0.025621610549288,0.0256388189296183,-3.731e-05
2022-12-28 17:00:00,0.02565,0.02584,0.02565,0.02571,6237173,160529.47092,932,2992532,77016.63111,0.0003891050583657,ARPA-USDT,0.0256596084696931,0.0256691348282945,
2022-12-28 18:00:00,0.02571,0.0258699999999999,0.02571,0.0257699999999999,4242793,109446.70129,658,3057824,78865.81297,0.0007766990291224,ARPA-USDT,0.0257334048680069,0.0257906534114516,
2022-12-28 19:00:00,0.02576,0.02585,0.02572,0.0257699999999999,4109188,105924.45575,718,2348281,60538.74824,0.00038819875776,ARPA-USDT,0.025769432196747,0.0257705218336064,
2022-12-28 20:00:00,0.0257699999999999,0.02586,0.02572,0.02582,2469958,63694.37369,578,1092520,28165.15696,-0.0003871467286101,ARPA-USDT,0.0257505058793125,0.0257462672903504,
2022-12-28 21:00:00,0.02582,0.02583,0.02524,0.0255,13507403,343929.0654,2226,5272199,134214.74994,0.0,ARPA-USDT,0.0258139668307152,0.0258129166479564,
2022-12-28 22:00:00,0.02548,0.0255099999999999,0.02532,0.02549,2987354,76029.45779,730,1564420,39819.13862,0.0007852375343539,ARPA-USDT,0.0254665830642763,0.0254633093562364,
2022-12-28 23:00:00,0.02548,0.02558,0.02547,0.02555,2244896,57309.4388,673,1148652,29312.34,0.0011755485893416,ARPA-USDT,0.0254869689198592,0.0254982926135521,
2022-12-29 00:00:00,0.02555,0.02567,0.0254199999999999,0.0256399999999999,7949086,203019.23426,1300,3617157,92384.7795,0.0011714174150683,ARPA-USDT,0.0255317029787821,0.0255488003058965,3.654e-05
2022-12-29 01:00:00,0.0256399999999999,0.02565,0.0255099999999999,0.0255199999999999,1814415,46387.31651,547,517439,13229.25677,0.0003920031360211,ARPA-USDT,0.0256384965150367,0.0256188096192766,
2022-12-29 02:00:00,0.0255199999999999,0.02558,0.02529,0.02558,5647576,143749.42411,1350,3150125,80181.08144,0.0015661707126075,ARPA-USDT,0.0255168706896551,0.0255038737059501,
2022-12-29 03:00:00,0.02556,0.02562,0.02553,0.02562,1488227,38048.89139,469,1021452,26117.99386,0.0007812499999999,ARPA-USDT,0.0255685398196663,0.0255601630187387,
2022-12-29 04:00:00,0.0256399999999999,0.0257,0.02556,0.02563,1617700,41430.70527,413,947127,24256.36594,-0.0007797270955165,ARPA-USDT,0.0256279310082704,0.0256030439822956,
2022-12-29 05:00:00,0.02563,0.0256399999999999,0.0255199999999999,0.02559,2442980,62517.0545,425,865381,22133.50886,0.0003909304143863,ARPA-USDT,0.0256265413105275,0.0256159540000824,
2022-12-29 06:00:00,0.02558,0.0256,0.02548,0.02556,2889581,73811.5323,720,1929044,49281.2278,0.0007830853563037,ARPA-USDT,0.025567353098631,0.0255549442580169,
2022-12-29 07:00:00,0.02555,0.02558,0.0254199999999999,0.02554,2409037,61439.65921,596,1191597,30384.81813,-0.0007824726134585,ARPA-USDT,0.0255461873854612,0.0255416211182505,
2022-12-29 08:00:00,0.02555,0.02557,0.02544,0.02546,3281393,83730.81431,665,1356739,34616.55692,-0.0007849293563578,ARPA-USDT,0.025549726383033,0.0255555186291084,6.004e-05
2022-12-29 09:00:00,0.02547,0.0256899999999999,0.02546,0.0256399999999999,3995869,102306.54638,628,2002707,51216.88295,-3.885780586188048e-15,ARPA-USDT,0.0254630425442488,0.0254733185782043,
2022-12-29 10:00:00,0.02563,0.02575,0.02562,0.02572,2242715,57569.84646,492,1261449,32367.16285,-0.0003886513797123,ARPA-USDT,0.0256317550406828,0.0256367668905872,
2022-12-29 11:00:00,0.02572,0.02575,0.02559,0.0256399999999999,2158976,55400.07581,587,628582,16129.51549,-3.885780586188048e-15,ARPA-USDT,0.0257326205966547,0.0257195540420312,
2022-12-29 12:00:00,0.02565,0.02574,0.02563,0.02566,4350888,111716.02114,757,1778225,45682.83774,0.0003898635477581,ARPA-USDT,0.0256653206055726,0.025681350683886,
2022-12-29 13:00:00,0.02565,0.02576,0.02561,0.02568,3420414,87872.15527999999,710,1829417,46996.24266,-0.0007782101167315,ARPA-USDT,0.0256642741299202,0.0256589422719269,
2022-12-29 14:00:00,0.02568,0.02586,0.02567,0.02582,3545068,91402.38392,739,1614425,41627.68028,0.0007751937984494,ARPA-USDT,0.025684234903677,0.0256856192697894,
2022-12-29 15:00:00,0.02582,0.0259399999999999,0.02576,0.02576,3221684,83303.34074,793,1241873,32123.45697,-0.0015503875968991,ARPA-USDT,0.025823216276098,0.0258636186804132,
2022-12-29 16:00:00,0.02576,0.02581,0.02574,0.02576,2237474,57674.05449,639,1100599,28373.06119,-0.0003880481179666,ARPA-USDT,0.0257847026830303,0.0257890252652726,3.098e-05
2022-12-29 17:00:00,0.02576,0.02593,0.02573,0.02592,4389154,113436.96435,636,3299063,85321.94686,0.0003859513701274,ARPA-USDT,0.025758613978543,0.0257621424408406,
2022-12-29 18:00:00,0.02591,0.02597,0.0257899999999999,0.02596,4808213,124401.5988,1179,2159003,55877.96001,0.0003853564547207,ARPA-USDT,0.0258603150708838,0.0258293779705206,
2022-12-29 19:00:00,0.02597,0.0260199999999999,0.02568,0.0258,10572104,273684.01625,2023,4379616,113377.96629,0.0003877471888329,ARPA-USDT,0.0259608866790639,0.0259581027778988,
2022-12-29 20:00:00,0.02581,0.02582,0.02535,0.02553,10185332,260523.99691,2026,4830935,123504.33762,-0.0003915426781518,ARPA-USDT,0.0257897618005531,0.0257834821697041,
2022-12-29 21:00:00,0.02553,0.02563,0.02547,0.02549,5440656,139002.46474,998,2850036,72820.6335,-0.000392156862745,ARPA-USDT,0.0255303180829578,0.0255317719397468,
2022-12-29 22:00:00,0.02549,0.02584,0.02546,0.0257,5416560,138911.80999,1260,3033767,77788.90759,-0.0003889537145079,ARPA-USDT,0.0254758530707323,0.0254971706141464,
2022-12-29 23:00:00,0.02571,0.02596,0.0257,0.02573,5431829,140365.89941,1092,2827402,73126.91932,0.0,ARPA-USDT,0.0257268152737733,0.0257411400460055,
2022-12-30 00:00:00,0.02575,0.02582,0.02563,0.0257899999999999,4850675,124826.89368,899,2260515,58175.28174,0.0007760962359293,ARPA-USDT,0.0257585232269017,0.0257295361374464,-0.0001479
2022-12-30 01:00:00,0.02578,0.0257899999999999,0.02558,0.0256,2383521,61181.34925,623,1113996,28618.0958,-0.0019493177387913,ARPA-USDT,0.0257734448808234,0.0257783652997278,
2022-12-30 02:00:00,0.0256,0.02581,0.0256,0.02572,3429342,88060.41916,704,1784596,45803.68615,0.0003889537145078,ARPA-USDT,0.0256042243460108,0.0256173295801975,
2022-12-30 03:00:00,0.02572,0.02584,0.02572,0.02581,2909719,75030.80936,566,1747978,45056.63535,-0.0003872966692486,ARPA-USDT,0.0257273544478804,0.0257317712200934,
2022-12-30 04:00:00,0.02582,0.0259,0.0258,0.02586,2713507,70133.18821,537,1345401,34779.95606,0.0007739938080495,ARPA-USDT,0.0258145492368761,0.0258235493129298,
2022-12-30 05:00:00,0.02585,0.02585,0.0256,0.02568,2841960,73140.23075,557,1559059,40113.74372,-0.0003892565200467,ARPA-USDT,0.0258402439049802,0.025834048780996,
2022-12-30 06:00:00,0.02568,0.02576,0.02553,0.02554,6065121,155574.82415,843,2277248,58413.87088,-0.0007824726134585,ARPA-USDT,0.0256847913578696,0.0256764629283515,
2022-12-30 07:00:00,0.02555,0.02571,0.0253,0.0255199999999999,13276449,338877.09558,1978,7350840,187708.73134,-0.0019554165037191,ARPA-USDT,0.0255565040104179,0.0255628284652791,
2022-12-30 08:00:00,0.0255199999999999,0.0256899999999999,0.0255,0.02562,5841434,149469.86623,972,2619536,67038.77349,-0.0011695906432748,ARPA-USDT,0.0255179667466575,0.0255251080362661,-4.854e-05
2022-12-30 09:00:00,0.02562,0.02566,0.02559,0.02566,3312245,84901.98555,665,1220878,31302.63326,-0.0003895597974289,ARPA-USDT,0.0256235335581273,0.0256212698784735,
2022-12-30 10:00:00,0.02566,0.0258699999999999,0.02562,0.0256399999999999,11036538,283992.29997,1608,5255634,135300.59290000002,0.000390167772138,ARPA-USDT,0.0256592902638762,0.0256857883055105,
2022-12-30 11:00:00,0.0256399999999999,0.0258,0.02555,0.02573,5109789,131205.10534,849,2558429,65683.74315,-0.0003885003885003,ARPA-USDT,0.0256536154801499,0.0256653785482268,
2022-12-30 12:00:00,0.02573,0.02584,0.02567,0.02573,6454530,166231.36822,1122,3771513,97160.22525,-0.0015521924718665,ARPA-USDT,0.0257259257082289,0.0257201088956215,
2022-12-30 13:00:00,0.02573,0.02611,0.02571,0.02572,32828350,850520.62946,4404,15869017,411526.8282000001,-0.0003886513797123,ARPA-USDT,0.0257883359225525,0.0258769854089115,
2022-12-30 14:00:00,0.02572,0.02578,0.0254,0.02567,11409075,292427.55453,2016,6766179,173415.07343,0.001170046801872,ARPA-USDT,0.0257294727699197,0.0257272505562189,
2022-12-30 15:00:00,0.02568,0.0258,0.02556,0.0258,7254560,186211.57353,1394,2930863,75233.80201,0.0015527950310558,ARPA-USDT,0.0256402624349757,0.0256044795380507,
2022-12-30 16:00:00,0.0258,0.0258699999999999,0.02576,0.0258699999999999,7126993,183934.98983,1242,3836973,99044.86026,0.0011609907120704,ARPA-USDT,0.0257977929025353,0.0258121317887766,-0.00046643
2022-12-30 17:00:00,0.02586,0.02588,0.02576,0.02581,3756878,96933.38027,736,1841086,47505.79093,0.0011636927851046,ARPA-USDT,0.0258684965822111,0.0258218716216543,
2022-12-30 18:00:00,0.02581,0.02588,0.02573,0.02578,5864439,151341.77196,1021,1977622,51037.27651,-0.0003877471888328,ARPA-USDT,0.0258097698665498,0.0258205685062527,
2022-12-30 19:00:00,0.0257699999999999,0.0257899999999999,0.02567,0.02568,2118945,54511.55747,527,989685,25459.1998,0.0,ARPA-USDT,0.0257742926198331,0.0257658959448974,
2022-12-30 20:00:00,0.02568,0.02576,0.02562,0.02563,4567096,117260.02663,764,2101548,53973.64581,0.0,ARPA-USDT,0.0256846623251715,0.0256888757373708,
2022-12-30 21:00:00,0.02563,0.02574,0.02562,0.02568,2846141,73155.84754,590,1252880,32203.21988,0.000389559797429,ARPA-USDT,0.025676718696804,0.0256940043530194,
2022-12-30 22:00:00,0.02567,0.0256899999999999,0.02558,0.02559,1524018,39078.73449,427,870214,22314.95464,-0.0011709601873536,ARPA-USDT,0.0256780230857478,0.0256787219527339,
2022-12-30 23:00:00,0.02559,0.02573,0.02559,0.02572,2782020,71395.63151,623,1244864,31952.46461,0.0007782101167315,ARPA-USDT,0.0256037272805388,0.0256360867158147,
2022-12-31 00:00:00,0.02572,0.02576,0.02565,0.0256899999999999,3905074,100367.98435,791,2178397,55995.98158,-0.0003891050583696,ARPA-USDT,0.0257170116635183,0.0257052292784707,-0.0002211
2022-12-31 01:00:00,0.02568,0.02571,0.02557,0.02558,3687805,94544.52167,657,2349613,60257.63569,0.0,ARPA-USDT,0.0256917653328862,0.025689504437256,
2022-12-31 02:00:00,0.02558,0.02567,0.02556,0.02567,2577203,65971.51009,505,1567646,40138.64775,0.0,ARPA-USDT,0.0255948722308274,0.0255890990431036,
2022-12-31 03:00:00,0.02566,0.02567,0.02557,0.02559,920151,23570.26029,332,476882,12211.92755,0.0003909304143863,ARPA-USDT,0.025655036063035,0.0256437554626035,
2022-12-31 04:00:00,0.02559,0.02561,0.02555,0.02557,2293218,58670.14826,474,801149,20501.53086,0.0007827788649705,ARPA-USDT,0.0255986863150551,0.0255995607319578,
2022-12-31 05:00:00,0.02557,0.02558,0.0255099999999999,0.02553,2155576,55059.02891,440,1199306,30633.48943,0.0,ARPA-USDT,0.0255703856343452,0.0255693313116892,
2022-12-31 06:00:00,0.02553,0.02558,0.0255199999999999,0.02557,1019107,26041.62767,279,678577,17340.88973,0.0,ARPA-USDT,0.0255239805496943,0.0255276682358707,
2022-12-31 07:00:00,0.02557,0.02574,0.02557,0.02572,2937939,75397.10956,611,1774369,45531.92024,-0.0007770007770007,ARPA-USDT,0.0255733683569626,0.0255766639064739,
2022-12-31 08:00:00,0.02572,0.02581,0.0257,0.0257,3627273,93391.4676,709,1816182,46773.95647,-0.0011659541391371,ARPA-USDT,0.0257238232440822,0.0257206337327715,-0.0001829
2022-12-31 09:00:00,0.0257,0.0258,0.02566,0.0258,3610415,92851.00088,634,1743506,44856.97736,0.0003877471888329,ARPA-USDT,0.0256968512267745,0.0256835053727486,
2022-12-31 10:00:00,0.0258,0.0258899999999999,0.0257699999999999,0.0258699999999999,3078788,79491.60672,677,1178191,30431.90169,0.0003866976024708,ARPA-USDT,0.0258000749434496,0.0258023152380808,
2022-12-31 11:00:00,0.02588,0.02608,0.02588,0.02603,7418867,192872.16581,1670,3809956,99046.61655,0.0003843197540354,ARPA-USDT,0.0258873455453046,0.0258822049170541,
2022-12-31 12:00:00,0.0260199999999999,0.02616,0.02597,0.02615,4889969,127337.59682,986,2439024,63532.428530000005,-0.0003822629969418,ARPA-USDT,0.02602595750165,0.0260230737824533,
2022-12-31 13:00:00,0.02617,0.0263899999999999,0.02615,0.02632,22702726,596372.63795,3794,12913693,339340.22151,-0.0015174506828529,ARPA-USDT,0.0262035360465379,0.0262239085635179,
2022-12-31 14:00:00,0.02633,0.02645,0.02625,0.0262899999999999,9227021,243040.07537,1573,3702300,97540.21695,-3.774758283725532e-15,ARPA-USDT,0.0262916936884511,0.0262706155723462,
2022-12-31 15:00:00,0.02628,0.02635,0.02623,0.02625,7454467,196038.83617,1514,2466605,64894.75201,-0.0003808073115003,ARPA-USDT,0.0262889976830508,0.0262920974368582,
2022-12-31 16:00:00,0.02624,0.02626,0.02615,0.0262,5600312,146800.99359,1057,2369949,62128.49807,-0.0007627765064835,ARPA-USDT,0.0262435089088024,0.0262320285080151,0.0001
2022-12-31 17:00:00,0.02621,0.0263,0.02618,0.02624,2589095,67939.90459,684,960708,25203.25102,-0.0003809523809523,ARPA-USDT,0.0262177657165588,0.0262374192228775,
2022-12-31 18:00:00,0.02623,0.02631,0.02623,0.02626,2030466,53340.73963,637,1313025,34488.17807,0.0003809523809523,ARPA-USDT,0.0262348936170212,0.0262347259633118,
2022-12-31 19:00:00,0.0262699999999999,0.0262899999999999,0.02618,0.02618,2936552,77042.196,780,1113812,29229.40406,-0.000763358778626,ARPA-USDT,0.026264475338571,0.0262635630015661,
2022-12-31 20:00:00,0.0261899999999999,0.0262899999999999,0.0261899999999999,0.02623,2279288,59806.68121,608,1328794,34860.95756,0.0007630675314764,ARPA-USDT,0.0262009317455573,0.0262277013903544,
2022-12-31 21:00:00,0.02623,0.02626,0.02611,0.0261199999999999,1963650,51448.94948,557,1038139,27211.66712,-0.000382701875243,ARPA-USDT,0.0262216806539326,0.026226382752098,
2022-12-31 22:00:00,0.02613,0.0262,0.02603,0.0261399999999999,5675585,148180.00643,1216,3320501,86700.98006,0.0003827018752353,ARPA-USDT,0.0261299996023856,0.0261254388906303,
2022-12-31 23:00:00,0.02615,0.02615,0.02605,0.02615,2347846,61257.40352,781,1375636,35888.33499,0.0003825554705432,ARPA-USDT,0.0261089400129431,0.0260805967208365,
2023-01-01 00:00:00,0.02615,0.02616,0.02597,0.02597,4960179,129293.27541,1094,2029502,52866.95913,-0.001153846153846,ARPA-USDT,0.0261473076582871,0.0261436789190917,-0.00012169
2023-01-01 01:00:00,0.02598,0.02622,0.02595,0.0261899999999999,4559974,119018.02859,952,2432563,63518.14281,-0.0003816793893167,ARPA-USDT,0.0259639360056258,0.0259828957402728,
2023-01-01 02:00:00,0.0261899999999999,0.02631,0.02615,0.02621,3771115,98931.19144,693,1993310,52292.911680000005,0.0,ARPA-USDT,0.0261695894160583,0.0261701282835554,
2023-01-01 03:00:00,0.02622,0.0263,0.0262,0.0262699999999999,2653078,69661.56049999999,642,1161252,30500.75082,0.0007619047619009,ARPA-USDT,0.0262035525887814,0.0262150515425745,
2023-01-01 04:00:00,0.0262699999999999,0.0263,0.02617,0.0261899999999999,2284693,59938.99644,572,899457,23595.19101,-0.0003816793893167,ARPA-USDT,0.0262876707519987,0.026292943798847,
2023-01-01 05:00:00,0.0262,0.02634,0.0261899999999999,0.0261899999999999,4997010,131253.69464,1027,2135673,56114.62336,-0.0007630675314803,ARPA-USDT,0.0262113451676771,0.0262362652903274,
2023-01-01 06:00:00,0.0261899999999999,0.0262699999999999,0.0261899999999999,0.02622,3502718,91857.0171,683,1911864,50138.69683,-0.0007621951219511,ARPA-USDT,0.0262121176407876,0.026220782091529,
2023-01-01 07:00:00,0.02622,0.0262899999999999,0.02615,0.0262899999999999,2135392,55933.121920000005,643,964790,25281.83446,-3.774758283725532e-15,ARPA-USDT,0.0262147746152224,0.0262175640929921,
2023-01-01 08:00:00,0.0262899999999999,0.02647,0.02628,0.02643,14339300,378536.45702,2576,7256531,191609.85494,-0.0003782148260212,ARPA-USDT,0.0262807551849104,0.0262959104898848,-0.00036618
2023-01-01 09:00:00,0.02642,0.0264399999999999,0.02621,0.0262899999999999,11476417,302189.52237,1838,5623614,148113.8597,-3.774758283725532e-15,ARPA-USDT,0.0264027029513414,0.0264007098929776,
2023-01-01 10:00:00,0.0262899999999999,0.0263899999999999,0.02628,0.0263899999999999,2490337,65570.69927,523,1291842,34019.78989,0.0003790750568575,ARPA-USDT,0.0262888397407663,0.0263124663488572,
2023-01-01 11:00:00,0.0264,0.0264399999999999,0.0262899999999999,0.02631,3479593,91800.92504,631,1642767,43360.72004,0.0007607455306199,ARPA-USDT,0.0264045395889153,0.0264085317877346,
2023-01-01 12:00:00,0.02632,0.02636,0.02625,0.0262699999999999,3343592,87967.11227,697,1411223,37124.38264,-3.774758283725532e-15,ARPA-USDT,0.0263359475426898,0.0263493242828821,
2023-01-01 13:00:00,0.02628,0.02635,0.02626,0.02634,2678021,70435.72299000001,595,1429698,37605.90387,0.0,ARPA-USDT,0.0262849702000015,0.0262844152184674,
2023-01-01 14:00:00,0.02635,0.0264399999999999,0.02634,0.0263899999999999,3930524,103781.73554,767,2144117,56611.45705,-0.0007572889057213,ARPA-USDT,0.0263541967738489,0.0263570031048032,
2023-01-01 15:00:00,0.02641,0.02678,0.0264,0.02651,33994045,903849.16155,4634,18865406,501705.70841,0.0018896447467875,ARPA-USDT,0.0265557496491401,0.026581463944157,
2023-01-01 16:00:00,0.0265,0.0265399999999999,0.0264399999999999,0.02652,5353267,141849.56038,862,2608211,69119.27704,-0.0015060240963855,ARPA-USDT,0.0265157966963942,0.0265048564254459,-0.00028184
2023-01-01 17:00:00,0.02652,0.0265399999999999,0.02648,0.02651,3115582,82612.09730000001,668,1327940,35215.14596,0.0,ARPA-USDT,0.0265246363817076,0.0265112992980463,
2023-01-01 18:00:00,0.02651,0.0266199999999999,0.02651,0.02658,3322159,88251.9736,678,1774078,47123.78732,0.0,ARPA-USDT,0.0265257154810159,0.0265260757029953,
2023-01-01 19:00:00,0.0266,0.0267,0.02658,0.02669,2640002,70288.63024,565,1560703,41558.80926,0.0,ARPA-USDT,0.0266079054992795,0.0266025398104064,
2023-01-01 20:00:00,0.02669,0.0267399999999999,0.0266399999999999,0.02666,3976638,106114.02105,785,1828041,48788.9875,0.0007507507507507,ARPA-USDT,0.0266880881461003,0.0266721056391959,
2023-01-01 21:00:00,0.02666,0.02669,0.0266399999999999,0.02669,2195917,58529.118050000005,527,933421,24885.84596,0.0011252813203299,ARPA-USDT,0.0266548603667136,0.0266549587633295,
2023-01-01 22:00:00,0.02669,0.02669,0.02656,0.02656,3337137,88822.15058,702,1394048,37103.75295,0.0,ARPA-USDT,0.0266836764125964,0.0266843014645492,
2023-01-01 23:00:00,0.02657,0.02669,0.02656,0.0266,3757680,99997.04045,861,2601327,69227.62727,0.000752445447705,ARPA-USDT,0.026579416137795,0.0265893493620815,
2023-01-02 00:00:00,0.02659,0.0266,0.02635,0.0263699999999999,5984445,158493.80348,1253,2844859,75364.36501,-0.000379075056865,ARPA-USDT,0.0265947746082108,0.0265648405326623,-0.00024342
2023-01-02 01:00:00,0.0263699999999999,0.02642,0.0261199999999999,0.0261899999999999,11465044,300884.44847,1537,5241354,137567.50442,-0.0003816793893167,ARPA-USDT,0.0263870505019694,0.0263895173915171,
2023-01-02 02:00:00,0.02618,0.02635,0.02617,0.0263,3904385,102560.44924,782,1911872,50218.64429,-0.0011393847322445,ARPA-USDT,0.0261786862294346,0.0262124737704958,
2023-01-02 03:00:00,0.02631,0.02659,0.0262899999999999,0.02658,3850663,101811.60397,959,1911828,50556.7695,0.0003763643206624,ARPA-USDT,0.0262988758808874,0.0263262395561127,
2023-01-02 04:00:00,0.02657,0.02658,0.02642,0.02643,2864307,75894.86393,724,1523955,40377.42604,0.0003785011355033,ARPA-USDT,0.0265713636784188,0.0265607990239484,
2023-01-02 05:00:00,0.0264399999999999,0.02647,0.02626,0.02626,6355824,167350.9602,1042,2391029,62946.91578,-0.0011411182959301,ARPA-USDT,0.026445938235655,0.0264561883952101,
2023-01-02 06:00:00,0.0262699999999999,0.02636,0.0262,0.02621,2841581,74701.15531,694,1520483,39955.1312,-0.0003813882532417,ARPA-USDT,0.0262796129491963,0.0263253006066604,
2023-01-02 07:00:00,0.02622,0.0267199999999999,0.0262,0.02656,17173733,455855.86248,2366,10040565,266377.89921,-0.0003763643206623,ARPA-USDT,0.0262070164629337,0.0262243048105865,
2023-01-02 08:00:00,0.02655,0.0267899999999999,0.0265399999999999,0.0267,6645449,177344.22905,1125,3258458,86952.83045,0.0,ARPA-USDT,0.0265554295452186,0.0265901038695113,-0.00046833
2023-01-02 09:00:00,0.02671,0.02684,0.0267,0.0268,6504071,174160.15957,1015,3663358,98092.71148,0.0003732736095558,ARPA-USDT,0.0267188348164013,0.026714376715375,
2023-01-02 10:00:00,0.0268,0.02681,0.02665,0.02676,5826109,155817.17024,1591,2082851,55712.1016,-0.0003735524841239,ARPA-USDT,0.0267722691625828,0.0267627669022723,
2023-01-02 11:00:00,0.02676,0.02685,0.0267,0.02684,4483221,120011.38679,1057,2350323,62925.73253,0.0,ARPA-USDT,0.0267508769367538,0.0267599713695064,
2023-01-02 12:00:00,0.02683,0.02685,0.0267,0.0267399999999999,5210850,139512.93874,990,2588847,69309.73943,-3.774758283725532e-15,ARPA-USDT,0.0268457167157781,0.0268367267555604,
2023-01-02 13:00:00,0.0267399999999999,0.02675,0.02657,0.02661,4976617,132722.24324,801,2229245,59467.58257,-0.0003756574004507,ARPA-USDT,0.0267417423078097,0.0267413474966231,
2023-01-02 14:00:00,0.02661,0.0267199999999999,0.02661,0.0267,2608205,69553.87874,492,1325039,35331.47744,0.0007496251874063,ARPA-USDT,0.0266265888972087,0.0266631304148441,
2023-01-02 15:00:00,0.0267,0.02696,0.02667,0.02684,6981275,187170.62917,1050,4523601,121337.28819,-0.0003724394785846,ARPA-USDT,0.0267044268291408,0.0267052011858122,
2023-01-02 16:00:00,0.02685,0.02691,0.02682,0.02683,3304970,88819.77655,711,1419812,38164.29383,-0.0003725782414306,ARPA-USDT,0.0268871928748366,0.0268952782830969,-0.0003188
2023-01-02 17:00:00,0.02684,0.02694,0.02683,0.02685,2311333,62150.92875,693,1349025,36279.02295,-0.0007443245254932,ARPA-USDT,0.0268567021103299,0.026869538528488,
2023-01-02 18:00:00,0.02686,0.02691,0.02684,0.02686,2541840,68318.94001,704,1461339,39283.22419,-0.0003721622627467,ARPA-USDT,0.0268818124368243,0.026899783356469,
2023-01-02 19:00:00,0.02686,0.0269,0.02678,0.02686,5682125,152466.78969,759,2337488,62748.10041,0.0,ARPA-USDT,0.0268616837428377,0.0268666734768636,
2023-01-02 20:00:00,0.02686,0.02693,0.02681,0.02691,3558522,95603.76542,724,2316804,62264.40901,0.0,ARPA-USDT,0.0268597166523887,0.0268449896561397,
2023-01-02 21:00:00,0.02691,0.0270399999999999,0.02691,0.02701,8496605,229220.48719,1544,4839231,130560.83478,0.0025983667409057,ARPA-USDT,0.0269148796278502,0.0269586918731904,
2023-01-02 22:00:00,0.0269899999999999,0.027,0.02677,0.02677,4838332,130071.09691,752,1599559,43009.54867,-0.0011194029850747,ARPA-USDT,0.0269832398068109,0.0269679193216336,
2023-01-02 23:00:00,0.02678,0.02691,0.02665,0.0267,11607024,310634.6006,1297,4188808,112116.68287,0.0003746721618584,ARPA-USDT,0.0267988738298265,0.0268489802995483,
2023-01-03 00:00:00,0.0267,0.02677,0.02669,0.02677,2904020,77615.57867,756,1708575,45668.25284,0.0007476635514018,ARPA-USDT,0.0267068663189796,0.0267073514023109,-0.0002367
2023-01-03 01:00:00,0.02676,0.02676,0.02643,0.02648,7644081,202972.9332,1050,2636581,69980.1036,0.000377786173026,ARPA-USDT,0.026749072103487,0.0267498076900899,
2023-01-03 02:00:00,0.02648,0.02656,0.02646,0.02646,3585842,95113.76144,748,2198019,58297.2782,-0.0007552870090634,ARPA-USDT,0.0264874708820499,0.0265007808259903,
2023-01-03 03:00:00,0.02647,0.0266199999999999,0.02645,0.02661,4198166,111371.39707,842,2748211,72926.12839,0.0,ARPA-USDT,0.026480616585256,0.0264712236565195,
2023-01-03 04:00:00,0.02661,0.0266399999999999,0.02657,0.02658,2217224,58992.77276,656,1264089,33638.44648,0.0007530120481926,ARPA-USDT,0.0266133026995979,0.0266121172737085,
2023-01-03 05:00:00,0.02657,0.02666,0.02657,0.02663,2345970,62447.82132,632,1356096,36100.05431,-0.0003753753753753,ARPA-USDT,0.0265778716018639,0.0265757215641398,
2023-01-03 06:00:00,0.0266199999999999,0.02675,0.0266199999999999,0.02668,5247142,140025.39615000002,1032,2607381,69587.09277999999,-0.0011231748408836,ARPA-USDT,0.0266288353026606,0.0266480443830144,
2023-01-03 07:00:00,0.02669,0.02676,0.02665,0.02671,4021712,107393.15389,879,2179600,58216.65247,-0.0014953271028036,ARPA-USDT,0.0266895561495213,0.0266702874311756,
2023-01-03 08:00:00,0.0267199999999999,0.0267399999999999,0.0266,0.02671,5798610,154697.9546,1139,2988124,79716.04537,-0.0003742514970059,ARPA-USDT,0.0267294673716139,0.026723098607671,6.454e-05
2023-01-03 09:00:00,0.0267,0.02677,0.02669,0.0267399999999999,3360014,89812.14777,694,1294896,34617.43399,-0.0007473841554596,ARPA-USDT,0.0267002327370149,0.0267024860137227,
2023-01-03 10:00:00,0.02673,0.0267399999999999,0.0266399999999999,0.02668,3044760,81259.7293,627,1627537,43444.88341,0.0,ARPA-USDT,0.0267321832613282,0.0267356100468952,
2023-01-03 11:00:00,0.02667,0.02673,0.0264899999999999,0.02658,5113538,136135.79047,669,2161456,57593.75722,-0.0003760812335463,ARPA-USDT,0.0266770309056773,0.0266832618196223,
2023-01-03 12:00:00,0.02658,0.02668,0.02657,0.0266399999999999,4166608,110918.71182,625,2091801,55693.53692,0.0007513148008977,ARPA-USDT,0.0265814795903308,0.0265885198943033,
2023-01-03 13:00:00,0.0266399999999999,0.02681,0.02663,0.0267,4852693,129608.01581,731,2218231,59271.63821,-0.0003743916136278,ARPA-USDT,0.02664,0.0266644190078442,
2023-01-03 14:00:00,0.02671,0.02693,0.0265,0.0265399999999999,12396710,331736.96327,1646,5572153,149101.31726,-0.0003766478342787,ARPA-USDT,0.0267128882227927,0.0267253097511279,
2023-01-03 15:00:00,0.0265399999999999,0.02668,0.02645,0.02652,5948940,157911.56366,1193,2467955,65518.69359,-0.0011299435028249,ARPA-USDT,0.0265819057416179,0.0266121809593841,
2023-01-03 16:00:00,0.02652,0.02668,0.02633,0.02636,11085384,293911.29086,1838,3734009,99025.96928,-0.0007581501137224,ARPA-USDT,0.0265170319031517,0.0265093285844332,-7.91e-06
2023-01-03 17:00:00,0.02635,0.0265,0.02635,0.02638,4815215,127205.15607,1158,2025184,53503.96005,0.0,ARPA-USDT,0.0263562536884999,0.0263790449755399,
2023-01-03 18:00:00,0.0263899999999999,0.0264,0.02632,0.0263699999999999,2483291,65459.5084,680,1501148,39571.37112,0.0007590132827286,ARPA-USDT,0.0263933975614123,0.026368350909349,
2023-01-03 19:00:00,0.02636,0.02638,0.0262899999999999,0.02635,3987010,105015.23926,739,1982090,52210.82118,-0.0011372251705838,ARPA-USDT,0.0263643667523327,0.0263493860938516,
2023-01-03 20:00:00,0.02636,0.02642,0.02633,0.02638,3308568,87245.39387,683,1599373,42182.3933,0.0,ARPA-USDT,0.0263515762983982,0.0263582636541752,
2023-01-03 21:00:00,0.0263699999999999,0.02642,0.0263699999999999,0.02642,1578788,41661.42218,388,952646,25141.54623,0.0003786444528588,ARPA-USDT,0.0263747114324765,0.0263803164944544,
2023-01-03 22:00:00,0.02642,0.02648,0.02638,0.02643,3241693,85674.29967000001,603,1602744,42370.25483,-0.0018882175226586,ARPA-USDT,0.0264246626187852,0.0264321100991901,
2023-01-03 23:00:00,0.0264399999999999,0.0266,0.0264399999999999,0.02659,3386216,89847.03351,721,1613756,42824.4901,0.0003762227238524,ARPA-USDT,0.0264824116736574,0.0264976981987721,
2023-01-04 00:00:00,0.0266,0.0266,0.0264399999999999,0.02653,4275065,113358.31412,863,1808575,47946.89262,0.0003770739064858,ARPA-USDT,0.0265810979979683,0.0265154038033845,-0.00015166
2023-01-04 01:00:00,0.02652,0.0268,0.0265,0.02669,7318763,195392.38551,1228,2795350,74572.859,0.0,ARPA-USDT,0.0265145054117453,0.0265323187377787,
2023-01-04 02:00:00,0.02669,0.02694,0.02667,0.0269,4848929,129887.22989,867,3014644,80714.29056,-0.00074294205052,ARPA-USDT,0.026697362200695,0.0266942673329399,
2023-01-04 03:00:00,0.0268899999999999,0.02711,0.0268899999999999,0.02698,6691821,180542.29278,1235,3082496,83166.09277,-0.0003705075954056,ARPA-USDT,0.0269065784560491,0.0269214509077451,
2023-01-04 04:00:00,0.0269699999999999,0.02705,0.02691,0.02694,3754756,101353.39757,777,1710698,46190.53341,0.00074294205052,ARPA-USDT,0.0270288151590724,0.0270261885586338,
2023-01-04 05:00:00,0.02693,0.02703,0.02685,0.02703,2566151,69165.48908,533,1636409,44109.67878,0.000740466493891,ARPA-USDT,0.0269468208099879,0.0269565792529899,
2023-01-04 06:00:00,0.02703,0.02716,0.02702,0.02713,7809601,211540.77828,1057,4284049,116091.72688,0.0003687315634219,ARPA-USDT,0.0270209449678099,0.0270300631056739,
2023-01-04 07:00:00,0.02713,0.02721,0.027,0.02719,5110612,138527.20257,775,2923057,79236.10948,0.0003679175864605,ARPA-USDT,0.0271157630693887,0.0271102329607453,
2023-01-04 08:00:00,0.02718,0.02723,0.0269699999999999,0.02712,7387458,200447.71931,1076,3300472,89596.06675,-0.0003685956505714,ARPA-USDT,0.0271530376937517,0.0271721250360978,-5.746e-05
2023-01-04 09:00:00,0.02713,0.02715,0.02705,0.0271,1517396,41123.79832,343,823545,22322.13704,-0.0003688675765399,ARPA-USDT,0.0271130289548808,0.0271106116125977,
2023-01-04 10:00:00,0.0270899999999999,0.02712,0.02703,0.0270899999999999,2131124,57703.56917,418,826294,22374.0452,0.0007388252678204,ARPA-USDT,0.0270967733557631,0.0270791073789856,
2023-01-04 11:00:00,0.02708,0.0270899999999999,0.02698,0.02702,1934137,52268.67765,428,944317,25520.03089,-0.0003699593044764,ARPA-USDT,0.0270807936301592,0.0270713463421309,
2023-01-04 12:00:00,0.02702,0.0271,0.02695,0.02696,2008325,54288.79209,430,695291,18791.54118,0.0,ARPA-USDT,0.0270197241524531,0.0270151502057604,
2023-01-04 13:00:00,0.0269699999999999,0.0271399999999999,0.02695,0.0271399999999999,1361390,36830.13185,419,661482,17895.74821,0.0007374631268399,ARPA-USDT,0.026971722267426,0.0269667592151547,
2023-01-04 14:00:00,0.02713,0.02719,0.02703,0.0270899999999999,4715154,127781.20435,1083,2431993,65926.15052,0.0011086474501071,ARPA-USDT,0.0271312133394993,0.0271280227675196,
2023-01-04 15:00:00,0.0271,0.0271399999999999,0.02677,0.0271,6406541,172929.23622,1476,2826053,76319.66040000001,0.0003691399040235,ARPA-USDT,0.0270693757258134,0.0270590268749317,
2023-01-04 16:00:00,0.0271,0.02733,0.02706,0.02717,10947091,297849.72355,1746,6060182,164998.17904,-0.0007355645457888,ARPA-USDT,0.0271287352061615,0.0271478795517107,3.398e-05
2023-01-04 17:00:00,0.02718,0.02735,0.0270899999999999,0.0272399999999999,8055949,219415.33176,1441,4675090,127360.25133,-0.0003669724770678,ARPA-USDT,0.0271682567868705,0.0271327917507551,
2023-01-04 18:00:00,0.02723,0.02728,0.02713,0.02717,5685556,154720.84177,972,2455207,66833.05206,-0.0003679175864605,ARPA-USDT,0.0271968798589481,0.0271683225249728,
2023-01-04 19:00:00,0.02716,0.02721,0.0268699999999999,0.02701,7845766,211950.79307,1553,3553872,96025.35844,-0.0007399186089529,ARPA-USDT,0.0271690630433854,0.0270864979323987,
2023-01-04 20:00:00,0.02701,0.02703,0.0267399999999999,0.02681,5313981,142760.52532,918,2225833,59779.68721,0.0003731343283581,ARPA-USDT,0.0270097863443637,0.0270133636654735,
2023-01-04 21:00:00,0.02681,0.02696,0.0268,0.0268699999999999,2469735,66397.94188,604,1519635,40856.86969,-3.774758283725532e-15,ARPA-USDT,0.0268092996257695,0.0268156388983504,
2023-01-04 22:00:00,0.02686,0.0270399999999999,0.02686,0.0270399999999999,2150624,57916.49296,451,1081435,29121.18437,0.0007401924500334,ARPA-USDT,0.0268712686335644,0.0268819837120865,
2023-01-04 23:00:00,0.02703,0.0272399999999999,0.02703,0.0272199999999999,2881890,78258.90519,698,1815199,49289.22256,-0.0003672420124899,ARPA-USDT,0.0270380750225583,0.0270451197489503,
2023-01-05 00:00:00,0.0272199999999999,0.0273399999999999,0.02701,0.02703,6296974,171331.11344,1084,2933141,79823.31843,0.0003700962250183,ARPA-USDT,0.0271977426336956,0.0271844962921033,-1.258e-05
2023-01-05 01:00:00,0.02701,0.0272399999999999,0.0268699999999999,0.0271399999999999,6012135,162814.948,1004,2832147,76688.45633,0.0003685956505676,ARPA-USDT,0.0270336859638652,0.0270490498186837,
2023-01-05 02:00:00,0.02711,0.02718,0.027,0.02716,4826114,130796.85491,681,2114420,57324.38246,0.0003683241252301,ARPA-USDT,0.0271311618561104,0.0271258263885249,
2023-01-05 03:00:00,0.02715,0.02716,0.02702,0.0271,3303318,89498.24249,735,1573151,42623.27944,0.0007385524372229,ARPA-USDT,0.0271399768762698,0.0271255365080209,
2023-01-05 04:00:00,0.0271,0.02723,0.02707,0.02715,3566842,96871.45658,637,2248831,61080.82123,0.0007371913011426,ARPA-USDT,0.0270873554069154,0.027102963124371,
2023-01-05 05:00:00,0.0271399999999999,0.02726,0.0271399999999999,0.0272399999999999,2528879,68832.76201,682,1577403,42936.40023,-3.6637359812630166e-15,ARPA-USDT,0.0271655640161882,0.0272039635965461,
2023-01-05 06:00:00,0.0272399999999999,0.02725,0.0269699999999999,0.02705,5372756,145668.36545,733,1920778,52077.78474,-0.0003695491500369,ARPA-USDT,0.0272292187309086,0.0272114099668709,
2023-01-05 07:00:00,0.0270399999999999,0.02712,0.02688,0.0269899999999999,4862489,131335.00031,866,2604220,70377.6887,-3.774758283725532e-15,ARPA-USDT,0.0270249223118163,0.0270233987632797,
2023-01-05 08:00:00,0.02698,0.027,0.02688,0.02696,3614638,97386.01391,646,1430497,38532.86304,0.0,ARPA-USDT,0.0269794741009686,0.0269820716601564,-0.00013654
2023-01-05 09:00:00,0.02695,0.02702,0.02684,0.0269,5595882,150627.8565,842,2594714,69851.33835,0.0,ARPA-USDT,0.0269519555813188,0.0269450985892264,
2023-01-05 10:00:00,0.0269,0.0270899999999999,0.02685,0.02706,4632476,124830.76132,645,2715270,73114.74192,0.0,ARPA-USDT,0.0268821886393888,0.0268683092401758,
2023-01-05 11:00:00,0.02705,0.0271399999999999,0.027,0.0271,2709980,73345.69418,561,1207964,32698.02014,0.0,ARPA-USDT,0.0270468420246483,0.027039076036104,
2023-01-05 12:00:00,0.0270899999999999,0.0271,0.02702,0.0270399999999999,3234362,87546.92895,616,1341267,36304.93363,-0.0003696857671017,ARPA-USDT,0.0270822663538745,0.0270684390099581,
2023-01-05 13:00:00,0.0270399999999999,0.0271,0.02675,0.02676,6324407,170392.73429,937,2224691,59944.4231,-0.0003735524841239,ARPA-USDT,0.0270512152394952,0.0270484455865592,
2023-01-05 14:00:00,0.02676,0.02694,0.02669,0.02683,6824392,182895.29215,981,3584927,96113.6644,-0.0003725782414306,ARPA-USDT,0.0267759856117648,0.0268026145629241,
2023-01-05 15:00:00,0.02682,0.02706,0.02682,0.027,6518225,175666.26464,1407,3375567,90965.54369,0.000741289844329,ARPA-USDT,0.0268348319065625,0.0268837253773379,
2023-01-05 16:00:00,0.027,0.027,0.02678,0.0268899999999999,4685960,125947.61491,941,1864006,50097.92971,0.0003720238095199,ARPA-USDT,0.0269620594076481,0.0269145645359274,-8.8e-05
2023-01-05 17:00:00,0.02688,0.02693,0.0268,0.02684,2619891,70398.03535,659,932364,25058.55854,0.0003727171077152,ARPA-USDT,0.0268757594086021,0.0268760226707973,
2023-01-05 18:00:00,0.02685,0.0270899999999999,0.02685,0.0270899999999999,4172873,112607.36579,893,2352691,63514.12293,0.0003692762186078,ARPA-USDT,0.0268607945997029,0.0268711573173107,
2023-01-05 19:00:00,0.02708,0.0270899999999999,0.02695,0.02707,4724383,127647.77328,792,2178803,58869.24649,0.0,ARPA-USDT,0.0270656029990919,0.0270426231704205,
2023-01-05 20:00:00,0.02706,0.02713,0.0269899999999999,0.027,2766007,74828.20085000001,573,1131303,30607.80352,-0.0014792899408284,ARPA-USDT,0.0270537554192713,0.0270443466365381,
2023-01-05 21:00:00,0.027,0.0271,0.02696,0.02703,3318533,89748.63005,663,1454234,39336.28642,-0.000739371534196,ARPA-USDT,0.027028935197212,0.0270470355687424,
2023-01-05 22:00:00,0.02703,0.0270399999999999,0.0268899999999999,0.02693,2327880,62817.74663,667,624774,16867.349430000002,0.0007432181345223,ARPA-USDT,0.0270229389846297,0.0270243076393364,
2023-01-05 23:00:00,0.02693,0.027,0.02671,0.02688,5649344,151739.27055,1194,2821994,75805.9213,0.0007446016381236,ARPA-USDT,0.0269650860276924,0.0269576440270966,
2023-01-06 00:00:00,0.02688,0.0272399999999999,0.02673,0.02706,141672406,3817753.63579,9889,69774396,1882583.81064,0.0007396449704142,ARPA-USDT,0.0268793384460453,0.0268377000870662,-0.00020425
2023-01-06 01:00:00,0.02706,0.02706,0.02682,0.02685,4416223,118970.23538,864,1699423,45785.30156,0.0003725782414307,ARPA-USDT,0.027024720233823,0.0269925103344899,
2023-01-06 02:00:00,0.02684,0.02685,0.02667,0.0267,4755559,127143.3409,1254,2112856,56480.44595,0.0003746721618584,ARPA-USDT,0.0268398805790825,0.0268074185675296,
2023-01-06 03:00:00,0.02669,0.0267399999999999,0.02661,0.0266199999999999,5928492,158195.18364,1318,2308867,61621.01533,-0.0007507507507544,ARPA-USDT,0.0266972880974212,0.026706377073477,
2023-01-06 04:00:00,0.02663,0.02668,0.02633,0.02645,8426232,223162.98373,1638,3025654,80081.73114,-0.0003779289493575,ARPA-USDT,0.0266431194400541,0.0266514995070838,
2023-01-06 05:00:00,0.0264399999999999,0.0264399999999999,0.02628,0.02636,5549333,146293.45922,1657,2033146,53605.91239,0.0,ARPA-USDT,0.0264077022719823,0.0263945380404201,
2023-01-06 06:00:00,0.0263699999999999,0.02641,0.02618,0.02622,6911730,181731.44402,1446,2629629,69118.63267,-0.0007621951219511,ARPA-USDT,0.0263652066043121,0.0263700017299272,
2023-01-06 07:00:00,0.02623,0.02634,0.0261899999999999,0.02631,7001196,183830.98913,1383,3739838,98246.14912,0.000380228136882,ARPA-USDT,0.0262333858677955,0.0262184480331274,
2023-01-06 08:00:00,0.02631,0.02632,0.02616,0.0262,6303215,165338.59395,1317,2275333,59700.04195,-0.0007627765064835,ARPA-USDT,0.026290040736728,0.0262352807767086,-0.00034104
2023-01-06 09:00:00,0.02621,0.02621,0.02603,0.02608,7061316,184291.04433,1572,2631904,68699.49697,-0.0019135093761959,ARPA-USDT,0.0261894837348728,0.026165013830449,
2023-01-06 10:00:00,0.02609,0.02617,0.02601,0.02606,10381516,270881.74272,1638,5844372,152540.65224,-0.0007668711656441,ARPA-USDT,0.0261282015130844,0.0261175022310138,
2023-01-06 11:00:00,0.02605,0.02607,0.02586,0.02598,10622981,275681.73766,1678,3699994,96046.11619,-0.000384763370527,ARPA-USDT,0.0260365524272207,0.0260333264552519,
2023-01-06 12:00:00,0.02598,0.02601,0.02588,0.02591,8051280,208815.69164,1761,3356185,87088.65066,-0.0007713073659854,ARPA-USDT,0.0259687087637606,0.0259800362399804,
2023-01-06 13:00:00,0.02591,0.0265,0.02582,0.0261,75843048,1980619.79441,5756,40110930,1049128.19982,-0.0007656967840734,ARPA-USDT,0.0259024840689645,0.0258970149966999,
2023-01-06 14:00:00,0.02611,0.02613,0.02588,0.02588,50481846,1313347.42945,3522,22153911,577054.3834,-0.0015432098765431,ARPA-USDT,0.0260709613303398,0.0260422524937489,
2023-01-06 15:00:00,0.0258899999999999,0.02618,0.0258899999999999,0.02617,7567730,197307.52695,1457,3455821,90100.77371,-0.0011450381679389,ARPA-USDT,0.0259460141102738,0.0259748064785699,
2023-01-06 16:00:00,0.02618,0.0262699999999999,0.02608,0.02618,4972861,130127.76103,1198,2247528,58799.08804,-0.0011446012972149,ARPA-USDT,0.0261902963636633,0.026205359196862,-0.0002085
2023-01-06 17:00:00,0.02617,0.02628,0.02613,0.02613,5778351,151424.15736,1095,3251518,85202.33282,-0.0019098548510312,ARPA-USDT,0.0262279071720856,0.0262216380260457,
2023-01-06 18:00:00,0.0261399999999999,0.0262899999999999,0.02613,0.0262,8426969,220831.07063,1289,4612903,120881.40858,-0.0003815337657382,ARPA-USDT,0.0261543186440411,0.0261721031851327,
2023-01-06 19:00:00,0.0261899999999999,0.02642,0.02613,0.02642,8092783,212601.62414,1485,4540296,119288.43688,-0.0003783579265985,ARPA-USDT,0.0262167549508998,0.0261978177237215,
2023-01-06 20:00:00,0.02642,0.0264899999999999,0.0262699999999999,0.02628,9311917,245566.64203,1385,4266553,112525.58715,-0.001140250855188,ARPA-USDT,0.0264286443614272,0.0264355008548711,
2023-01-06 21:00:00,0.0262899999999999,0.02643,0.0262899999999999,0.02641,2983948,78692.175,757,1991321,52519.3988,-0.0003785011355034,ARPA-USDT,0.0263108135058104,0.0263219312536225,
2023-01-06 22:00:00,0.02641,0.02661,0.0264,0.0266,3544399,93884.04098,969,2130045,56421.3735,-0.0003757985719655,ARPA-USDT,0.0264112842923412,0.0264201201867624,
2023-01-06 23:00:00,0.0266,0.02665,0.02648,0.02648,7597270,202048.56942,1748,3629065,96550.81289,-0.0015082956259425,ARPA-USDT,0.026618218286627,0.0266147059276381,
2023-01-07 00:00:00,0.0264899999999999,0.02676,0.02648,0.02675,6618098,176031.26749,1631,3474756,92428.30952,0.0003739715781601,ARPA-USDT,0.0265143217230179,0.0265429472808082,0.0001
2023-01-07 01:00:00,0.0267399999999999,0.02678,0.02661,0.02677,4032815,107761.87383,1119,2282409,60998.45845,0.0007476635514018,ARPA-USDT,0.0267514505213456,0.0267488598727552,
2023-01-07 02:00:00,0.02676,0.0267899999999999,0.02671,0.02677,3695647,98891.56273,1016,2088716,55900.27377,0.0,ARPA-USDT,0.0267697646877141,0.0267690298003221,
2023-01-07 03:00:00,0.02675,0.0268699999999999,0.02673,0.02684,4956274,132864.32741,1262,3028490,81201.03476,0.0,ARPA-USDT,0.0267608965806782,0.026765416372158,
2023-01-07 04:00:00,0.02683,0.02685,0.02671,0.02681,4270478,114455.79566,1110,2178055,58392.51634,-0.0003728560775539,ARPA-USDT,0.0268292293208589,0.0268145868617411,
2023-01-07 05:00:00,0.0268,0.02683,0.0267199999999999,0.0267399999999999,5541994,148382.19987,1342,3007842,80542.06571,-0.0003738317757047,ARPA-USDT,0.0267829033662455,0.0267891401834903,
2023-01-07 06:00:00,0.02673,0.02682,0.02663,0.02678,7867797,210252.45849,1431,3773071,100867.7495,-0.0003732736095557,ARPA-USDT,0.0267556945111657,0.0267783755151924,
2023-01-07 07:00:00,0.0267899999999999,0.02717,0.02676,0.02715,19665816,531824.67226,3330,12480688,337461.23395,0.0003684598378776,ARPA-USDT,0.0267749183863536,0.0268111694862983,
2023-01-07 08:00:00,0.0271399999999999,0.02715,0.02696,0.0269899999999999,13368550,361209.95353,2772,7296615,197139.9165,-0.0007404664938948,ARPA-USDT,0.0270596416153375,0.0270556755440829,0.0001
2023-01-07 09:00:00,0.0269899999999999,0.02712,0.02691,0.02705,8906121,240787.86055,1711,4974329,134520.16244,0.0003698224852071,ARPA-USDT,0.0269530190288513,0.0269327458631818,
2023-01-07 10:00:00,0.02705,0.02711,0.02693,0.0271,8959978,242219.42429,1743,5210610,140875.09492,0.0007385524372229,ARPA-USDT,0.0270442593605432,0.0270590463170725,
2023-01-07 11:00:00,0.0271,0.02712,0.02695,0.027,5823235,157397.82874,1359,2633238,71172.01817,-0.0007401924500369,ARPA-USDT,0.0270816336569764,0.0270481680160926,
2023-01-07 12:00:00,0.027,0.02703,0.02685,0.0268699999999999,10513830,283353.46429,1522,4035670,108782.81851,-0.0014864362690486,ARPA-USDT,0.027007856288565,0.0269768576623656,
2023-01-07 13:00:00,0.02686,0.02702,0.02686,0.02695,7424004,200198.07246,1315,3950681,106543.13356,-0.0003709198813056,ARPA-USDT,0.0268877257050054,0.0269003824200434,
2023-01-07 14:00:00,0.02695,0.0270399999999999,0.0268899999999999,0.02698,6187806,166938.14706,1065,3149926,84994.97065,0.0003707823507601,ARPA-USDT,0.0269649098682612,0.0269611184423269,
2023-01-07 15:00:00,0.0269899999999999,0.0270899999999999,0.02696,0.02705,5768282,155874.91867,1276,3238461,87521.68451,0.0003698224852071,ARPA-USDT,0.0269871571642481,0.0269805431888642,
2023-01-07 16:00:00,0.02705,0.02708,0.02694,0.02696,5528075,149404.09117,979,2431003,65704.73008000001,-0.000741289844329,ARPA-USDT,0.0270609490862189,0.0270635929969008,0.0001
2023-01-07 17:00:00,0.0269699999999999,0.0270899999999999,0.02694,0.02695,6280608,169565.3089,935,2060161,55645.47507,-0.0003709198813056,ARPA-USDT,0.0269827362915211,0.0269845972011489,
2023-01-07 18:00:00,0.02694,0.02708,0.02694,0.0270399999999999,2987004,80691.73638,617,1768281,47764.6239,-0.0003696857671017,ARPA-USDT,0.0269515639483795,0.0269562481505324,
2023-01-07 19:00:00,0.02705,0.02708,0.02701,0.02707,3062147,82825.99761,672,1560842,42226.41202,0.0007393715341958,ARPA-USDT,0.027054261764193,0.0270431475733679,
2023-01-07 20:00:00,0.02706,0.0270899999999999,0.02693,0.027,2992971,80829.40359,664,1204099,32508.99217,0.0003705075954056,ARPA-USDT,0.0270728287828486,0.0270615726149437,
2023-01-07 21:00:00,0.027,0.02701,0.02682,0.02683,4625300,124473.7296,848,2139603,57587.627,-0.0003725782414306,ARPA-USDT,0.0270002832709157,0.0269927898085689,
2023-01-07 22:00:00,0.02683,0.02686,0.02673,0.02677,5694517,152626.43279999998,927,2038839,54654.36698,-0.0007465472191117,ARPA-USDT,0.0268549060095942,0.0268252252386905,
2023-01-07 23:00:00,0.02677,0.0269,0.02676,0.02686,3838686,103030.91994,658,2162745,58047.00538,-0.0007440476190476,ARPA-USDT,0.0267732528453697,0.0267927141367335,
2023-01-08 00:00:00,0.02686,0.02698,0.0264399999999999,0.02657,10488311,279721.64232,1803,4131575,110173.91237,-0.0003762227238525,ARPA-USDT,0.0269038220291083,0.0269115155887764,0.0001
2023-01-08 01:00:00,0.02658,0.02668,0.02647,0.02661,5252437,139584.06555,1131,2431553,64626.71999,0.0003759398496241,ARPA-USDT,0.0265882008060825,0.0265920246042759,
2023-01-08 02:00:00,0.0266,0.02665,0.02653,0.02663,3027002,80518.65736,723,1689919,44950.65004,0.0015043249341859,ARPA-USDT,0.0266096533958647,0.0266187039868975,
2023-01-08 03:00:00,0.0266199999999999,0.02669,0.0266,0.02667,2831687,75435.82797,628,1677966,44710.23537,0.0,ARPA-USDT,0.0266204663067002,0.0266125547867331,
2023-01-08 04:00:00,0.02668,0.0267,0.02663,0.02665,1998954,53307.19772,555,937612,25003.882820000003,-0.0003750937734433,ARPA-USDT,0.0266896354442265,0.0266849473139345,
2023-01-08 05:00:00,0.0266399999999999,0.0267199999999999,0.02663,0.0267,1883220,50233.10942,502,1169782,31206.25152,0.0015003750937734,ARPA-USDT,0.026640949701777,0.0266388231106367,
2023-01-08 06:00:00,0.0267,0.0267399999999999,0.0266399999999999,0.02669,2751667,73458.536,667,1447704,38649.88985,-0.000374531835206,ARPA-USDT,0.0267016990162777,0.0266874884480385,
2023-01-08 07:00:00,0.02669,0.0267,0.0266199999999999,0.02668,1893565,50503.43944,524,924589,24656.59801,0.0,ARPA-USDT,0.0266839326949947,0.026681041012089,
2023-01-08 08:00:00,0.02667,0.0267399999999999,0.02666,0.02671,2452013,65465.02881,739,1250113,33380.17753,0.0,ARPA-USDT,0.0266652858046645,0.0266669750275527,0.0001
2023-01-08 09:00:00,0.0267199999999999,0.02693,0.0267,0.02678,5429867,145553.96616,1133,3340406,89579.27334,0.0003735524841241,ARPA-USDT,0.0267246939674637,0.0267336045460927,
2023-01-08 10:00:00,0.02678,0.0267899999999999,0.02671,0.02676,2549696,68213.29082,609,1191965,31891.1623,0.0,ARPA-USDT,0.0267647030318624,0.0267687619469293,
2023-01-08 11:00:00,0.0267399999999999,0.02686,0.0267199999999999,0.0267199999999999,4057804,108783.92639,775,2381124,63838.32117,-0.0007479431563238,ARPA-USDT,0.0267359792348921,0.0267621308871516,
2023-01-08 12:00:00,0.02671,0.0267399999999999,0.02666,0.02667,2514598,67163.97919,588,1150504,30739.17121,-0.0007493443237167,ARPA-USDT,0.0267230440264362,0.0267268049989693,
2023-01-08 13:00:00,0.02668,0.02676,0.02668,0.0267,1719901,45964.24394,455,1057909,28274.84949,-0.0014958863126401,ARPA-USDT,0.0266866511375808,0.0267016137641261,
2023-01-08 14:00:00,0.02671,0.0269699999999999,0.0267,0.0268899999999999,5520818,148199.72446,840,2732819,73328.70307,-0.0007432181345261,ARPA-USDT,0.0267033699265558,0.0267076124780683,
2023-01-08 15:00:00,0.0269,0.02698,0.02683,0.02694,5345692,143907.25696,1317,1979891,53307.66843,-0.0011123470522803,ARPA-USDT,0.026909261028094,0.0268807053508929,
2023-01-08 16:00:00,0.02695,0.0270399999999999,0.02669,0.02678,8134905,218343.4761,1470,4090862,109832.53971,-0.0011189854531891,ARPA-USDT,0.026968364315991,0.0269627301401204,0.0001
2023-01-08 17:00:00,0.0267899999999999,0.0269,0.02676,0.02677,3263840,87606.40929,597,1568243,42111.04544,-0.0011194029850747,ARPA-USDT,0.0268009039341573,0.0268130928112078,
2023-01-08 18:00:00,0.02676,0.02698,0.0267199999999999,0.02698,5572300,149507.73007,789,3687481,98963.35192,-0.0003705075954056,ARPA-USDT,0.0267561281989182,0.0267451014317173,
2023-01-08 19:00:00,0.02698,0.02741,0.02696,0.02716,40830051,1110172.67322,4563,23152833,629406.10891,-0.0003680529996319,ARPA-USDT,0.0269712479410561,0.0269864980386851,
2023-01-08 20:00:00,0.02716,0.0274699999999999,0.02711,0.02741,25437804,694568.40238,3294,13172656,359698.35344,0.0003649635036495,ARPA-USDT,0.0271350400198008,0.0271777663504246,
2023-01-08 21:00:00,0.02741,0.02753,0.02728,0.0273899999999999,11535591,315962.63789,1626,5448160,149269.1222,-0.0003649635036533,ARPA-USDT,0.0274447916229878,0.0274078602466203,
2023-01-08 22:00:00,0.0274,0.02761,0.02731,0.02755,7767693,213022.21581,1260,4305838,118178.30638,-0.0014498006524101,ARPA-USDT,0.027386155748419,0.0273707529300903,
2023-01-08 23:00:00,0.02755,0.02779,0.02755,0.02771,11926482,329882.17189,1886,4870608,134734.35652,0.0010838150289016,ARPA-USDT,0.0275774863596872,0.0276490717665004,
2023-01-09 00:00:00,0.0277199999999999,0.02801,0.02754,0.0279899999999999,17556277,487100.25276,2465,8270508,229791.71576,0.000715051841255,ARPA-USDT,0.0277225213911932,0.0277303065539245,0.0001
2023-01-09 01:00:00,0.0279899999999999,0.0280699999999999,0.02779,0.02796,8586700,239884.76917,1395,3406712,95218.0337,0.0,ARPA-USDT,0.0279254045644293,0.0279520661653838,
2023-01-09 02:00:00,0.02797,0.0281899999999999,0.0278,0.02781,9648285,270463.98289,1454,4001334,112236.85628,-0.0003594536304816,ARPA-USDT,0.0279899296675846,0.0279423648723854,
2023-01-09 03:00:00,0.02781,0.02801,0.02778,0.02793,5866543,163609.17585,1091,2102645,58650.00999,0.0003581661891116,ARPA-USDT,0.027817911909331,0.027805626267679,
2023-01-09 04:00:00,0.02793,0.02815,0.02792,0.02793,4460920,125072.9392,1059,2104817,59029.97641,-0.0007155635062611,ARPA-USDT,0.0279322038860475,0.0279596012394203,
2023-01-09 05:00:00,0.02793,0.0280899999999999,0.02781,0.02783,5810989,162532.48477,1115,2544927,71215.07899,-0.0010768126346015,ARPA-USDT,0.0279666737471697,0.027981976848186,
2023-01-09 06:00:00,0.02785,0.0280899999999999,0.02785,0.02791,7113119,199155.01741,1183,4037823,113035.41404,0.0007171029042667,ARPA-USDT,0.0278942513350307,0.0279621863901763,
2023-01-09 07:00:00,0.0279,0.0283,0.02785,0.02823,9880074,277579.35297,1495,4867848,136951.18095,-0.0003541076487252,ARPA-USDT,0.0278816640257783,0.0278771123970882,
2023-01-09 08:00:00,0.02823,0.02889,0.02823,0.02872,27669945,792505.90275,4412,15056812,431085.25655,0.0006968641114981,ARPA-USDT,0.0282378615870225,0.0282588551331508,0.0001
2023-01-09 09:00:00,0.02872,0.02888,0.0285899999999999,0.02885,12290276,352932.83554,2267,6095695,175088.87591,0.0006937218175511,ARPA-USDT,0.0286688978507246,0.0286229548022067,
2023-01-09 10:00:00,0.0288399999999999,0.02905,0.0286699999999999,0.0287,14842013,428095.99819,2338,6182461,178437.57921,0.0,ARPA-USDT,0.0288243155656484,0.0288750809943885,
2023-01-09 11:00:00,0.0287,0.02891,0.02866,0.0286699999999999,9846783,283551.62604,1915,4987664,143652.91479,-0.000348675034871,ARPA-USDT,0.0287200209747184,0.0287474204837957,
2023-01-09 12:00:00,0.02866,0.02881,0.02863,0.0288,8866508,254449.11457,1476,4767528,136846.64105,0.0013908205841446,ARPA-USDT,0.0286621558590308,0.0286626638506851,
2023-01-09 13:00:00,0.0287899999999999,0.029,0.02823,0.02854,15023123,430155.95961,2460,6909461,197951.82071,0.0003505082369434,ARPA-USDT,0.0288198541210416,0.0288561439092581,
2023-01-09 14:00:00,0.02853,0.02898,0.02838,0.02897,13136703,376071.3364,2401,7455026,213554.02739,0.0013826477704803,ARPA-USDT,0.0285764163042295,0.0286217541454695,
2023-01-09 15:00:00,0.02896,0.02918,0.02864,0.02899,13725140,397437.23813,2357,7436353,215356.25053,0.0017277125086385,ARPA-USDT,0.0289523108495836,0.0289969705902577,
2023-01-09 16:00:00,0.02898,0.02956,0.02896,0.02928,13910625,407528.56413,2426,7112993,208359.17403,0.0,ARPA-USDT,0.0290153436306499,0.0290576944612757,0.0001
2023-01-09 17:00:00,0.0292899999999999,0.0296399999999999,0.02913,0.0295399999999999,16127455,474823.70028,2686,8115193,238917.209,0.000338638672533,ARPA-USDT,0.0293052160621133,0.0292657707445153,
2023-01-09 18:00:00,0.0295399999999999,0.0296,0.02883,0.02915,17519891,511915.43152,2612,8203717,239970.94794,0.0006865774116031,ARPA-USDT,0.0295514408813542,0.0295609881251822,
2023-01-09 19:00:00,0.02915,0.02923,0.02885,0.02888,10630502,309205.87810000003,1974,4178846,121721.9878,0.001386962552011,ARPA-USDT,0.0291761236720838,0.0291566914961673,
2023-01-09 20:00:00,0.02888,0.02905,0.0284199999999999,0.02864,17502919,502089.05472,2950,8800678,252455.38648,0.0,ARPA-USDT,0.0289422409124625,0.0289156877468547,
2023-01-09 21:00:00,0.02865,0.0290899999999999,0.02863,0.02888,9115305,263268.25997,1777,5199774,150154.91700000002,0.0,ARPA-USDT,0.0286893282873075,0.0286909048491674,
2023-01-09 22:00:00,0.02889,0.02924,0.02881,0.02908,8767836,254920.12023,1671,5200821,151165.51464,-0.0003437607425231,ARPA-USDT,0.0288545195937593,0.0288406007113689,
2023-01-09 23:00:00,0.02908,0.02922,0.02883,0.02898,7936697,230502.96768,1512,3828044,111166.99833,0.0,ARPA-USDT,0.0291368990501071,0.0291052005796702,
2023-01-10 00:00:00,0.02898,0.02937,0.02896,0.02933,7911491,230475.74876,1616,4007147,116755.45021,-0.0010217983651227,ARPA-USDT,0.0290000926132019,0.0290809815514072,0.00011882
2023-01-10 01:00:00,0.02932,0.02933,0.0289,0.02913,9097496,264726.7866,1568,3898859,113408.97846,0.0013750429700927,ARPA-USDT,0.0292720421454735,0.0292149010324726,
2023-01-10 02:00:00,0.02913,0.0292899999999999,0.02811,0.02852,14676213,421209.26175,2192,5647838,161997.62424,0.0,ARPA-USDT,0.0291620291744266,0.0291821898837953,
2023-01-10 03:00:00,0.02853,0.02868,0.02836,0.0286699999999999,7598067,216851.44468,1411,3676744,104923.47029,0.0006980802792286,ARPA-USDT,0.0285756715714446,0.0285347973826787,
2023-01-10 04:00:00,0.0286699999999999,0.02891,0.02862,0.02891,4323345,124276.85907,892,1965257,56481.03123,0.0010387811634349,ARPA-USDT,0.0287179161920302,0.0287410415096256,
2023-01-10 05:00:00,0.02891,0.02893,0.02871,0.02891,2762583,79616.03331,663,1479825,42656.98545,0.0006922810661129,ARPA-USDT,0.0288937951317141,0.0288696259968102,
2023-01-10 06:00:00,0.0289,0.0289399999999999,0.0286899999999999,0.02882,2860837,82506.21876,830,1295362,37357.71138,0.0006944444444443,ARPA-USDT,0.0289093162847573,0.0288980018774662,
2023-01-10 07:00:00,0.02883,0.02896,0.0287,0.0288399999999999,4661058,134342.02941000002,1012,1908573,54991.66203,0.000346860908772,ARPA-USDT,0.0288583441108765,0.0288308624998314,
2023-01-10 08:00:00,0.0288399999999999,0.02916,0.0287899999999999,0.02898,12285918,355904.84094,1934,5198298,150585.10395000002,0.0003451846738005,ARPA-USDT,0.0288124506938664,0.0288344069804807,0.0001
2023-01-10 09:00:00,0.02898,0.02903,0.02882,0.02893,4626739,133852.66879,1012,1428790,41330.28858,0.0010380622837371,ARPA-USDT,0.0289717790808393,0.0289369085225923,
2023-01-10 10:00:00,0.02893,0.02897,0.0287899999999999,0.02888,6720119,194009.21805,1283,2229503,64353.00209,-0.0003461405330563,ARPA-USDT,0.0289235099523846,0.0288939020121369,
2023-01-10 11:00:00,0.02889,0.02897,0.02854,0.0285699999999999,6002628,172697.86071,1458,2491820,71711.17187,-0.0024441340782157,ARPA-USDT,0.0288826391117284,0.0288787232593044,
2023-01-10 12:00:00,0.0285699999999999,0.02931,0.0285,0.02888,28897396,836317.51483,4448,16738965,484474.32669,0.001386962552011,ARPA-USDT,0.0286001874833023,0.0285592636590191,
2023-01-10 13:00:00,0.02888,0.0290199999999999,0.0286899999999999,0.0288399999999999,12178160,351458.36249,2068,5088307,146908.74996,-0.0013850415512499,ARPA-USDT,0.0288901254403971,0.0288794664829096,
2023-01-10 14:00:00,0.02886,0.0292,0.02876,0.02899,14958455,433783.02323,2557,7007445,203265.84074,-0.0010337698139215,ARPA-USDT,0.0289163145962225,0.0289121609560746,
2023-01-10 15:00:00,0.02899,0.02915,0.0287899999999999,0.02896,7909190,229111.87281,1751,3830097,110937.83501,-0.0006901311249136,ARPA-USDT,0.028982023823914,0.0289693550455958,
2023-01-10 16:00:00,0.02897,0.02901,0.02865,0.0287399999999999,8300642,239393.90906,1708,2963699,85463.31199,0.0010449320794114,ARPA-USDT,0.0289582132307135,0.0289787361928572,0.0001
2023-01-10 17:00:00,0.02873,0.02877,0.0285699999999999,0.02875,4477152,128393.06615,1191,2194966,62945.47614,0.0013932427725531,ARPA-USDT,0.0287021222897529,0.0286872841563939,
2023-01-10 18:00:00,0.0287399999999999,0.0290199999999999,0.02866,0.02898,5022518,144943.21613000002,1409,2285257,65928.55555,0.0010362694300518,ARPA-USDT,0.0287009633161402,0.0287274382823867,
2023-01-10 19:00:00,0.02899,0.0291899999999999,0.02891,0.02912,4881462,141749.02781,1337,2308673,67051.92246,0.0,ARPA-USDT,0.0289746257917556,0.0289371204676808,
2023-01-10 20:00:00,0.02913,0.02915,0.0289399999999999,0.0291,7283065,211627.71582,1589,2933483,85266.65934,0.0013764624913972,ARPA-USDT,0.0291368622733662,0.029065308244393,
2023-01-10 21:00:00,0.0290899999999999,0.0292,0.0290199999999999,0.02915,6918728,201533.86122,1382,3395469,98922.94929,0.0,ARPA-USDT,0.0291215055513774,0.0290876046906008,
2023-01-10 22:00:00,0.02914,0.0291699999999999,0.0289,0.02903,4864094,141242.84388,1136,2493595,72406.69499,0.0006894174422613,ARPA-USDT,0.0291163910459936,0.0291280106796792,
2023-01-10 23:00:00,0.02901,0.02923,0.02898,0.02922,5842443,170235.57791,1251,3392144,98848.72712,0.0017140898183063,ARPA-USDT,0.0289952994868035,0.0290583892240435,
2023-01-11 00:00:00,0.02922,0.02922,0.02895,0.0290899999999999,6731437,195805.3347,1415,3284095,95481.29392,0.0010323468685444,ARPA-USDT,0.0291859757656827,0.0291235179519359,0.0001
2023-01-11 01:00:00,0.0290899999999999,0.02915,0.02889,0.02901,4040566,117256.1496,1025,1966654,57081.50202,0.0006898930665748,ARPA-USDT,0.0291145680602913,0.0291041614280334,
2023-01-11 02:00:00,0.0290199999999999,0.02905,0.02851,0.02863,7295110,210217.2613,1379,2501501,72148.07212,-0.0010467550593161,ARPA-USDT,0.0290301049725131,0.029027084762135,
2023-01-11 03:00:00,0.02863,0.02873,0.02839,0.0286,7688645,219832.29269,1580,4347358,124355.01978,0.0010500525026251,ARPA-USDT,0.0286584854731225,0.0286877599145364,
2023-01-11 04:00:00,0.02858,0.0287,0.02848,0.02856,4898540,140035.45258,1212,2790731,79782.14246,0.0007007708479327,ARPA-USDT,0.0285816944560866,0.0285624610057568,
2023-01-11 05:00:00,0.02855,0.02875,0.02852,0.02866,3034313,86967.48413,840,1736356,49755.84723,-0.0010456605088881,ARPA-USDT,0.0285485012299233,0.0285466851315823,
2023-01-11 06:00:00,0.02868,0.02908,0.02863,0.0290399999999999,7177808,207327.90653,1305,4222151,121986.63317,0.0003444712366482,ARPA-USDT,0.0286645458622373,0.0286678755187837,
2023-01-11 07:00:00,0.02903,0.0290399999999999,0.02888,0.0289199999999999,4238700,122708.06075,1007,1618697,46856.93217,-0.0006910850034588,ARPA-USDT,0.0290166239514988,0.0289916543361242,
2023-01-11 08:00:00,0.0289199999999999,0.0289199999999999,0.02875,0.0289,5558553,160262.7598,1163,2594860,74822.74098,0.0020804438280166,ARPA-USDT,0.0289159765054797,0.02891001066092,0.0001
2023-01-11 09:00:00,0.0289,0.02898,0.0288399999999999,0.02893,3948628,114123.85744,836,2131883,61625.26338,0.0010380622837371,ARPA-USDT,0.0288839649895394,0.0288991016593223,
2023-01-11 10:00:00,0.0289399999999999,0.02905,0.0289199999999999,0.0289399999999999,3548148,102811.54709,769,1454622,42168.75076,0.0006915629322232,ARPA-USDT,0.0289409742651542,0.0289500956776403,
2023-01-11 11:00:00,0.02893,0.02893,0.0286699999999999,0.02871,5317979,153099.31789,1234,1510010,43448.48001,-0.0006961364427428,ARPA-USDT,0.0289090916870845,0.0288867732509897,
2023-01-11 12:00:00,0.02872,0.02873,0.02852,0.02856,5191394,148577.54369,1253,1919750,54925.99307,-0.0013986013986014,ARPA-USDT,0.0287101159937368,0.0286969014237278,
2023-01-11 13:00:00,0.02856,0.0287,0.02845,0.02851,5707279,163169.60269,1218,2326005,66518.3819,-0.001051156271899,ARPA-USDT,0.028580376764338,0.0286034670544536,
2023-01-11 14:00:00,0.02852,0.0287399999999999,0.02828,0.02872,12454845,355023.64139,2644,7231740,206307.52827,0.0006968641114981,ARPA-USDT,0.0285191515908623,0.0284741374639273,
2023-01-11 15:00:00,0.02872,0.0288399999999999,0.02829,0.02839,8619021,246356.31913,1912,4198252,120054.64233,0.0,ARPA-USDT,0.0287131252529655,0.0287307797064556,
2023-01-11 16:00:00,0.02838,0.0284399999999999,0.02827,0.02829,5521904,156610.70334,1368,2466392,69952.45191,0.0,ARPA-USDT,0.0283611351884731,0.0283514270702857,0.0001
2023-01-11 17:00:00,0.02829,0.02845,0.02825,0.02833,4491224,127343.03401,1207,1970178,55865.46248,-0.000705467372134,ARPA-USDT,0.028264516404557,0.0282873644631495,
2023-01-11 18:00:00,0.02835,0.02877,0.02833,0.02864,8843427,252862.98823,1823,4487383,128231.54855,0.0,ARPA-USDT,0.0283330628725245,0.0283756771936614,
2023-01-11 19:00:00,0.02866,0.02897,0.02861,0.0289199999999999,6571810,189527.60914,1586,2828284,81550.9432,-0.0010362694300551,ARPA-USDT,0.028662557872922,0.0286718997301664,
2023-01-11 20:00:00,0.02893,0.02905,0.0287899999999999,0.02888,6811845,197007.78134,1654,2677589,77490.09005,0.0006930006930006,ARPA-USDT,0.0289393664643657,0.0289638018342122,
2023-01-11 21:00:00,0.02888,0.0289,0.02871,0.02888,3769745,108673.0368,938,1684678,48567.37574,0.0006930006930006,ARPA-USDT,0.0288842253510727,0.0288845971023708,
2023-01-11 22:00:00,0.02889,0.0291899999999999,0.02883,0.02915,4557143,132073.58452,1033,2312100,67005.02975,0.0010302197802196,ARPA-USDT,0.0288987396550483,0.0289197287886029,
2023-01-11 23:00:00,0.02915,0.02966,0.02915,0.0296,8895223,261738.13209,2067,3791929,111592.04974,0.0013531799729364,ARPA-USDT,0.0291888225706082,0.0292110263803386,
2023-01-12 00:00:00,0.0296,0.03003,0.02945,0.02998,14636131,434904.96024,2561,7063377,209988.61593,-0.0003334444814938,ARPA-USDT,0.0296193330709629,0.0296008548957278,0.0001
2023-01-12 01:00:00,0.03,0.03,0.02961,0.02973,5966782,177733.73872,1184,2391836,71223.80308,0.0010101010101009,ARPA-USDT,0.0299025346575396,0.0298669773061774,
2023-01-12 02:00:00,0.02973,0.0297699999999999,0.02946,0.0295199999999999,4819764,142934.23272,1123,2010404,59616.87702,-3.4416913763379853e-15,ARPA-USDT,0.0297152319948958,0.0297255823735757,
2023-01-12 03:00:00,0.02953,0.02999,0.02953,0.02992,5347919,159525.619,1315,3508027,104603.40931,0.0006688963210701,ARPA-USDT,0.0295921501004434,0.0296928511436949,
2023-01-12 04:00:00,0.02992,0.03005,0.0298899999999999,0.0299,4343004,130180.83483,1020,2230656,66878.22293999999,0.000669344042838,ARPA-USDT,0.0299342253565285,0.0299478039870524,
2023-01-12 05:00:00,0.02991,0.0299399999999999,0.0293,0.02933,5458716,161810.8609,1197,1636089,48462.08828,0.0003410641200545,ARPA-USDT,0.0299253464094386,0.0299205311228807,
2023-01-12 06:00:00,0.02933,0.0295399999999999,0.02933,0.02946,4118522,121171.11318,805,2315645,68122.64851,0.0,ARPA-USDT,0.0293729988681341,0.029383767402477,
2023-01-12 07:00:00,0.02945,0.02961,0.02938,0.02957,4017752,118578.02712,858,2320788,68497.0967,0.000338294993234,ARPA-USDT,0.0294845045861255,0.0294729509880039,
2023-01-12 08:00:00,0.02957,0.0295899999999999,0.02932,0.02956,7102691,209509.06611,1435,3738636,110279.23689,0.0003384094754652,ARPA-USDT,0.0295681698044423,0.0295536563554006,0.0001
2023-01-12 09:00:00,0.02956,0.02958,0.0294199999999999,0.02947,4451282,131318.2554,1004,1993634,58821.19973,0.0,ARPA-USDT,0.0295426628003314,0.0295532011299509,
2023-01-12 10:00:00,0.02947,0.02947,0.0291,0.02939,6724885,196877.73895,1280,3035338,88907.78186,0.0010217983651226,ARPA-USDT,0.0294096759270276,0.0293417064474202,
2023-01-12 11:00:00,0.02939,0.02945,0.02932,0.02945,7084200,208275.19355,1696,3542775,104183.19286,0.0003396739130434,ARPA-USDT,0.0293647312600253,0.0293579252980398,
2023-01-12 12:00:00,0.0294399999999999,0.0295399999999999,0.02926,0.02943,5169260,151990.5618,1228,2895971,85166.77363,0.0006800408024483,ARPA-USDT,0.0294366756778855,0.0294315679418039,
2023-01-12 13:00:00,0.02945,0.03008,0.02876,0.02996,33122682,974279.4754,4698,18844782,554845.85547,0.0,ARPA-USDT,0.0294370528084618,0.0293901032520861,
2023-01-12 14:00:00,0.02996,0.0300399999999999,0.0289399999999999,0.02921,20555518,605667.44702,3084,9321499,274403.04495,0.000685166152792,ARPA-USDT,0.0298749783691184,0.0299262720841188,
2023-01-12 15:00:00,0.0292,0.0296,0.0292,0.02943,7278643,214168.48368,1355,3337067,98202.52376,-0.0020345879959307,ARPA-USDT,0.0292577130321942,0.02931376007423,
2023-01-12 16:00:00,0.02943,0.02963,0.02936,0.0295199999999999,9505779,280129.29016,1567,4234523,124821.149,-0.0003386386725398,ARPA-USDT,0.0294243750945525,0.0294443560271244,0.0001
2023-01-12 17:00:00,0.0295399999999999,0.03025,0.0295,0.03005,20722234,620221.15308,3097,11334196,339015.98628,0.0006660006660006,ARPA-USDT,0.0295361789700119,0.0295567717771061,
2023-01-12 18:00:00,0.0300399999999999,0.0301899999999999,0.02973,0.02997,10147397,304223.00186,1931,3921126,117532.16096,0.0003337783711614,ARPA-USDT,0.030131384371316,0.030061433170137,
2023-01-12 19:00:00,0.02997,0.0303,0.02991,0.03018,7764531,233823.76939,1644,4047034,121935.90661,0.0006631299734747,ARPA-USDT,0.030027543102993,0.030011150770795,
2023-01-12 20:00:00,0.03016,0.0303899999999999,0.03011,0.03032,8371122,253127.61859,1465,4459386,134848.91001,0.0006600660066007,ARPA-USDT,0.0301528908427764,0.0301642067310212,
2023-01-12 21:00:00,0.0303,0.03036,0.02999,0.0301899999999999,6973832,210257.89797,1427,3284996,99085.2847,0.0006629101756678,ARPA-USDT,0.0302793514969372,0.0302414350838351,
2023-01-12 22:00:00,0.03018,0.03025,0.03003,0.03021,4860902,146509.1942,1100,2799545,84399.7225,0.0,ARPA-USDT,0.030169288278145,0.0301656512446465,
2023-01-12 23:00:00,0.03021,0.03038,0.03017,0.03033,3064231,92728.18665,957,1602125,48488.06191,0.001320567844173,ARPA-USDT,0.0302099882398264,0.0302007973003644,
2023-01-13 00:00:00,0.03032,0.03066,0.03023,0.0302399999999999,9598908,292295.22081,2116,5388845,164204.42296,-3.3306690738754696e-15,ARPA-USDT,0.0303240841565724,0.0304155310862064,0.0001
2023-01-13 01:00:00,0.0302399999999999,0.03041,0.03015,0.03041,5172999,156690.862,1184,2767930,83870.32447,0.0009874917709018,ARPA-USDT,0.0302607790820813,0.0302901476474282,
2023-01-13 02:00:00,0.0304,0.03041,0.03015,0.03032,4325837,130871.61756,1089,2490489,75308.65522,0.0016518004625041,ARPA-USDT,0.0303806796268306,0.0303657070015598,
2023-01-13 03:00:00,0.03031,0.0306399999999999,0.03028,0.0306199999999999,3559423,108397.86225,950,1782670,54324.76913,0.0016355904481486,ARPA-USDT,0.0303080507063546,0.0303063282960213,
2023-01-13 04:00:00,0.03061,0.03065,0.03047,0.03047,4675404,142974.3924,1161,1542335,47172.5153,0.0006568144499179,ARPA-USDT,0.0306193495627202,0.0306057342163184,
2023-01-13 05:00:00,0.03046,0.03053,0.03015,0.03015,3700615,112376.96795,1000,1489342,45237.50063,0.0006637902422834,ARPA-USDT,0.0304755032798009,0.0304943126853451,
2023-01-13 06:00:00,0.03016,0.0305,0.03015,0.03046,5201581,157701.84625,975,2997044,90790.19562,0.0006570302233903,ARPA-USDT,0.0301608150936189,0.0302078261468592,
2023-01-13 07:00:00,0.03046,0.03048,0.03025,0.03034,3245518,98528.48364,783,1041201,31611.13263,0.0009897723523588,ARPA-USDT,0.030467457519904,0.0304446534693923,
2023-01-13 08:00:00,0.03032,0.03043,0.0302399999999999,0.03036,7501959,227573.31118,1856,2496370,75760.62627000001,0.0013192612137202,ARPA-USDT,0.0303460850407469,0.0303388465778542,0.0001
2023-01-13 09:00:00,0.03035,0.03068,0.03034,0.03046,15214558,464872.53045,2648,7677710,234513.74166,0.0009858692080184,ARPA-USDT,0.0303734992150831,0.0303925097943196,
2023-01-13 10:00:00,0.03045,0.03052,0.03016,0.0303899999999999,9493628,288247.94986,1844,3878045,117778.24046,0.0003291639236306,ARPA-USDT,0.0304316368657126,0.0304434610718569,
2023-01-13 11:00:00,0.0303899999999999,0.0303899999999999,0.0301199999999999,0.03013,6881712,208145.29928,1631,2874594,86954.04114,-0.0006633499170812,ARPA-USDT,0.0303479500201126,0.0303214439407432,
2023-01-13 12:00:00,0.03013,0.0303899999999999,0.03005,0.03009,9457207,285978.27624,1865,5855630,177114.92671,-0.0006642311524411,ARPA-USDT,0.0301544639115945,0.0301632829626638,
2023-01-13 13:00:00,0.0301,0.0301899999999999,0.0297899999999999,0.03011,9132828,274063.82609,2004,3814508,114533.54052,-0.0003320053120849,ARPA-USDT,0.030121951888501,0.0300785673935898,
2023-01-13 14:00:00,0.03011,0.03057,0.03009,0.0305,10356406,314330.19749,1732,6494368,197134.42289,0.0006561679790026,ARPA-USDT,0.0301191397959058,0.0301145830851529,
2023-01-13 15:00:00,0.03048,0.03053,0.03034,0.03051,9552887,290819.5968,1795,3491893,106334.37965,0.000327868852459,ARPA-USDT,0.0304496203277998,0.0304294429270065,
2023-01-13 16:00:00,0.03052,0.03076,0.0300399999999999,0.03065,11307797,344222.56268000003,1992,6504432,198213.12405,0.0003263707571801,ARPA-USDT,0.0305057443452274,0.0304525067706235,0.0001
2023-01-13 17:00:00,0.03065,0.0308899999999999,0.0306199999999999,0.03083,5002890,153899.70372,1371,2896344,89092.61364,0.0009740259740258,ARPA-USDT,0.0306616500197054,0.0306629526169543,
2023-01-13 18:00:00,0.03083,0.03105,0.03056,0.03058,14006423,431559.06171,2580,7162235,220822.23587,0.00065445026178,ARPA-USDT,0.0308130104849959,0.0307923838636531,
2023-01-13 19:00:00,0.03058,0.0308899999999999,0.03047,0.03086,5670619,173947.70781,1378,2756381,84599.24288,0.0003241491085899,ARPA-USDT,0.0305774648995083,0.0305227605016729,
2023-01-13 20:00:00,0.03086,0.03132,0.03078,0.0313,8653678,268275.75553,1541,4615272,143146.20619,0.0009593859929646,ARPA-USDT,0.030843778479869,0.0308521747262143,
2023-01-13 21:00:00,0.03129,0.03183,0.0311,0.0314399999999999,18837964,593337.85485,3144,8310103,261641.20699,-0.0006357279084584,ARPA-USDT,0.0312916705583001,0.0312639997547263,
2023-01-13 22:00:00,0.03147,0.03167,0.0311,0.03136,7904266,248377.24709,1814,3006428,94487.83091,0.0006381620931716,ARPA-USDT,0.0315106859272655,0.0315867472261883,
2023-01-13 23:00:00,0.03136,0.0317,0.03133,0.0316899999999999,6739125,212527.78742,1402,3707583,116879.76611,0.0009475679090302,ARPA-USDT,0.0314729842047826,0.031502982274678,
2023-01-14 00:00:00,0.0317,0.03259,0.03163,0.03193,23192183,742640.29987,4835,10477665,335429.86498,0.0021971123666038,ARPA-USDT,0.0316796834556197,0.0317072139295312,0.0001
2023-01-14 01:00:00,0.03193,0.03274,0.03191,0.03267,32964632,1065895.35122,4270,17766711,574390.31371,0.0024547407180115,ARPA-USDT,0.0319406022003151,0.0320375056760025,
2023-01-14 02:00:00,0.03267,0.03305,0.03238,0.03261,15390084,503154.66922,3130,7052895,230760.72822,0.0024592683676605,ARPA-USDT,0.032697547368421,0.0328024187125809,
2023-01-14 03:00:00,0.03261,0.0326199999999999,0.03209,0.0323,8753642,282753.16794,2163,3110653,100551.12664,0.0018610421836229,ARPA-USDT,0.0325840975200531,0.0325798181964525,
2023-01-14 04:00:00,0.03229,0.03246,0.0321399999999999,0.03242,5192949,167740.55626,1469,2805717,90644.80476,0.0027837921435198,ARPA-USDT,0.0322960265444392,0.0323159728406883,
2023-01-14 05:00:00,0.03242,0.03283,0.03217,0.03272,9177781,298845.47565,1961,5629395,183295.44356,0.0012239902080783,ARPA-USDT,0.0324218300292607,0.0324426117212214,
2023-01-14 06:00:00,0.03272,0.03328,0.03266,0.03326,8778253,289010.99841,2053,4090678,134652.13814,0.0021090689966858,ARPA-USDT,0.0327086058863445,0.0327241656338799,
2023-01-14 07:00:00,0.03326,0.03335,0.03277,0.03318,13645437,451099.54976,2630,5986659,197998.72447,0.0018115942028986,ARPA-USDT,0.0332891217862547,0.0332619074738497,
2023-01-14 08:00:00,0.03318,0.0338,0.03303,0.03352,16572471,554408.62638,2961,8229756,275287.22423,0.0017931858936044,ARPA-USDT,0.0331451961602671,0.0331039027445495,0.00047992
2023-01-14 09:00:00,0.03352,0.03358,0.03068,0.03209,46800192,1501833.13225,7842,21220152,679407.25399,0.0018732438339057,ARPA-USDT,0.0335484373220812,0.0335401549459166,
2023-01-14 10:00:00,0.03207,0.03232,0.03146,0.03228,13662807,435682.47027,2706,7294806,232709.89307,0.0003098853424234,ARPA-USDT,0.0320725407656522,0.0319853338651232,
2023-01-14 11:00:00,0.03226,0.03273,0.03223,0.03248,11679075,378973.60918,2399,5292106,171778.77392,0.0,ARPA-USDT,0.0322629241890559,0.0323013947578903,
2023-01-14 12:00:00,0.03247,0.03282,0.0323,0.03246,11889072,386298.28051,2559,4210452,136828.69602,0.0009250693802036,ARPA-USDT,0.0324647495133763,0.0324308955935501,
2023-01-14 13:00:00,0.03246,0.03269,0.03209,0.03263,9099320,294768.19726,2437,4342825,140837.62432,0.001842186060792,ARPA-USDT,0.0324587092092326,0.0324571614322316,
2023-01-14 14:00:00,0.03263,0.0331399999999999,0.03195,0.03247,16251536,529285.2209900001,3521,7885970,256969.51439,0.0006163328197226,ARPA-USDT,0.0326144750252515,0.0326200125550451,
2023-01-14 15:00:00,0.03249,0.03302,0.0323899999999999,0.03288,10198828,333867.0395,2951,5734760,187737.67518,-0.0003040437823047,ARPA-USDT,0.0325283749832919,0.0326028012215139,
2023-01-14 16:00:00,0.03291,0.03312,0.03276,0.0328699999999999,9005086,296583.5812,2258,4569552,150548.98537,0.0021341463414603,ARPA-USDT,0.0329776157537997,0.0329296558815388,0.00032798
2023-01-14 17:00:00,0.0328699999999999,0.0332,0.03259,0.03269,6131164,202135.98637,1582,2975552,98243.70204,0.0012251148545174,ARPA-USDT,0.0328621224416038,0.0328761454028417,
2023-01-14 18:00:00,0.03269,0.0328899999999999,0.03248,0.03271,5111118,167227.58794,1706,2751855,90081.9747,0.0021446078431373,ARPA-USDT,0.0327350900626253,0.0327963853929089,
2023-01-14 19:00:00,0.0327,0.03281,0.03234,0.03254,4826883,157570.173,1784,1976201,64562.03082,0.0006150061500613,ARPA-USDT,0.0327043945010062,0.0327197620105012,
2023-01-14 20:00:00,0.03254,0.03283,0.03246,0.03275,3766453,122861.25789,1212,2032986,66324.60961,0.0012228676245795,ARPA-USDT,0.0325630124223602,0.0325160761934165,
2023-01-14 21:00:00,0.03276,0.03284,0.03249,0.03265,4406666,143991.45962,1450,2164817,70757.47121,0.0012266176019626,ARPA-USDT,0.0328004248903013,0.0327236055099124,
2023-01-14 22:00:00,0.03266,0.03303,0.03259,0.03297,4759282,155875.83879,1551,2422947,79392.18955,0.0,ARPA-USDT,0.0326949568581143,0.0327018375439585,
2023-01-14 23:00:00,0.03298,0.03336,0.03294,0.03317,4911738,162740.65871,1526,2142233,70975.13896,0.0018121413470248,ARPA-USDT,0.0329711331068234,0.0330601287684654,
2023-01-15 00:00:00,0.03318,0.0335899999999999,0.03241,0.03315,15188235,501864.46062,3650,7735037,255655.19478,0.0024191109767159,ARPA-USDT,0.0331902344236775,0.0333056719020204,0.00037146
2023-01-15 01:00:00,0.03313,0.03344,0.03277,0.03344,8317767,275717.98345,1976,4272778,141666.8797,0.0023980815347721,ARPA-USDT,0.0331597091470869,0.0332178222546937,
2023-01-15 02:00:00,0.03344,0.0335,0.03275,0.03276,6601756,218989.63222,1873,2526399,84018.25216,0.0,ARPA-USDT,0.0334630384552721,0.0334639847216558,
2023-01-15 03:00:00,0.03278,0.03299,0.03253,0.03286,6316928,207085.607,1696,2513760,82431.8596,-0.0006082725060827,ARPA-USDT,0.032787874117757,0.0328966097547566,
2023-01-15 04:00:00,0.03288,0.03292,0.03267,0.03272,4022595,132022.91237,1248,1472884,48355.21262,0.0012239902080783,ARPA-USDT,0.0328655560937258,0.0328799613036503,
2023-01-15 05:00:00,0.03273,0.03295,0.03263,0.0328899999999999,3887198,127571.80941,1632,2019740,66309.05744,0.0018275967103229,ARPA-USDT,0.0327534639093456,0.0327577596642058,
2023-01-15 06:00:00,0.0328899999999999,0.03296,0.0326,0.0326,3040541,99799.00857,1240,1371240,45000.5941,0.000921093030396,ARPA-USDT,0.032898279474413,0.0328886945733009,
2023-01-15 07:00:00,0.0326,0.0326,0.03231,0.03252,6591066,213865.98829,1745,3043378,98726.52401,0.0009233610341643,ARPA-USDT,0.0325719926608124,0.0324538217265046,
2023-01-15 08:00:00,0.03255,0.03263,0.03203,0.03218,10307658,332962.80254,2252,5125500,165550.26545,0.0006218905472636,ARPA-USDT,0.0325596042210543,0.0325762728528239,0.00041657
2023-01-15 09:00:00,0.0321899999999999,0.03238,0.03184,0.0323,10975728,351912.2733,1862,4369702,140070.52076,0.00092965602727,ARPA-USDT,0.0321732169875223,0.0320324939627111,
2023-01-15 10:00:00,0.03233,0.03233,0.0322,0.03232,3707656,119638.40103,1109,1328419,42866.63412,0.0015494267121165,ARPA-USDT,0.0322782261432757,0.0322466989388985,
2023-01-15 11:00:00,0.03233,0.03254,0.0322,0.03247,4572052,148024.63325,1128,2183455,70710.00534,0.0003080714725816,ARPA-USDT,0.0323115588854327,0.0323131577556905,
2023-01-15 12:00:00,0.03246,0.03255,0.03224,0.03241,5485396,177880.36769,1366,2660102,86286.96566,0.0040272614622056,ARPA-USDT,0.0324133934350584,0.0324497756787459,
2023-01-15 13:00:00,0.0324,0.03276,0.03229,0.03249,6405244,208335.00809,1920,2470004,80328.94829,0.0012326656394452,ARPA-USDT,0.0323486361239579,0.0323543843277204,
2023-01-15 14:00:00,0.03249,0.03297,0.03246,0.03294,5032764,164567.30588,1500,2230475,72918.04611,0.001824817518248,ARPA-USDT,0.0324768147575,0.0325240450853799,
2023-01-15 15:00:00,0.03292,0.03312,0.0328,0.03307,8298061,273737.76535,2378,3543531,116927.32726,0.0015142337976983,ARPA-USDT,0.0329591024634498,0.0329452840648744,
2023-01-15 16:00:00,0.03307,0.03342,0.0329,0.03336,11622686,385583.44496,2433,5727183,190131.05516,0.000900090009001,ARPA-USDT,0.0330851304926712,0.0330915463300425,0.00034218
2023-01-15 17:00:00,0.03336,0.0338,0.03312,0.03327,14804632,496570.23816,2913,7233260,242627.31076,0.0009025270758122,ARPA-USDT,0.0333806202205741,0.0334879724258857,
2023-01-15 18:00:00,0.03327,0.03381,0.03285,0.03342,21306466,711786.99994,3690,12696371,424286.12606,0.0014983518130058,ARPA-USDT,0.0332922348611575,0.0331852451816772,
2023-01-15 19:00:00,0.03343,0.0336,0.0333,0.03355,13075620,437463.79462,2640,6452219,215993.6582,0.0,ARPA-USDT,0.0334552849138223,0.0334572200601319,
2023-01-15 20:00:00,0.03355,0.0335899999999999,0.03318,0.03342,12843730,429181.82643,2607,5393618,180319.00667,0.0014983518130058,ARPA-USDT,0.0335309725546832,0.0334820157833995,
2023-01-15 21:00:00,0.03344,0.0336399999999999,0.03333,0.03353,6476141,216963.11835,1725,2542633,85193.50118,0.0008955223880595,ARPA-USDT,0.0334386489070222,0.0334371140499181,
2023-01-15 22:00:00,0.03353,0.03363,0.0332,0.03351,4687752,156383.85895,1370,1720004,57422.0468,0.0008960573476701,ARPA-USDT,0.033498672553424,0.0334883109038509,
2023-01-15 23:00:00,0.03352,0.03356,0.03322,0.03341,4033396,134797.04119,1017,1834628,61346.89793,0.0011986814504048,ARPA-USDT,0.0335385168919225,0.0335016441306423,
2023-01-16 00:00:00,0.03341,0.03375,0.0331399999999999,0.03358,12808573,428844.36815,2515,5634879,188753.92938,0.0023880597014924,ARPA-USDT,0.0334371984665421,0.0334851716847043,0.00018475
2023-01-16 01:00:00,0.03358,0.03406,0.03341,0.034,11533216,389030.60815,2179,5664868,191508.71361,0.0017678255745434,ARPA-USDT,0.0335938540565287,0.0335145498465478,
2023-01-16 02:00:00,0.034,0.03429,0.0338199999999999,0.03387,6886494,234450.30873,1779,3423238,116608.09086,0.0014784151389708,ARPA-USDT,0.033979830991745,0.03390773776179,
2023-01-16 03:00:00,0.03388,0.03396,0.0335699999999999,0.03361,4791673,161843.26219,1199,2328025,78688.01365,0.0005954153021732,ARPA-USDT,0.0338803064575756,0.0338562983207838,
2023-01-16 04:00:00,0.03363,0.03388,0.0335699999999999,0.0338199999999999,4219443,142207.07733,1163,2127273,71725.54362,0.0014806040864643,ARPA-USDT,0.0336337267885066,0.0336544496532629,
2023-01-16 05:00:00,0.0338199999999999,0.03421,0.03376,0.03419,6591752,223906.50929,1537,3584637,121735.36918,0.0014645577035734,ARPA-USDT,0.0338329797598024,0.0338145213223795,
2023-01-16 06:00:00,0.03418,0.03429,0.03391,0.03401,7058392,241005.83473,1623,2769591,94618.75933,0.0017673048600883,ARPA-USDT,0.0342160427144333,0.0342442871318357,
2023-01-16 07:00:00,0.03401,0.03438,0.03373,0.03438,18157535,619851.33336,3099,10693753,365230.89753,0.0014564520827264,ARPA-USDT,0.0339887242508974,0.0339381369970209,
2023-01-16 08:00:00,0.03438,0.03441,0.03294,0.03343,31593463,1059603.72724,5552,13794663,462393.93138,-0.0011951000896324,ARPA-USDT,0.0343504268855946,0.0342983098505391,0.00010494
2023-01-16 09:00:00,0.03344,0.03375,0.03327,0.03356,10638756,356418.64159,2023,4884454,163713.41814,0.0,ARPA-USDT,0.0334034359645141,0.0333886262425672,
2023-01-16 10:00:00,0.0335699999999999,0.03383,0.03341,0.03358,7943455,267310.12078,1454,3705167,124698.30282,0.000595947556615,ARPA-USDT,0.0335774870187876,0.0336068584182689,
2023-01-16 11:00:00,0.0335899999999999,0.03361,0.03333,0.03344,6401350,214318.75608,1456,2535858,84899.27439,0.0011976047904191,ARPA-USDT,0.0335767639588776,0.0335603064371111,
2023-01-16 12:00:00,0.03346,0.03374,0.03325,0.03331,7406980,248324.76626,1834,3492154,117111.26118,0.0009014423076922,ARPA-USDT,0.0334854845541775,0.033493423590023,
2023-01-16 13:00:00,0.03331,0.0337,0.03324,0.03349,7501238,251205.55529,1720,4135370,138528.61952,0.0026946107784431,ARPA-USDT,0.0333570240425796,0.0334237253632918,
2023-01-16 14:00:00,0.03348,0.0336399999999999,0.03317,0.03344,9934357,332065.6985,2084,4810957,160860.17817,0.0005984440454818,ARPA-USDT,0.033467677260588,0.0335009985574613,
2023-01-16 15:00:00,0.03343,0.0335699999999999,0.03261,0.03345,21142140,700299.05457,3751,10298536,341403.07909,0.0002990430622009,ARPA-USDT,0.0334320964492972,0.0333953022139826,
2023-01-16 16:00:00,0.03345,0.0335899999999999,0.03312,0.0333,8916774,297498.35491,1910,3886913,129695.51349,-0.0003002101471029,ARPA-USDT,0.0334483825613531,0.0333875304183904,0.0001
2023-01-16 17:00:00,0.03331,0.03351,0.0332,0.03346,5472370,182493.43125,1234,2981330,99450.62874,0.0005980861244019,ARPA-USDT,0.0332773230063891,0.0332663719964355,
2023-01-16 18:00:00,0.03347,0.03395,0.0333899999999999,0.03391,14468973,487939.89915,2584,7618835,256738.76362,0.0011809861234131,ARPA-USDT,0.0334522146282862,0.0334442175033626,
2023-01-16 19:00:00,0.0339,0.03403,0.03363,0.0338899999999999,7741224,261927.84013,1680,3199980,108320.57483,-3.1086244689504387e-15,ARPA-USDT,0.0338488000318993,0.0338575061874434,
2023-01-16 20:00:00,0.03391,0.03398,0.03369,0.03379,7448067,251818.7744,1529,3190264,107904.20694,0.0002960331557135,ARPA-USDT,0.0338743593895185,0.0338495120247924,
2023-01-16 21:00:00,0.03381,0.03381,0.03351,0.03372,6567748,221095.4268,1605,3021815,101731.74859,0.000593471810089,ARPA-USDT,0.0337780242437454,0.0337316075279792,
2023-01-16 22:00:00,0.03372,0.03386,0.0335899999999999,0.03363,4344302,146518.79993,1256,2133174,71952.63504000001,0.0,ARPA-USDT,0.0337284598259534,0.0337060469831203,
2023-01-16 23:00:00,0.0336399999999999,0.03375,0.03344,0.03366,4667365,156971.25408,1275,2179266,73295.46089,-0.0002970002970001,ARPA-USDT,0.0336495578356608,0.0336291335658004,
2023-01-17 00:00:00,0.03366,0.03393,0.0333,0.03347,9803771,329396.66013,2053,4990162,167743.17298,0.0008971291866028,ARPA-USDT,0.0336360886728192,0.0334739745702278,0.0001
2023-01-17 01:00:00,0.03349,0.03371,0.03292,0.03348,8448344,281694.76019,1844,3903859,130130.24253,0.0008968609865471,ARPA-USDT,0.0335094082997812,0.0335791908017302,
2023-01-17 02:00:00,0.03347,0.03355,0.03321,0.03351,4212549,140651.51913,984,1779215,59389.59,0.0011951000896324,ARPA-USDT,0.0335018358688005,0.0335202428087661,
2023-01-17 03:00:00,0.0335,0.03365,0.03341,0.03358,2474196,82947.51229,960,1283898,43056.76864,0.0014912019087385,ARPA-USDT,0.0334881102067779,0.0334628821594158,
2023-01-17 04:00:00,0.03358,0.03381,0.03349,0.03372,4652105,156570.88161,1104,2520485,84798.31373000001,0.0011876484560569,ARPA-USDT,0.0335906415227185,0.03357206464628,
2023-01-17 05:00:00,0.03373,0.03388,0.03367,0.03386,2752124,92975.48077,713,1280293,43260.60658,0.0011827321111768,ARPA-USDT,0.0337476045324899,0.0337789176152193,
2023-01-17 06:00:00,0.03388,0.0338899999999999,0.03367,0.03369,3456257,116900.43179,850,1271080,43001.81931,0.0002969121140141,ARPA-USDT,0.0338696890282599,0.0338483323449742,
2023-01-17 07:00:00,0.03369,0.03398,0.03369,0.0339,3691692,124960.26075,1105,2016140,68249.80735,0.0008857395925598,ARPA-USDT,0.0337054370758126,0.0337499754013523,
2023-01-17 08:00:00,0.0339,0.03406,0.0338199999999999,0.03401,3746970,127222.59947,987,1845973,62667.31603,0.0011775095672652,ARPA-USDT,0.0338957416568314,0.0338831042984745,0.0001
2023-01-17 09:00:00,0.03401,0.03404,0.03383,0.03399,2981990,101263.75135,936,1227400,41691.70162,0.0017683465959328,ARPA-USDT,0.034010903475932,0.0340058170737763,
2023-01-17 10:00:00,0.03398,0.03402,0.03383,0.03399,2358323,80005.33605,742,1169285,39670.70376,0.00029429075927,ARPA-USDT,0.0339638918623702,0.0339372336399533,
2023-01-17 11:00:00,0.03398,0.03427,0.03397,0.03418,7577634,258641.17549,1580,3746492,127883.82694,0.001171646162859,ARPA-USDT,0.0340210415441856,0.0340532717404378,
2023-01-17 12:00:00,0.03417,0.03425,0.03402,0.03411,3704562,126484.85872,981,1735660,59277.97278,0.0011740534194304,ARPA-USDT,0.0341650097465886,0.0341037243938902,
2023-01-17 13:00:00,0.03412,0.03419,0.0339,0.03412,4547897,155066.66586,1129,2025016,69046.71052,0.001467566774288,ARPA-USDT,0.0341331757808921,0.034106972364892,
2023-01-17 14:00:00,0.03411,0.03455,0.03373,0.03429,14181581,484253.93754,2603,7205164,246218.12449,0.0011678832116788,ARPA-USDT,0.0341208019670191,0.0341851431477719,
2023-01-17 15:00:00,0.03428,0.03443,0.0338399999999999,0.03391,7868051,268580.34766,1953,3539772,120866.26174,0.0011809861234131,ARPA-USDT,0.03432505605999,0.0343482670655635,
2023-01-17 16:00:00,0.0338899999999999,0.03402,0.0336399999999999,0.0338199999999999,6840176,231479.55718,1902,3484576,117986.13579,0.0002957704821029,ARPA-USDT,0.0339087879950007,0.0339302397003227,0.0001
2023-01-17 17:00:00,0.03383,0.03396,0.0335899999999999,0.03394,4915428,165987.24373000002,1990,3035011,102502.83534,0.0011799410029498,ARPA-USDT,0.0338337932473218,0.0338579356457368,
2023-01-17 18:00:00,0.03393,0.03426,0.0339,0.03423,6128297,208884.06703,1578,2929264,99818.73064,0.0017559262510973,ARPA-USDT,0.0339385975330343,0.0339292398730703,
2023-01-17 19:00:00,0.03423,0.03433,0.0340899999999999,0.03427,4381498,149784.70496,1283,2124414,72643.03731,0.0005839416058392,ARPA-USDT,0.034214242800345,0.0341772763034261,
2023-01-17 20:00:00,0.03429,0.03436,0.03393,0.03415,4114273,140636.12735999998,1135,1679444,57373.43754,0.001172676634418,ARPA-USDT,0.0342755446137028,0.0343140569905689,
2023-01-17 21:00:00,0.03417,0.03426,0.03391,0.0342,8186424,279428.90566,1674,4445193,151768.99585,-0.0008764241893074,ARPA-USDT,0.0341488749733532,0.0341514660405399,
2023-01-17 22:00:00,0.0342,0.0342,0.03368,0.0337,6756882,229595.5505,1414,2610256,88667.39444,0.000891000891001,ARPA-USDT,0.0341377179399414,0.0341440759466331,
2023-01-17 23:00:00,0.0337,0.0339,0.0333899999999999,0.03355,6380806,214844.92631,1801,3234924,108944.98316,0.0,ARPA-USDT,0.0337118397138851,0.0337585697918458,
2023-01-18 00:00:00,0.0335699999999999,0.03403,0.03354,0.03398,6999778,236745.1977,2039,4302235,145517.3204,0.0014736221632773,ARPA-USDT,0.0336213376142858,0.0337339068227792,0.0001
2023-01-18 01:00:00,0.03399,0.03458,0.03396,0.03455,8163354,279844.28254,2031,4795133,164380.93821,0.0014492753623187,ARPA-USDT,0.0340346979185411,0.0340912739476247,
2023-01-18 02:00:00,0.03455,0.03467,0.03419,0.03439,9456900,325728.80632,2016,4272869,147328.39226,-0.0005812263876782,ARPA-USDT,0.0345481449601004,0.0345175253295034,
2023-01-18 03:00:00,0.0344,0.03447,0.0341,0.03414,4931207,169099.29611999998,1044,1892826,64935.41638,0.0014667057788206,ARPA-USDT,0.034391080005344,0.0344050517443268,
2023-01-18 04:00:00,0.03412,0.03439,0.03411,0.0343,4016043,137640.23047,956,2381238,81601.18668,0.0011675423234092,ARPA-USDT,0.0341596134713981,0.0341693434041449,
2023-01-18 05:00:00,0.03429,0.03438,0.03425,0.03435,2045004,70159.58941,729,971892,33348.56321,0.0011658408627222,ARPA-USDT,0.034309480725027,0.0342904954642215,
2023-01-18 06:00:00,0.03435,0.03435,0.03398,0.03405,3135736,107150.82437,1058,1157505,39537.28333,0.0011761246692147,ARPA-USDT,0.0342981501366174,0.0342788472036511,
2023-01-18 07:00:00,0.0340699999999999,0.03424,0.03396,0.03412,4166748,142167.84248,1316,2324501,79320.2079,0.0002931691586043,ARPA-USDT,0.0340431935350142,0.0340344054021097,
2023-01-18 08:00:00,0.03412,0.03416,0.03347,0.03367,8709422,293979.59914,2292,3614104,121995.67554,0.0,ARPA-USDT,0.0341428594923489,0.0340612560319266,0.00011232
2023-01-18 09:00:00,0.03368,0.0338399999999999,0.03337,0.03376,6745328,226981.91078,1781,3459551,116486.97245,0.0002962962962962,ARPA-USDT,0.0336681362454752,0.0336086084079043,
2023-01-18 10:00:00,0.03375,0.03385,0.03347,0.03352,5617560,189352.00528,1273,2103505,70920.27936,0.0008957897879964,ARPA-USDT,0.0337175210557476,0.0336880215582664,
2023-01-18 11:00:00,0.03352,0.03379,0.03348,0.03373,2748838,92604.42188,1119,1432257,48252.86554,0.0017820017820018,ARPA-USDT,0.0334937983324491,0.0335866539758714,
2023-01-18 12:00:00,0.03373,0.034,0.03366,0.03396,4376743,148122.78765,1323,2500496,84670.37898,-0.0002943773918163,ARPA-USDT,0.0337123137606679,0.0337099334245001,
2023-01-18 13:00:00,0.03397,0.03419,0.03371,0.03415,9760939,331909.03208,2157,4614583,156943.43893,0.0008792497069167,ARPA-USDT,0.0339764966669879,0.0339830003145566,
2023-01-18 14:00:00,0.03415,0.03443,0.03405,0.03427,7468285,255638.97516,1900,3214131,110065.67803,0.0020467836257309,ARPA-USDT,0.0341606133771069,0.034121040291421,
2023-01-18 15:00:00,0.03427,0.03442,0.03173,0.03247,23852983,788110.11332,4537,10301035,339863.6234,-0.0018444512757456,ARPA-USDT,0.0343028955138584,0.0342980427855223,
2023-01-18 16:00:00,0.03248,0.03248,0.03126,0.0318899999999999,50316870,1600943.72422,9077,25509263,811547.43716,-3.219646771412954e-15,ARPA-USDT,0.0323372286881618,0.0323185190604825,0.00010091
2023-01-18 17:00:00,0.03185,0.03275,0.03185,0.03225,21914980,708236.72722,5011,11494949,371407.61509,0.0009310986964619,ARPA-USDT,0.0320702236302097,0.0320186944397072,
2023-01-18 18:00:00,0.03226,0.03248,0.03191,0.03202,12412989,399993.31109,2740,6430486,207297.80975,-0.0006242197253433,ARPA-USDT,0.0322324208843881,0.0322300945506018,
2023-01-18 19:00:00,0.03204,0.0321199999999999,0.03191,0.03199,5105976,163538.45447,1524,2684754,85996.75701,0.0009386733416769,ARPA-USDT,0.0320229632371498,0.0320104323006861,
2023-01-18 20:00:00,0.032,0.03209,0.03125,0.03145,13520358,429180.06473,3001,6736434,213822.49477,0.0009548058561426,ARPA-USDT,0.0319853118956059,0.0319504675337102,
2023-01-18 21:00:00,0.03146,0.0316399999999999,0.03129,0.03136,8466423,266034.66661,2104,4049770,127318.92252,-0.0003187759005419,ARPA-USDT,0.0314109803844107,0.0313996074575751,
2023-01-18 22:00:00,0.03137,0.03143,0.03106,0.03138,6645024,207545.28187,1738,3346478,104526.22982,0.0006377551020408,ARPA-USDT,0.0313833168807994,0.0313805558761047,
2023-01-18 23:00:00,0.03137,0.0313899999999999,0.0306199999999999,0.03076,17707223,547219.16551,3286,8402449,259839.41633,0.0003252032520324,ARPA-USDT,0.0313411410189801,0.0313196550607341,
2023-01-19 00:00:00,0.03076,0.03107,0.03069,0.03071,10317675,318337.83943,2373,5142551,158698.51741,-0.0006508298080051,ARPA-USDT,0.03076286298877,0.0307729824581604,0.0001
2023-01-19 01:00:00,0.03071,0.03106,0.0307,0.03077,6920539,213648.75157,1892,3430277,105906.36394,0.0003250975292587,ARPA-USDT,0.0307583360850716,0.0308059311110118,
2023-01-19 02:00:00,0.03077,0.0310399999999999,0.03071,0.03101,4626786,142743.36894,1295,2359030,72814.79569,0.0016149870801032,ARPA-USDT,0.030755525507272,0.0307496802739982,
2023-01-19 03:00:00,0.03101,0.0312,0.03091,0.0310399999999999,6367961,197736.67644,1813,4030216,125147.92862,0.0009674298613318,ARPA-USDT,0.030993253021086,0.0309677784217139,
2023-01-19 04:00:00,0.03103,0.03116,0.0309899999999999,0.03108,4348010,135114.62735,1336,2345980,72891.25229,0.000966183574879,ARPA-USDT,0.0310505290866878,0.0310237222423325,
2023-01-19 05:00:00,0.03108,0.03112,0.03088,0.03096,4377426,135683.39107,1166,2504179,77623.11771,0.0006464124111182,ARPA-USDT,0.0310601911621093,0.0310254997945156,
2023-01-19 06:00:00,0.0309699999999999,0.03111,0.03091,0.03102,5132729,159110.08541,1157,2785874,86375.6418,0.0,ARPA-USDT,0.0309705869520552,0.0309622377691206,
2023-01-19 07:00:00,0.03102,0.03116,0.03093,0.03112,4165612,129292.40057,1101,2272480,70536.87012,0.0,ARPA-USDT,0.0310264516398187,0.0309892002307697,
2023-01-19 08:00:00,0.03113,0.03127,0.03103,0.0310399999999999,5227716,162908.27855,1465,2513864,78390.61797,-0.0003220611916295,ARPA-USDT,0.0311337165862649,0.0311399161707711,0.0001
2023-01-19 09:00:00,0.03103,0.0312,0.03094,0.03117,4041732,125639.47007,1248,1986472,61769.88253,0.0003209242618742,ARPA-USDT,0.0310880749746143,0.0310782617143742,
2023-01-19 10:00:00,0.03116,0.03125,0.03102,0.0311399999999999,3591647,111805.38242,1183,1573961,48998.29948,0.0009643201542881,ARPA-USDT,0.0311372000482698,0.0311656360432521,
2023-01-19 11:00:00,0.0311399999999999,0.03115,0.03071,0.03078,5759110,177626.18515,1578,2379092,73395.84692,0.0,ARPA-USDT,0.0310907624646106,0.0310240866395229,
2023-01-19 12:00:00,0.03078,0.03092,0.0304899999999999,0.03069,9247728,284072.76245,2106,4227459,129861.79921,0.0003259452411994,ARPA-USDT,0.0307376148417735,0.0307616981354121,
2023-01-19 13:00:00,0.03068,0.03092,0.0304,0.03085,7314809,224429.10374,1928,3733136,114590.13527,0.0003242542153047,ARPA-USDT,0.0307149705513622,0.0307263560480233,
2023-01-19 14:00:00,0.03085,0.03108,0.03057,0.03101,6663452,205668.0938,1651,3211694,99160.74669,0.0003225806451612,ARPA-USDT,0.0308171042278848,0.0308308705555755,
2023-01-19 15:00:00,0.031,0.0312199999999999,0.03091,0.0309699999999999,5468330,169812.21981,1368,2235645,69458.48102,-3.219646771412954e-15,ARPA-USDT,0.0309935850643376,0.0310160081255032,
2023-01-19 16:00:00,0.03096,0.0312,0.03088,0.03117,5826375,180913.35635,1588,2925218,90868.60123,-0.0006412311638345,ARPA-USDT,0.0309254734453945,0.0309511835471757,0.0001
2023-01-19 17:00:00,0.03117,0.03141,0.0309899999999999,0.03119,5513724,172271.55844,1615,3267103,102109.84289,-0.0003205128205128,ARPA-USDT,0.0311372025371663,0.03120744676297,
2023-01-19 18:00:00,0.03119,0.03127,0.0309699999999999,0.0312399999999999,5899052,183415.32938,1490,2965328,92193.12947,-3.219646771412954e-15,ARPA-USDT,0.0311006309548899,0.0310449366131441,
2023-01-19 19:00:00,0.03125,0.03175,0.03125,0.03171,8943367,281594.92651,2051,4757281,149845.42179,0.0,ARPA-USDT,0.0312916863930209,0.0313135524815449,
2023-01-19 20:00:00,0.03171,0.03173,0.03157,0.03163,5334175,168959.98573,1386,2199502,69666.39875000001,0.0003162555344717,ARPA-USDT,0.0317007730231386,0.0316759021056042,
2023-01-19 21:00:00,0.03163,0.03172,0.03129,0.03132,5277517,166082.74809,1460,2603617,81941.78834,0.0,ARPA-USDT,0.0316693282870297,0.0316169417275335,
2023-01-19 22:00:00,0.03134,0.03154,0.03132,0.0315,4478116,140760.09766,1341,2311385,72665.5209,-0.0006345177664974,ARPA-USDT,0.0313406564915507,0.0313844307386658,
2023-01-19 23:00:00,0.0315,0.03156,0.0313899999999999,0.03143,5138000,161778.84513,1649,2221328,69956.84374,0.0006367398917541,ARPA-USDT,0.0314675027908216,0.0315011948063744,
2023-01-20 00:00:00,0.03143,0.03154,0.03117,0.03136,10308869,323707.64989,2035,5224997,164067.6222,-0.0003187759005419,ARPA-USDT,0.0314953709695016,0.0314403447198304,0.0001
2023-01-20 01:00:00,0.03135,0.03154,0.03123,0.0315,4864118,152695.42788,1204,2468174,77488.64379,0.0,ARPA-USDT,0.0313318906185043,0.031285451220646,
2023-01-20 02:00:00,0.0315,0.03162,0.03134,0.03134,3893863,122556.55413,1167,2371402,74656.19973000001,-0.0022285896211398,ARPA-USDT,0.0315128237530523,0.0315238428043598,
2023-01-20 03:00:00,0.03134,0.03154,0.03133,0.03152,4749513,149494.03161,1421,2820283,88753.5037,0.0,ARPA-USDT,0.0313993490894665,0.0314684504899439,
2023-01-20 04:00:00,0.03151,0.0317,0.03129,0.03133,5827659,183830.55771,1554,3234252,102057.90481,0.0003192848020432,ARPA-USDT,0.0315067814180252,0.0315673511152869,
2023-01-20 05:00:00,0.03133,0.0314399999999999,0.0312399999999999,0.03131,4331745,135653.3433,1315,2184352,68408.45718,0.0,ARPA-USDT,0.0313075287100923,0.0313144543178159,
2023-01-20 06:00:00,0.03131,0.03136,0.03107,0.03118,5899908,184138.26988,1299,2425712,75720.52523,0.0,ARPA-USDT,0.0312580498942712,0.0311746585291741,
2023-01-20 07:00:00,0.03118,0.03131,0.0311,0.0312399999999999,4824603,150601.07253,1122,2232091,69681.86769,-0.0003200000000032,ARPA-USDT,0.0311282057643137,0.0311904411159172,
2023-01-20 08:00:00,0.03125,0.03135,0.03117,0.03128,4768958,149028.59119,1275,2551006,79714.74034,0.0,ARPA-USDT,0.0312191432124101,0.0312608508178167,0.0001
2023-01-20 09:00:00,0.03128,0.03141,0.03115,0.0314,3233618,101149.08037,1005,1724881,53967.6429,-0.0003183699458771,ARPA-USDT,0.031257112568178,0.0312589597383075,
2023-01-20 10:00:00,0.0314,0.03141,0.0312199999999999,0.03136,4371873,136977.97116,945,2276887,71340.10594,0.0,ARPA-USDT,0.0313704867096507,0.0313583941027472,
2023-01-20 11:00:00,0.03135,0.03153,0.0312,0.03127,6751898,211570.49055,1572,2594848,81353.06446,-0.0009584664536741,ARPA-USDT,0.0313802034290212,0.0314402120229861,
2023-01-20 12:00:00,0.03128,0.03154,0.03125,0.03148,4179852,131095.34224,1090,2303723,72242.88207,-0.0006349206349206,ARPA-USDT,0.0312651809295864,0.0312738716618009,
2023-01-20 13:00:00,0.03147,0.03161,0.0314,0.03142,3218875,101443.39979,950,1413674,44568.34591,-0.0003181673560294,ARPA-USDT,0.0314805701780478,0.0314854834391814,
2023-01-20 14:00:00,0.03141,0.03168,0.0313899999999999,0.03167,3093723,97490.19634,1061,1572651,49568.91011,0.0003158559696776,ARPA-USDT,0.0313998340137641,0.031431904498051,
2023-01-20 15:00:00,0.03167,0.03182,0.03155,0.03172,8747966,277143.18086,1644,4904138,155375.68518,0.0003153579312518,ARPA-USDT,0.0316632161576198,0.0316546438740435,
2023-01-20 16:00:00,0.03171,0.03209,0.03162,0.0319,8185619,260977.36976,1612,3869569,123303.85113,0.0003135779241141,ARPA-USDT,0.0316966610970206,0.0316912431159482,0.0001
2023-01-20 17:00:00,0.03192,0.03217,0.03188,0.03202,9012218,288611.68505000003,1948,3773391,120870.09672,-0.000312207305651,ARPA-USDT,0.0319188208349832,0.0319479368881865,
2023-01-20 18:00:00,0.03202,0.0322,0.03199,0.0321199999999999,5603325,179770.54006,1172,2722736,87348.4544,0.00093487067622,ARPA-USDT,0.0320487698809891,0.0321152642731226,
2023-01-20 19:00:00,0.0321199999999999,0.0323899999999999,0.03201,0.03238,5895885,189602.75792,1568,3044862,97889.51663,0.0006180469715697,ARPA-USDT,0.0321267347114133,0.0320546158837127,
2023-01-20 20:00:00,0.0323699999999999,0.0332,0.0323699999999999,0.0331399999999999,20572393,674275.22367,4209,10294716,337454.30562,-0.0006031363088089,ARPA-USDT,0.032434665408054,0.0324364151633444,
2023-01-20 21:00:00,0.0331399999999999,0.03335,0.03292,0.03322,12205311,405090.11044,2428,4911705,163049.52212,0.0,ARPA-USDT,0.0331499263603602,0.033203645239032,
2023-01-20 22:00:00,0.03323,0.03351,0.0331399999999999,0.0333199999999999,11310046,377255.84633,2679,5072638,169236.39208,-0.0003000300030032,ARPA-USDT,0.0332273444247071,0.0332045763954652,
2023-01-20 23:00:00,0.03335,0.03394,0.0333399999999999,0.03388,10975712,369097.38673,2488,5451640,183527.92482,0.0008862629246677,ARPA-USDT,0.0333690629942769,0.0334133118873459,
2023-01-21 00:00:00,0.03388,0.03429,0.0336,0.03408,23685884,805755.92563,4415,13269519,451354.89821,0.0,ARPA-USDT,0.0339316396446264,0.0339919182223716,0.0001
2023-01-21 01:00:00,0.03408,0.03468,0.03408,0.03457,8848218,304835.48095,2308,4614743,159013.00173,0.0020289855072461,ARPA-USDT,0.0341698037940892,0.0342363613612637,
2023-01-21 02:00:00,0.03456,0.0346,0.03399,0.03424,8247752,283271.88425,2415,4183820,143774.44969,0.0023419203747072,ARPA-USDT,0.0345672120978942,0.0345740670132833,
2023-01-21 03:00:00,0.03424,0.03427,0.03393,0.0341,8838109,301470.72541,2446,4888478,166730.59414,0.0017626321974146,ARPA-USDT,0.0342453187776271,0.0341657623670636,
2023-01-21 04:00:00,0.0341,0.03438,0.0341,0.0342,5168422,177080.50984,1857,2899245,99310.61849,0.0011709601873535,ARPA-USDT,0.0341911310562589,0.0342272884345064,
2023-01-21 05:00:00,0.03421,0.0343,0.03411,0.03418,6729663,230249.43897,2331,4373980,149663.27709,0.001171646162859,ARPA-USDT,0.034222919369531,0.0341988304303876,
2023-01-21 06:00:00,0.03418,0.03442,0.0340899999999999,0.03424,8080725,276609.22895,2493,4261838,145855.84419,0.0014624159110852,ARPA-USDT,0.0341337935083205,0.0341277367459764,
2023-01-21 07:00:00,0.03424,0.03438,0.03417,0.03417,7658842,262391.21684,2124,3761656,128835.4129,0.0005856515373352,ARPA-USDT,0.0342428818827071,0.034211357459015,
2023-01-21 08:00:00,0.03417,0.03441,0.03396,0.034,6303561,215776.37869,2135,3511504,120188.51828,0.0005885815185402,ARPA-USDT,0.0342322680236074,0.034271769871638,0.00035157
2023-01-21 09:00:00,0.034,0.03443,0.03387,0.0344,8286145,282823.90112,2117,4678554,159780.34943,0.0014556040756914,ARPA-USDT,0.0339906063272069,0.0339593264205576,
2023-01-21 10:00:00,0.0344,0.0346,0.03327,0.03378,29316616,992744.42963,5146,14113692,478013.24916,0.0011855364552459,ARPA-USDT,0.0343566436798817,0.0343865824241607,
2023-01-21 11:00:00,0.03377,0.0343399999999999,0.0335,0.0343,12821491,435004.74607,2777,7096366,240859.97742,0.0020449897750511,ARPA-USDT,0.0337999635300786,0.0338250636561669,
2023-01-21 12:00:00,0.03429,0.0343,0.03383,0.0341,16748972,570410.83548,3454,6748440,229839.3494,0.0011743981209628,ARPA-USDT,0.0342747400757983,0.034221635853318,
2023-01-21 13:00:00,0.0340899999999999,0.03417,0.03367,0.0338399999999999,8629447,292756.53953,2170,4047363,137428.58522,0.0008873114463145,ARPA-USDT,0.0341077129773587,0.0340794873982808,
2023-01-21 14:00:00,0.03385,0.03397,0.03363,0.03366,7720007,261000.86809,1966,3052943,103220.8617,0.000297176820208,ARPA-USDT,0.0338850852416647,0.0339252309196302,
2023-01-21 15:00:00,0.03366,0.03401,0.03336,0.03354,13656849,461079.23028,3426,6644482,224361.52166,0.0020914251568568,ARPA-USDT,0.0337221262032471,0.0337690676459512,
2023-01-21 16:00:00,0.03354,0.03404,0.03351,0.03391,9397047,317940.77258,2722,4919800,166389.70807,0.0017725258493355,ARPA-USDT,0.0335670662064451,0.0336329291064876,0.0001
2023-01-21 17:00:00,0.0338899999999999,0.03397,0.0336,0.03376,5283525,178781.43874,2074,2488442,84199.67756,0.0005927682276229,ARPA-USDT,0.0338722558178293,0.0338702481618706,
2023-01-21 18:00:00,0.03374,0.03406,0.03372,0.03404,3636069,123152.38326,1399,1822852,61753.78404,0.0005878894767783,ARPA-USDT,0.0337524885994445,0.0337727417762619,
2023-01-21 19:00:00,0.03404,0.03472,0.03399,0.03441,22332634,768253.0880400001,4808,14605886,502405.1163,0.0002906976744185,ARPA-USDT,0.0340515137788992,0.0340532043976039,
2023-01-21 20:00:00,0.03441,0.03441,0.03383,0.03416,19031235,648601.3910000001,3630,10144209,345670.89739,0.0002928257686676,ARPA-USDT,0.034331961292765,0.0342374331388492,
2023-01-21 21:00:00,0.03415,0.03467,0.0340899999999999,0.03465,7934017,272868.16357,1645,3553807,122192.42988,0.0008665511265164,ARPA-USDT,0.0341537536079315,0.0341834745893338,
2023-01-21 22:00:00,0.03465,0.03466,0.03405,0.03405,8805071,302843.84787,1948,3137309,107915.5255,0.0,ARPA-USDT,0.0346186852538367,0.0345864090219721,
2023-01-21 23:00:00,0.03404,0.0343,0.03366,0.0338,13254678,450081.00732,2974,6111214,207440.00739,0.0005920663114269,ARPA-USDT,0.0340047624701998,0.034082867815106,
2023-01-22 00:00:00,0.0338199999999999,0.03416,0.03368,0.03393,7046680,239159.00184,2107,2987506,101352.55843,0.0008849557522123,ARPA-USDT,0.033777791840153,0.0337876433056917,0.0001
2023-01-22 01:00:00,0.03392,0.034,0.0336399999999999,0.0338399999999999,4742071,160606.39483,1295,1931652,65439.514930000005,0.0005913660555854,ARPA-USDT,0.0338897771235488,0.0339122679779104,
2023-01-22 02:00:00,0.0338199999999999,0.0339,0.03343,0.03361,5659255,190452.99905,2079,1964997,66128.01066,0.0,ARPA-USDT,0.0338586450241829,0.0338749988891818,
2023-01-22 03:00:00,0.0336,0.03378,0.0335899999999999,0.03374,3104463,104563.05181,1365,1277566,43022.2819,0.0005931198102016,ARPA-USDT,0.0336368788602143,0.0336522613380647,
2023-01-22 04:00:00,0.03374,0.03401,0.03372,0.03399,3202790,108461.73214,1664,1580817,53553.86492,0.0014731879787861,ARPA-USDT,0.0337351355011733,0.0337638621467791,
2023-01-22 05:00:00,0.03399,0.03418,0.0339,0.03418,4594142,156457.54849000002,2063,2242889,76378.39701,0.0005854800936768,ARPA-USDT,0.0339730108741594,0.0339368576917795,
2023-01-22 06:00:00,0.03418,0.03427,0.03413,0.03415,5469864,187065.26687,1923,2490590,85182.6062,0.0,ARPA-USDT,0.0341796894870823,0.0342003334821181,
2023-01-22 07:00:00,0.03415,0.03435,0.03406,0.0342,5560900,190199.66414,1769,2339988,80072.11338,0.0005851375073142,ARPA-USDT,0.03418622151675,0.0341919510467258,
2023-01-22 08:00:00,0.03421,0.0350899999999999,0.03419,0.0348399999999999,55293312,1919680.06719,8647,31330477,1087940.28754,-0.0008603383997733,ARPA-USDT,0.0342341982025844,0.0342601420880213,0.0001
2023-01-22 09:00:00,0.03483,0.03618,0.03461,0.03526,70099065,2482816.18131,13104,35038382,1241287.21575,0.0005675368898978,ARPA-USDT,0.0347785944126984,0.0347214447953684,
2023-01-22 10:00:00,0.03526,0.03526,0.03469,0.03497,23006409,803968.7733,4477,10378432,362670.24376,0.0005722460658081,ARPA-USDT,0.0351098830544773,0.0350189383909162,
2023-01-22 11:00:00,0.03498,0.03541,0.03472,0.0353,18860718,662371.29018,3421,7788302,273433.51314,-0.0002832058906826,ARPA-USDT,0.0350104560916547,0.0349974345006537,
2023-01-22 12:00:00,0.03531,0.03572,0.03491,0.03531,22634088,799246.39075,4712,7904146,279264.69243,0.0014180374361882,ARPA-USDT,0.0352369801088965,0.0351836031657451,
2023-01-22 13:00:00,0.03533,0.03546,0.03513,0.03531,11955729,422154.59046,2701,4641560,163945.27544,0.0005667327854916,ARPA-USDT,0.0353092067326792,0.0353377245278934,
2023-01-22 14:00:00,0.03532,0.0355399999999999,0.03525,0.03544,12083902,427997.86556,2873,4111648,145661.4925,0.0008472182999152,ARPA-USDT,0.0353237658431666,0.035347200124342,
2023-01-22 15:00:00,0.03545,0.0356,0.03446,0.0352899999999999,21234058,746740.11737,4686,8757228,308029.08754,0.0011347517730468,ARPA-USDT,0.0354296050421447,0.0354677234017001,
2023-01-22 16:00:00,0.03532,0.03557,0.03499,0.03531,16112219,568923.85341,3788,7480990,264296.63988000003,0.0008503401360544,ARPA-USDT,0.0353233263280108,0.035236492777256,0.0001
2023-01-22 17:00:00,0.03532,0.03564,0.03524,0.03549,8387428,297551.46754,2351,3376825,119828.54217,0.0008460236886633,ARPA-USDT,0.0354019277364429,0.0353469350742718,
2023-01-22 18:00:00,0.0355,0.03574,0.0354,0.03558,13911220,495131.46401,3182,6221972,221429.05043,0.0002811357885859,ARPA-USDT,0.0354462259855559,0.03548268730248,
2023-01-22 19:00:00,0.03557,0.03571,0.0350899999999999,0.03532,20702325,733812.28799,3891,9491630,336528.78979,0.0031241124680487,ARPA-USDT,0.0355690551225611,0.035624400474624,
2023-01-22 20:00:00,0.0353,0.03533,0.03401,0.03425,32922240,1141531.71785,6278,14191144,492652.87209,0.0023412350014633,ARPA-USDT,0.0352891359952345,0.035184677653174,
2023-01-22 21:00:00,0.03424,0.03477,0.0340899999999999,0.03473,15791086,543635.33367,3349,7992407,275108.98835,-0.0002878526194589,ARPA-USDT,0.0342658731942923,0.0342992517715255,
2023-01-22 22:00:00,0.03473,0.0348399999999999,0.03449,0.03477,7622836,264261.22372,1758,3327140,115339.15375,0.0008635578583766,ARPA-USDT,0.034801416017352,0.0347699478722846,
2023-01-22 23:00:00,0.03476,0.0350399999999999,0.03467,0.03493,6078557,211856.41071,1693,3187400,111064.69616,0.0008595988538682,ARPA-USDT,0.0347639884774179,0.0347442982379894,
2023-01-23 00:00:00,0.03493,0.03537,0.03493,0.03511,10200363,358640.48873,2552,4843743,170265.42597,-0.0005693139766581,ARPA-USDT,0.0350091554968032,0.0350320284231934,0.0001
2023-01-23 01:00:00,0.03512,0.03568,0.03512,0.03533,8410762,298097.99939,1886,4127043,146340.01092,0.0008498583569405,ARPA-USDT,0.0352231838850088,0.0352811579318852,
2023-01-23 02:00:00,0.03535,0.03589,0.03535,0.03584,7151800,255029.11825,1891,3886216,138578.60735,0.0008377548170901,ARPA-USDT,0.0353616688825093,0.0354105200679394,
2023-01-23 03:00:00,0.03585,0.0360399999999999,0.0355399999999999,0.03557,7740714,276994.24914,2204,3850820,137845.43769,0.0,ARPA-USDT,0.0358321606933563,0.0359218609824819,
2023-01-23 04:00:00,0.03558,0.03591,0.03558,0.03589,5224672,186916.63476,1825,2608702,93341.23848,0.000836586726157,ARPA-USDT,0.0355973336042215,0.0356586120421409,
2023-01-23 05:00:00,0.03588,0.03594,0.0356,0.03566,3333629,119227.55127,1177,1467375,52476.3789,0.001966844619275,ARPA-USDT,0.0358934395074055,0.0358896331060431,
2023-01-23 06:00:00,0.03567,0.03587,0.0355199999999999,0.03565,7814063,278947.56342,1669,3719076,132725.28231,0.0014044943820226,ARPA-USDT,0.0356754899462759,0.0356118614728665,
2023-01-23 07:00:00,0.03566,0.03573,0.03512,0.03532,6359917,225477.6426,1568,3012104,106860.9745,0.001417635384179,ARPA-USDT,0.0356880612644272,0.0356843046103544,
2023-01-23 08:00:00,0.03533,0.03564,0.0352,0.03535,7257054,256928.00849,1971,3367373,119176.04529,0.0014164305949009,ARPA-USDT,0.035360059509389,0.0353169297091392,0.0001
2023-01-23 09:00:00,0.0353399999999999,0.03551,0.03528,0.03539,4184644,148011.48511,1269,2100539,74295.72417,0.0008484162895925,ARPA-USDT,0.0353420639499352,0.0353100594905031,
2023-01-23 10:00:00,0.03539,0.03569,0.03538,0.03557,5374621,190969.63511,1590,2689529,95563.61715,0.0014076576576576,ARPA-USDT,0.035425315372994,0.0354071626679034,
2023-01-23 11:00:00,0.03556,0.03576,0.03548,0.03572,4324872,154077.64381,1345,2028196,72276.70009,0.0005602240896358,ARPA-USDT,0.035586587948381,0.0355286449916019,
2023-01-23 12:00:00,0.03572,0.03617,0.0355199999999999,0.0358,16712390,599654.50978,3715,10359081,371763.97738,0.0011185682326622,ARPA-USDT,0.0357312859192978,0.0357759338910423,
2023-01-23 13:00:00,0.03581,0.03593,0.0353399999999999,0.03555,9600356,342183.87911,2936,4485990,159944.72134,0.0014084507042253,ARPA-USDT,0.0358124330345967,0.0358644875238404,
2023-01-23 14:00:00,0.03555,0.03621,0.03511,0.03533,14686363,523814.65227,3911,6911491,246642.14696,0.0019852524106636,ARPA-USDT,0.0355416603664776,0.0355996285559002,
2023-01-23 15:00:00,0.03533,0.0357699999999999,0.03522,0.03544,11167775,396702.37142,2997,5985289,212590.95872,0.0,ARPA-USDT,0.0353629367842921,0.0354498196994055,
2023-01-23 16:00:00,0.03545,0.03564,0.03524,0.03561,5915423,209863.79873,1804,2767571,98211.12557,0.00140607424072,ARPA-USDT,0.0354827867946817,0.0355083086896166,0.0001
2023-01-23 17:00:00,0.0356,0.03584,0.03538,0.03583,5554967,197363.19111,1781,3101986,110222.95982,0.002518186905428,ARPA-USDT,0.035584736996491,0.0355340224349539,
2023-01-23 18:00:00,0.03582,0.03608,0.03561,0.03574,8085445,290241.53969,2701,3097657,111276.18397,0.0,ARPA-USDT,0.0358287189565432,0.0358714928482945,
2023-01-23 19:00:00,0.03576,0.03587,0.03531,0.03563,6594590,234895.64373,2100,3035671,108207.06788,0.0019685039370078,ARPA-USDT,0.0357683181559274,0.0357645149956036,
2023-01-23 20:00:00,0.03562,0.03582,0.0355199999999999,0.0357899999999999,4688800,167156.38639,1578,2372596,84581.10519,0.0013989927252349,ARPA-USDT,0.0356166872894902,0.035611206724273,
2023-01-23 21:00:00,0.03578,0.0362,0.03569,0.03595,9005091,323876.20019,2268,4999711,179803.1412,0.0008351893095768,ARPA-USDT,0.0357960759547723,0.0357351174918449,
2023-01-23 22:00:00,0.03594,0.0360199999999999,0.03578,0.03585,4688462,168376.04166,1543,2009779,72183.7069,0.000279017857143,ARPA-USDT,0.0359174444021845,0.0359272301727436,
2023-01-23 23:00:00,0.03584,0.03609,0.03578,0.03588,4412206,158442.93615999998,1504,2422190,86974.05265,0.0005577244841048,ARPA-USDT,0.0358907841263714,0.0359916470192389,
2023-01-24 00:00:00,0.03587,0.03598,0.03553,0.03581,7594892,271753.71278,2017,3768496,134862.20313,0.0002793296089387,ARPA-USDT,0.0358144545986166,0.0358522239934176,0.0001
2023-01-24 01:00:00,0.0358,0.03611,0.03568,0.03611,4335708,155622.73024,1388,2006577,71999.28545,0.0016643550624133,ARPA-USDT,0.0358018387253865,0.0358895928290795,
2023-01-24 02:00:00,0.03609,0.03621,0.03601,0.03612,4086846,147607.45294,1463,1988415,71825.69769,0.0019417475728156,ARPA-USDT,0.036097527786627,0.0361077225974629,
2023-01-24 03:00:00,0.03612,0.03633,0.0360199999999999,0.0363,5322454,192547.67777,1812,2821844,102094.82688,0.000827129859388,ARPA-USDT,0.0361149069988148,0.0360660224010171,
2023-01-24 04:00:00,0.0362899999999999,0.03634,0.03603,0.03608,4397701,159219.95083000002,1185,1699466,61544.91498,0.0016657412548584,ARPA-USDT,0.036314178791423,0.0362717956357985,
2023-01-24 05:00:00,0.03607,0.03613,0.03586,0.03607,3608303,129844.23631,1317,1811315,65201.54409,0.0019444444444445,ARPA-USDT,0.0360666901877246,0.0359994275781581,
2023-01-24 06:00:00,0.03607,0.03623,0.036,0.03605,5634980,203518.49081,1394,2917069,105399.96251,0.0019455252918287,ARPA-USDT,0.036065990940743,0.0361081962033422,
2023-01-24 07:00:00,0.03605,0.03607,0.03587,0.03596,5261715,189188.07377,1550,2782356,100045.44027,0.0005564830272677,ARPA-USDT,0.0360358599242833,0.0360054400769182,
2023-01-24 08:00:00,0.03597,0.0361,0.03588,0.03598,5719545,206004.44566,1542,3153409,113580.52987,0.0008344923504866,ARPA-USDT,0.0360281636463293,0.0360560264080598,0.0001491
2023-01-24 09:00:00,0.03598,0.03599,0.03544,0.03562,15737075,561152.75397,3237,8227503,293385.01067,-0.0002806623631771,ARPA-USDT,0.0359826178549563,0.0358686898460462,
2023-01-24 10:00:00,0.03562,0.03585,0.03561,0.03576,6849218,244940.09145,1679,3872228,138482.55913,0.0011198208286673,ARPA-USDT,0.0356338631664049,0.0357208705097552,
2023-01-24 11:00:00,0.03574,0.03584,0.0355399999999999,0.03568,6552799,233856.83797,1579,3438069,122672.91536,0.0019657399606851,ARPA-USDT,0.0357355289530412,0.0357794381453425,
2023-01-24 12:00:00,0.03569,0.03598,0.03565,0.03581,12682376,454148.62322,2989,7337019,262756.55095,0.0008384572386808,ARPA-USDT,0.0357054510364984,0.0357816603691512,
2023-01-24 13:00:00,0.03582,0.03598,0.03543,0.03571,7846696,280528.81756,2091,4055388,144988.95176,0.0002801120448179,ARPA-USDT,0.0358375918193498,0.0358306596472389,
2023-01-24 14:00:00,0.03573,0.03689,0.03568,0.0365,30925546,1125791.39521,6444,17932089,652934.5568,0.0005482456140351,ARPA-USDT,0.0357825667629122,0.0357848628652466,
2023-01-24 15:00:00,0.03648,0.0367899999999999,0.03609,0.0367199999999999,34949097,1275019.06116,6749,16714010,610015.17271,-0.0002722570106207,ARPA-USDT,0.0364395973831613,0.0363865319199895,
2023-01-24 16:00:00,0.03673,0.03673,0.03631,0.0365,17270717,630084.41811,3371,8202802,299360.04614,0.0008225939128048,ARPA-USDT,0.03664205068319,0.0365369857131739,0.0001
2023-01-24 17:00:00,0.0365,0.03667,0.03586,0.03642,28285802,1025525.47218,4168,12404345,449883.33345,0.0016501650165015,ARPA-USDT,0.0364751888400142,0.0363503313730801,
2023-01-24 18:00:00,0.03643,0.03683,0.03637,0.0367199999999999,18203805,666294.44053,3578,8720011,319336.01895,0.0010905125408915,ARPA-USDT,0.0364132707699244,0.0365381104758014,
2023-01-24 19:00:00,0.03673,0.03673,0.03631,0.03652,7334990,267572.51291,1519,2889402,105400.72977,0.0008221430528909,ARPA-USDT,0.0366744207201784,0.0365846488310595,
2023-01-24 20:00:00,0.03651,0.03651,0.03583,0.03613,10742519,388390.04022,2372,4823233,174361.05419999998,0.0013858093126386,ARPA-USDT,0.0364483677713065,0.0364241545612795,
2023-01-24 21:00:00,0.03612,0.0365,0.0352,0.03568,16901324,606192.8378,3484,7177068,257473.60763,-0.0005602240896358,ARPA-USDT,0.0361570213358114,0.036243239076646,
2023-01-24 22:00:00,0.0357,0.03587,0.0341,0.03467,25733106,898693.80964,5007,12336218,430561.58259,-0.0017276130146846,ARPA-USDT,0.0356998962076591,0.0357286038945825,
2023-01-24 23:00:00,0.03467,0.03487,0.034,0.03449,15359105,529257.0758,3395,7011943,241718.6124,-0.0002898550724638,ARPA-USDT,0.0347222134704186,0.0347760638768862,
2023-01-25 00:00:00,0.0345,0.03472,0.03368,0.03395,16393581,559853.22213,3374,7298938,249388.96152,-0.0008828722778105,ARPA-USDT,0.0345329995844811,0.0346119401738143,0.0001
2023-01-25 01:00:00,0.03394,0.03411,0.03304,0.03344,17838110,597280.3366,3608,7788168,260958.95102,-0.0005977286312014,ARPA-USDT,0.0339869185662761,0.0339710494680621,
2023-01-25 02:00:00,0.03345,0.03388,0.03344,0.03373,9087665,305891.40493,2223,4376078,147345.61526,0.0005932957579355,ARPA-USDT,0.033467125804721,0.0334764893727226,
2023-01-25 03:00:00,0.03372,0.03414,0.03366,0.03414,6169558,209206.13829,1717,3469382,117706.21838,0.0005861664712778,ARPA-USDT,0.0337059719120485,0.0337070019353548,
2023-01-25 04:00:00,0.03414,0.03462,0.03401,0.03457,8179816,280581.9787,1662,4701912,161201.10053,0.0,ARPA-USDT,0.0341087841308728,0.0340648026787091,
2023-01-25 05:00:00,0.03456,0.03477,0.03446,0.0345399999999999,6056396,209585.95605,1768,2996416,103685.26771,0.0002896032435533,ARPA-USDT,0.0345783211483681,0.0345904669090541,
2023-01-25 06:00:00,0.0345399999999999,0.03472,0.03428,0.03468,6981275,240591.86156,1803,3782687,130392.654,0.0005770340450086,ARPA-USDT,0.0345109676472496,0.0344264294219835,
2023-01-25 07:00:00,0.03467,0.03476,0.03457,0.03465,3665823,127002.28525,1185,1773066,61425.42589,0.0,ARPA-USDT,0.034663764768974,0.0346406323612709,
2023-01-25 08:00:00,0.03464,0.03472,0.03444,0.03448,5156289,178221.32649,1295,2351202,81241.55495,0.0005803830528148,ARPA-USDT,0.0346387187564002,0.0346464123244025,0.0001
2023-01-25 09:00:00,0.03447,0.03448,0.03398,0.03398,5347663,183024.51148,1369,1798501,61580.31962,-0.0005882352941176,ARPA-USDT,0.0344712098675958,0.0343790640656063,
2023-01-25 10:00:00,0.03399,0.03406,0.0335899999999999,0.03381,7618439,257522.14207,2444,3227765,109095.80314,-0.0005911912503694,ARPA-USDT,0.0340204220557899,0.0340168904877931,
2023-01-25 11:00:00,0.03381,0.03386,0.03351,0.03365,4904583,165440.1922,1524,2553129,86160.62804,0.0,ARPA-USDT,0.0338162247870294,0.0338096841603054,
2023-01-25 12:00:00,0.0336399999999999,0.03429,0.03354,0.03412,8481617,288257.74987,2325,4426347,150458.51505,0.0,ARPA-USDT,0.0335968419635439,0.0336378147729204,
2023-01-25 13:00:00,0.03412,0.03439,0.03394,0.03399,8443247,288790.05555,2211,3749621,128259.34786,0.0,ARPA-USDT,0.0341202052481163,0.0341878006778647,
2023-01-25 14:00:00,0.03398,0.03417,0.0335,0.0337,10285024,348583.05068,2452,4946490,167647.28016,-0.0011855364552459,ARPA-USDT,0.0339828693511359,0.034029004215063,
2023-01-25 15:00:00,0.0337,0.03406,0.03353,0.03392,6856789,232054.15493,1778,3188598,107890.43417,0.0,ARPA-USDT,0.0336615255755694,0.033639430773868,
2023-01-25 16:00:00,0.03392,0.0343,0.03369,0.03428,6979555,237539.89963,1710,3297802,112288.20021,-0.0005830903790087,ARPA-USDT,0.0339050432635076,0.0339187099764588,0.0001
2023-01-25 17:00:00,0.0343,0.03448,0.034,0.03422,7852500,268994.4286,1953,3733530,127943.16701,-0.0002921413964357,ARPA-USDT,0.0342892106099915,0.0343108892424432,
2023-01-25 18:00:00,0.03421,0.03466,0.03408,0.03464,7883309,270853.9822,2097,3497100,120197.04828,0.000288766965059,ARPA-USDT,0.0341613105470298,0.0341763077658671,
2023-01-25 19:00:00,0.03464,0.035,0.03456,0.03499,10420934,362581.66009,2362,5302802,184548.92183,0.0005719187875321,ARPA-USDT,0.0346086272031512,0.0346121554452025,
2023-01-25 20:00:00,0.03498,0.03521,0.03493,0.03516,9559950,335378.28451,2264,3618475,126934.54257,0.001138952164009,ARPA-USDT,0.0349991283964038,0.0350517968067566,
2023-01-25 21:00:00,0.03517,0.03595,0.03481,0.0357699999999999,14000137,494608.78237,3293,6449915,227700.7725,0.0002796420581627,ARPA-USDT,0.0352134951597182,0.035188942787715,
2023-01-25 22:00:00,0.0358,0.0362,0.0350399999999999,0.03526,15385562,549715.49706,3390,6269150,223713.4399,0.0014200511218405,ARPA-USDT,0.0359258238168298,0.0360075520380383,
2023-01-25 23:00:00,0.03526,0.03589,0.03511,0.03576,6256305,222538.66471,1998,3853154,136985.51624,0.0014001680201625,ARPA-USDT,0.0351997009724945,0.0353480523464253,
2023-01-26 00:00:00,0.03576,0.03593,0.03558,0.0357899999999999,9065234,324100.09135,2514,4291632,153438.92432,0.0008389261744938,ARPA-USDT,0.0357342570474706,0.0357179373138126,0.0001
2023-01-26 01:00:00,0.0358,0.0360199999999999,0.03575,0.03589,5665481,203377.27551,2092,3047748,109426.90458,0.0002787068004457,ARPA-USDT,0.0358413072256319,0.0358577910596088,
2023-01-26 02:00:00,0.03589,0.03603,0.03557,0.03569,5176949,185340.28431,1675,2241444,80277.03713,0.0002802690582959,ARPA-USDT,0.0358824905307998,0.0359159244803366,
2023-01-26 03:00:00,0.03569,0.03599,0.03563,0.03572,4402410,157684.56193,1641,2602077,93250.3383,0.0014017381553126,ARPA-USDT,0.0357415170479398,0.0357960795051408,
2023-01-26 04:00:00,0.0357,0.0358,0.03551,0.03571,3674138,131073.68063,1305,2040474,72793.73573,-0.0005597537083682,ARPA-USDT,0.0357078741362029,0.0356972097126794,
2023-01-26 05:00:00,0.03571,0.0362,0.03571,0.03615,5115256,183836.6561,1443,2915102,104817.08838,0.0002767017155507,ARPA-USDT,0.0357691975915373,0.0358224023497725,
2023-01-26 06:00:00,0.03615,0.03635,0.03548,0.03601,11198666,403472.8981,2312,4759775,171463.07674,0.0,ARPA-USDT,0.0361716467296932,0.0361298671136832,
2023-01-26 07:00:00,0.03601,0.03606,0.03571,0.0359,5303360,190488.12591,1862,2755485,98928.31628,0.0022333891680625,ARPA-USDT,0.0360233589873641,0.0360269033330799,
2023-01-26 08:00:00,0.03589,0.03606,0.0357699999999999,0.03599,6015861,216024.97192,2005,3336094,119778.40338,0.0008342602892101,ARPA-USDT,0.0358589190362008,0.0358524418748581,0.0001
2023-01-26 09:00:00,0.03599,0.03612,0.03563,0.03595,4927729,177048.35837,1943,2856129,102589.00873,0.0008351893095768,ARPA-USDT,0.0359659616888817,0.0359882905134253,
2023-01-26 10:00:00,0.03594,0.03597,0.03531,0.03555,11212635,399247.43095,2648,5641106,200791.65159,0.0011264432554209,ARPA-USDT,0.0359479893917296,0.0359534790212542,
2023-01-26 11:00:00,0.03555,0.03583,0.0354,0.03578,6470746,230825.25803,2170,4084380,145715.82413,0.0005592841163311,ARPA-USDT,0.0355214929140973,0.0355275992267208,
2023-01-26 12:00:00,0.03578,0.0361,0.03566,0.03599,25732937,924364.51706,4965,12338884,443394.40934,0.0008342602892101,ARPA-USDT,0.0357851164692495,0.0357396767415516,
2023-01-26 13:00:00,0.03598,0.03608,0.03531,0.03607,16568796,592312.98522,4325,8131406,290722.89422,0.0019444444444445,ARPA-USDT,0.0359618129684818,0.0359613912360141,
2023-01-26 14:00:00,0.03606,0.03616,0.03547,0.03569,11357182,407745.28801,3402,5544837,198988.36594,-0.000280112044818,ARPA-USDT,0.0360126087824597,0.0360509980925123,
2023-01-26 15:00:00,0.03569,0.03612,0.03533,0.0354,10131174,362468.2362,3779,4326810,154740.84813,0.0008481764206955,ARPA-USDT,0.0357164021149093,0.0357516895678441,
2023-01-26 16:00:00,0.0354,0.0357,0.035,0.03563,11094474,393186.02946,3002,5469988,193949.03562,0.0008426966292136,ARPA-USDT,0.0354430952368132,0.0355522893806717,0.0001
2023-01-26 17:00:00,0.03564,0.0362899999999999,0.03558,0.0361,14580880,525463.96864,3843,8356775,301154.91951,0.0011092623405435,ARPA-USDT,0.0356122418368764,0.0356825538668069,
2023-01-26 18:00:00,0.03607,0.03632,0.0360199999999999,0.03612,12364788,447295.0264,3467,5417892,196044.87377,0.0005540166204986,ARPA-USDT,0.0361247590494201,0.0362261831103041,
2023-01-26 19:00:00,0.03612,0.03623,0.03587,0.03611,6570297,236889.10564,2516,3176553,114551.02204,0.0016643550624133,ARPA-USDT,0.0360912540672838,0.0360456793649847,
2023-01-26 20:00:00,0.03611,0.03628,0.03603,0.03626,6548083,236845.63475,2666,3688691,133441.15024000002,0.0013808340237504,ARPA-USDT,0.0360742442929644,0.0361024272415311,
2023-01-26 21:00:00,0.03625,0.03625,0.03581,0.03614,4767744,171702.60991,2246,2346652,84498.37971000001,0.0005537098560353,ARPA-USDT,0.0362166751180967,0.0361513885888511,
2023-01-26 22:00:00,0.03614,0.03617,0.03595,0.03601,2387801,86166.00164,1839,1155549,41700.49939,0.0011120378092854,ARPA-USDT,0.0361250689854958,0.0360908312971776,
2023-01-26 23:00:00,0.03601,0.03616,0.03581,0.0360399999999999,4920608,177360.66879,2378,2546067,91792.51161,-0.0005546311702746,ARPA-USDT,0.0360420916471854,0.0360697449096193,
2023-01-27 00:00:00,0.03607,0.03641,0.03573,0.03582,10801564,389909.63347,3773,5372691,194007.70454,0.001958041958042,ARPA-USDT,0.0361482342593184,0.0361690708843281,0.0001
2023-01-27 01:00:00,0.03582,0.0360199999999999,0.03514,0.03545,11352684,404156.65478,3810,5483898,195238.74606,0.0025452488687782,ARPA-USDT,0.0358154313398907,0.0358509761585459,
2023-01-27 02:00:00,0.03546,0.03608,0.0354,0.03606,5272491,188924.02729,2109,2665921,95475.47771,0.0002773925104022,ARPA-USDT,0.0354393793626227,0.0354942058570023,
2023-01-27 03:00:00,0.03605,0.0363,0.03603,0.03611,5229801,189011.84771,2215,2978097,107625.4875,0.0016643550624133,ARPA-USDT,0.0360700907549124,0.0360962273437,
2023-01-27 04:00:00,0.03612,0.03638,0.03603,0.03612,5111034,185112.30325,2069,2627862,95193.24398,0.0008312551953451,ARPA-USDT,0.0361257224148775,0.0361833326893079,
2023-01-27 05:00:00,0.0361,0.03634,0.0360199999999999,0.0363,5203076,188125.43144,2188,2582967,93389.35348,0.000827129859388,ARPA-USDT,0.0361785401543612,0.0361895293070528,
2023-01-27 06:00:00,0.03631,0.03658,0.03626,0.03648,5566674,202789.1379,2661,3022594,110148.23632,0.0010976948408341,ARPA-USDT,0.0363157371730106,0.0363528935367162,
2023-01-27 07:00:00,0.0364699999999999,0.03676,0.0362899999999999,0.0366,9480598,346817.6469,3283,3977587,145475.04329,0.0008203445447088,ARPA-USDT,0.0365586527202183,0.0365297897039542,
2023-01-27 08:00:00,0.0366,0.03671,0.03617,0.03625,11203764,408334.66364,3331,4613572,168219.14567,0.0013812154696131,ARPA-USDT,0.0366733309993925,0.0366388675410277,0.0001
2023-01-27 09:00:00,0.03626,0.03636,0.03605,0.0363,5746998,207991.53152,2436,2719550,98447.24497,0.000827129859388,ARPA-USDT,0.0361875171793124,0.0361563664181652,
2023-01-27 10:00:00,0.0362899999999999,0.03637,0.0361,0.03632,4708643,170668.62022,1719,2461475,89238.94907999999,0.0013785497656466,ARPA-USDT,0.0362666173153508,0.0362112145998814,
2023-01-27 11:00:00,0.03631,0.03673,0.03625,0.0364699999999999,7657281,279890.65324,2535,3984814,145703.15286,0.0016478989288628,ARPA-USDT,0.0362783814216695,0.0363025870347907,
2023-01-27 12:00:00,0.03646,0.03669,0.03612,0.0363,9604647,350038.02937,3131,4081278,148694.69001,0.0013793103448276,ARPA-USDT,0.0364559282915721,0.0364968910902633,
2023-01-27 13:00:00,0.0363,0.03653,0.03594,0.03634,7767573,281645.55416,2831,3542107,128472.09046,0.0005506607929515,ARPA-USDT,0.0362670478293442,0.0362449166939611,
2023-01-27 14:00:00,0.03635,0.0366,0.03595,0.0365,7215594,261579.12699,3435,3498724,126947.16558,0.0016465422612512,ARPA-USDT,0.0362807836042039,0.0362181357269953,
2023-01-27 15:00:00,0.0365,0.03669,0.03616,0.03626,11585388,422848.4619,3897,5583693,203730.27259,0.000551876379691,ARPA-USDT,0.0364457643615075,0.0365380145452694,
2023-01-27 16:00:00,0.03625,0.03668,0.03623,0.03661,5446590,198767.95634,2719,3004702,109643.91348,0.0013676148796497,ARPA-USDT,0.036312392624922,0.0363867124511823,0.0001
2023-01-27 17:00:00,0.03661,0.03687,0.0365399999999999,0.0367399999999999,5534796,203018.84811,2479,2927724,107388.66524,0.0008172160174311,ARPA-USDT,0.0366079683106363,0.0366005700951205,
2023-01-27 18:00:00,0.03675,0.03687,0.03667,0.0367399999999999,7658951,281671.47757,2690,3474444,127827.02573,0.0008172160174311,ARPA-USDT,0.0367581357456886,0.0367653049017459,
2023-01-27 19:00:00,0.03675,0.0367899999999999,0.0365,0.03663,6314150,231179.38172,2699,2200439,80617.0638,0.0002730748225014,ARPA-USDT,0.0367547574173151,0.0367375164336986,
2023-01-27 20:00:00,0.03663,0.0367399999999999,0.03605,0.0362399999999999,17316253,631456.7899,5288,6960608,253794.96348,0.0011049723756877,ARPA-USDT,0.0366833580993157,0.0367121402716846,
2023-01-27 21:00:00,0.03623,0.03694,0.03613,0.0367899999999999,17998540,659415.11531,4739,12058536,441712.11388,0.0010884353741469,ARPA-USDT,0.0361903533371604,0.0362096825708718,
2023-01-27 22:00:00,0.0367899999999999,0.0368,0.03641,0.03676,8260742,302684.5413,3252,4438644,162666.50542,0.0010893246187362,ARPA-USDT,0.0367370338206129,0.036689277795797,
2023-01-27 23:00:00,0.03676,0.0373,0.0367199999999999,0.03706,15423566,571152.55902,4886,8546021,316467.03226,0.0016216216216218,ARPA-USDT,0.0367556594591322,0.0367610974432246,
2023-01-28 00:00:00,0.03706,0.0371,0.03676,0.0369899999999999,7321035,270345.39323,2847,3361685,124152.19694,0.0008116883116855,ARPA-USDT,0.0370521441734108,0.0370389945223811,0.0001
2023-01-28 01:00:00,0.037,0.03712,0.03681,0.0369699999999999,5459093,201805.6298,2845,3043077,112517.9002,0.0010831302464093,ARPA-USDT,0.0369865485942663,0.0369986298587133,
2023-01-28 02:00:00,0.03696,0.0372399999999999,0.03686,0.0369699999999999,5162817,191302.18046,2110,2594069,96139.3252,-2.7755575615628917e-15,ARPA-USDT,0.0369050899957521,0.0369087168650936,
2023-01-28 03:00:00,0.0369699999999999,0.03726,0.03687,0.037,6791270,251964.54454,2324,3125904,116018.53846,0.0,ARPA-USDT,0.0369793938939689,0.0369844731646162,
2023-01-28 04:00:00,0.03702,0.03742,0.03702,0.03736,6324850,235616.0408,2132,3684632,137209.39475,0.0013401232913425,ARPA-USDT,0.0370830826231593,0.0371001815073513,
2023-01-28 05:00:00,0.03736,0.03783,0.03731,0.03781,14754979,555183.16506,3640,8127188,305790.65253,0.001854795972443,ARPA-USDT,0.0373568166606084,0.0373541261120905,
2023-01-28 06:00:00,0.03781,0.03781,0.03698,0.03714,19309569,720180.94557,4077,6294144,234610.6474,0.0008084074373484,ARPA-USDT,0.0377059906233906,0.037644241852435,
2023-01-28 07:00:00,0.03714,0.03733,0.0365399999999999,0.03712,18737384,692156.78267,4475,8954382,330952.0512,-0.0002693239967681,ARPA-USDT,0.0372066552551168,0.0372305326264689,
2023-01-28 08:00:00,0.03713,0.0372399999999999,0.03684,0.03693,12692134,469935.3482,3887,5415196,200504.51992,-0.0005412719891745,ARPA-USDT,0.0370845830359507,0.0371418225454402,0.00030454
2023-01-28 09:00:00,0.03694,0.03723,0.03683,0.03715,7705753,285344.41883,2815,3790812,140368.83749,-0.0002691065662001,ARPA-USDT,0.0369667157460992,0.0369399416932455,
2023-01-28 10:00:00,0.03714,0.03718,0.0369899999999999,0.03712,5275975,195666.71983,1959,2472490,91709.40708,0.0,ARPA-USDT,0.0371092132601648,0.0371100692073695,
2023-01-28 11:00:00,0.03711,0.03727,0.03701,0.03717,6208544,230577.41123,2404,2923653,108600.1767,0.0005383580080753,ARPA-USDT,0.0370811654489473,0.0371186971308947,
2023-01-28 12:00:00,0.03716,0.03728,0.0367,0.03678,12818338,472940.1939,4325,4878661,180013.6842,-0.0002718129926611,ARPA-USDT,0.037188780027137,0.0372291206764459,
2023-01-28 13:00:00,0.0368,0.03701,0.0362899999999999,0.03695,29467603,1082223.87152,6604,13740338,504755.37299,0.0,ARPA-USDT,0.0368354167815631,0.0368166308845968,
2023-01-28 14:00:00,0.03696,0.03707,0.03652,0.03662,15873295,583112.95218,4221,8027640,294932.25419,0.0,ARPA-USDT,0.0369267804892284,0.0368292881767505,
2023-01-28 15:00:00,0.03662,0.03719,0.03651,0.03703,12488056,460724.10947,3540,5872221,216613.50482,0.001081373344147,ARPA-USDT,0.0365588153473206,0.0367343816978783,
2023-01-28 16:00:00,0.03703,0.03736,0.03689,0.03708,11531439,428222.99015,3681,5019109,186433.72041,0.0,ARPA-USDT,0.0371039394026124,0.0371562751454827,0.0001
2023-01-28 17:00:00,0.03707,0.03713,0.0367,0.03693,9183254,339015.82814,2577,4209032,155323.22745,0.0005418585749119,ARPA-USDT,0.037038146106648,0.0370630271343782,
2023-01-28 18:00:00,0.03694,0.03695,0.03655,0.03661,6804866,249868.36801,2111,2684943,98616.02816,-0.0005460005460007,ARPA-USDT,0.0368964475026614,0.0368855675334891,
2023-01-28 19:00:00,0.03661,0.03681,0.03656,0.03664,5058282,185627.62514,1713,2459176,90252.50434,0.0010928961748633,ARPA-USDT,0.0366300186605005,0.0366517869862075,
2023-01-28 20:00:00,0.03666,0.03675,0.03605,0.0361,8919044,324327.99338,2768,3690815,134264.99684,0.000277085065115,ARPA-USDT,0.0367251444828392,0.036657451201933,
2023-01-28 21:00:00,0.0361,0.0362399999999999,0.03601,0.03606,6123076,221258.66781,2683,2679055,96811.66809,0.0002773925104022,ARPA-USDT,0.036099325768962,0.0361510024657268,
2023-01-28 22:00:00,0.03605,0.03626,0.03605,0.03616,5191975,187781.0744,2247,1982427,71696.1621,0.0002766251728907,ARPA-USDT,0.0361872214426594,0.0361464133949832,
2023-01-28 23:00:00,0.03615,0.03643,0.03608,0.03638,4269970,154622.70182,2159,1635813,59277.40158,0.0,ARPA-USDT,0.0361311859596642,0.0361136236060115,
2023-01-29 00:00:00,0.03638,0.03688,0.0361,0.03668,11339443,414206.82217,3540,5682605,207548.81159,0.0008185538881309,ARPA-USDT,0.0364103137176206,0.036387655220902,0.0001
2023-01-29 01:00:00,0.03669,0.03708,0.03668,0.0367399999999999,8286184,305459.91041,3286,3354198,123654.58051,-0.0005440696409168,ARPA-USDT,0.0367142697856647,0.0367324086899153,
2023-01-29 02:00:00,0.0367399999999999,0.03684,0.03644,0.03658,6059699,221854.40617,3030,2359504,86443.46653,0.0005470459518599,ARPA-USDT,0.0367917537735525,0.036798364579718,
2023-01-29 03:00:00,0.03659,0.03667,0.03644,0.03663,2998788,109575.79468,1596,1351927,49405.61788,-0.000272925764192,ARPA-USDT,0.036587257312916,0.0365305949944534,
2023-01-29 04:00:00,0.03664,0.03669,0.0365,0.03658,2424803,88752.66924,1098,1084778,39697.89605,0.0005470459518599,ARPA-USDT,0.03665776912886,0.0366338867717487,
2023-01-29 05:00:00,0.03659,0.03668,0.0365,0.03657,2958101,108232.56875,1122,1666376,60983.42951,0.0008210180623973,ARPA-USDT,0.0365799858469202,0.0365664374670788,
2023-01-29 06:00:00,0.03656,0.03656,0.03637,0.03638,3223380,117516.06565,1238,1214426,44271.4347,-0.0005494505494505,ARPA-USDT,0.0365417523481655,0.0364976262323768,
2023-01-29 07:00:00,0.0364,0.0364699999999999,0.03631,0.03639,3278061,119230.19974,1621,1365895,49688.49052,-0.0010979961570134,ARPA-USDT,0.0363941806351512,0.0363849334562571,
2023-01-29 08:00:00,0.0364,0.03648,0.03634,0.03638,4387796,159721.60905,2002,2291305,83420.36868,0.0,ARPA-USDT,0.0363844627529567,0.0363694290814907,0.0001
2023-01-29 09:00:00,0.03638,0.0366,0.03628,0.03658,3243514,118200.25714,1469,1536177,55954.63558,0.0002734481815696,ARPA-USDT,0.0363361183700488,0.0363188676871147,
2023-01-29 10:00:00,0.03658,0.03678,0.03656,0.03677,5804511,212779.59262,2137,2551229,93526.47351,0.000272034820457,ARPA-USDT,0.036574269628179,0.0365859981724114,
2023-01-29 11:00:00,0.03677,0.0369,0.03652,0.0368,8459327,310874.07458,2864,4041414,148547.47188,0.0,ARPA-USDT,0.0367762742954688,0.036750292579076,
2023-01-29 12:00:00,0.03681,0.03687,0.03657,0.03681,5366606,197166.27583,1843,2800790,102899.8286,0.0005436259853219,ARPA-USDT,0.0368281086859033,0.0367669315961483,
2023-01-29 13:00:00,0.03683,0.03708,0.0368,0.03689,7765354,287062.88142,2866,3296161,121856.66159,-0.001083130246412,ARPA-USDT,0.0368383516343272,0.0368595813793507,
2023-01-29 14:00:00,0.03691,0.0373,0.03691,0.03725,9788945,362994.60677,2895,5275110,195633.59893,-0.0005366246310705,ARPA-USDT,0.0369493483628132,0.0370037629171987,
2023-01-29 15:00:00,0.03725,0.03735,0.03708,0.03716,6822017,253726.19516,2213,3073517,114346.67157,0.0008079719903042,ARPA-USDT,0.0372801892644233,0.0372535318889572,
2023-01-29 16:00:00,0.03712,0.03723,0.03675,0.0369899999999999,7405198,274181.17074,2343,2956399,109492.26421,-2.7755575615628917e-15,ARPA-USDT,0.0371199746851851,0.0371599163760699,0.0001
2023-01-29 17:00:00,0.037,0.03706,0.03686,0.03689,3941545,145703.65783,1579,1551290,57347.94017,0.0005424464334147,ARPA-USDT,0.0369867029382143,0.036985159813494,
2023-01-29 18:00:00,0.03691,0.03772,0.03685,0.0374899999999999,29926144,1119620.72518,7503,18248647,682497.06453,0.0010680907877143,ARPA-USDT,0.0368901381471613,0.0368856078090172,
2023-01-29 19:00:00,0.0374899999999999,0.03754,0.03728,0.03735,12196940,456387.5073,3035,4748931,177700.13575000002,0.0013404825737266,ARPA-USDT,0.0374166656676637,0.0374300514658885,
2023-01-29 20:00:00,0.03735,0.0374,0.03693,0.03721,9294805,346022.23715,2670,3263094,121550.39915,0.00080688542227,ARPA-USDT,0.0373703386126059,0.0372292987688681,
2023-01-29 21:00:00,0.03721,0.03728,0.0369899999999999,0.0372,5445668,202270.40072,1749,1917796,71301.96941,0.0008071025020175,ARPA-USDT,0.0372268852171498,0.0371873421027523,
2023-01-29 22:00:00,0.0372,0.03721,0.03705,0.03713,2181064,81011.13476,1129,878238,32625.01336,0.0008086253369272,ARPA-USDT,0.0371967544103096,0.0371708666700931,
2023-01-29 23:00:00,0.03712,0.03734,0.03705,0.0372,3637783,135363.31815,1849,1824487,67903.27765999999,0.0002688894864208,ARPA-USDT,0.0371163769623731,0.0371700010653625,
2023-01-30 00:00:00,0.0372,0.03765,0.03719,0.0376,9497868,355410.09147,3158,5157284,192973.92939,0.0005321979776475,ARPA-USDT,0.0372489940884546,0.0373650187492862,0.0001
2023-01-30 01:00:00,0.03761,0.03775,0.0371,0.03719,10533328,393140.57737,2991,4537301,169377.00704,0.0008073196986007,ARPA-USDT,0.0376953849650636,0.0376986501136549,
2023-01-30 02:00:00,0.03719,0.03725,0.03678,0.03707,7560046,280063.39025,2725,3405790,126203.15139,0.0010802052389953,ARPA-USDT,0.0372099350185324,0.0371745289299956,
2023-01-30 03:00:00,0.03708,0.03725,0.03705,0.03723,2777145,103237.5127,1246,1286111,47816.62844,0.000537489922064,ARPA-USDT,0.0370970491537742,0.0371475953560497,
2023-01-30 04:00:00,0.0372399999999999,0.03751,0.03723,0.03743,3692020,138009.89574,1720,2242502,83824.68634,0.0005346164127237,ARPA-USDT,0.0372465486644852,0.0373036956369008,
2023-01-30 05:00:00,0.03743,0.03744,0.03714,0.03733,3036305,113145.77108,1342,1171369,43640.12882,0.0016098738932117,ARPA-USDT,0.0374150816779476,0.0374204090583631,
2023-01-30 06:00:00,0.03731,0.03731,0.03705,0.03717,3139998,116771.54782,1396,1448243,53850.11154,0.0008077544426494,ARPA-USDT,0.0372795827427022,0.0372298746905561,
2023-01-30 07:00:00,0.03717,0.03717,0.03677,0.03705,5424591,200581.24689,1661,3056931,113011.09452,0.0002699784017279,ARPA-USDT,0.0371370513421309,0.0371128920464672,
2023-01-30 08:00:00,0.03705,0.03721,0.03677,0.03681,6238888,230729.56773,1793,3228288,119401.20284,0.0016326530612245,ARPA-USDT,0.0370118320750935,0.0370001048499394,0.0001
2023-01-30 09:00:00,0.03681,0.03681,0.0355399999999999,0.0363,33765618,1217922.15366,7721,17264000,622535.22116,0.00027555800496,ARPA-USDT,0.0367740058830591,0.0366334715850751,
2023-01-30 10:00:00,0.0363,0.03773,0.036,0.03692,54622018,2026743.86089,10410,25796133,956408.40596,0.000270929287456,ARPA-USDT,0.0362431130209028,0.0361534874265009,
2023-01-30 11:00:00,0.03692,0.03707,0.03634,0.03645,22845823,839133.44915,5216,10029128,368604.8256,0.0005489980785069,ARPA-USDT,0.0368619120566418,0.0369207035613118,
2023-01-30 12:00:00,0.03645,0.03831,0.03635,0.03789,102486858,3840157.29922,21078,53738318,2014243.87377,-0.0047281323877068,ARPA-USDT,0.0364184798856158,0.0366129263147781,
2023-01-30 13:00:00,0.03788,0.03841,0.03715,0.03806,80262443,3025165.44581,15584,38882591,1466183.23032,-0.0028818443804036,ARPA-USDT,0.0374909560843445,0.0375474242231133,
2023-01-30 14:00:00,0.03808,0.03808,0.0371,0.03768,60762704,2273143.9959,11485,26377582,986799.83101,0.0005310674455656,ARPA-USDT,0.0374595354317397,0.0373399305477392,
2023-01-30 15:00:00,0.0376899999999999,0.0377399999999999,0.03661,0.03665,32547091,1206973.47722,6459,12657272,469305.82406,0.0008192244675042,ARPA-USDT,0.0376985968106284,0.0376272560280516,
2023-01-30 16:00:00,0.03664,0.03705,0.03621,0.0369,49376307,1807428.81248,9202,24301082,889160.37717,-0.0005417118093173,ARPA-USDT,0.0365883433490473,0.0365147495104176,6.92e-05
2023-01-30 17:00:00,0.03691,0.0369699999999999,0.03612,0.03633,34618134,1264494.88156,6711,17249810,629700.59344,0.0,ARPA-USDT,0.0369252342587412,0.0369102185843143,
2023-01-30 18:00:00,0.03632,0.03656,0.03613,0.03622,14799103,537601.52992,3423,6462684,234799.70557,-0.0011031439602867,ARPA-USDT,0.0363410533211085,0.0362622732971927,
2023-01-30 19:00:00,0.03623,0.03626,0.03379,0.03503,53207851,1851650.03577,10786,21149569,734703.7697599999,-0.0002853881278539,ARPA-USDT,0.0362381274783017,0.0361626270727703,
2023-01-30 20:00:00,0.03501,0.03543,0.0348399999999999,0.03519,17233484,606341.70412,3714,7793673,274230.62494,-0.0002840909090909,ARPA-USDT,0.035072139778441,0.0351142722789922,
2023-01-30 21:00:00,0.0352,0.03537,0.03507,0.03519,11191195,394467.32379,2438,6079017,214289.87389,-0.0005680204487361,ARPA-USDT,0.0352850142774199,0.0352776170949781,
2023-01-30 22:00:00,0.03519,0.0352899999999999,0.03471,0.03515,9122053,320187.92099,2352,3954719,138858.3816,0.0002845759817873,ARPA-USDT,0.0352051447286223,0.035246008683575,
2023-01-30 23:00:00,0.03515,0.03539,0.0350899999999999,0.03539,10104391,356292.90574,2501,5375725,189597.57432,0.0,ARPA-USDT,0.0352192054010502,0.0351903948909124,
2023-01-31 00:00:00,0.03539,0.03573,0.03521,0.03567,13722151,486540.65104,3369,5641430,200068.01845,-0.000280269058296,ARPA-USDT,0.0354388544456671,0.0354697215586783,0.0001
2023-01-31 01:00:00,0.03567,0.0357899999999999,0.03543,0.03561,9525373,339394.48027,2560,3788502,134980.06469,-0.0002807411566534,ARPA-USDT,0.0356930567893589,0.0356428553491941,
2023-01-31 02:00:00,0.03562,0.0358,0.03556,0.03556,10807962,385484.97596,2913,5196102,185364.80094,-0.0002811357885857,ARPA-USDT,0.0356318922191546,0.0356231317184448,
2023-01-31 03:00:00,0.03556,0.03564,0.03549,0.03556,4613571,164105.67114,1463,2313490,82291.20402,0.0,ARPA-USDT,0.0355846914046955,0.0355538515109535,
2023-01-31 04:00:00,0.03557,0.03569,0.03551,0.03563,5273717,187809.2354,1379,2190558,78018.06062,0.0,ARPA-USDT,0.0355873499596195,0.0356000931585513,
2023-01-31 05:00:00,0.03564,0.03572,0.0352,0.03525,5877841,208633.64526,1494,2435605,86549.17953,-0.0005670541536718,ARPA-USDT,0.0356537521534904,0.0356687658383578,
2023-01-31 06:00:00,0.03524,0.03544,0.03515,0.03528,7548091,266274.38442,2074,3852750,135925.85492,-0.0005665722379603,ARPA-USDT,0.0352087308371752,0.0352230418199456,
2023-01-31 07:00:00,0.03528,0.0357,0.03528,0.03568,6012403,213606.16222,1760,3497971,124327.67489,-0.0002801905295599,ARPA-USDT,0.0353244670136094,0.0353237318671838,
2023-01-31 08:00:00,0.03568,0.03572,0.03518,0.0352699999999999,7228367,256114.60329,2171,2928888,103771.96216,0.0008513053348437,ARPA-USDT,0.0357027003847509,0.0356342451239294,0.0001
2023-01-31 09:00:00,0.03526,0.03531,0.0350399999999999,0.03505,6011773,211436.56251,1946,2737561,96293.67045,-0.0005702879954376,ARPA-USDT,0.0352307231411797,0.0352294453127855,
2023-01-31 10:00:00,0.03505,0.03511,0.03476,0.0348399999999999,10660459,372698.93582,3072,5018412,175525.75626,-0.0002869440459138,ARPA-USDT,0.0350666355029273,0.0350188513365254,
2023-01-31 11:00:00,0.0348399999999999,0.03505,0.03464,0.03481,13965219,486405.10614,3388,6593674,229774.04106,-0.0011477761836441,ARPA-USDT,0.0348295111004572,0.034849956026726,
2023-01-31 12:00:00,0.03481,0.035,0.03467,0.03483,9746301,339394.10359,2838,5197059,181048.01278,-0.000573888091822,ARPA-USDT,0.0348366511917358,0.034835703293428,
2023-01-31 13:00:00,0.03482,0.0353,0.0348,0.03524,14482738,507653.52706,3896,7920456,277658.49076,-0.0011337868480725,ARPA-USDT,0.0348352011090878,0.0348577874772546,
2023-01-31 14:00:00,0.03525,0.03541,0.03505,0.0352899999999999,13056931,459979.54746,3632,5557393,195836.03246,-0.0011321822813501,ARPA-USDT,0.0352465034435055,0.0351841850837334,
2023-01-31 15:00:00,0.0352899999999999,0.03568,0.03521,0.03535,17203370,609139.24963,3708,8708193,308519.12915,0.0,ARPA-USDT,0.0352759126155095,0.0352514307995174,
2023-01-31 16:00:00,0.03536,0.03565,0.0353,0.03538,9299071,329735.83185,2403,4867626,172599.52212,0.0,ARPA-USDT,0.0354110610495271,0.0354034716854215,0.0001
2023-01-31 17:00:00,0.03539,0.03558,0.03528,0.03546,6947776,246141.63981,2076,3022078,107081.99295,0.0,ARPA-USDT,0.0354197589302599,0.0353745892675751,
2023-01-31 18:00:00,0.03547,0.03564,0.03538,0.0356,6819027,242083.28332,1836,3602332,127889.43309,-0.0005614823133071,ARPA-USDT,0.0354556619280264,0.0354162275458943,
2023-01-31 19:00:00,0.03559,0.03586,0.03545,0.03574,14039551,501034.96153,2810,7237434,258405.37568,-0.00083869164104,ARPA-USDT,0.0356426116078125,0.0356249265436883,
2023-01-31 20:00:00,0.03573,0.03576,0.03535,0.03558,12621483,449015.90084,2762,5151417,183302.72923,-0.0008424599831509,ARPA-USDT,0.0357212313822075,0.0356965391470077,
2023-01-31 21:00:00,0.03558,0.03565,0.03506,0.03546,12240457,433311.57301,3336,5736058,203105.90951,0.0014120304998588,ARPA-USDT,0.0355535726861799,0.0355835576797468,
2023-01-31 22:00:00,0.03545,0.03572,0.03507,0.0355,5293563,187250.56508,2124,2660279,94097.33349,-0.0005630630630631,ARPA-USDT,0.0353952420618505,0.035404662301131,
2023-01-31 23:00:00,0.03549,0.03566,0.03545,0.03558,5970749,212393.52875,1923,2976177,105899.60245,0.0002811357885859,ARPA-USDT,0.0355756220877988,0.0355466969741542,
2023-02-01 00:00:00,0.03559,0.03574,0.0353,0.03553,8855608,314670.26389,2649,4113171,146183.89443,0.0005632216277104,ARPA-USDT,0.0355493852745662,0.0356089293826114,0.0001
2023-02-01 01:00:00,0.0355199999999999,0.03569,0.0354,0.03557,4952729,176110.17932,1580,2075942,73811.27192,-0.000561955605507,ARPA-USDT,0.0355360377385835,0.0355588408904934,
2023-02-01 02:00:00,0.03557,0.03583,0.03557,0.03583,6744847,241074.63977,1869,3794164,135636.02177,0.0002791736460079,ARPA-USDT,0.0356320915073514,0.035676898282465,
2023-02-01 03:00:00,0.03583,0.0359,0.03559,0.03572,4804034,171775.64084,1313,1760617,62948.62397,-0.000279876854184,ARPA-USDT,0.0358745307393172,0.0358490609079006,
2023-02-01 04:00:00,0.03571,0.03585,0.03559,0.03561,2750933,98282.47295,1006,1150023,41098.12941,-0.0008417508417507,ARPA-USDT,0.0357759921706597,0.0358156484471821,
2023-02-01 05:00:00,0.03562,0.03574,0.03544,0.03548,3956842,140965.35667,1245,1782162,63511.49593,0.0005640157924422,ARPA-USDT,0.0356629742007272,0.0356722416134536,
2023-02-01 06:00:00,0.03548,0.0355,0.0350899999999999,0.03511,7180166,253542.66207,2162,3753989,132543.66509,0.0,ARPA-USDT,0.0354751736498742,0.0354790984420712,
2023-02-01 07:00:00,0.03511,0.03546,0.03495,0.03535,6757700,238091.2154,1809,3559505,125426.40375,-0.0002828054298643,ARPA-USDT,0.035061828002931,0.0350728661148337,
2023-02-01 08:00:00,0.0353399999999999,0.0355,0.03495,0.0352,14544817,512995.30101,3301,6915266,243962.06842,0.0002841716396704,ARPA-USDT,0.0352874139411555,0.0352804578191246,0.0001
2023-02-01 09:00:00,0.03519,0.03543,0.03493,0.03536,6965704,245377.03158,2022,2581137,90916.71952,-0.0005652911249293,ARPA-USDT,0.0351746048076522,0.0352091834620694,
2023-02-01 10:00:00,0.03537,0.03559,0.03525,0.03541,5969661,211593.15982,1768,2736147,97018.86713,0.000282485875706,ARPA-USDT,0.0354204604917576,0.035471810029491,
2023-02-01 11:00:00,0.03541,0.03567,0.03541,0.03551,7382417,262568.68093,2048,2451950,87221.08017,0.0,ARPA-USDT,0.0354520503664431,0.0354922347311463,
2023-02-01 12:00:00,0.0355,0.0357899999999999,0.0355,0.03553,9645767,343854.09602,2269,4932195,175778.53327,-0.0002813731007316,ARPA-USDT,0.0355349485126393,0.035577532898341,
2023-02-01 13:00:00,0.03553,0.03588,0.03531,0.03572,11698625,417161.70259,3432,5235533,186740.00062,-0.0008391608391606,ARPA-USDT,0.035499538032894,0.035473005541488,
2023-02-01 14:00:00,0.03572,0.03578,0.03525,0.03545,9547995,339369.48693,2876,4230319,150357.77098,0.0,ARPA-USDT,0.0357304176300261,0.0357490075058859,
2023-02-01 15:00:00,0.03545,0.0355199999999999,0.03463,0.03476,15228715,534223.9763099999,4178,6234623,218789.19414,-0.000287604256543,ARPA-USDT,0.0354673972003401,0.0353885662567935,
2023-02-01 16:00:00,0.03474,0.03515,0.03452,0.03485,9129750,318393.28647,2841,4559632,159011.80773,-0.0002868617326449,ARPA-USDT,0.0347332740708611,0.0348185887789855,0.0001
2023-02-01 17:00:00,0.0348399999999999,0.03503,0.03449,0.03466,7781926,270571.56453,2532,3513131,122148.50797,-0.0002884338044417,ARPA-USDT,0.0348190447326731,0.0347772253309678,
2023-02-01 18:00:00,0.03467,0.03478,0.03428,0.03455,13304938,459254.57954,3854,6868943,237137.65059,-0.0008675534991324,ARPA-USDT,0.0346377196930492,0.0346055528602994,
2023-02-01 19:00:00,0.03456,0.03626,0.03446,0.03593,36676621,1297951.03636,8190,17829397,630507.63783,0.0002783964365256,ARPA-USDT,0.0345876659493887,0.0348472770252033,
2023-02-01 20:00:00,0.03593,0.0365,0.03593,0.03638,26041001,944360.4492,6135,11661922,422961.01773,0.0005500550055004,ARPA-USDT,0.0360570327013768,0.0362392113882088,
2023-02-01 21:00:00,0.0364,0.03671,0.03633,0.03658,14267379,521252.91245,4156,5879872,214830.38519,0.0002734481815696,ARPA-USDT,0.0364581772122083,0.0364929818742813,
2023-02-01 22:00:00,0.03659,0.03728,0.03659,0.03727,25525114,945121.48984,5147,13486046,499317.89242,0.0008055853920514,ARPA-USDT,0.0366223213712994,0.0367418675515033,
2023-02-01 23:00:00,0.03728,0.03753,0.0372,0.03739,8927607,333617.61886,2872,4088180,152783.07925,0.0005351886540005,ARPA-USDT,0.0373118262929131,0.0373914641598219,
2023-02-02 00:00:00,0.03739,0.03779,0.03719,0.03773,16344829,612669.86701,5163,7737777,290063.20778,0.0010612894667019,ARPA-USDT,0.0374289434931443,0.0373841494382239,0.0001
2023-02-02 01:00:00,0.03773,0.0378,0.03744,0.03755,6174242,232192.10611,2599,2473627,93053.85611,0.0005329070077271,ARPA-USDT,0.0377031068714009,0.0376365734972705,
2023-02-02 02:00:00,0.03755,0.0377,0.0374,0.03756,4622548,173659.86146,1863,1798005,67561.43456,0.0007993605115907,ARPA-USDT,0.0375963258715736,0.0376385894464155,
2023-02-02 03:00:00,0.03757,0.03787,0.03751,0.0376,9262147,348622.90390000003,2594,3687228,138808.86826,0.0007985094490285,ARPA-USDT,0.0375935775947144,0.0375812724450202,
2023-02-02 04:00:00,0.0376,0.03796,0.0376,0.0379,6313943,238519.29354,2535,3679477,139026.88932,0.0002639218791238,ARPA-USDT,0.0376306364959441,0.0376920839147582,
2023-02-02 05:00:00,0.03791,0.03798,0.03779,0.03782,5315923,201406.05694,2305,2468035,93532.31723,-0.0005285412262155,ARPA-USDT,0.0379170288618201,0.0379334245347225,
2023-02-02 06:00:00,0.03782,0.03782,0.0372399999999999,0.03768,9451741,354902.06138,3207,3600167,135254.60031,0.0,ARPA-USDT,0.0377866994823079,0.0377530848912541,
2023-02-02 07:00:00,0.0376899999999999,0.03798,0.03766,0.03784,9248424,350127.66142,3054,4611859,174595.37707,0.0,ARPA-USDT,0.0377591239832433,0.0378215215164055,
2023-02-02 08:00:00,0.03784,0.03816,0.03783,0.03811,7698744,292799.76964,2570,3573716,135903.56534,0.0,ARPA-USDT,0.0378514489246525,0.0379054216929896,0.0001
2023-02-02 09:00:00,0.03811,0.03815,0.0379,0.03809,6380321,242868.14373,2171,2758660,105021.43857,-0.0002624671916011,ARPA-USDT,0.0380834872141504,0.0381119576156539,
2023-02-02 10:00:00,0.03809,0.03857,0.03806,0.03851,21999189,844978.54513,4536,11414565,438600.57771,-0.0005190760446405,ARPA-USDT,0.0381122785957421,0.0381970067115376,
2023-02-02 11:00:00,0.03851,0.03859,0.03802,0.0384,23972667,918893.51336,4645,12077034,462907.82084,0.000521104742053,ARPA-USDT,0.0385191763287033,0.0384890291949929,
2023-02-02 12:00:00,0.03838,0.03876,0.03823,0.0386,29441300,1134148.11532,4690,12991650,500435.00748,-0.0020682523267837,ARPA-USDT,0.0383963573803409,0.0384225405203882,
2023-02-02 13:00:00,0.0386,0.03862,0.03776,0.03797,30653101,1172443.00696,5705,15357212,587984.70714,0.0015826958586124,ARPA-USDT,0.0385590397171731,0.0385477396175158,
2023-02-02 14:00:00,0.03797,0.03832,0.03765,0.03777,14710181,559897.80464,3931,7172155,272976.30762,0.0013255567338281,ARPA-USDT,0.0379851698151294,0.0380288486982309,
2023-02-02 15:00:00,0.03777,0.03838,0.0377,0.0383,7388802,281303.90723,2577,4271595,162570.36475,0.0010454783063251,ARPA-USDT,0.0377552896431608,0.0379408298077358,
2023-02-02 16:00:00,0.03829,0.0385,0.0382,0.03827,7321861,280823.73882,2470,3141055,120468.0148,0.0005228758169935,ARPA-USDT,0.038271444541601,0.0383325913967805,0.0001
2023-02-02 17:00:00,0.03826,0.03848,0.03826,0.03833,4432132,170090.24332,1772,1951820,74911.52394,0.0005220569042028,ARPA-USDT,0.038289424133681,0.0383828363140281,
2023-02-02 18:00:00,0.03833,0.039,0.03832,0.03875,19884220,768938.50519,4001,11144407,430975.35608,-0.0007735946364105,ARPA-USDT,0.0383283902167871,0.0383660747805172,
2023-02-02 19:00:00,0.03876,0.03883,0.03802,0.03832,13673506,525141.9217,3363,5221984,200486.16143,0.0007834943849569,ARPA-USDT,0.0387222351414378,0.0387260110914133,
2023-02-02 20:00:00,0.03831,0.03834,0.03809,0.03834,5532912,211379.22919,1649,2075387,79303.21483,0.0013058239749281,ARPA-USDT,0.0383021921211311,0.0382347432545194,
2023-02-02 21:00:00,0.03833,0.0385,0.03701,0.03709,11117197,420773.87574,3800,4472192,169454.6197,-0.0018837459634015,ARPA-USDT,0.0383480117868616,0.0384004605851431,
2023-02-02 22:00:00,0.03709,0.03775,0.03694,0.0377,6815818,254516.57381,2548,3515526,131251.83036,0.0,ARPA-USDT,0.037122663451742,0.0372453616881997,
2023-02-02 23:00:00,0.03771,0.03791,0.03741,0.03755,8019707,302329.07661,2385,3369715,127050.75148,-0.0007982969664716,ARPA-USDT,0.0377578666513157,0.0378229411448022,
2023-02-03 00:00:00,0.03756,0.03812,0.03745,0.03778,10189142,385064.77925,3754,4854243,183455.37969,0.0,ARPA-USDT,0.0376055292986707,0.0376885892427761,0.0001
2023-02-03 01:00:00,0.03779,0.03809,0.0374899999999999,0.03752,4989634,188803.89583,1961,1613753,61097.01328,0.0,ARPA-USDT,0.0378143569927018,0.0379418433366126,
2023-02-03 02:00:00,0.03752,0.03776,0.0372199999999999,0.03734,3284405,123148.32574,1514,1549687,58073.35183,0.0008040739748056,ARPA-USDT,0.037519861006603,0.0376288153209203,
2023-02-03 03:00:00,0.03735,0.03766,0.03716,0.03766,2236754,83558.37484,1019,1159275,43323.67839,0.0007972362476746,ARPA-USDT,0.037312441369167,0.0373051454946318,
2023-02-03 04:00:00,0.03766,0.03787,0.03761,0.03786,2602218,98209.64564,1006,1215882,45893.892810000005,0.0013224014810895,ARPA-USDT,0.0376295794938736,0.0376460758959386,
2023-02-03 05:00:00,0.03785,0.03811,0.03783,0.03804,3094510,117587.98671,1252,1400012,53200.09233,0.000789265982636,ARPA-USDT,0.0378818979713711,0.0379137794387157,
2023-02-03 06:00:00,0.03805,0.03839,0.0379,0.03836,11076505,423154.736,2881,6073660,232150.9713,0.0002607561929595,ARPA-USDT,0.0380517635591163,0.0380865867032838,
2023-02-03 07:00:00,0.03836,0.03859,0.03807,0.03813,13210242,506408.34422,3951,5674787,217648.19041,-0.0010479434110559,ARPA-USDT,0.0383823462678455,0.0384462220121236,
2023-02-03 08:00:00,0.03815,0.03846,0.0379399999999999,0.03818,20464329,781211.68588,4128,10738885,409929.85912,-0.0002618486514794,ARPA-USDT,0.0381420466062536,0.0381552838870839,0.0001
2023-02-03 09:00:00,0.0381899999999999,0.0384399999999999,0.03814,0.03841,6287726,240767.44923,1895,2663724,101973.36524,0.0,ARPA-USDT,0.0382116772883562,0.0382629786032526,
2023-02-03 10:00:00,0.0384199999999999,0.03887,0.03835,0.0388,9395544,362560.2611,2737,4660936,179888.56482,0.0007737941707506,ARPA-USDT,0.0384506449091855,0.0385035705821077,
2023-02-03 11:00:00,0.0388,0.03881,0.03866,0.03873,8016185,310595.48571,2134,2761324,106998.20861,0.001033858878263,ARPA-USDT,0.0387547407450896,0.0387705676123994,
2023-02-03 12:00:00,0.03874,0.03876,0.03839,0.03857,8607769,331995.19219,2373,3713573,143237.5916,0.0015580368735392,ARPA-USDT,0.0387108361063057,0.0386888850683865,
2023-02-03 13:00:00,0.03856,0.03859,0.03784,0.0381,15304192,583674.76074,4000,6803812,259323.20732,0.0010509721492382,ARPA-USDT,0.0385560541658151,0.0384491152460017,
2023-02-03 14:00:00,0.03811,0.03866,0.03791,0.03855,11197038,429014.89517,3388,5457507,209118.00816,-0.0005185377236193,ARPA-USDT,0.0380562520629888,0.0380372665641599,
2023-02-03 15:00:00,0.03855,0.03873,0.0383,0.03855,9594356,370102.6872,3054,4345703,167651.30185,0.0010386912490261,ARPA-USDT,0.0385168665212318,0.0384674381376818,
2023-02-03 16:00:00,0.03856,0.0386899999999999,0.03825,0.03829,6999517,269595.99184,2527,2678676,103179.66645,0.0013075313807529,ARPA-USDT,0.0385612799961585,0.0385737471403469,0.0001
2023-02-03 17:00:00,0.03828,0.0386699999999999,0.0382399999999999,0.0385,4381623,168608.45602,1907,2257793,86890.84323,0.0,ARPA-USDT,0.0382794389149633,0.0382834055355007,
2023-02-03 18:00:00,0.0385,0.0386,0.03825,0.03852,7571476,291002.57667,2932,4123708,158499.01058,0.0005194805194805,ARPA-USDT,0.0384847738434746,0.0385033802285435,
2023-02-03 19:00:00,0.03852,0.03863,0.0384,0.03846,3683831,141926.327,1552,1836844,70762.54042,0.0010411244143675,ARPA-USDT,0.0385613709617772,0.0385675533611863,
2023-02-03 20:00:00,0.03845,0.03851,0.03823,0.03834,3376892,129656.20371,1440,1474181,56604.87346,0.0005219206680584,ARPA-USDT,0.0384023920210289,0.038312332409293,
2023-02-03 21:00:00,0.03834,0.03858,0.03833,0.03839,2709326,104188.79517,1243,1191577,45813.17625,0.000521240552515,ARPA-USDT,0.0383913974409327,0.0384641538794035,
2023-02-03 22:00:00,0.0384,0.0387,0.03838,0.03862,3954807,152373.26715,1268,1957442,75443.80258,0.0005181347150258,ARPA-USDT,0.038423598196543,0.0384593227515467,
2023-02-03 23:00:00,0.03863,0.03873,0.03855,0.03863,3502758,135413.96774,1326,1726075,66731.30929,0.0007772020725387,ARPA-USDT,0.0386820393111973,0.0386692283365279,
2023-02-04 00:00:00,0.03863,0.0389199999999999,0.03862,0.03874,6479988,251504.06493,2026,3150206,122260.21929,0.0005165289256197,ARPA-USDT,0.0387014340945563,0.0388050794855127,0.0001
2023-02-04 01:00:00,0.03876,0.03879,0.03854,0.03861,2943473,113808.38382,1233,1232121,47639.93608,0.0005182689816014,ARPA-USDT,0.0387477612110434,0.0387519873546874,
2023-02-04 02:00:00,0.0386,0.0386,0.03838,0.03857,2319583,89266.7537,1189,1118840,43068.45395,0.0005188067444876,ARPA-USDT,0.0385585609953803,0.038543066879559,
2023-02-04 03:00:00,0.03858,0.03862,0.03833,0.0384199999999999,2103158,80848.99287,882,807852,31059.42859,0.001564129301353,ARPA-USDT,0.0385924272155427,0.0385022900992972,
2023-02-04 04:00:00,0.0384199999999999,0.0384199999999999,0.03821,0.03835,2907264,111362.5463,1289,1309469,50176.19579,0.0013054830287206,ARPA-USDT,0.0383956212143816,0.0383629632895939,
2023-02-04 05:00:00,0.03834,0.03835,0.03809,0.03827,2124329,81156.88667,1059,1111816,42467.4049,0.0005228758169935,ARPA-USDT,0.0383311256521197,0.0383028381027799,
2023-02-04 06:00:00,0.03828,0.03895,0.0382399999999999,0.0389,18157756,701852.22514,3058,10521294,406638.26131,-0.0010272213662045,ARPA-USDT,0.0382908771771384,0.0383129046652194,
2023-02-04 07:00:00,0.03889,0.03896,0.03841,0.0384399999999999,18381235,710586.23984,3964,8383725,323809.92582,0.0007810466024447,ARPA-USDT,0.0389129401674997,0.0388950872383729,
2023-02-04 08:00:00,0.03845,0.03876,0.0384399999999999,0.03862,6009856,231992.8389,1526,3043096,117469.23421,0.0007774034724021,ARPA-USDT,0.038517648067851,0.0386002481396495,0.0001
2023-02-04 09:00:00,0.03862,0.03873,0.03858,0.03861,4343392,167788.16926999998,1235,1921742,74246.02706,0.0007776049766716,ARPA-USDT,0.0385966378088827,0.0386053149883218,
2023-02-04 10:00:00,0.03861,0.03861,0.03847,0.0384899999999999,3946391,152064.75258,1341,1795514,69206.04669999999,0.0005198856251598,ARPA-USDT,0.0385874337794294,0.0385735988505854,
2023-02-04 11:00:00,0.0384899999999999,0.03864,0.0384199999999999,0.03861,4507845,173687.22995,1580,2162318,83339.65669,0.0010370754472386,ARPA-USDT,0.0384561434836151,0.0384672996317915,
2023-02-04 12:00:00,0.0386,0.03885,0.03856,0.03884,5355330,207398.50197,1678,2777975,107578.5506,0.0010309278350515,ARPA-USDT,0.0385892523160762,0.0386931557644945,
2023-02-04 13:00:00,0.03885,0.03983,0.03883,0.03955,27852616,1098160.823,6359,16959822,668672.11874,0.00177304964539,ARPA-USDT,0.0388525269648197,0.0388730430710119,
2023-02-04 14:00:00,0.03954,0.03955,0.03925,0.03943,6482656,255141.70899,2723,2963503,116653.16585,0.0012696800406297,ARPA-USDT,0.0394223447673332,0.0393740437102863,
2023-02-04 15:00:00,0.03943,0.0394399999999999,0.03921,0.03931,4798571,188628.71923,1647,2371628,93212.76368,0.001528662420382,ARPA-USDT,0.0394233701771673,0.0393959080514811,
2023-02-04 16:00:00,0.03931,0.03935,0.03902,0.03913,6362007,249028.91475,2488,2902712,113616.48154,0.0017921146953405,ARPA-USDT,0.0393312082740964,0.0392576516333239,0.0001
2023-02-04 17:00:00,0.03912,0.03923,0.0389399999999999,0.03912,5728203,223908.71494,1908,3002175,117418.56982,0.0007674597083653,ARPA-USDT,0.0390709484383699,0.039025840510803,
2023-02-04 18:00:00,0.03912,0.03913,0.0388,0.03891,8388555,326838.09754,2443,3191234,124400.04623,0.0010290712631848,ARPA-USDT,0.039122291567413,0.0390920979657765,
2023-02-04 19:00:00,0.03891,0.03899,0.0388,0.0388,3320368,129130.72642,1389,1582016,61520.40265,0.0,ARPA-USDT,0.0389511543726848,0.0389111384375875,
2023-02-04 20:00:00,0.0388,0.03908,0.0388,0.03895,5038993,196410.31355,1458,2943938,114744.08354,0.0005137426149499,ARPA-USDT,0.0388007319463289,0.0388111293291727,
2023-02-04 21:00:00,0.03896,0.03896,0.03886,0.03895,2301052,89549.47845,848,1061145,41300.95702,0.0005137426149499,ARPA-USDT,0.038921838555778,0.0388948993545776,
2023-02-04 22:00:00,0.03896,0.03905,0.03891,0.03903,2164659,84373.03432,990,1250442,48746.29632,0.0002562788313686,ARPA-USDT,0.0389395154661872,0.0389490333223054,
2023-02-04 23:00:00,0.03902,0.03903,0.0384,0.0387,5490499,212364.37937,1791,1782913,69015.96109,0.001293661060802,ARPA-USDT,0.0389981317899278,0.0389863318761905,
2023-02-05 00:00:00,0.0387,0.03886,0.03832,0.0384899999999999,6491240,250819.50136,2062,2817068,108951.93003,0.0010403120936255,ARPA-USDT,0.0386992945920604,0.0386775525510939,0.0001
2023-02-05 01:00:00,0.0384899999999999,0.0386699999999999,0.0384,0.03856,2647826,102077.94569,1004,1351951,52123.87541,0.0010384215991692,ARPA-USDT,0.0384338453340772,0.0385125336355861,
2023-02-05 02:00:00,0.03855,0.03886,0.03855,0.03872,2838469,109956.12135,1243,1546961,59909.02987,0.0005167958656331,ARPA-USDT,0.0385837705749045,0.0386190594250782,
2023-02-05 03:00:00,0.03871,0.03885,0.0386,0.03884,2984980,115546.97573,1130,1497405,57984.34462,0.0005151983513651,ARPA-USDT,0.0386786009373844,0.0386560683003403,
2023-02-05 04:00:00,0.03884,0.03893,0.03878,0.03887,1669757,64875.0768,884,911051,35399.94468,0.0,ARPA-USDT,0.0388610665991439,0.0388535251552351,
2023-02-05 05:00:00,0.03888,0.03899,0.03888,0.0389199999999999,1812501,70608.70387,886,914686,35630.6502,-2.664535259100376e-15,ARPA-USDT,0.0389510987077163,0.0389742268788707,
2023-02-05 06:00:00,0.03893,0.03897,0.03879,0.03887,2630646,102356.06842,1240,1217204,47365.09993,0.0007723995880535,ARPA-USDT,0.0389374596693277,0.038942999124348,
2023-02-05 07:00:00,0.03886,0.03895,0.0387,0.03872,2441584,94736.99753,1056,773966,30055.37966,0.0,ARPA-USDT,0.0388964119989952,0.0389120280577784,
2023-02-05 08:00:00,0.03873,0.0389199999999999,0.03866,0.03888,2606307,101055.65171,954,1317300,51089.9532,0.0007722007722006,ARPA-USDT,0.0387632932471633,0.0387533057257358,0.0001
2023-02-05 09:00:00,0.03889,0.03891,0.03876,0.03878,2292594,89029.34948,871,860800,33432.76436,0.0007741935483871,ARPA-USDT,0.0388653498803297,0.0388423778267053,
2023-02-05 10:00:00,0.03877,0.03898,0.03866,0.03898,3577962,138765.93279,1037,1879197,72866.33056,0.000770218228498,ARPA-USDT,0.0387023332580555,0.0387001522245212,
2023-02-05 11:00:00,0.03898,0.03945,0.03898,0.03926,13237159,519290.85197,3477,6881061,269983.4699,-0.0007635530669379,ARPA-USDT,0.038980908661789,0.038982255493778,
2023-02-05 12:00:00,0.03926,0.03928,0.0375,0.03787,20075685,770038.4220199999,4763,7790211,299034.79756,-0.0010551305724082,ARPA-USDT,0.0392595273353917,0.0392093358424007,
2023-02-05 13:00:00,0.03789,0.03857,0.03757,0.03813,18671023,709905.16448,4238,8481179,322124.91051,0.000787401574803,ARPA-USDT,0.0378900575912831,0.0378120607358062,
2023-02-05 14:00:00,0.03813,0.0383,0.03787,0.03814,8150094,310506.69022,2248,4166640,158747.7586,0.0,ARPA-USDT,0.038136769200033,0.038192233474797,
2023-02-05 15:00:00,0.03814,0.03881,0.03783,0.03796,19145272,734842.70883,4249,8645857,331906.67362,-0.0002633658151171,ARPA-USDT,0.0381688795790893,0.0382564368872376,
2023-02-05 16:00:00,0.03796,0.03818,0.03767,0.03775,8229942,312340.48631,2274,4114984,156177.9421,0.0005300821627352,ARPA-USDT,0.0379259278083653,0.0379100282611499,0.0001
2023-02-05 17:00:00,0.03775,0.03791,0.03733,0.03755,9962664,374720.02319,3031,5107345,192093.38202,0.0010663822980538,ARPA-USDT,0.0376963100423063,0.0377154445264391,
2023-02-05 18:00:00,0.03753,0.03785,0.03732,0.03735,6189197,232533.3202,1951,3302856,124110.10211,-0.0002676659528907,ARPA-USDT,0.0374431840174441,0.0375491197358723,
2023-02-05 19:00:00,0.03735,0.03751,0.03714,0.03744,5500958,205556.77674,2225,2222003,83021.08038,0.0002671653753674,ARPA-USDT,0.0373457955233782,0.0373493313481239,
2023-02-05 20:00:00,0.03743,0.03757,0.0373,0.03738,4246914,158963.15006,1583,2177395,81502.32583,0.0008032128514054,ARPA-USDT,0.0374307512572602,0.0374059474736555,
2023-02-05 21:00:00,0.0374,0.03752,0.03698,0.03752,7800026,290567.13727,2415,3373736,125794.35503,0.0005333333333332,ARPA-USDT,0.0373805138558728,0.0372670230265107,
2023-02-05 22:00:00,0.03751,0.03808,0.03739,0.0379899999999999,7421211,280292.61312,2119,3954191,149316.8708,0.0002632964718245,ARPA-USDT,0.0374561611322536,0.0374615299532838,
2023-02-05 23:00:00,0.038,0.03807,0.03781,0.03784,4060308,154007.98236,1600,1742203,66101.93841,0.0,ARPA-USDT,0.038027684173284,0.0379807839302087,
2023-02-06 00:00:00,0.03784,0.03823,0.0378,0.03814,7660829,291428.90031,2425,3330817,126687.19363,0.0007871949619522,ARPA-USDT,0.0378874663111772,0.0378903224758003,0.0001
2023-02-06 01:00:00,0.03814,0.03828,0.0379399999999999,0.038,4178286,159473.25016,1917,2137576,81609.02033,0.0005265929436544,ARPA-USDT,0.0381574605261649,0.0382026354126339,
2023-02-06 02:00:00,0.038,0.0383,0.03795,0.03797,6867407,261817.3753,2336,4222731,161051.81311,-0.0002632964718273,ARPA-USDT,0.0380369254503628,0.0380875802934804,
2023-02-06 03:00:00,0.03797,0.03905,0.03791,0.03879,15248251,589054.09798,3840,9468779,365781.97117,0.0005158627805004,ARPA-USDT,0.0379505302482963,0.0379994178287216,
2023-02-06 04:00:00,0.0388,0.03913,0.03846,0.03878,16836347,653238.2824799999,3362,7924432,307483.20625,0.0012909888974954,ARPA-USDT,0.038876508436968,0.0389596889717986,
2023-02-06 05:00:00,0.03877,0.03891,0.03801,0.03888,13427463,516121.10844,3443,6519536,250657.77748,0.0002572678157961,ARPA-USDT,0.0387761659348593,0.0387490831749163,
2023-02-06 06:00:00,0.03888,0.04018,0.03858,0.0396199999999999,37845940,1494619.95061,7794,21640752,854705.43627,-0.000252334090338,ARPA-USDT,0.0389304687602496,0.0389228963580467,
2023-02-06 07:00:00,0.03961,0.04073,0.03888,0.04003,62014565,2467810.57469,11697,31401418,1250015.05054,-0.0014966325767024,ARPA-USDT,0.0394105241022313,0.039270614343589,
2023-02-06 08:00:00,0.04004,0.04004,0.03918,0.0392,30156398,1194232.56529,5486,13934756,551855.78559,0.0005104645227156,ARPA-USDT,0.0398453990064549,0.0398311882119806,0.0001
2023-02-06 09:00:00,0.0392,0.03978,0.0392,0.0396199999999999,25675572,1013909.21798,4766,14325795,565676.15461,0.0012635835228682,ARPA-USDT,0.03923610549615,0.0392814080125296,
2023-02-06 10:00:00,0.0396199999999999,0.04,0.0391,0.0393,68164505,2699723.22473,10807,34327304,1360177.35121,-0.0002543881963875,ARPA-USDT,0.0395631790933261,0.0396493977150647,
2023-02-06 11:00:00,0.0393,0.03956,0.0389199999999999,0.03952,20930625,821949.38054,4327,8635574,339096.42979,-0.0002529724260056,ARPA-USDT,0.0392592957419969,0.0393124646174496,
2023-02-06 12:00:00,0.03952,0.03972,0.0393,0.03935,17863661,706358.78517,3602,8134990,321737.83302,0.0007629704984741,ARPA-USDT,0.0395548791159574,0.0396270116759934,
2023-02-06 13:00:00,0.03935,0.03953,0.03909,0.03923,12550238,493061.69991,2742,5133361,201677.16181,0.000765306122449,ARPA-USDT,0.0393138947592727,0.0393043521804913,
2023-02-06 14:00:00,0.03923,0.03961,0.03899,0.03951,15021649,590865.0458,3719,8682603,341621.26833,0.0002531645569621,ARPA-USDT,0.0392255422251154,0.0391807020877429,
2023-02-06 15:00:00,0.03953,0.0398,0.0391,0.03978,14759071,582276.22619,3515,7145637,282118.07815,-0.0007535795026374,ARPA-USDT,0.0395697411715462,0.0395746025426616,
2023-02-06 16:00:00,0.03979,0.0401199999999999,0.0396199999999999,0.0398899999999999,23089119,920165.9476,4318,9964430,397246.26888,0.0007526342197665,ARPA-USDT,0.0398503019390952,0.039768744887115,0.0001
2023-02-06 17:00:00,0.03988,0.04005,0.03973,0.03991,11267946,449338.03762,2563,5321578,212246.62653,-0.0002505010020038,ARPA-USDT,0.0399839344893322,0.0398578775901537,
2023-02-06 18:00:00,0.03993,0.03999,0.0396399999999999,0.0399,8411991,334982.55543,2290,3440497,137014.07658,0.0005015045135405,ARPA-USDT,0.0399567720794369,0.0398425787298975,
2023-02-06 19:00:00,0.0399,0.0401399999999999,0.03974,0.03986,9561530,382078.14903,2342,4807065,192131.62158,0.0002509410288582,ARPA-USDT,0.0399440362812365,0.0399126318494874,
2023-02-06 20:00:00,0.03985,0.03985,0.03963,0.03976,5431515,215757.6315,1777,2841867,112908.90568,-0.0007539582809751,ARPA-USDT,0.0398102919611258,0.0397486166775021,
2023-02-06 21:00:00,0.03976,0.03979,0.0394,0.0396199999999999,7759519,307315.44418,1922,3024744,119839.18567,-2.664535259100376e-15,ARPA-USDT,0.0397545652153706,0.0396927878744346,
2023-02-06 22:00:00,0.03963,0.03997,0.03955,0.03956,8550687,340028.00097,2308,4302081,171160.9071,-0.0002527167045742,ARPA-USDT,0.0396046693242544,0.0397183632809181,
2023-02-06 23:00:00,0.03957,0.03965,0.03891,0.0393,19825998,776894.47017,4615,8332220,326455.32875,0.0005091649694499,ARPA-USDT,0.0395941909529769,0.0395404272895272,
2023-02-07 00:00:00,0.03929,0.0396,0.03904,0.03959,15286650,599816.05678,3490,8307395,326023.13882,-0.0012613521695257,ARPA-USDT,0.0391718462980318,0.0391528421214044,0.0001
2023-02-07 01:00:00,0.0396,0.04017,0.03957,0.04011,16193429,645357.63864,3950,8567464,341586.47871,-0.0007473841554559,ARPA-USDT,0.0396021690695886,0.039673709421575,
2023-02-07 02:00:00,0.0401199999999999,0.04013,0.03967,0.04006,12186678,486281.53049,3037,6124138,244416.8249,-0.0004990019960079,ARPA-USDT,0.0400843042953478,0.040043014871319,
2023-02-07 03:00:00,0.04007,0.0403699999999999,0.03992,0.04023,9996781,401686.67361,3207,4816407,193507.04078,0.0004973887092762,ARPA-USDT,0.0400237041390555,0.0400104911787367,
2023-02-07 04:00:00,0.04024,0.0407,0.0402,0.04036,11659976,471910.16798,3185,5701414,230837.16676,0.0002478314745972,ARPA-USDT,0.0402437128215119,0.0402692656427162,
2023-02-07 05:00:00,0.0403699999999999,0.04067,0.04027,0.04057,7602661,307501.43345,2556,3741814,151403.23944,-0.0012309207287051,ARPA-USDT,0.0403525991404187,0.040350583518564,
2023-02-07 06:00:00,0.04058,0.04246,0.04057,0.04161,47585938,1984458.79106,9681,26155772,1090124.8357,0.0,ARPA-USDT,0.0405855750935903,0.0406282723711433,
2023-02-07 07:00:00,0.04162,0.04369,0.0413199999999999,0.04213,82388343,3495990.75699,14712,40699717,1727691.34809,-0.0009485416172634,ARPA-USDT,0.0414721290268271,0.0415707259846677,
2023-02-07 08:00:00,0.04214,0.04565,0.04173,0.0427899999999999,280006624,12330095.48715,46039,135810602,5981667.57931,-0.0018661068346186,ARPA-USDT,0.0419374218297815,0.0420004852892682,0.0001
2023-02-07 09:00:00,0.04281,0.04328,0.04212,0.04283,67583681,2884375.9788,11100,31926067,1362898.51578,0.0002335357309668,ARPA-USDT,0.0426439690594476,0.0426574936756335,
2023-02-07 10:00:00,0.04283,0.04368,0.04255,0.04314,49068576,2109235.07525,8506,23140186,995987.5378,-0.0009263547938861,ARPA-USDT,0.0428486747875712,0.042827012318718,
2023-02-07 11:00:00,0.04315,0.04797,0.04299,0.047,300230085,13736485.21499,50931,151555096,6926386.32677,-0.0021231422505308,ARPA-USDT,0.0433482533201923,0.043319522223407,
2023-02-07 12:00:00,0.047,0.04776,0.04595,0.04675,342797996,16038797.22291,64509,168483502,7883828.20981,0.0008563476771568,ARPA-USDT,0.0471406228595195,0.0470081625623318,
2023-02-07 13:00:00,0.04675,0.04747,0.04518,0.04528,167388226,7731891.66508,31990,80530860,3719892.45048,0.0006629834254143,ARPA-USDT,0.0470348694814331,0.0471443908297657,
2023-02-07 14:00:00,0.04529,0.0464,0.04486,0.04503,126255147,5747946.95352,21641,63681743,2900331.18586,-0.0006657789613848,ARPA-USDT,0.04585383366417,0.045592248737953,
2023-02-07 15:00:00,0.04504,0.04578,0.0449,0.04519,58518310,2650285.5556,12510,30825777,1396839.64782,-0.0004423800044237,ARPA-USDT,0.0449933950707257,0.0449891533142908,
2023-02-07 16:00:00,0.0452,0.05114,0.04519,0.04886,1018105314,49866751.55439,156138,507295025,24836008.90427,-0.0020424836601306,ARPA-USDT,0.0452498428449732,0.0453536198203206,0.0001
2023-02-07 17:00:00,0.04887,0.0497,0.0473,0.04753,247681465,12030103.12404,53326,120041516,5837321.97636,0.0016859852476291,ARPA-USDT,0.0485404814861,0.0488695821541504,
2023-02-07 18:00:00,0.04753,0.04798,0.0463,0.04752,95095730,4501463.21077,21286,45665999,2163456.64033,0.0012642225031604,ARPA-USDT,0.0476618730689022,0.0477688943972721,
2023-02-07 19:00:00,0.0475,0.0488899999999999,0.04749,0.04862,99346987,4805100.50698,22194,48404121,2341086.78912,0.0,ARPA-USDT,0.0476855692001395,0.0476737179082117,
2023-02-07 20:00:00,0.04861,0.05095,0.04822,0.04961,132612555,6549071.95039,31164,65161306,3219034.77461,-0.0010068465565847,ARPA-USDT,0.0487495621879027,0.0486060606581194,
2023-02-07 21:00:00,0.04961,0.0505,0.04829,0.04833,116818389,5759211.29992,26944,50253565,2480126.38292,-0.0002068680182044,ARPA-USDT,0.0500627077940248,0.0502348585427865,
2023-02-07 22:00:00,0.04834,0.04844,0.04687,0.0471,82837497,3952314.65015,19367,35958487,1717512.14535,-0.0002122691572913,ARPA-USDT,0.0482976063220715,0.0482445919910982,
2023-02-07 23:00:00,0.04708,0.04709,0.04664,0.04676,31275835,1465002.94859,8829,16011597,750192.80145,0.0006419858763107,ARPA-USDT,0.0470170456223935,0.0469673366773509,
2023-02-08 00:00:00,0.04676,0.04841,0.04665,0.04736,70695176,3348532.30633,15779,36454250,1727944.41893,-0.0002111040743086,ARPA-USDT,0.0467764085400786,0.0468080415168959,0.0001
2023-02-08 01:00:00,0.04736,0.04806,0.04713,0.04745,35001556,1667126.99186,10070,16294568,776450.80068,0.0004216740459623,ARPA-USDT,0.0473811677798932,0.0472604621238143,
2023-02-08 02:00:00,0.04746,0.0481,0.04734,0.04752,28449717,1357249.16602,7855,13889981,663177.73703,0.0004210526315788,ARPA-USDT,0.0475545396345907,0.0475683545710775,
2023-02-08 03:00:00,0.04751,0.0476,0.04699,0.04705,22149750,1046736.67958,6977,9202975,434942.38898,0.0012768674185998,ARPA-USDT,0.0475671917203282,0.0475448102767817,
2023-02-08 04:00:00,0.04705,0.04778,0.04696,0.04768,20235704,957579.21935,6709,11351382,537267.47651,0.000419639110365,ARPA-USDT,0.0471263914978141,0.0471071813282496,
2023-02-08 05:00:00,0.04769,0.048,0.0457,0.04591,58495399,2720271.35658,13165,20193521,939226.86219,0.0008720296490081,ARPA-USDT,0.0478748509884807,0.0477400080494699,
2023-02-08 06:00:00,0.04592,0.04607,0.04521,0.04526,29393968,1340582.51727,8485,11771057,536974.80286,0.0019924728802303,ARPA-USDT,0.0460130716916814,0.045938219102454,
2023-02-08 07:00:00,0.04525,0.04541,0.04465,0.04513,34721456,1564525.71743,9194,17137629,773054.5435,0.0002216312056737,ARPA-USDT,0.0452291538663877,0.0452084753052768,
2023-02-08 08:00:00,0.04513,0.04518,0.0442,0.04428,32884860,1467822.63748,9552,13450931,600828.21482,0.0018099547511312,ARPA-USDT,0.0451314383208785,0.0450226952247668,0.0001
2023-02-08 09:00:00,0.04428,0.04433,0.04361,0.04367,28759636,1264643.45117,9136,12347892,543218.62472,0.0018352833218628,ARPA-USDT,0.0442947891426216,0.0441831053923855,
2023-02-08 10:00:00,0.04368,0.04384,0.04315,0.04369,30914503,1346000.36172,8191,14978130,652552.40633,0.0004579803068467,ARPA-USDT,0.0437354109501856,0.0437482834467999,
2023-02-08 11:00:00,0.04369,0.04431,0.04363,0.04416,33667082,1483674.40063,9867,19541588,861111.57996,0.0009066183136898,ARPA-USDT,0.0436642517850953,0.0437313313513207,
2023-02-08 12:00:00,0.04415,0.0446,0.04376,0.04399,31453882,1393605.34758,9879,14480988,642233.03044,0.0011379153390989,ARPA-USDT,0.0441038460327194,0.0442171880148188,
2023-02-08 13:00:00,0.04399,0.04411,0.04345,0.04395,24649403,1080663.10598,7100,12050754,528573.8674,0.001367053998633,ARPA-USDT,0.0438773587720183,0.0438128046998913,
2023-02-08 14:00:00,0.04394,0.04415,0.04341,0.04376,20834881,911996.87086,5744,9552972,418360.22829,0.0013729977116703,ARPA-USDT,0.0439686271896554,0.0437821725817014,
2023-02-08 15:00:00,0.04375,0.04379,0.04315,0.04333,31431380,1366797.6673,8702,14637951,636672.5893,0.0016181229773462,ARPA-USDT,0.0437150910492421,0.0435947826958676,
2023-02-08 16:00:00,0.04333,0.04342,0.04222,0.04314,61435803,2629484.33856,14749,27393516,1172875.14569,0.0004638218923933,ARPA-USDT,0.0433040494441136,0.0432864941581063,0.0001
2023-02-08 17:00:00,0.04313,0.0438,0.0429,0.04367,47057809,2042263.90914,9758,25301645,1098014.3978,-0.0002289377289376,ARPA-USDT,0.0430914336269084,0.043040402728197,
2023-02-08 18:00:00,0.04366,0.04378,0.04277,0.04294,25611204,1108831.98203,7978,12037311,520944.23749,-0.00023282887078,ARPA-USDT,0.0437106039123885,0.0435952559250032,
2023-02-08 19:00:00,0.04294,0.04331,0.04283,0.04292,11745846,506069.86018,3851,5652225,243635.22698,0.0,ARPA-USDT,0.0429412540139407,0.0430191571200518,
2023-02-08 20:00:00,0.04292,0.04304,0.04249,0.04271,11764271,502861.0287,3664,4743408,202793.59521,-0.000701918577445,ARPA-USDT,0.042902182830848,0.0428317128722624,
2023-02-08 21:00:00,0.04271,0.04337,0.04267,0.04323,11660148,502582.72199,3483,7207934,310566.04878,-0.0002312673450509,ARPA-USDT,0.0427134870570994,0.0428317213769225,
2023-02-08 22:00:00,0.04323,0.04339,0.04282,0.04321,11897464,512983.89262,3195,5439103,234811.11344,-0.0006938020351526,ARPA-USDT,0.0432139572309528,0.0432360221423037,
2023-02-08 23:00:00,0.04317,0.04355,0.04295,0.0434,9145539,395790.04619,3454,4747519,205541.1296,0.0004610419548178,ARPA-USDT,0.0431657754230314,0.0431877305841072,
2023-02-09 00:00:00,0.04339,0.04401,0.04326,0.04396,23768771,1039045.92861,6557,13305525,581583.64095,0.0004551661356395,ARPA-USDT,0.0434592359040672,0.0436414760530481,0.0001
2023-02-09 01:00:00,0.04396,0.04408,0.04336,0.04343,13105064,572566.6284,4577,6933609,302915.62334,0.0011526048870447,ARPA-USDT,0.043983887227182,0.0439984065392174,
2023-02-09 02:00:00,0.04344,0.0435,0.0423,0.04231,18583776,799822.28526,4744,7528402,324581.27178,-0.000944510035419,ARPA-USDT,0.0434332319514051,0.0434394026770669,
2023-02-09 03:00:00,0.04231,0.04242,0.04081,0.04195,52742963,2195071.49016,13619,21758938,906230.08926,0.0014323227500598,ARPA-USDT,0.0423721144972095,0.0421526503380038,
2023-02-09 04:00:00,0.04196,0.04277,0.04166,0.04275,21069132,891179.0766,6181,11945075,505238.7447,0.0004680552305174,ARPA-USDT,0.0419977168484915,0.0418768397915163,
2023-02-09 05:00:00,0.04275,0.0429,0.0423,0.04257,14256791,607544.4129,4720,6801895,289865.03462,0.0004700352526438,ARPA-USDT,0.0428152740294536,0.0428150503256283,
2023-02-09 06:00:00,0.04257,0.0431,0.04244,0.04303,10229359,437556.2307,3538,5765937,246653.71261,0.0006976744186046,ARPA-USDT,0.042652382986239,0.0425711974218131,
2023-02-09 07:00:00,0.043,0.04306,0.04259,0.04264,8734773,373732.84307,3307,4102390,175537.33955,0.0007040600797934,ARPA-USDT,0.0430249822884191,0.0429053862651012,
2023-02-09 08:00:00,0.04264,0.0429,0.04243,0.04246,10748488,458326.40861,3168,4907323,209241.55596,0.0007070469007777,ARPA-USDT,0.0426514018954898,0.0426797114972392,0.0001
2023-02-09 09:00:00,0.04246,0.04254,0.04201,0.0422,10143499,429135.89012,3201,4791331,202866.22058,0.0011862396204034,ARPA-USDT,0.0424409276548683,0.0424451816429599,
2023-02-09 10:00:00,0.04221,0.04227,0.04147,0.0416,13265547,555177.41035,3559,5529204,231577.0539,0.0004810004810005,ARPA-USDT,0.0422475167389363,0.0421431560081883,
2023-02-09 11:00:00,0.04161,0.04225,0.04138,0.04197,17094844,714911.4789699999,4522,8475252,354588.2589,0.0007153075822603,ARPA-USDT,0.0416382748090162,0.0416278039855546,
2023-02-09 12:00:00,0.04196,0.04213,0.0413,0.04155,18931638,789810.7887800001,5492,8757396,365436.47515,0.0009636232233196,ARPA-USDT,0.0418896507493933,0.0418709832413675,
2023-02-09 13:00:00,0.04155,0.04173,0.04121,0.04168,20889927,866329.85961,5536,10259485,425525.36288,0.0012010569300984,ARPA-USDT,0.0415793855694337,0.0415286851791066,
2023-02-09 14:00:00,0.04167,0.04231,0.04164,0.042,20672688,868377.97884,5313,10588416,444845.02956,0.0014306151645209,ARPA-USDT,0.041777080893872,0.041810295864985,
2023-02-09 15:00:00,0.04198,0.04219,0.04152,0.04181,13093906,548047.19225,4069,6228453,260764.74522,-0.0002391200382593,ARPA-USDT,0.0419408270533803,0.0419978203801558,
2023-02-09 16:00:00,0.04183,0.04192,0.04068,0.04096,19381519,800169.86363,5685,8236031,340223.70987,0.0007329587099926,ARPA-USDT,0.0418080444140198,0.0418112242398191,0.0001
2023-02-09 17:00:00,0.04097,0.04171,0.04092,0.04126,14484483,597919.18794,4950,6978276,287985.61475,0.0,ARPA-USDT,0.041033593615286,0.0412530430981116,
2023-02-09 18:00:00,0.04126,0.04162,0.04101,0.04108,9188938,379738.69688,3419,3864207,159708.3032,0.0009746588693957,ARPA-USDT,0.0412633353675764,0.0412566922189736,
2023-02-09 19:00:00,0.04107,0.04111,0.03817,0.03962,48188566,1909328.45995,12500,19087366,756626.26839,-0.0007566204287514,ARPA-USDT,0.0410420870201611,0.0410110564357371,
2023-02-09 20:00:00,0.03962,0.03967,0.03883,0.03907,19127882,750646.49865,5986,7321789,287339.61627,-0.0007672634271099,ARPA-USDT,0.0395763682005204,0.0395158742721543,
2023-02-09 21:00:00,0.0391,0.03913,0.038,0.0387,18935573,730863.30562,5698,8918103,344501.51365,-0.0002583311805736,ARPA-USDT,0.0390170358707386,0.038980940548571,
2023-02-09 22:00:00,0.0387,0.03881,0.0367,0.03725,21084889,794614.20002,5959,9535613,359854.96093,-0.0002683843263554,ARPA-USDT,0.0386218392296561,0.0385892093513013,
2023-02-09 23:00:00,0.03727,0.03801,0.03724,0.03801,17492095,659620.83992,5284,9536763,359665.94027,0.0002631578947369,ARPA-USDT,0.0373817666613608,0.037512191430115,
2023-02-10 00:00:00,0.038,0.0384,0.0376,0.03784,20074102,764389.9860500001,4969,8303152,316169.25762,-0.0005282620179608,ARPA-USDT,0.0379784160166183,0.0380253411735021,0.0001
2023-02-10 01:00:00,0.03785,0.03829,0.03771,0.0382,7825829,297607.99033,2648,3860973,146828.45058,-0.0002617115938237,ARPA-USDT,0.0377850279646724,0.0378561887954177,
2023-02-10 02:00:00,0.0382,0.03837,0.03798,0.03826,5581754,213247.59901,2284,3039689,116136.59243,-0.0007834943849568,ARPA-USDT,0.0382213737336387,0.0382953831152815,
2023-02-10 03:00:00,0.03825,0.03829,0.03781,0.0379,4209294,160247.59671,1911,2194012,83520.87079,-0.000263782643102,ARPA-USDT,0.0382473237892601,0.0381996117667824,
2023-02-10 04:00:00,0.03791,0.03818,0.03758,0.03779,7176157,272108.17177,2419,3698595,140265.02081000002,-0.0002645502645503,ARPA-USDT,0.0378853665129382,0.037951238504821,
2023-02-10 05:00:00,0.03779,0.03792,0.03714,0.03755,10625443,399490.28447,3139,5564733,209286.26157,-0.0005323396326856,ARPA-USDT,0.0377863101982642,0.0377276042160042,
2023-02-10 06:00:00,0.03754,0.0382,0.03749,0.0381,7395542,280414.67565,2699,4213509,159732.97359,-0.0002623983206506,ARPA-USDT,0.0375411448056196,0.0376717412297792,
2023-02-10 07:00:00,0.0381,0.03824,0.03783,0.03823,6680973,253947.76598,2231,3643403,138478.63341,0.0,ARPA-USDT,0.0380624850848498,0.0381030671478063,
2023-02-10 08:00:00,0.03823,0.03832,0.03788,0.03808,6873863,261658.56344,2187,3433731,130746.68872,-0.0005249343832021,ARPA-USDT,0.038226337700861,0.0382244650681963,0.0001
2023-02-10 09:00:00,0.0381,0.03829,0.03769,0.0377,7685014,292005.07924,2266,4056740,154058.25843,-0.0010598834128247,ARPA-USDT,0.0381190605567884,0.0381558460795492,
2023-02-10 10:00:00,0.0377,0.03788,0.03751,0.03777,7720984,291287.90958,2093,4024652,151897.32184,-0.0005292405398252,ARPA-USDT,0.0377160409420046,0.0377905142582837,
2023-02-10 11:00:00,0.03778,0.03778,0.0372,0.03722,14692435,551094.25795,3355,8109412,304165.24792,-0.0010735373054213,ARPA-USDT,0.0377570420808184,0.0377233513414755,
2023-02-10 12:00:00,0.03723,0.03795,0.03722,0.03753,12298612,463222.34854,3237,6263945,235797.71611,0.0,ARPA-USDT,0.0372786866467866,0.0373400546776202,
2023-02-10 13:00:00,0.03754,0.03846,0.03754,0.03786,31304412,1193917.0499,5736,17915091,683188.73644,-0.0002640612622129,ARPA-USDT,0.037623762727769,0.0377358628082063,
2023-02-10 14:00:00,0.03786,0.03824,0.03747,0.03807,20754087,785068.38044,4053,8642288,327538.15582,-0.0007874015748031,ARPA-USDT,0.0378372445493768,0.0377150573942889,
2023-02-10 15:00:00,0.03808,0.03838,0.03726,0.03767,17879837,676864.5022,4879,8015126,303547.76221,-0.0002653927813162,ARPA-USDT,0.0380321825590349,0.0379292997524741,
2023-02-10 16:00:00,0.03767,0.0381,0.03751,0.03777,9962109,376670.64053,3497,4655278,176066.59887,-0.0013220518244315,ARPA-USDT,0.0376719867282019,0.0378667804089435,0.0001
2023-02-10 17:00:00,0.03777,0.0382,0.0376,0.03808,12110992,459442.70597,3478,5843274,221573.12783,0.0,ARPA-USDT,0.0377975685337985,0.0378683269222321,
2023-02-10 18:00:00,0.0381,0.03837,0.03802,0.03825,10959136,418762.44056,3472,4737561,181056.6768,0.0002615062761506,ARPA-USDT,0.0381126195773328,0.0382175886242423,
2023-02-10 19:00:00,0.03823,0.03877,0.03814,0.03871,11102482,427569.43811,3477,5343042,205907.13939,-0.0005163955589981,ARPA-USDT,0.0382703223683695,0.0382777907439004,
2023-02-10 20:00:00,0.03871,0.03881,0.03845,0.03864,8392848,324013.60448,2607,3839304,148235.04773,-0.0002587322121603,ARPA-USDT,0.0387296327113345,0.0386986543482034,
2023-02-10 21:00:00,0.03864,0.03877,0.03794,0.03818,10866748,416000.23903,3393,4520463,173010.33756,-0.0007851347814709,ARPA-USDT,0.0386369118531161,0.038638387448623,
2023-02-10 22:00:00,0.03818,0.0384,0.03784,0.03813,7530951,287536.94801,2612,3360528,128355.27581,-0.0010479434110559,ARPA-USDT,0.0381647850537153,0.0382548667187416,
2023-02-10 23:00:00,0.03814,0.03844,0.0381,0.03813,7796775,298316.01386,2444,4230725,161867.4946,-0.0007861635220126,ARPA-USDT,0.0381825238178854,0.038234503283104,
2023-02-11 00:00:00,0.03813,0.03847,0.03788,0.03843,9346721,357071.91588,2836,4611220,176193.29064,0.0002602811035918,ARPA-USDT,0.0381951865808869,0.0383260717310174,0.0001
2023-02-11 01:00:00,0.03843,0.03852,0.03785,0.03818,6958337,265775.06566,2202,3790301,144703.49551,-0.0007851347814709,ARPA-USDT,0.0384135167027783,0.0383234606573125,
2023-02-11 02:00:00,0.03819,0.03908,0.03816,0.03857,11684069,451280.99564,3290,6825740,263660.548,-0.0005182689816014,ARPA-USDT,0.0382086972199997,0.0382328387723438,
2023-02-11 03:00:00,0.03857,0.03961,0.03857,0.03958,27710603,1085956.23158,5343,17685913,693132.72893,-0.0010095911155982,ARPA-USDT,0.0385903089822022,0.0386402457391506,
2023-02-11 04:00:00,0.03957,0.03971,0.03914,0.03937,33996223,1340932.20658,8556,17814950,702677.33834,-0.0010149708195889,ARPA-USDT,0.0394888336352789,0.039539074033844,
2023-02-11 05:00:00,0.03936,0.03986,0.03917,0.03939,24082799,951047.90869,8094,11476538,452803.72558,-0.001014455997971,ARPA-USDT,0.0393472338826969,0.0394902940099118,
2023-02-11 06:00:00,0.03938,0.03941,0.03894,0.039,18885774,740355.85827,5837,8896261,348728.41128,-0.0002563445270443,ARPA-USDT,0.0392848042421805,0.0393222914959664,
2023-02-11 07:00:00,0.039,0.0394,0.03876,0.0394,17446325,681879.07536,5043,9075630,354883.30295,0.0,ARPA-USDT,0.0390569398652579,0.0390138075705813,
2023-02-11 08:00:00,0.03939,0.04049,0.03923,0.04004,33849619,1349485.52826,6151,16304925,649681.80707,-0.0009980039920158,ARPA-USDT,0.0393926296087565,0.0394504620464898,2.141e-05
2023-02-11 09:00:00,0.04004,0.04018,0.03921,0.03956,53988945,2136617.93032,9419,27421623,1085147.62776,-0.0012623074981066,ARPA-USDT,0.0400664782956435,0.0400891240977623,
2023-02-11 10:00:00,0.03957,0.04209,0.03957,0.04205,88360680,3595671.10079,15407,47211453,1923007.13611,-0.0030820293978189,ARPA-USDT,0.0396171953903437,0.0398561094662326,
2023-02-11 11:00:00,0.04206,0.04206,0.04022,0.04027,101444350,4161101.1514,16827,46088630,1889890.80568,-0.0007444168734491,ARPA-USDT,0.0417497979188025,0.0414457451112502,
2023-02-11 12:00:00,0.04025,0.04051,0.03992,0.04032,35945777,1443487.04718,6591,16645542,668785.44328,0.0002480774001489,ARPA-USDT,0.0402906724465678,0.0402600839834978,
2023-02-11 13:00:00,0.04031,0.04069,0.04001,0.04066,25959910,1047546.65872,5388,13923546,562000.47593,-0.000245881485124,ARPA-USDT,0.0404562505225559,0.0403353926604591,
2023-02-11 14:00:00,0.04065,0.04074,0.03993,0.04039,26831604,1079964.75791,5317,10503463,422683.07445,-0.0009893643334157,ARPA-USDT,0.0406861864431491,0.0406102676000405,
2023-02-11 15:00:00,0.0404,0.04057,0.04007,0.04027,14076480,567059.2224,3065,5966807,240355.04263,-0.0002482621648461,ARPA-USDT,0.0404856842959078,0.0404078303156022,
2023-02-11 16:00:00,0.04028,0.04034,0.0397,0.03979,16071970,642645.63121,3807,6764879,270541.17705,-0.0005023863350916,ARPA-USDT,0.0403084797845199,0.0402423875209065,6.481e-05
2023-02-11 17:00:00,0.03979,0.03994,0.0395,0.03992,9522326,378426.26818,2751,4397843,174883.50725999998,-0.0007509386733417,ARPA-USDT,0.0398510876594259,0.0398613430115125,
2023-02-11 18:00:00,0.03992,0.04002,0.03962,0.03976,8108983,322752.58721,2443,4206837,167476.52401999998,-0.0007539582809751,ARPA-USDT,0.0398952221735505,0.0398902717742533,
2023-02-11 19:00:00,0.03977,0.04016,0.03977,0.04015,7791322,311333.98571,2334,4749925,189843.83009,-0.0002490039840638,ARPA-USDT,0.039805134239501,0.0398329936438583,
2023-02-11 20:00:00,0.04014,0.04014,0.03987,0.04,6277202,250840.66024,2148,3124623,124864.42414,-0.0007494379215589,ARPA-USDT,0.0400760313541426,0.0399596071321656,
2023-02-11 21:00:00,0.03999,0.04037,0.03995,0.04034,8207475,329714.97344000003,2508,4758121,191178.84253,0.0,ARPA-USDT,0.0399883366663768,0.039974411522766,
2023-02-11 22:00:00,0.04033,0.04151,0.04021,0.04128,53902343,2212832.37669,9057,31681956,1301124.88781,-0.0014513788098694,ARPA-USDT,0.0403919641134478,0.0402866228542665,
2023-02-11 23:00:00,0.04129,0.04129,0.04051,0.04057,31192904,1276004.68555,6280,12514455,512272.51279,-0.0009849790691947,ARPA-USDT,0.0410932059456275,0.0410490168569288,
2023-02-12 00:00:00,0.04057,0.04066,0.04035,0.04065,14417353,584145.04014,3351,6419683,260135.14157,-0.0004917629702483,ARPA-USDT,0.0406117681015382,0.0405923233102165,0.0001
2023-02-12 01:00:00,0.04065,0.04072,0.04013,0.04015,13158120,531733.93764,2689,4906287,198436.74956,-0.0004978839930296,ARPA-USDT,0.0406904601329251,0.0406812956067553,
2023-02-12 02:00:00,0.04014,0.04043,0.0401,0.04041,6472485,260604.53533,1879,3379318,136112.84516,0.0002475247524753,ARPA-USDT,0.0401488262219197,0.0401851254983516,
2023-02-12 03:00:00,0.04042,0.04054,0.04035,0.04047,5282939,213630.32943,1635,3114416,125943.23113,-0.0004939491232403,ARPA-USDT,0.0404277494435746,0.0403980115295003,
2023-02-12 04:00:00,0.04046,0.0407,0.0402,0.04028,9286614,375717.52857,2459,4002446,162072.72853,-0.0004962779156327,ARPA-USDT,0.0405012573940892,0.0405348378769294,
2023-02-12 05:00:00,0.0403,0.04061,0.04026,0.04044,5489110,221918.06227,1816,2774900,112200.4783,-0.0002472187886279,ARPA-USDT,0.0403209843851237,0.0403355985442939,
2023-02-12 06:00:00,0.04043,0.04046,0.04031,0.04033,5294080,213715.89215,1751,2520501,101751.96344,-0.0002478929102628,ARPA-USDT,0.0404424131986346,0.0404432274183492,
2023-02-12 07:00:00,0.04032,0.04042,0.0402,0.04038,4700029,189489.74549,1742,1955081,78841.09563,-0.0002475860361476,ARPA-USDT,0.0403193996654246,0.0403052507589189,
2023-02-12 08:00:00,0.04038,0.04083,0.04033,0.04063,8662419,351725.4738,2575,4318598,175331.72493,-0.0012291052114061,ARPA-USDT,0.04037398353891,0.0403506401418649,0.0001
2023-02-12 09:00:00,0.04062,0.04122,0.04055,0.04117,12398986,507253.12261,3372,4964281,203159.03502,-0.0002428363283147,ARPA-USDT,0.0405906854761787,0.0406343058667138,
2023-02-12 10:00:00,0.04117,0.04126,0.04086,0.04098,11403461,468292.00272,3162,4514199,185418.01473,-0.0007315288953912,ARPA-USDT,0.0411258548515599,0.0411459549569599,
2023-02-12 11:00:00,0.04099,0.04103,0.04065,0.04074,14068855,574020.8599,3354,6214511,253614.94497,0.0002455192732628,ARPA-USDT,0.041006604567506,0.0409301358423968,
2023-02-12 12:00:00,0.04073,0.04087,0.04029,0.04039,13848645,562077.24356,3732,5089988,206793.91837,-0.0007422068283027,ARPA-USDT,0.0407478554430142,0.0407085124210946,
2023-02-12 13:00:00,0.0404,0.04068,0.04024,0.04039,9789898,395989.94909,2980,4627275,187210.82032,0.0002476473501733,ARPA-USDT,0.0404093231376357,0.0404420601846193,
2023-02-12 14:00:00,0.04039,0.04081,0.0403,0.04072,8747412,355021.18955,2881,3732515,151523.20788,0.0002456398919183,ARPA-USDT,0.0404054667748874,0.0403584335846041,
2023-02-12 15:00:00,0.04071,0.04084,0.0405,0.04061,6319423,256824.66909,2767,2874176,116869.87127,-0.0009840098400983,ARPA-USDT,0.0407642471455862,0.040733957595273,
2023-02-12 16:00:00,0.04062,0.04112,0.04053,0.04086,11094589,453097.50322,3215,5674926,231848.27369,-0.0009779951100243,ARPA-USDT,0.0406867315515489,0.0406374847851916,0.0001
2023-02-12 17:00:00,0.04086,0.04111,0.04063,0.04077,9589780,392101.04313,2978,2893897,118323.47877,-0.0007352941176471,ARPA-USDT,0.040911855823441,0.0409777090334729,
2023-02-12 18:00:00,0.04077,0.04085,0.04058,0.04068,5351860,217862.69152,2144,2819348,114775.26869,-0.0014727540500736,ARPA-USDT,0.040798861044273,0.0407225866238627,
2023-02-12 19:00:00,0.04067,0.04094,0.04057,0.04082,4700772,191645.62739,1863,2520843,102790.72256,-0.0007343941248468,ARPA-USDT,0.0407077471055072,0.0407194567248385,
2023-02-12 20:00:00,0.04082,0.04094,0.04046,0.04065,6706617,273014.41907,2246,3175290,129293.52998,-0.0004917629702483,ARPA-USDT,0.0408761359590735,0.0408988625424331,
2023-02-12 21:00:00,0.04065,0.04078,0.0394,0.03962,24028413,959805.51918,5421,8344246,333459.98959,0.0010106114199091,ARPA-USDT,0.0406877937006652,0.0407113948540747,
2023-02-12 22:00:00,0.03962,0.04005,0.03888,0.03996,17696550,696643.52189,5246,8042217,316821.07746,-0.0014992503748125,ARPA-USDT,0.0395614994804824,0.0395477100646497,
2023-02-12 23:00:00,0.03997,0.04023,0.03965,0.03978,12698088,506894.42358,3470,6465009,258095.24018,-0.0007535795026374,ARPA-USDT,0.0400168307832261,0.0401107964441778,
2023-02-13 00:00:00,0.03978,0.04032,0.03959,0.04015,9976382,398951.20177,3393,5069739,202662.0922,-0.0004978839930296,ARPA-USDT,0.0398641797114129,0.0399863027078003,0.0001
2023-02-13 01:00:00,0.04015,0.04022,0.0392,0.03938,10771543,426633.68185,3184,5282407,209211.22487,0.0,ARPA-USDT,0.0401625806908918,0.0400874690887401,
2023-02-13 02:00:00,0.03938,0.0397,0.03857,0.0396,17769000,696219.77098,4499,7738060,303722.04197,0.0002525890376359,ARPA-USDT,0.0394481979752101,0.039538677297816,
2023-02-13 03:00:00,0.0396,0.04007,0.03949,0.03999,6797616,270350.93486,2406,3529469,140300.82263,-0.00025,ARPA-USDT,0.039610476600428,0.0395722650360157,
2023-02-13 04:00:00,0.03999,0.04035,0.03988,0.04005,7609309,305112.66851,2555,3560671,142739.1608,0.0,ARPA-USDT,0.0400506108144835,0.0400989080612,
2023-02-13 05:00:00,0.04005,0.04032,0.03995,0.04006,6830722,273971.88305,2273,3958296,158797.87294,-0.0024900398406375,ARPA-USDT,0.0401113037462576,0.0400212445901793,
2023-02-13 06:00:00,0.04006,0.0404,0.03979,0.03985,14407716,578153.83696,3697,6962514,279558.83645,-0.0007522567703109,ARPA-USDT,0.0401742356919088,0.040278672041273,
2023-02-13 07:00:00,0.03985,0.04041,0.03978,0.04004,8139766,326408.70057,2653,3849533,154309.3023,-0.0012471938139186,ARPA-USDT,0.0398627618615716,0.039894602437843,
2023-02-13 08:00:00,0.04004,0.04097,0.03846,0.03846,58110432,2307644.7506,11282,28543943,1135538.77044,-0.0007794232268122,ARPA-USDT,0.0404452113754408,0.0402063449236408,0.0001
2023-02-13 09:00:00,0.03846,0.03932,0.0374,0.03819,69156637,2647311.59134,14692,31769247,1216090.52778,-0.0005234231876471,ARPA-USDT,0.0384764590993938,0.0385573049271816,
2023-02-13 10:00:00,0.03819,0.03863,0.03792,0.03857,14040627,538228.75093,4033,6767381,259420.6648,-0.0005182689816014,ARPA-USDT,0.0382312482834569,0.0383282367935278,
2023-02-13 11:00:00,0.03856,0.03896,0.03847,0.03883,9357959,362527.15043,3077,4030346,156161.49888,0.0,ARPA-USDT,0.0385486844830872,0.0385765360977438,
2023-02-13 12:00:00,0.03883,0.03941,0.03873,0.0391,13359080,522478.2202,4065,6046999,236450.08599,-0.0010219724067449,ARPA-USDT,0.0388656174051752,0.0388051384002239,
2023-02-13 13:00:00,0.03911,0.03937,0.03884,0.03891,9011927,353116.1911,2986,3688444,144590.54868,0.0,ARPA-USDT,0.0391806569519264,0.0392880268559281,
2023-02-13 14:00:00,0.03891,0.03934,0.03869,0.03931,10481531,408931.64927,3484,5482701,214020.61825,-0.0002543234994913,ARPA-USDT,0.038874041254255,0.0388830726138423,
2023-02-13 15:00:00,0.03932,0.03934,0.03853,0.03854,8910716,346809.70959,2715,3693674,143753.00051,-0.0005186721991701,ARPA-USDT,0.0392761592307338,0.03921588576757,
2023-02-13 16:00:00,0.03854,0.03884,0.03793,0.0383,12573013,482466.85538,3744,5668524,217510.45711,-0.0002610284521011,ARPA-USDT,0.0385515104313057,0.0385416238262637,0.0001
2023-02-13 17:00:00,0.03829,0.03843,0.03755,0.03787,11106260,421842.37126,3674,5254943,199537.3647,0.0,ARPA-USDT,0.0382408509581114,0.0383158609732284,
2023-02-13 18:00:00,0.03786,0.03821,0.0378,0.03807,10358990,393235.77033,3617,4989694,189416.2213,0.0,ARPA-USDT,0.0378439117309038,0.0378601164846219,
2023-02-13 19:00:00,0.03807,0.03809,0.0376,0.03776,7957890,301298.66899,3212,4323867,163707.2362,-0.0007938608097378,ARPA-USDT,0.0380656122262573,0.0380198357235404,
2023-02-13 20:00:00,0.03776,0.03799,0.03762,0.03788,10067492,380566.9909,2795,4690733,177309.09305999998,-0.0005277044854883,ARPA-USDT,0.0377743121655558,0.0377102900711287,
2023-02-13 21:00:00,0.0379,0.03793,0.03773,0.03791,3723304,140932.17548,1559,2058329,77908.65334,-0.0002637130801688,ARPA-USDT,0.0378994050977391,0.0378828989082378,
2023-02-13 22:00:00,0.03791,0.03823,0.03781,0.03817,3743382,142082.14766,1738,1947156,73909.82707,-0.0005236973029588,ARPA-USDT,0.0378749205494731,0.037870227863806,
2023-02-13 23:00:00,0.03817,0.03894,0.03813,0.03885,8170689,315764.9732,2687,3339965,128925.59362,0.0,ARPA-USDT,0.0381837921042625,0.0382127592498871,
2023-02-14 00:00:00,0.03885,0.0392,0.0385,0.03851,7178128,279008.1633,2638,3178730,123662.82099,-0.0002596053997921,ARPA-USDT,0.0388844575531405,0.0390226666768774,0.0001
2023-02-14 01:00:00,0.03851,0.0386,0.03822,0.03828,3238347,124349.53193,1389,1569290,60268.18093,-0.0010438413361169,ARPA-USDT,0.0385629476317466,0.0385249794421243,
2023-02-14 02:00:00,0.03828,0.03856,0.03823,0.03824,3726387,143056.41051,1794,2168777,83280.80102,0.0,ARPA-USDT,0.0384013195933705,0.038367787134424,
2023-02-14 03:00:00,0.03824,0.03832,0.03791,0.03801,4682877,178377.09448,2089,2200006,83840.50654,0.0002631578947369,ARPA-USDT,0.0382193991259611,0.0382116841411063,
2023-02-14 04:00:00,0.038,0.03806,0.03784,0.03792,3419755,129779.68697,1598,1858393,70516.25914,-0.000527148128624,ARPA-USDT,0.0379543537225806,0.0379365939990287,
2023-02-14 05:00:00,0.03792,0.0381,0.03782,0.03806,4621835,175450.55294,1759,2581080,97988.9243,-0.0007876082961407,ARPA-USDT,0.0378615473102514,0.0378554944945031,
2023-02-14 06:00:00,0.03808,0.0385,0.03803,0.03827,12737040,487825.41074,3088,6564129,251442.42292,-0.0007832898172324,ARPA-USDT,0.0380805086105756,0.0380738465343884,
2023-02-14 07:00:00,0.03828,0.03837,0.0382,0.03833,4841774,185385.39074,1336,2689181,102965.48149,-0.000260824204486,ARPA-USDT,0.038300660457366,0.038281816253078,
2023-02-14 08:00:00,0.03833,0.03834,0.03795,0.0381,5577414,212729.43308,1555,2320490,88518.6473,-0.0005246589716684,ARPA-USDT,0.038323694419073,0.0382823578901662,0.0001
2023-02-14 09:00:00,0.0381,0.03878,0.03801,0.03867,5667847,217587.71027,1920,3111879,119395.30473,-0.0005169294391315,ARPA-USDT,0.0380386652510927,0.038117098160127,
2023-02-14 10:00:00,0.03866,0.03886,0.03856,0.03871,6024725,233276.74716,1938,2906695,112571.50258,-0.0002582644628098,ARPA-USDT,0.0387400382506615,0.0386527127137811,
2023-02-14 11:00:00,0.03871,0.03881,0.03845,0.03854,6136855,237061.05428,1823,2741665,105928.05692,-0.0007778065854291,ARPA-USDT,0.0387423514306676,0.0387758697471268,
2023-02-14 12:00:00,0.03855,0.03895,0.03853,0.03872,5979613,231616.48307,1960,2700632,104603.61177,-0.001289656951251,ARPA-USDT,0.0385447585046751,0.0386077896619049,
2023-02-14 13:00:00,0.03873,0.03902,0.038,0.0389,18729948,722607.13935,5474,9364612,361468.28178,-0.0010272213662045,ARPA-USDT,0.0387627908371157,0.038796062166563,
2023-02-14 14:00:00,0.03889,0.03982,0.03841,0.0397,22320878,872220.05177,6120,11428113,446907.62011,0.000251952632905,ARPA-USDT,0.0389798989813957,0.0389366389420639,
2023-02-14 15:00:00,0.0397,0.04002,0.03883,0.03942,21598992,853774.18994,6070,8581210,339233.03512,0.0,ARPA-USDT,0.0397976881576513,0.0397785217087664,
2023-02-14 16:00:00,0.03942,0.03968,0.03924,0.03938,7285236,287606.97531,2692,3807274,150378.41357,0.0,ARPA-USDT,0.0394752755066389,0.0395594370593364,0.0001
2023-02-14 17:00:00,0.03938,0.0397,0.03938,0.03958,4595974,181832.46446,1784,2290863,90646.6315,-0.0005050505050506,ARPA-USDT,0.0394537625136655,0.0394666173167118,
2023-02-14 18:00:00,0.03958,0.03976,0.03952,0.03966,8610619,341164.49815,2935,4110773,162880.31033,0.0,ARPA-USDT,0.039609088544155,0.0396106348612621,
2023-02-14 19:00:00,0.03966,0.03974,0.03955,0.03965,5112744,202613.10599,2108,1822275,72237.23408,0.0,ARPA-USDT,0.0396710252667556,0.0396475420902128,
2023-02-14 20:00:00,0.03965,0.03973,0.03953,0.03958,3536524,140096.99692,1737,1642537,65089.3337,-0.0005050505050506,ARPA-USDT,0.0396686381239967,0.0396891029385862,
2023-02-14 21:00:00,0.03957,0.03968,0.03945,0.03954,4768097,188508.86613,1263,2082129,82340.27343,-0.0005055611729019,ARPA-USDT,0.0396112343315125,0.0396233002697297,
2023-02-14 22:00:00,0.03954,0.03965,0.03945,0.03952,2731341,108021.63931,1124,1317838,52122.17207,-0.0007585335018963,ARPA-USDT,0.0395392669639039,0.0395588431860062,
2023-02-14 23:00:00,0.03954,0.0398,0.03953,0.03969,3074122,122014.33125,1596,1630834,64725.58378,-0.0002518891687656,ARPA-USDT,0.0396190657967951,0.0395999244447462,
2023-02-15 00:00:00,0.03969,0.03992,0.03934,0.03944,5463572,216524.98475,1914,2522114,100050.28565,0.0,ARPA-USDT,0.039786749625869,0.0398279718394317,0.0001
2023-02-15 01:00:00,0.03944,0.0403,0.03932,0.03978,15929713,634145.73552,4816,11006677,438255.71896,0.0010065425264218,ARPA-USDT,0.0393744705514652,0.0393842694150444,
2023-02-15 02:00:00,0.03977,0.03983,0.03951,0.03974,7178853,284787.41871,2343,4484421,177895.44942,-0.0005030181086519,ARPA-USDT,0.0396225319623137,0.0395594698283358,
2023-02-15 03:00:00,0.03974,0.04034,0.03959,0.0402,11692438,468301.74339,3363,7713288,308950.21857,-0.0009940357852882,ARPA-USDT,0.039679571768832,0.0396367274292599,
2023-02-15 04:00:00,0.0402,0.04029,0.04001,0.04003,5585118,224243.31515,2042,2638612,105948.86027,-0.0009982530571499,ARPA-USDT,0.040203863697522,0.0401872463775189,
2023-02-15 05:00:00,0.04004,0.04012,0.03985,0.03999,5015231,200569.06364,2109,2282157,91307.53404,-0.0014981273408241,ARPA-USDT,0.0400413906876349,0.0400211310565486,
2023-02-15 06:00:00,0.04,0.04036,0.04,0.04024,5606134,225178.66599,1908,2774174,111440.26252,-0.0002484472049689,ARPA-USDT,0.040115274577813,0.0400745155398487,
2023-02-15 07:00:00,0.04025,0.04032,0.03978,0.03988,8691038,347745.62524,2155,2870018,115000.67948,-0.0007516913054372,ARPA-USDT,0.0401808389473223,0.0401568290420028,
2023-02-15 08:00:00,0.03989,0.04008,0.03977,0.03989,6167281,246339.37964,1640,3010177,120268.29103,-0.0007515030060118,ARPA-USDT,0.0400031467954922,0.0399570630858416,0.0001
2023-02-15 09:00:00,0.0399,0.0401,0.03984,0.04005,4313700,172491.3476,1404,2241440,89634.02886,-0.0007485029940118,ARPA-USDT,0.0398663729350766,0.0399090970970413,
2023-02-15 10:00:00,0.04007,0.04026,0.03997,0.04017,3748192,150450.16977,1312,1748304,70151.45605000001,-0.0009947774185526,ARPA-USDT,0.0400402099559083,0.0400276460551525,
2023-02-15 11:00:00,0.04017,0.04045,0.04009,0.04036,6720635,270791.06513,2272,2973201,119826.15618,-0.0004952947003467,ARPA-USDT,0.0401776077994052,0.0402338453233459,
2023-02-15 12:00:00,0.04036,0.04075,0.04036,0.04056,13433588,544967.25961,3820,5943263,241181.11075,0.0002466091245374,ARPA-USDT,0.0404158133724648,0.0404978456995619,
2023-02-15 13:00:00,0.04056,0.04069,0.0404,0.04054,7440608,301699.36071,2500,3229241,130919.94631,-0.0004930966469427,ARPA-USDT,0.0405768003842911,0.0405586785160849,
2023-02-15 14:00:00,0.04054,0.04073,0.04021,0.04041,16377559,663262.75006,3484,7173621,290627.28059,-0.0007418397626111,ARPA-USDT,0.0405250121768924,0.0405295054282784,
2023-02-15 15:00:00,0.0404,0.041,0.04033,0.04084,10801746,439685.17909,3203,5560666,226428.31104,-0.0007340347443111,ARPA-USDT,0.0404235239846835,0.0403974740716124,
2023-02-15 16:00:00,0.04083,0.04093,0.04061,0.04087,9268774,377921.71522,2891,4756284,193957.80259,-0.0002446183953034,ARPA-USDT,0.0407742201857573,0.0407485537544695,0.0001
2023-02-15 17:00:00,0.04085,0.04108,0.04077,0.04097,5810458,237735.93754,2023,2947694,120605.07199,0.0,ARPA-USDT,0.0408291239054902,0.040848934358982,
2023-02-15 18:00:00,0.04096,0.04128,0.04076,0.0412,7413674,304168.12044,2333,3732412,153174.85034,-0.0009699321047526,ARPA-USDT,0.0409085391900845,0.0408587977476468,
2023-02-15 19:00:00,0.0412,0.04163,0.04107,0.04159,11832470,489778.78844,3418,4801181,198898.60275,0.0002405002405003,ARPA-USDT,0.0411983145338663,0.0411278422113876,
2023-02-15 20:00:00,0.0416,0.0423,0.04153,0.04209,16137171,677051.67757,4703,5948222,249556.98304,0.0,ARPA-USDT,0.041616281586632,0.0416013864471854,
2023-02-15 21:00:00,0.0421,0.04239,0.0418,0.04203,9971960,420316.19686,3161,4859643,204959.89841,0.0,ARPA-USDT,0.0420953940108315,0.0421358894931643,
2023-02-15 22:00:00,0.04204,0.04233,0.04192,0.042,6254784,263383.21024,2283,3016048,127074.84098,-0.0011890606420925,ARPA-USDT,0.0420613342808054,0.0420503940091985,
2023-02-15 23:00:00,0.04201,0.04261,0.042,0.04236,8905363,377433.91799,3137,4282386,181534.30244,-0.0002360160490912,ARPA-USDT,0.0420391011462887,0.0421037738928415,
2023-02-16 00:00:00,0.04237,0.04269,0.04189,0.04217,14647384,618890.1357,4906,5655140,239236.72922,0.0,ARPA-USDT,0.0424032338800196,0.0423303793768637,0.0001
2023-02-16 01:00:00,0.04218,0.04269,0.04218,0.04268,5548595,235530.25493,2046,2769729,117569.24624,0.0,ARPA-USDT,0.0422184362297722,0.0422607696619421,
2023-02-16 02:00:00,0.04266,0.04289,0.04254,0.04255,6077810,259692.6795,2268,2836168,121219.93471,0.0007055503292567,ARPA-USDT,0.0426738821878597,0.0427820863803518,
2023-02-16 03:00:00,0.04255,0.04288,0.04253,0.04276,3918333,167369.79182,1710,2125735,90820.81294,0.0007020828457757,ARPA-USDT,0.042555919390415,0.0426359754966728,
2023-02-16 04:00:00,0.04276,0.04284,0.04234,0.04258,5255104,223542.83503,2249,2011496,85618.8186,0.0002349072116514,ARPA-USDT,0.0427432016893258,0.0427936862660486,
2023-02-16 05:00:00,0.04257,0.04289,0.04249,0.04263,8850109,377592.88562,2313,4343897,185405.12325,0.0,ARPA-USDT,0.0425560430216239,0.0425717872231706,
2023-02-16 06:00:00,0.04264,0.04474,0.04263,0.04405,70665110,3101707.95549,15031,36103234,1584568.62845,0.0002270663033605,ARPA-USDT,0.0427012120631691,0.0427735785948679,
2023-02-16 07:00:00,0.04406,0.04406,0.04263,0.04348,69138471,2998297.64794,12862,32331556,1403394.27707,-0.0004597701149424,ARPA-USDT,0.0437435129453711,0.0437473367493495,
2023-02-16 08:00:00,0.04348,0.04429,0.04289,0.04371,55319763,2414266.52829,11892,26096492,1139248.29141,-0.0011425959780622,ARPA-USDT,0.0433087186060248,0.0433260529663415,0.0001
2023-02-16 09:00:00,0.04372,0.0444,0.04357,0.04425,22287861,980378.59948,6187,12041788,529731.08641,0.0002260397830016,ARPA-USDT,0.043650936908955,0.0438361581798772,
2023-02-16 10:00:00,0.04423,0.04426,0.04368,0.04382,15735172,691251.4191299999,4238,6704419,294617.75573,0.0009136592051164,ARPA-USDT,0.044158234667691,0.0440996811937278,
2023-02-16 11:00:00,0.04381,0.04387,0.04338,0.0435,15694087,684267.52423,4304,5776799,252024.39508,0.000459981600736,ARPA-USDT,0.0438411472544046,0.0437691556037567,
2023-02-16 12:00:00,0.0435,0.0438,0.04315,0.0437,12871734,559335.58987,3831,6243031,271425.83358,-0.0004574565416285,ARPA-USDT,0.0436061112507973,0.0434541005694706,
2023-02-16 13:00:00,0.04372,0.04389,0.04255,0.0429,21676451,938290.67648,6393,8026837,347939.69502,0.0002331545814875,ARPA-USDT,0.0437968932703884,0.043823693213721,
2023-02-16 14:00:00,0.04292,0.04481,0.04291,0.04457,86781777,3820657.93875,24908,44502597,1959592.61155,-0.0013443871835089,ARPA-USDT,0.0429867492630649,0.0431029995675219,
2023-02-16 15:00:00,0.04457,0.04459,0.04343,0.04398,53339808,2341371.45486,13711,21994220,966240.08335,0.0,ARPA-USDT,0.0442748868590203,0.0442300518716514,
2023-02-16 16:00:00,0.04398,0.04434,0.04305,0.04357,38853506,1696987.44129,9579,16146895,705521.82829,-0.0004588208304656,ARPA-USDT,0.0440081613674077,0.0441376486776838,0.0001
2023-02-16 17:00:00,0.04358,0.0439,0.04342,0.04371,15542790,679174.05194,4096,7976392,348581.22406,0.0004577706569008,ARPA-USDT,0.0435770789685826,0.0435989065265754,
2023-02-16 18:00:00,0.04369,0.044,0.04358,0.04397,12665056,554645.60864,4122,7255183,317756.18524,0.0009105394946506,ARPA-USDT,0.0437640245861542,0.043710941906566,
2023-02-16 19:00:00,0.04396,0.04398,0.04325,0.04338,10383207,452294.33973,3456,4775432,208057.4703,0.0,ARPA-USDT,0.0439567703218941,0.0439173540784276,
2023-02-16 20:00:00,0.04339,0.04343,0.04246,0.0429,18352677,788159.33828,5485,7545922,324101.22327,0.0002331545814875,ARPA-USDT,0.0433985245810843,0.043282797475707,
2023-02-16 21:00:00,0.04291,0.04294,0.04216,0.04257,11903863,506126.72224,4470,4457799,189687.26998,0.0009405125793557,ARPA-USDT,0.0429127099942078,0.0428692900971301,
2023-02-16 22:00:00,0.04256,0.04272,0.04097,0.04111,24133187,1004999.00524,6514,9246727,385207.20303,0.0002433090024331,ARPA-USDT,0.0426208433131022,0.0426060368578665,
2023-02-16 23:00:00,0.0411,0.04145,0.04048,0.04064,23618371,968643.08784,7019,9607913,394026.56291,-0.0009832841691248,ARPA-USDT,0.0411875101814394,0.0411739368152606,
2023-02-17 00:00:00,0.04065,0.04195,0.04064,0.04178,18573329,768653.31423,5618,9031882,373147.35751,-0.0002392916965782,ARPA-USDT,0.0407666795875075,0.0408580051404844,0.0001
2023-02-17 01:00:00,0.04179,0.04254,0.04169,0.04252,14344969,603774.35137,3755,7842301,330217.14627,0.0,ARPA-USDT,0.0418141211000016,0.0417548573750922,
2023-02-17 02:00:00,0.04251,0.04295,0.04235,0.04263,30881914,1315864.65207,6449,15697303,668783.81453,-0.000937426763534,ARPA-USDT,0.0426210783931606,0.0426400891316939,
2023-02-17 03:00:00,0.04262,0.04388,0.0426,0.04351,25904715,1123141.43025,7005,12471571,540394.37102,-0.0004594532506316,ARPA-USDT,0.042678516743532,0.0428842888684545,
2023-02-17 04:00:00,0.04351,0.04407,0.0434,0.04366,23291211,1018542.67158,6195,11305639,494649.23184,-0.0006866559853513,ARPA-USDT,0.0435494416304162,0.0435760992730974,
2023-02-17 05:00:00,0.04367,0.04367,0.04264,0.04286,27364586,1177739.9158,6329,12417608,534297.60948,-0.0006994637444625,ARPA-USDT,0.0435908378734956,0.0435264331835061,
2023-02-17 06:00:00,0.04287,0.04332,0.0428,0.04294,13169244,566249.28987,3117,5563341,239156.60417,-0.00023282887078,ARPA-USDT,0.0428801328546254,0.042976843972441,
2023-02-17 07:00:00,0.04294,0.04359,0.04292,0.043,11840440,512058.11656,3184,5462287,236290.63894,-0.0002325040688212,ARPA-USDT,0.0429464732576391,0.0430090069564318,
2023-02-17 08:00:00,0.04301,0.04331,0.04271,0.0433,10646700,458196.30419,2826,4627468,199248.55861,0.0,ARPA-USDT,0.0429941029464931,0.0429187519555894,0.0001
2023-02-17 09:00:00,0.04329,0.04385,0.04317,0.04375,10544321,458278.83825,3433,5167017,224644.52958,-0.0002285191956125,ARPA-USDT,0.0432913159028418,0.0432747240017312,
2023-02-17 10:00:00,0.04375,0.04388,0.04338,0.04354,10583821,461627.19643,3068,3764699,164287.32393,0.0,ARPA-USDT,0.0437831499470926,0.0438160422747028,
2023-02-17 11:00:00,0.04354,0.04387,0.04341,0.04347,8467898,369758.14924,2793,3245632,141745.35167,0.000230096640589,ARPA-USDT,0.043626453507987,0.043631158898708,
2023-02-17 12:00:00,0.04346,0.0435,0.04312,0.04316,10884187,470793.52086,3262,4678307,202367.26183,-0.0009259259259259,ARPA-USDT,0.0434609059862018,0.0432892431368698,
2023-02-17 13:00:00,0.04317,0.0433,0.04281,0.04298,9578018,412199.19715,3285,4007958,172467.40707,0.0,ARPA-USDT,0.0431759017092539,0.0431818994192334,
2023-02-17 14:00:00,0.04298,0.04357,0.04241,0.04279,17869889,768947.21541,5259,6544134,281864.85163,-0.000233644859813,ARPA-USDT,0.042961511613063,0.042987579989722,
2023-02-17 15:00:00,0.04279,0.04347,0.04279,0.04339,10524893,454761.8068,4126,5155080,222801.8077,0.0004611482591652,ARPA-USDT,0.0428815384822396,0.042996129149156,
2023-02-17 16:00:00,0.04339,0.04373,0.04276,0.04341,13141721,569657.15089,4326,5389865,233818.34277,-0.0006906077348066,ARPA-USDT,0.0434412648080017,0.0434000863144483,0.0001
2023-02-17 17:00:00,0.04342,0.0444,0.04341,0.04402,15813348,696021.88188,5415,8155230,358998.50853,-0.0009078529278258,ARPA-USDT,0.0434893055254641,0.0435954560778902,
2023-02-17 18:00:00,0.04403,0.04417,0.04372,0.04398,11310770,496831.94341,3548,4415957,193994.50366,-0.0006816632583503,ARPA-USDT,0.0439757281651508,0.043989101258368,
2023-02-17 19:00:00,0.04399,0.04458,0.04394,0.04456,11571212,512106.53328,3910,6357616,281511.02505,0.0002244668911335,ARPA-USDT,0.0439803472052328,0.0441328198884823,
2023-02-17 20:00:00,0.04456,0.04462,0.0443,0.04437,13793153,613166.73913,4458,5212784,231737.52704,0.0002254283137963,ARPA-USDT,0.0445002322519185,0.0445104095488009,
2023-02-17 21:00:00,0.04439,0.04454,0.04403,0.04407,7145423,316992.22482,3042,3181550,141211.09098,-0.0006802721088435,ARPA-USDT,0.0444022677290453,0.0443562282274799,
2023-02-17 22:00:00,0.04406,0.04442,0.04339,0.04437,12479981,548025.69045,4353,5948197,261427.59495,-0.0011256190904997,ARPA-USDT,0.044048619218364,0.0439370572236788,
2023-02-17 23:00:00,0.04438,0.04457,0.04427,0.04436,8856490,393549.06035,2750,4659842,207079.89037,0.0002254791431792,ARPA-USDT,0.044468683105018,0.0445170406955832,
2023-02-18 00:00:00,0.04435,0.04464,0.04421,0.04441,7554809,335623.148,2644,2967215,131798.40291,-0.0004501462975466,ARPA-USDT,0.0443611475404623,0.044369890787741,0.0001
2023-02-18 01:00:00,0.0444,0.04483,0.0444,0.04466,5972365,266448.77753,2526,3091625,137940.29128,0.0008964589870013,ARPA-USDT,0.0444267926802135,0.044483482173679,
2023-02-18 02:00:00,0.04466,0.04474,0.04413,0.0442,6404449,284376.217,2314,2535609,112688.35299,0.0002262955419778,ARPA-USDT,0.0446948367819397,0.0446520914036977,
2023-02-18 03:00:00,0.0442,0.04438,0.04409,0.04432,4657171,206026.42882,2012,2216053,98048.3802,0.0002256826901376,ARPA-USDT,0.0442309132402923,0.0441860784157002,
2023-02-18 04:00:00,0.04432,0.04455,0.04431,0.04435,4900465,217567.94409,2190,2636975,117088.6824,0.0002255299954894,ARPA-USDT,0.04437092614857,0.0444059533862432,
2023-02-18 05:00:00,0.04435,0.04441,0.04423,0.04429,3776914,167320.96577,1583,1607196,71207.95498,0.0,ARPA-USDT,0.044372814436311,0.0443800358917136,
2023-02-18 06:00:00,0.04429,0.04446,0.04413,0.04418,5842504,259006.57691,1879,2813067,124720.12561,0.0004528985507246,ARPA-USDT,0.0443261183313881,0.0443555636290303,
2023-02-18 07:00:00,0.04419,0.04421,0.04355,0.04364,11579608,507832.28034,3132,4358778,191298.69351,0.0004585052728105,ARPA-USDT,0.0441034283892254,0.0440177589173118,
2023-02-18 08:00:00,0.04363,0.04382,0.04347,0.04381,7662893,334670.49912,2513,4125817,180230.01683,0.0004567252797442,ARPA-USDT,0.0437170641621987,0.0437023807413366,0.0001
2023-02-18 09:00:00,0.0438,0.044,0.04359,0.04397,5734856,251302.52677,2041,3065063,134392.43167,0.0006827492034593,ARPA-USDT,0.0437612073776971,0.0437316938521707,
2023-02-18 10:00:00,0.04398,0.044,0.04345,0.04356,41960871,1830607.11245,8407,20000930,872721.54449,0.0002296211251435,ARPA-USDT,0.0439770680875852,0.0439058474526617,
2023-02-18 11:00:00,0.04355,0.04386,0.04345,0.04376,8049882,351535.32172,2380,3524315,153865.65305,0.0002285714285714,ARPA-USDT,0.0435036403519923,0.0435069819310412,
2023-02-18 12:00:00,0.04375,0.04405,0.04363,0.044,5873694,257625.71771,2003,2738406,120121.93648,-0.0002272210861168,ARPA-USDT,0.0437557510357243,0.0436964972218899,
2023-02-18 13:00:00,0.04401,0.0442,0.04387,0.04389,6618021,291496.51226,2335,3302214,145494.73165,-0.0002277904328018,ARPA-USDT,0.0439662559074313,0.0440011227526508,
2023-02-18 14:00:00,0.04389,0.04416,0.0438,0.04398,7422703,326265.08041,2658,3704702,162850.45396,-0.0002273243919073,ARPA-USDT,0.0439153285646572,0.0439205034881652,
2023-02-18 15:00:00,0.04397,0.04432,0.04394,0.04398,8350171,368497.15583,2765,4239804,187132.80565,-0.0002273243919073,ARPA-USDT,0.0440398805483948,0.0441314714070716,
2023-02-18 16:00:00,0.04397,0.04414,0.04388,0.04398,6319768,278150.67599,2189,3112768,136999.51072,0.000454959053685,ARPA-USDT,0.0440444407359146,0.0440901150945382,0.0001
2023-02-18 17:00:00,0.04397,0.04423,0.04386,0.04404,4676549,205960.12296,2087,2367981,104305.59983,0.0004543389368469,ARPA-USDT,0.0439956186281674,0.044039971175191,
2023-02-18 18:00:00,0.04402,0.04431,0.04395,0.04415,6984196,308227.51224,2817,3830786,169039.23888,0.0006799637352674,ARPA-USDT,0.0440464709103234,0.0439986152644342,
2023-02-18 19:00:00,0.04413,0.04414,0.04356,0.04376,6141791,269567.60547,2705,2883987,126646.1619,0.0006860278984679,ARPA-USDT,0.0440750019855762,0.0440987263741699,
2023-02-18 20:00:00,0.04376,0.0438,0.0433,0.04352,7927653,345264.37238,2615,4089137,178141.85203,0.0004597701149426,ARPA-USDT,0.0437496045492249,0.0436669958278686,
2023-02-18 21:00:00,0.04351,0.04368,0.04346,0.04365,4825972,210310.86793,1914,2479920,108078.73488,0.00045840018336,ARPA-USDT,0.0435507572405686,0.0435913412159841,
2023-02-18 22:00:00,0.04365,0.04393,0.04365,0.04386,4025445,176268.59479,1762,2322793,101721.55471,0.0,ARPA-USDT,0.0436915123143226,0.0437069739412464,
2023-02-18 23:00:00,0.04386,0.04394,0.04366,0.0437,5561698,243624.53101,2057,2784172,121990.71671,0.0006869704602703,ARPA-USDT,0.0438784540875629,0.0438254059421756,
2023-02-19 00:00:00,0.04369,0.04413,0.04367,0.04407,8302923,365049.36817,2599,4564939,200725.86844,0.0,ARPA-USDT,0.0437363278937981,0.0438772828565472,0.0001
2023-02-19 01:00:00,0.04408,0.04416,0.04384,0.04401,5290754,232929.14451,1786,2813759,123901.6953,-0.0002271694684233,ARPA-USDT,0.0440857491731573,0.0440526976442987,
2023-02-19 02:00:00,0.044,0.04415,0.04392,0.04401,3998130,176011.86172,1420,2121026,93384.60688,-0.0011348161597821,ARPA-USDT,0.0440414063701794,0.0440874102341998,
2023-02-19 03:00:00,0.04404,0.04419,0.04381,0.04387,6763383,297761.76588,1936,3036564,133635.77018,0.0,ARPA-USDT,0.04409187875171,0.0441552448037469,
2023-02-19 04:00:00,0.04386,0.04407,0.04375,0.04395,5529247,242926.76391,1816,2674326,117502.02702,0.0,ARPA-USDT,0.0439411810608675,0.0439839236150693,
2023-02-19 05:00:00,0.04394,0.04426,0.04391,0.04423,5676341,250573.77439,2120,2545340,112354.03885,0.0004523863379326,ARPA-USDT,0.0439407975433251,0.0439964744388782,
2023-02-19 06:00:00,0.04422,0.04458,0.04402,0.04457,22631365,1004733.27732,5071,13644055,605832.2244,0.0002244165170555,ARPA-USDT,0.0441463653739603,0.0441139410090875,
2023-02-19 07:00:00,0.04457,0.04497,0.04415,0.04446,32894157,1467320.56142,6885,17776600,792961.09232,-0.0002248706993479,ARPA-USDT,0.044533565408792,0.0446490577999328,
2023-02-19 08:00:00,0.04449,0.04486,0.04444,0.04455,10813508,482945.20483,2764,4830756,215737.00177,0.0004491354143274,ARPA-USDT,0.0444592825900875,0.0445246924942362,0.0001
2023-02-19 09:00:00,0.04454,0.04454,0.04423,0.04436,11759672,521871.3604,2917,3518895,156176.81831,0.0002254791431792,ARPA-USDT,0.044511046576041,0.0445040313662459,
2023-02-19 10:00:00,0.04436,0.04522,0.04428,0.04513,15234995,681656.08211,3791,7432707,332863.10849,-0.0008855435023245,ARPA-USDT,0.0443705074766123,0.0444625904237006,
2023-02-19 11:00:00,0.04513,0.04514,0.04468,0.04477,14463635,649322.41637,3287,5871536,263592.95259,-0.0006696428571428,ARPA-USDT,0.0450398476500103,0.0449858748912989,
2023-02-19 12:00:00,0.04478,0.04552,0.04477,0.04545,15543150,702717.16025,4676,8674788,392195.48391,-0.0006596306068602,ARPA-USDT,0.0448011616472206,0.0447920662287495,
2023-02-19 13:00:00,0.04546,0.046,0.04509,0.04526,40878641,1862854.66586,7348,20235780,922416.14424,0.0,ARPA-USDT,0.0454637253344594,0.0453894026210857,
2023-02-19 14:00:00,0.04526,0.04542,0.04482,0.0449,24868912,1119903.46281,4536,11509430,518447.79326,0.0,ARPA-USDT,0.0451692492659874,0.045270589331981,
2023-02-19 15:00:00,0.04491,0.04506,0.0441,0.04459,25002006,1117756.13875,4997,8779525,392617.51546,0.0013474062429821,ARPA-USDT,0.0449577714226712,0.0449849819575464,
2023-02-19 16:00:00,0.04458,0.04491,0.04324,0.04388,29161763,1290381.2225,6114,10751426,475950.40099,0.0004559963520291,ARPA-USDT,0.0446088218831415,0.0446445172837642,0.0001
2023-02-19 17:00:00,0.04387,0.04409,0.04286,0.04344,20724727,903177.21292,5317,10349523,451326.30261,0.0,ARPA-USDT,0.0438939695380914,0.0438742587566419,
2023-02-19 18:00:00,0.04344,0.04405,0.04342,0.04403,7263373,318390.36068,2376,3581454,156973.78298,0.0002271694684234,ARPA-USDT,0.0435597110307067,0.0437323501391912,
2023-02-19 19:00:00,0.04402,0.04414,0.0437,0.04373,6241115,274414.44093,2097,2759294,121338.84351,-0.0009138679460819,ARPA-USDT,0.044005074215728,0.0439837673375208,
2023-02-19 20:00:00,0.04374,0.0441,0.04325,0.04408,11821385,516499.96342,3428,5929120,259116.99339,0.0004539264639127,ARPA-USDT,0.0436949110063382,0.0435999127234122,
2023-02-19 21:00:00,0.04407,0.04474,0.044,0.04465,7286507,323319.79286,2535,4171525,185141.55085,0.0002240143369176,ARPA-USDT,0.0440712538830959,0.0440824131048718,
2023-02-19 22:00:00,0.04466,0.0447,0.04427,0.04441,4944352,220030.3133,1847,2143999,95435.67,0.0006759801712481,ARPA-USDT,0.044643151214074,0.0445941264604183,
2023-02-19 23:00:00,0.04441,0.04474,0.044,0.04427,8497347,377260.1935,2609,3853687,171144.9162,0.000225937641211,ARPA-USDT,0.0444590287354887,0.0444007848202898,
2023-02-20 00:00:00,0.04427,0.04518,0.04426,0.04469,14019245,628165.90934,3526,6956685,311624.16847,0.0002238137869292,ARPA-USDT,0.0443214538235108,0.0443985552006196,0.0001
2023-02-20 01:00:00,0.04467,0.04494,0.04304,0.0446,20616562,908938.09766,5034,9951516,438929.60018,0.0,ARPA-USDT,0.0446891220444183,0.0446945998078218,
2023-02-20 02:00:00,0.04461,0.04518,0.04461,0.04508,8160767,365996.59011,2253,4224223,189531.79748,-0.0006650410108621,ARPA-USDT,0.0446884203523836,0.0447584654504075,
2023-02-20 03:00:00,0.04509,0.04531,0.04459,0.04483,9256057,415367.35646,2360,3374984,151575.54388,0.0,ARPA-USDT,0.0451667519742287,0.0451756998674431,
2023-02-20 04:00:00,0.04484,0.04518,0.04484,0.04509,5389611,242756.3551,1747,2798041,126015.92017,0.0002218278615793,ARPA-USDT,0.0449335709945452,0.0449926024965176,
2023-02-20 05:00:00,0.0451,0.04514,0.04478,0.04496,4747517,213315.67015,1830,1863842,83757.02462,0.0002224694104562,ARPA-USDT,0.0450773754765306,0.0450999693350705,
2023-02-20 06:00:00,0.04498,0.04555,0.04485,0.0453,12458392,562687.79863,2855,7436695,336004.73987,-0.0004413062665489,ARPA-USDT,0.0449467354969629,0.0449606480449847,
2023-02-20 07:00:00,0.04531,0.04558,0.04515,0.04543,7697963,349191.61582,2328,3158238,143321.21789,-0.0008797009016934,ARPA-USDT,0.0453534096690198,0.0452512908719416,
2023-02-20 08:00:00,0.04544,0.04588,0.04528,0.04554,17661296,805381.94608,3336,6904440,314846.47141,0.0,ARPA-USDT,0.0454600825683089,0.0455387969051828,0.0001
2023-02-20 09:00:00,0.04555,0.04586,0.04513,0.04563,14106617,642203.20329,3457,5564479,253530.60117,0.0,ARPA-USDT,0.0455419887956517,0.0455498726282391,
2023-02-20 10:00:00,0.04562,0.04684,0.04544,0.04672,27793595,1285108.08563,5976,14209669,657253.06307,-0.0006417112299466,ARPA-USDT,0.0455713850028526,0.0455403407789016,
2023-02-20 11:00:00,0.04672,0.04672,0.04584,0.0459,15041471,694565.3074,3699,6090601,281341.78222,0.0004359197907586,ARPA-USDT,0.046502516237197,0.0464993965910031,
2023-02-20 12:00:00,0.04589,0.04676,0.04586,0.04641,37448789,1735458.06094,6677,21709441,1006285.84659,0.0002155172413793,ARPA-USDT,0.0458957142513987,0.0459902322424233,
2023-02-20 13:00:00,0.04639,0.04835,0.04631,0.04822,34056847,1605522.38993,6923,19723007,931152.97874,-0.0002073398299814,ARPA-USDT,0.046346948041456,0.0464209937954582,
2023-02-20 14:00:00,0.04821,0.04825,0.04591,0.0462,74768292,3511668.35126,13416,33265138,1564487.13208,-0.0008650519031142,ARPA-USDT,0.0480428270787757,0.0478970338146733,
2023-02-20 15:00:00,0.04621,0.04639,0.04595,0.04612,16581315,765643.9056299999,3682,6042971,279111.96894,-0.0002167786689788,ARPA-USDT,0.0462897443050061,0.0462428179502639,
2023-02-20 16:00:00,0.04613,0.0507,0.04538,0.04966,200876363,9765249.75367,39767,100305256,4873673.80608,-0.000804828973843,ARPA-USDT,0.0461736871789144,0.0461039965699461,0.0001
2023-02-20 17:00:00,0.04969,0.0537,0.04915,0.05098,456042950,23529607.34793,94812,219478133,11322275.19111,-0.0005881199764752,ARPA-USDT,0.0494517528438192,0.0498972272754129,
2023-02-20 18:00:00,0.05101,0.05102,0.04916,0.04987,120240232,6020692.82097,30844,58080981,2909049.80487,0.0006019261637237,ARPA-USDT,0.0505766021956436,0.050360165145856,
2023-02-20 19:00:00,0.04988,0.05022,0.04835,0.04897,53966232,2652256.765,13475,22807530,1120493.46135,0.0010220768601798,ARPA-USDT,0.0500948729091873,0.0500599505911673,
2023-02-20 20:00:00,0.04896,0.04993,0.04887,0.04981,72839292,3605897.01468,16110,34290268,1697958.3217,-0.000601926163724,ARPA-USDT,0.049113666309068,0.0491273836339013,
2023-02-20 21:00:00,0.04981,0.04996,0.04841,0.04904,49014045,2408140.66431,9839,20730114,1019008.0077,0.0006121199755153,ARPA-USDT,0.0498292914619412,0.0497498117898321,
2023-02-20 22:00:00,0.04903,0.04933,0.04863,0.04889,19269286,944141.27124,5131,8770677,429778.59677,0.0006139991813345,ARPA-USDT,0.04921999298237,0.0491581543679998,
2023-02-20 23:00:00,0.04889,0.04909,0.04783,0.04835,25093957,1213871.29769,6349,10972802,531178.28582,0.0010351966873705,ARPA-USDT,0.048968221429332,0.0489878040969311,
2023-02-21 00:00:00,0.04835,0.0487,0.04754,0.04841,37717077,1814112.71746,9387,17461626,840305.01572,0.0004133085348212,ARPA-USDT,0.0485617893119866,0.0485269042488082,0.0001
2023-02-21 01:00:00,0.0484,0.04876,0.04803,0.04859,18683642,903059.13624,6223,11401268,551255.27378,0.0002058460271716,ARPA-USDT,0.0484654474955504,0.0484642931428459,
2023-02-21 02:00:00,0.04859,0.04988,0.04857,0.04947,47749407,2352128.06512,10447,27825377,1370562.33741,0.0,ARPA-USDT,0.0486637440199169,0.0488849750963308,
2023-02-21 03:00:00,0.04945,0.05098,0.04874,0.05039,62130418,3107233.02987,13652,32030700,1604875.16866,0.0001984914648669,ARPA-USDT,0.0493757319601593,0.0492503822331833,
2023-02-21 04:00:00,0.05039,0.05041,0.04923,0.04953,35487538,1762710.74936,7910,14551265,723198.41709,0.0004039587962028,ARPA-USDT,0.050216781458907,0.0499110200279297,
2023-02-21 05:00:00,0.04955,0.04975,0.04892,0.04896,18548892,913658.85019,4610,7733105,381211.98017,0.0012269938650306,ARPA-USDT,0.049612203496035,0.0496181024915307,
2023-02-21 06:00:00,0.04895,0.04907,0.04839,0.04879,22909922,1115859.64073,5225,9427090,459247.61569,0.0006152584085317,ARPA-USDT,0.0490227119641979,0.048897086819075,
2023-02-21 07:00:00,0.04879,0.04904,0.04848,0.04883,14380177,701609.83141,3618,6827913,333187.37344,0.0010250102501025,ARPA-USDT,0.0487752740744778,0.0486870473360819,
2023-02-21 08:00:00,0.04884,0.04889,0.04662,0.04713,39648337,1889185.81885,9373,15967681,759840.16259,-0.0002121340687315,ARPA-USDT,0.0488756182283357,0.0488301553793904,0.0001
2023-02-21 09:00:00,0.04712,0.04791,0.0471,0.04771,24623353,1170822.06363,6935,12550311,596926.65202,0.0006291946308725,ARPA-USDT,0.0472876464291544,0.0474721838825009,
2023-02-21 10:00:00,0.04772,0.04779,0.04661,0.04689,16198549,763378.27111,5161,7270977,342930.30232,0.001067463706234,ARPA-USDT,0.0477570944201131,0.0476937788111745,
2023-02-21 11:00:00,0.0469,0.04711,0.04651,0.04673,17447371,816227.18749,5353,8102605,379130.53421,0.0015002143163309,ARPA-USDT,0.0469219426023365,0.0469129803870058,
2023-02-21 12:00:00,0.04673,0.04748,0.04664,0.04734,14301104,672900.31166,4515,7430731,349658.42124,0.0006341154090043,ARPA-USDT,0.0468511245897498,0.0468797509504454,
2023-02-21 13:00:00,0.04735,0.04752,0.04618,0.04668,17964035,843414.13282,4738,7288581,342763.24728,0.0008576329331047,ARPA-USDT,0.0473150251765739,0.0472795440260083,
2023-02-21 14:00:00,0.04668,0.0484,0.04654,0.04737,47011561,2232015.74776,11728,21304209,1012449.43443,0.0012682308180089,ARPA-USDT,0.0466823238134614,0.0467553170135291,
2023-02-21 15:00:00,0.0474,0.04749,0.04656,0.04719,26586752,1249703.57587,6974,12099049,568677.50009,0.0006361323155217,ARPA-USDT,0.0474176117410708,0.0472831641258856,
2023-02-21 16:00:00,0.0472,0.04735,0.04652,0.04681,16484413,772337.21284,4932,7751744,363211.35826,0.0010692899914455,ARPA-USDT,0.0472591405669496,0.047229727477042,0.0001
2023-02-21 17:00:00,0.0468,0.04718,0.04664,0.04715,9855800,462081.42895,3618,4615317,216327.29055,0.0010615711252652,ARPA-USDT,0.0467968813253826,0.0467649184491418,
2023-02-21 18:00:00,0.04715,0.04733,0.04698,0.04722,10794574,508866.01663,3599,4386477,206757.12251,0.0008478168715557,ARPA-USDT,0.0470935669413866,0.047047172338627,
2023-02-21 19:00:00,0.04723,0.04724,0.04638,0.04671,10730333,501929.94084,3219,4918691,230142.74256,0.0010715816545221,ARPA-USDT,0.0471434358664797,0.0470973737899341,
2023-02-21 20:00:00,0.04671,0.0468,0.04631,0.04636,8111062,377512.51365,3213,4249638,197795.645,0.0008635578583764,ARPA-USDT,0.0467434513817936,0.0467014142671754,
2023-02-21 21:00:00,0.04635,0.04646,0.04521,0.04598,19520901,896832.80615,6043,8794244,404156.8057,0.0010886131069018,ARPA-USDT,0.0463463410347623,0.0463909780735217,
2023-02-21 22:00:00,0.04599,0.04632,0.0459,0.04615,10391568,478947.99552,3091,5447099,251057.92409,0.0010845986984815,ARPA-USDT,0.0460613468030934,0.0459888435646956,
2023-02-21 23:00:00,0.04614,0.04659,0.04603,0.04653,11168253,516809.35304,3054,5489667,254020.87159,0.0004300150505267,ARPA-USDT,0.0461486311529209,0.0461886598263316,
2023-02-22 00:00:00,0.04654,0.04728,0.04653,0.04719,31332508,1470971.48333,7414,17576241,825050.50074,0.0006361323155217,ARPA-USDT,0.0465908583897072,0.046729553086851,0.0001
2023-02-22 01:00:00,0.04718,0.04734,0.04608,0.04665,31294645,1465824.10962,6617,13900930,651641.76286,0.0004289084280506,ARPA-USDT,0.0471970710848603,0.0470781610335572,
2023-02-22 02:00:00,0.04666,0.04722,0.04527,0.04691,50206174,2326005.25464,11788,24543563,1138104.07569,0.0002132196162047,ARPA-USDT,0.0466331389318629,0.0461572885287659,
2023-02-22 03:00:00,0.04693,0.04806,0.04689,0.04775,29219656,1391646.09601,8132,15624071,743786.08532,-0.0002093802345057,ARPA-USDT,0.0469730724438244,0.0471178143181898,
2023-02-22 04:00:00,0.04775,0.04797,0.04718,0.04768,19122486,909906.05744,4787,8644893,411462.00914,0.0006295907660021,ARPA-USDT,0.0478909562417715,0.0478588358371531,
2023-02-22 05:00:00,0.04769,0.04795,0.04704,0.04791,14072186,667732.78319,3771,6751477,320441.21033,0.001044713748433,ARPA-USDT,0.0477038553570282,0.047628207288582,
2023-02-22 06:00:00,0.04794,0.04827,0.04722,0.04729,23735476,1136418.4358,6410,11437479,547796.15975,0.0012703789964005,ARPA-USDT,0.0480287519466646,0.048079431194781,
2023-02-22 07:00:00,0.04729,0.04822,0.04722,0.04801,22176984,1056612.16503,5772,12506990,595882.69213,0.0014601585314975,ARPA-USDT,0.0472639424931286,0.0473341003825341,
2023-02-22 08:00:00,0.04801,0.04823,0.0463,0.04687,31316184,1472497.24353,7712,13627314,641407.31082,0.001281777397992,ARPA-USDT,0.0480214068986585,0.0480481681111496,0.00020297
2023-02-22 09:00:00,0.0469,0.04735,0.04639,0.04662,19264885,901328.5769,4503,9022115,422066.79165,0.0010736525660297,ARPA-USDT,0.0469575180193816,0.0471295723194605,
2023-02-22 10:00:00,0.04663,0.04731,0.04658,0.047,12339799,579432.2489,3132,6120096,287346.62648,0.0006387055567382,ARPA-USDT,0.0466168057668381,0.0466574989780478,
2023-02-22 11:00:00,0.04702,0.04803,0.04688,0.04725,26516829,1257231.58202,6873,13529910,641877.55748,0.0008472781190425,ARPA-USDT,0.0470168785469781,0.0470827813999102,
2023-02-22 12:00:00,0.04727,0.04865,0.04727,0.04773,39284331,1879869.30839,8745,21423778,1024966.1215,0.0012586532410321,ARPA-USDT,0.0474831271069698,0.0476242562287368,
2023-02-22 13:00:00,0.04773,0.0496,0.04742,0.04912,276279878,13502993.20648,49227,143467607,7016894.5886,-0.0002035416242621,ARPA-USDT,0.0476167297286151,0.0485578839068386,
2023-02-22 14:00:00,0.04911,0.05273,0.0486,0.05196,345859356,17449159.30115,71242,173834662,8780126.42029,-0.0066908812846492,ARPA-USDT,0.0488699934614504,0.049074888226984,
2023-02-22 15:00:00,0.05193,0.05197,0.04887,0.04976,268734460,13514145.3586,54704,129300036,6504777.53488,-0.0024057738572574,ARPA-USDT,0.0514033141410851,0.0511444283389459,
2023-02-22 16:00:00,0.04976,0.0498,0.0478,0.04807,104599551,5077599.91058,21331,46920221,2277858.64224,0.0,ARPA-USDT,0.0494234721442808,0.0492770800187123,0.0001
2023-02-22 17:00:00,0.04806,0.04838,0.04735,0.04811,47886173,2291739.71068,11638,23590219,1129279.18498,-0.0004155412424683,ARPA-USDT,0.0479443094625844,0.0481597807266724,
2023-02-22 18:00:00,0.04811,0.04817,0.04714,0.04758,56734788,2695539.7473,12897,26102928,1240314.50154,0.0,ARPA-USDT,0.0479305332317669,0.0476952531284124,
2023-02-22 19:00:00,0.04759,0.04983,0.04758,0.04848,149176621,7275616.91917,29741,73698278,3594730.2785,-0.0004123711340205,ARPA-USDT,0.0477200412633293,0.0478434130478258,
2023-02-22 20:00:00,0.04847,0.04911,0.04822,0.04855,49361228,2400590.68546,8416,24138757,1174149.83183,0.0,ARPA-USDT,0.0485039622741005,0.0485131205294603,
2023-02-22 21:00:00,0.04855,0.0487,0.04778,0.04833,34380202,1661462.55517,7071,16386752,792284.44472,-0.0008269588587969,ARPA-USDT,0.0484912668092048,0.0484407563645748,
2023-02-22 22:00:00,0.04835,0.04922,0.04833,0.0491,25274811,1230739.81952,5829,11577519,563965.72108,-0.0018296401707663,ARPA-USDT,0.0483925170182602,0.0484308335287817,
2023-02-22 23:00:00,0.04912,0.05004,0.04897,0.04944,47213545,2336901.80966,10408,21770027,1078083.21082,-0.0014138557867097,ARPA-USDT,0.0491905802137752,0.0491671108363125,
2023-02-23 00:00:00,0.04945,0.05016,0.04926,0.04931,31795189,1579829.16791,8153,13972553,694467.11182,-0.0008105369807497,ARPA-USDT,0.0494524317105705,0.0495994372686687,0.0001
2023-02-23 01:00:00,0.04931,0.04975,0.0482,0.04885,54506947,2661862.41848,9253,26042018,1271025.70233,-0.0010224948875255,ARPA-USDT,0.0494759291775468,0.0495148959247428,
2023-02-23 02:00:00,0.04885,0.04939,0.04877,0.04919,27434778,1343843.50312,5303,11983641,587220.41498,0.0004067520846045,ARPA-USDT,0.0488790917428561,0.0489274979006311,
2023-02-23 03:00:00,0.0492,0.0497,0.04878,0.04895,23172596,1142772.22972,4846,8317262,410663.55064,0.0,ARPA-USDT,0.0492782545334016,0.0492952907660561,
2023-02-23 04:00:00,0.04896,0.04939,0.04896,0.04917,13204993,649141.68256,3484,5791129,284717.68203,0.0002034174125304,ARPA-USDT,0.0490663270305364,0.0490724079222327,
2023-02-23 05:00:00,0.04917,0.04922,0.04853,0.04864,25752585,1260003.76838,4983,11281276,552071.02153,0.0,ARPA-USDT,0.0491409566890649,0.049071217863224,
2023-02-23 06:00:00,0.04864,0.04882,0.04836,0.04869,11962816,581824.5405,3073,4955402,241023.73402,0.0002054231717336,ARPA-USDT,0.0487553458215127,0.0487350749948252,
2023-02-23 07:00:00,0.0487,0.04876,0.04805,0.04811,15533583,750934.2351899999,3586,6199831,299689.05861,0.0004158868787689,ARPA-USDT,0.0487180823694889,0.0486962282308331,
2023-02-23 08:00:00,0.0481,0.04858,0.0481,0.04819,13536321,654467.86152,3416,6451192,311881.01403,0.000415196180195,ARPA-USDT,0.0481705208769301,0.0481536591718198,0.0001
2023-02-23 09:00:00,0.04819,0.04846,0.04772,0.04777,17417437,837224.10104,4198,6174803,296993.36477,-0.0006276150627615,ARPA-USDT,0.0482008625387515,0.0481774170395601,
2023-02-23 10:00:00,0.04778,0.04829,0.04761,0.04811,20086415,963601.32617,3960,10213915,490229.04007,0.0004158868787689,ARPA-USDT,0.0477772840733701,0.0478011436731799,
2023-02-23 11:00:00,0.0481,0.04812,0.04599,0.04681,59498399,2800913.50969,11401,26392275,1244119.89687,0.0,ARPA-USDT,0.0480698002045178,0.0480601211076286,
2023-02-23 12:00:00,0.04682,0.04779,0.04662,0.04769,31473511,1486393.66759,6199,17123702,808913.13259,-0.000419199329281,ARPA-USDT,0.046855332652319,0.0468049842718876,
2023-02-23 13:00:00,0.04767,0.04818,0.04725,0.0475,26041901,1244847.13971,6213,11136774,532611.33784,0.0002105706464519,ARPA-USDT,0.0476983791112254,0.0478708862866925,
2023-02-23 14:00:00,0.0475,0.0479,0.04734,0.0477,12635796,601918.16383,3966,6724885,320398.38132,0.0,ARPA-USDT,0.0476020123219529,0.0474866745360654,
2023-02-23 15:00:00,0.0477,0.04784,0.0473,0.04745,16440306,782330.03336,4863,7489788,356386.40283,0.0004216740459623,ARPA-USDT,0.047683857184878,0.047685544963864,
2023-02-23 16:00:00,0.04744,0.04767,0.04688,0.04697,14641012,692110.70891,4197,5740003,271828.64743,0.000212947189097,ARPA-USDT,0.0474356277828297,0.0474857939580788,0.0001
2023-02-23 17:00:00,0.04698,0.04735,0.04684,0.04686,15210440,716320.22194,4000,6114157,288005.23811000003,-0.0004266211604095,ARPA-USDT,0.0470487596762503,0.0471908050014603,
2023-02-23 18:00:00,0.04686,0.04699,0.04652,0.04691,8713838,407550.44954,4250,4561902,213495.71129,0.0004265301770101,ARPA-USDT,0.0468549769828287,0.0468083728913612,
2023-02-23 19:00:00,0.04691,0.04728,0.04681,0.04721,9710005,457439.27499,3308,5158801,243107.46451,-0.0002117746717491,ARPA-USDT,0.0468709292441369,0.0469019447630599,
2023-02-23 20:00:00,0.0472,0.0474,0.04705,0.0471,6668322,314959.78891,2648,3333485,157482.92106,0.0004248088360239,ARPA-USDT,0.0472259310128652,0.0472375400065054,
2023-02-23 21:00:00,0.04709,0.04717,0.04665,0.04669,9007558,422702.07927,3141,4312018,202468.41604,0.0,ARPA-USDT,0.0470968746943684,0.0470256865229166,
2023-02-23 22:00:00,0.04668,0.04678,0.04626,0.04669,11741299,546144.61193,3229,5183483,241306.01154,0.0002142245072835,ARPA-USDT,0.0467059052870447,0.0466483052899073,
2023-02-23 23:00:00,0.04668,0.04695,0.04667,0.04689,5829908,272929.74673,2388,3772634,176634.08846,0.0008537886872999,ARPA-USDT,0.0466938370099499,0.0467416929692151,
2023-02-24 00:00:00,0.04689,0.04705,0.0465,0.04666,9385461,438900.89487,3485,4932123,230723.73163,0.0,ARPA-USDT,0.0468192573174443,0.0466887824776459,0.0001
2023-02-24 01:00:00,0.04666,0.0471,0.04663,0.04679,6847574,321157.68264,2759,3310425,155314.23047,-0.0002136752136753,ARPA-USDT,0.0466586439497313,0.0467037077413239,
2023-02-24 02:00:00,0.04678,0.04697,0.04627,0.04628,7878122,367431.57357,2676,3362538,156889.88105,-0.0004319654427645,ARPA-USDT,0.0467632127216271,0.0467922350565387,
2023-02-24 03:00:00,0.04629,0.0467,0.04626,0.04641,8967772,416971.5399,2324,3758332,174591.96214,0.0,ARPA-USDT,0.0463264377086409,0.0463539311099656,
2023-02-24 04:00:00,0.04641,0.04663,0.04635,0.04639,5516980,256585.77534,2127,2917411,135697.30515,0.0002156101768004,ARPA-USDT,0.0464311915174265,0.0465339869857257,
2023-02-24 05:00:00,0.04639,0.04662,0.04603,0.04632,7987759,370102.03594,2622,3286627,152358.29462,0.0002159360829194,ARPA-USDT,0.0464522033783141,0.0465132816497143,
2023-02-24 06:00:00,0.04636,0.04694,0.04631,0.04683,14840209,692314.77735,3782,8051347,375527.56346,0.0,ARPA-USDT,0.0463816692519117,0.0465207276331379,
2023-02-24 07:00:00,0.04681,0.04691,0.04638,0.04662,7331478,342042.57657,2276,3073930,143425.84424,0.0002145462347136,ARPA-USDT,0.0468208814300656,0.0468227364485531,
2023-02-24 08:00:00,0.04662,0.04673,0.04615,0.04644,6893393,319930.19483,2283,3117239,144655.53091,0.0,ARPA-USDT,0.0466132629456874,0.0466223930821923,0.0001
2023-02-24 09:00:00,0.04645,0.0466,0.04571,0.0458,10955999,505132.24095,3516,3906703,180444.65672,0.0002183882943875,ARPA-USDT,0.046469306741824,0.046508908710393,
2023-02-24 10:00:00,0.0458,0.04592,0.04527,0.04587,11148158,509101.58761,3388,4540672,207393.39458,0.0006544502617802,ARPA-USDT,0.0457998269480248,0.0457391044361358,
2023-02-24 11:00:00,0.04586,0.04617,0.04571,0.04585,9328281,428632.9406,2360,4693828,215695.83464,-0.0002180549498472,ARPA-USDT,0.0458847933501195,0.0459440284058144,
2023-02-24 12:00:00,0.04586,0.04632,0.04572,0.04581,12187972,561006.22176,3110,4984625,229497.1296,-0.0002182453077259,ARPA-USDT,0.0459113082245871,0.0459962718049154,
2023-02-24 13:00:00,0.04582,0.04598,0.04525,0.04549,14202589,648213.02247,4299,5448994,248793.84405,0.0002198768689534,ARPA-USDT,0.0458201182475448,0.0458368248738992,
2023-02-24 14:00:00,0.04548,0.04585,0.04514,0.04549,11403003,518523.35114,3557,5303276,241243.2277,0.0004398504508469,ARPA-USDT,0.0454914795439194,0.0455351387062412,
2023-02-24 15:00:00,0.04547,0.04558,0.04407,0.04463,30384557,1358687.22659,7366,11743464,525348.87865,0.0,ARPA-USDT,0.0454833097971589,0.045478981886777,
2023-02-24 16:00:00,0.04464,0.04466,0.0426,0.04383,49903300,2177549.91827,10479,22180805,969069.20802,-0.0009117848187827,ARPA-USDT,0.0445973613047665,0.0441907473010495,0.0001
2023-02-24 17:00:00,0.04384,0.04395,0.04332,0.04338,13134136,572718.53352,3992,6482854,282722.84661,-0.0009212344541685,ARPA-USDT,0.0437967369861414,0.0438200734053902,
2023-02-24 18:00:00,0.04339,0.04353,0.04294,0.04315,11452579,494861.99319,4337,5510488,238211.04618,-0.000463284688441,ARPA-USDT,0.0433844982511751,0.043461076324268,
2023-02-24 19:00:00,0.04315,0.04349,0.04255,0.04343,13787237,593079.94873,3635,6662352,286909.83464,0.0002303086135422,ARPA-USDT,0.0431305804898103,0.0431918049107356,
2023-02-24 20:00:00,0.04342,0.04376,0.04323,0.04334,12115219,527470.35075,2701,6694290,291508.64608000003,-0.000691722388748,ARPA-USDT,0.0434228780817291,0.0435396123788868,
2023-02-24 21:00:00,0.04332,0.04338,0.04233,0.04249,9522691,407926.11867,2675,4568854,195778.75864,-0.0007055503292568,ARPA-USDT,0.0432826792302668,0.0433049650142763,
2023-02-24 22:00:00,0.04248,0.04286,0.04185,0.04255,11513234,486944.07416,3104,5065867,214482.51483,0.0002350728725903,ARPA-USDT,0.0425562005369528,0.0425408881724784,
2023-02-24 23:00:00,0.04254,0.04302,0.04233,0.04298,6104333,261036.5995,2310,3048901,130402.65537,0.0,ARPA-USDT,0.0425741585854633,0.042523995962865,
2023-02-25 00:00:00,0.04296,0.0435,0.04296,0.04345,10350082,448093.90444,3788,5743087,248608.2316,0.000230202578269,ARPA-USDT,0.0430386930130235,0.0431998109418311,
2023-02-25 01:00:00,0.04345,0.04367,0.04335,0.04341,5087366,221303.91238,2195,2941057,127988.58201,0.0,ARPA-USDT,0.043425113919968,0.0433861847201943,
2023-02-25 02:00:00,0.0434,0.04351,0.04282,0.04288,8075376,348299.18011,2833,3558359,153613.46925,0.0,ARPA-USDT,0.0434681093463784,0.0434739098379211,
2023-02-25 03:00:00,0.04289,0.04298,0.04278,0.0428,4411004,189156.63842,1721,2448637,105001.75296,-0.0002335902826443,ARPA-USDT,0.0429064484496592,0.0429059643594314,
2023-02-25 04:00:00,0.0428,0.04308,0.0423,0.04249,52097895,2223393.21478,7064,26353548,1123766.20564,-0.0004704775346976,ARPA-USDT,0.0428128107326689,0.0428269120686303,
2023-02-25 05:00:00,0.0425,0.04255,0.04189,0.04207,13668284,576495.62713,3143,5229615,220859.90195,-0.0002376425855512,ARPA-USDT,0.0424755417978764,0.0424559900351495,
2023-02-25 06:00:00,0.04207,0.04282,0.04207,0.04278,7458264,317241.07962,2249,3446945,146532.62885,0.0002338087444468,ARPA-USDT,0.0421366291134101,0.0422495409234341,
2023-02-25 07:00:00,0.04277,0.04286,0.04256,0.04267,4400910,187851.63334,1584,1834934,78328.21243,-0.0004684937924572,ARPA-USDT,0.0427552846522229,0.0427119543069965,
2023-02-25 08:00:00,0.04268,0.04299,0.04267,0.04282,5405874,231676.59183,1944,2035145,87222.4782,-0.0011663167716352,ARPA-USDT,0.042709587694334,0.0427674056516503,
2023-02-25 09:00:00,0.04283,0.04297,0.04262,0.04274,3564681,152477.06593,1639,1861436,79638.69346,0.0,ARPA-USDT,0.0428331477819181,0.0428572798240426,
2023-02-25 10:00:00,0.04274,0.04279,0.04233,0.04233,3461620,147147.31799,1415,1636020,69555.78283,-0.0004722550177095,ARPA-USDT,0.0427207861924495,0.0427334205085712,
2023-02-25 11:00:00,0.04234,0.04251,0.04225,0.04246,4198923,177960.27582,1402,2320956,98372.52156,-0.0004708097928436,ARPA-USDT,0.0423413227693475,0.0423532159177386,
2023-02-25 12:00:00,0.04246,0.04256,0.04173,0.04234,8736914,368022.96027,3208,4506225,189900.41343,0.0002362390739429,ARPA-USDT,0.0424642662530033,0.0424767356071516,
2023-02-25 13:00:00,0.04235,0.0425,0.04223,0.04228,5965889,252789.47319,2082,2642682,111969.77209,-0.0007090522335145,ARPA-USDT,0.0423785693525328,0.0423812481098285,
2023-02-25 14:00:00,0.04232,0.04253,0.04218,0.04226,4515368,191172.62858,1760,2163070,91584.73259,-0.0007093875620715,ARPA-USDT,0.0423212054089158,0.0423112245153975,
2023-02-25 15:00:00,0.04227,0.04233,0.04194,0.04214,5483191,230968.8016,1897,2810555,118378.62212,-0.0004743833017079,ARPA-USDT,0.0422524549727933,0.042254543257033,
2023-02-25 16:00:00,0.04215,0.04258,0.04204,0.04221,10246207,434275.51208,2407,5860462,248452.73786,-0.0009467455621302,ARPA-USDT,0.0421438168870707,0.0420994258649678,
2023-02-25 17:00:00,0.04221,0.04238,0.04197,0.04215,7365423,310422.6582,1748,3172188,133726.61995,0.0,ARPA-USDT,0.0421686202389075,0.0421071631648092,
2023-02-25 18:00:00,0.04215,0.04216,0.04114,0.04136,12062322,501770.80939,3532,5183880,215597.53526,-0.000483325277912,ARPA-USDT,0.0420972029125737,0.0420079806078893,
2023-02-25 19:00:00,0.04137,0.04168,0.04107,0.04153,10445725,432634.27712,3829,5464267,226316.76368,-0.0007218479307026,ARPA-USDT,0.0414577473916704,0.0414023912493787,
2023-02-25 20:00:00,0.04153,0.04158,0.0405,0.04109,13943872,571334.8775,4459,6197093,254028.98028,-0.0002433090024329,ARPA-USDT,0.0415270215580597,0.0415363562854655,
2023-02-25 21:00:00,0.04111,0.04126,0.04081,0.04119,6191237,254339.86398,2263,2761313,113469.89276,0.0,ARPA-USDT,0.0411238524666564,0.0411238808491872,
2023-02-25 22:00:00,0.04118,0.04185,0.04104,0.04174,6485987,269125.09514,2592,2255434,93535.67503,-0.0002395209580838,ARPA-USDT,0.0411676676309499,0.0411648782953415,
2023-02-25 23:00:00,0.04172,0.04197,0.04158,0.04195,8608472,359882.37082,2436,3504227,146551.54842,-0.00023832221163,ARPA-USDT,0.041687669873863,0.0417016044146046,
2023-02-26 00:00:00,0.04195,0.04199,0.04176,0.04186,4996343,209212.65495,1892,2407024,100778.97695,-0.0007161613750297,ARPA-USDT,0.0419637667692946,0.0419312926730245,0.0001
2023-02-26 01:00:00,0.04187,0.04207,0.04181,0.04196,3710877,155562.28652,1386,1782939,74747.58106,0.0,ARPA-USDT,0.041859563831906,0.0418408780595161,
2023-02-26 02:00:00,0.04196,0.0423,0.04183,0.04227,4251481,178623.42523,1531,2152899,90485.28035,0.0,ARPA-USDT,0.0419711705829103,0.0419701421332174,
2023-02-26 03:00:00,0.04225,0.04248,0.04224,0.04245,4270312,180923.97458,1551,2780852,117829.61622,-0.0004709206498705,ARPA-USDT,0.0423123122586924,0.0423017834015899,
2023-02-26 04:00:00,0.04244,0.04269,0.04232,0.04237,4911064,208859.61517,1428,2828312,120295.08906,-0.0007075471698113,ARPA-USDT,0.0424493045686278,0.0424870819856663,
2023-02-26 05:00:00,0.04237,0.04251,0.04231,0.04236,1453540,61637.91862,916,659695,27975.02076,-0.0007077140835101,ARPA-USDT,0.0423825437638468,0.0423773814108195,
2023-02-26 06:00:00,0.04236,0.04251,0.04224,0.04241,2133713,90441.72794,991,1118108,47389.15477,-0.0004713646005184,ARPA-USDT,0.0423178286411801,0.0423411471081343,
2023-02-26 07:00:00,0.04242,0.04317,0.04231,0.04285,27609370,1185057.56979,5969,13323339,571511.75348,-0.0013982754602656,ARPA-USDT,0.0424291483810025,0.0424519643899494,
2023-02-26 08:00:00,0.04286,0.04286,0.04217,0.0424,29288117,1242939.64717,7340,15462461,656094.87602,-0.0004714757190004,ARPA-USDT,0.0424654405392342,0.0424724159568099,0.0001
2023-02-26 09:00:00,0.0424,0.04271,0.04239,0.04267,5569754,237115.33714,2255,2061432,87742.90777,-0.0004684937924572,ARPA-USDT,0.0424452487933281,0.0424241535297308,
2023-02-26 10:00:00,0.04268,0.04275,0.04253,0.04262,4096014,174681.82167,1949,1920163,81888.90941,0.0,ARPA-USDT,0.0426979621587588,0.0427000600309357,
2023-02-26 11:00:00,0.04262,0.04279,0.04242,0.04273,3476410,148156.43777,1226,1715001,73087.11089,-0.0007015902712815,ARPA-USDT,0.0425988605520194,0.0426202874497598,
2023-02-26 12:00:00,0.04274,0.04286,0.0423,0.04232,4838407,206225.29399,1998,2063513,87977.36290000001,-0.0009442870632672,ARPA-USDT,0.0427694001880061,0.0427995636507762,
2023-02-26 13:00:00,0.04234,0.0426,0.04231,0.04259,2734809,116025.25481,1526,1287919,54629.08248,-0.0002347417840374,ARPA-USDT,0.0423271342297751,0.0423363563518347,
2023-02-26 14:00:00,0.04261,0.04287,0.04261,0.04265,4163189,177869.78369,1779,1578045,67416.61792,-0.000468713381767,ARPA-USDT,0.0426619277076191,0.0426557907759179,
2023-02-26 15:00:00,0.04263,0.04287,0.04261,0.04285,4726141,202109.85498,1645,2239860,95787.1282,0.0,ARPA-USDT,0.0426575804801493,0.0426897257206374,
2023-02-26 16:00:00,0.04285,0.04286,0.04254,0.04256,4106822,175260.94412,1773,1793044,76484.45715,-0.0002349072116513,ARPA-USDT,0.0428257379336373,0.0427230472176604,0.0001
2023-02-26 17:00:00,0.04257,0.04263,0.0423,0.04262,4593770,195027.30384,1719,1788096,75859.07594,0.0002346866932643,ARPA-USDT,0.0425657874291778,0.0425560711693495,
2023-02-26 18:00:00,0.04261,0.04305,0.04251,0.043,8663819,370384.15316,3361,4262179,182093.25968,0.0,ARPA-USDT,0.0426063138609137,0.0425644680941199,
2023-02-26 19:00:00,0.043,0.04324,0.04279,0.04311,5920401,254880.16871,3997,2811630,121063.99243,-0.0009269988412513,ARPA-USDT,0.043040063868115,0.0430132109415972,
2023-02-26 20:00:00,0.0431,0.04345,0.04308,0.0432,6498895,281233.11644,3189,3903886,168971.22682,-0.0009250693802034,ARPA-USDT,0.0431979039721595,0.0431950574763036,
2023-02-26 21:00:00,0.0432,0.04329,0.04298,0.043,5295114,228414.49704,2478,2874215,124015.75054,-0.0004649000464901,ARPA-USDT,0.0432479146206015,0.0432043839256811,
2023-02-26 22:00:00,0.04301,0.04306,0.04256,0.04271,4846970,207110.5903,2425,2767939,118244.09345,-0.000701918577445,ARPA-USDT,0.0430099004476908,0.0430113980402751,
2023-02-26 23:00:00,0.04272,0.04311,0.04272,0.04302,4078318,175106.99948,2168,2020431,86747.99047,0.0004651162790698,ARPA-USDT,0.0427371132350196,0.0427965632670503,
2023-02-27 00:00:00,0.04299,0.04299,0.04258,0.04263,3458322,147942.69756,1654,1884834,80623.76779,-0.0004689331770222,ARPA-USDT,0.0429697677936458,0.0428623299899198,0.0001
2023-02-27 01:00:00,0.04264,0.04289,0.04248,0.04289,3611536,153989.06066,1771,2326157,99232.98106,0.0006999533364442,ARPA-USDT,0.0426607854576055,0.0425963969410151,
2023-02-27 02:00:00,0.04286,0.04288,0.04272,0.04285,4003593,171376.56581,2103,2165153,92691.30105,0.0,ARPA-USDT,0.0428382802306689,0.0428335168139441,
2023-02-27 03:00:00,0.04284,0.043,0.04275,0.04284,3095500,132813.36925,1528,1754609,75275.47156,-0.0016313213703098,ARPA-USDT,0.0428423357547148,0.0428025756784497,
2023-02-27 04:00:00,0.04284,0.04289,0.04252,0.04264,2483644,105997.62594,1383,1320629,56337.61609,-0.0002344665885112,ARPA-USDT,0.0428648713873973,0.0428599508292664,
2023-02-27 05:00:00,0.04263,0.0427,0.04213,0.04227,4632142,196403.9351,1858,1549228,65745.09664,0.0,ARPA-USDT,0.0426207760826084,0.0426435810163648,
2023-02-27 06:00:00,0.04227,0.04259,0.04216,0.04251,2419205,102559.32409,1138,1334282,56574.5415,-0.0004702562896778,ARPA-USDT,0.0422617272027785,0.0422605608127657,
2023-02-27 07:00:00,0.0425,0.04269,0.04243,0.04243,3466769,147545.39847,1988,1929363,82141.57599,0.0002357378595003,ARPA-USDT,0.0424944954208081,0.0425309623674971,
2023-02-27 08:00:00,0.04243,0.04254,0.04204,0.0421,4314206,182299.4099,1742,1919838,81174.15022,-0.0009492168960607,ARPA-USDT,0.0423972107456996,0.0424192895028277,0.0001
2023-02-27 09:00:00,0.04211,0.04249,0.04206,0.04238,8567746,362324.71748,2381,4800165,203015.51098,-0.0007073803348267,ARPA-USDT,0.0421625716012163,0.0421725303065658,
2023-02-27 10:00:00,0.04237,0.04259,0.04222,0.04229,2892722,122599.01115,1440,1221327,51775.0029,-0.0004727014890096,ARPA-USDT,0.0423718609528277,0.0423763176310992,
2023-02-27 11:00:00,0.04228,0.04267,0.04227,0.04255,9606115,408198.0866,2559,4513429,191794.19825,-0.000234962406015,ARPA-USDT,0.0424848130902986,0.0424375408322513,
2023-02-27 12:00:00,0.04255,0.0426,0.04225,0.04233,3115070,132189.26488,1406,1311521,55661.09464,-0.0002361832782239,ARPA-USDT,0.0425807727042824,0.042511476841523,
2023-02-27 13:00:00,0.04234,0.04324,0.04231,0.04319,7272363,312382.39997,3266,3815273,163883.19572,0.0,ARPA-USDT,0.0423537503963221,0.0423766694073583,
2023-02-27 14:00:00,0.04317,0.04347,0.04309,0.04338,8655064,374829.62496,3942,3483560,150901.56881,-0.0004608294930875,ARPA-USDT,0.043301914295293,0.043373035880823,
2023-02-27 15:00:00,0.04339,0.04363,0.04266,0.04317,10185837,440581.90143,3594,4201774,181896.09498,-0.0002315886984716,ARPA-USDT,0.0434650305815169,0.0435168076871565,
2023-02-27 16:00:00,0.04317,0.04323,0.04242,0.04288,10476886,448225.59971,4204,5308836,226982.67663,-0.0004662004662004,ARPA-USDT,0.0431846970889912,0.0431699555093796,0.0001
2023-02-27 17:00:00,0.04287,0.04288,0.04237,0.04253,2758476,117634.10408,1495,1438011,61313.03944,-0.0007048872180451,ARPA-USDT,0.04285534207659,0.0427862247632024,
2023-02-27 18:00:00,0.04253,0.04262,0.04155,0.04186,10113430,424098.34203,4142,3846414,161345.17657,0.0002389486260454,ARPA-USDT,0.0425329886586307,0.0425611014739495,
2023-02-27 19:00:00,0.04187,0.04211,0.04171,0.04206,7329640,307204.15698,2699,3127430,131140.85681,-0.0007127583749109,ARPA-USDT,0.041870324158031,0.0419232543647581,
2023-02-27 20:00:00,0.04205,0.04209,0.04176,0.04206,4810360,201612.87602,2419,2151331,90199.56785,-0.0004752851711026,ARPA-USDT,0.042025738519137,0.0419853631865086,
2023-02-27 21:00:00,0.04207,0.04222,0.042,0.04219,2951875,124256.64401,1555,1483727,62469.05581,-0.0002369668246445,ARPA-USDT,0.042090994543342,0.0420843217225766,
2023-02-27 22:00:00,0.04219,0.04253,0.04207,0.04251,3432586,145047.20872,1751,1386978,58609.305,-0.0002351834430857,ARPA-USDT,0.0421858406427854,0.0421772756129993,
2023-02-27 23:00:00,0.04251,0.04261,0.04237,0.04252,3922396,166778.16406,2111,1557043,66212.256,-0.0007050528789658,ARPA-USDT,0.0425053284542098,0.0425070751626468,
2023-02-28 00:00:00,0.04254,0.0426,0.04215,0.04223,4201864,178061.43935,2134,1963243,83199.82809,-0.0002367424242425,ARPA-USDT,0.0425609920606072,0.0425539767850313,0.0001
2023-02-28 01:00:00,0.04223,0.04241,0.04218,0.04236,2495740,105501.46373,1120,1133924,47935.35803,-0.0002360160490912,ARPA-USDT,0.0422221079351433,0.0422137182081488,
2023-02-28 02:00:00,0.04237,0.04241,0.04215,0.0424,2328246,98533.13372,1231,1132717,47936.6988,0.0002359046945035,ARPA-USDT,0.0423784361456892,0.042336343208983,
2023-02-28 03:00:00,0.0424,0.04279,0.04239,0.04278,3367211,143556.24273,1888,1958641,83528.86066,0.0,ARPA-USDT,0.0424138526479991,0.0424671457869184,
2023-02-28 04:00:00,0.04277,0.04288,0.04224,0.04237,3243879,137963.18103,1387,1461583,62185.59115,0.0004722550177096,ARPA-USDT,0.0427870681320917,0.0428300002662422,
2023-02-28 05:00:00,0.04238,0.04247,0.04216,0.04219,2044882,86599.2236,1094,935039,39599.99055,0.0,ARPA-USDT,0.0423672925744289,0.0423500826129939,
2023-02-28 06:00:00,0.04219,0.04252,0.04205,0.04234,5194206,219856.68376,1841,3316012,140398.48140000002,0.0,ARPA-USDT,0.0422087611708709,0.0421521513892202,
2023-02-28 07:00:00,0.04232,0.0424,0.04162,0.04164,7514770,315605.80051,2425,2970313,124838.61221,-0.0004800768122898,ARPA-USDT,0.0423037277372478,0.0423615200069502,
2023-02-28 08:00:00,0.04164,0.04177,0.04135,0.04147,6726096,279753.39589,2314,2870541,119414.22561,0.0004825090470446,ARPA-USDT,0.0415974155556762,0.0416039308588156,0.0001
2023-02-28 09:00:00,0.04147,0.04175,0.04147,0.04151,3768255,156848.53661,1522,1907918,79421.37647999999,-0.000962695547533,ARPA-USDT,0.0414782516603465,0.0415453639994025,
2023-02-28 10:00:00,0.0415,0.04195,0.04142,0.04185,4706245,196180.4511,1740,2342681,97698.92424,-0.0004776689754,ARPA-USDT,0.0415023529380253,0.0415134716277825,
2023-02-28 11:00:00,0.04184,0.04195,0.04169,0.04177,2804892,117300.11609,1334,1385753,57946.78305,-0.0004785833931562,ARPA-USDT,0.041879434421155,0.0418924793690787,
2023-02-28 12:00:00,0.04176,0.04213,0.04174,0.042,3120014,130994.91223,1343,1455336,61098.59184,0.0,ARPA-USDT,0.041763746329675,0.0417898145276267,
2023-02-28 13:00:00,0.04198,0.04212,0.04171,0.04178,3758957,157364.42393,1669,1206488,50533.96562,0.0004789272030651,ARPA-USDT,0.0420659710130238,0.0420460864705743,
2023-02-28 14:00:00,0.04178,0.042,0.04151,0.04172,4779525,199636.82736,2732,2020786,84417.88889999999,-0.0009578544061302,ARPA-USDT,0.0418355359849697,0.0418504795148254,
2023-02-28 15:00:00,0.04172,0.04202,0.04168,0.04193,4585075,192045.40409,1880,2390222,100120.10744,-0.0002384358607533,ARPA-USDT,0.0417616353060874,0.0418684852306063,
2023-02-28 16:00:00,0.04194,0.04201,0.04169,0.04173,2512073,105174.25228,1346,1107034,46346.01178,0.0,ARPA-USDT,0.0419424686805263,0.0419585128199627,0.0001
2023-02-28 17:00:00,0.0417,0.04223,0.04168,0.04221,3055990,128250.0953,1153,1838305,77132.667,0.0002369668246444,ARPA-USDT,0.0416925999778442,0.0417269855384685,
2023-02-28 18:00:00,0.04218,0.04229,0.04189,0.04217,3457249,145581.64989,1460,1608944,67747.33357,-0.0002370791844477,ARPA-USDT,0.0421669460440534,0.0420948028970165,
2023-02-28 19:00:00,0.04215,0.04222,0.04137,0.0415,9244672,386580.10398,2572,3715759,155324.97445,-0.0004816955684007,ARPA-USDT,0.042181196424183,0.0421791157817931,
2023-02-28 20:00:00,0.04151,0.04171,0.04129,0.04142,4665855,193551.8238,1903,2531055,104958.75663,0.0002414875633904,ARPA-USDT,0.0415005793155793,0.0414755382683712,
2023-02-28 21:00:00,0.0414,0.0414,0.04052,0.04084,9061484,370693.66719,3411,3650497,149258.34827,0.0002449179524859,ARPA-USDT,0.041281142475842,0.0412336857612444,
2023-02-28 22:00:00,0.04084,0.04115,0.04061,0.04102,4747830,194286.80828,2044,2537058,103864.61166,-0.0002437241043138,ARPA-USDT,0.040718269646173,0.0407285148272297,
2023-02-28 23:00:00,0.04101,0.04129,0.04088,0.04108,7134105,293104.53967,2453,3654506,150148.11205,0.0,ARPA-USDT,0.0409702620142457,0.0410330932518129,
2023-03-01 00:00:00,0.04109,0.04122,0.04051,0.04067,7669578,313597.91984,2866,3570175,146003.34755,0.0004920049200491,ARPA-USDT,0.0410650633832045,0.0410046553111098,0.0001
2023-03-01 01:00:00,0.04067,0.04146,0.0406,0.04137,5691873,233891.58872,1940,2952498,121338.71535,-0.0007246376811594,ARPA-USDT,0.0406730366866287,0.0407248869826297,
2023-03-01 02:00:00,0.04139,0.04167,0.04137,0.04166,2381689,98772.08699,1142,1198919,49719.78712,0.0,ARPA-USDT,0.041388847397102,0.0414084941269682,
2023-03-01 03:00:00,0.04167,0.0419,0.04153,0.04186,5218132,217768.51836,2360,2295047,95811.43205,-0.0002388344876999,ARPA-USDT,0.0416635449048456,0.0416468844539337,
2023-03-01 04:00:00,0.04186,0.04268,0.04186,0.04257,5251848,221558.96406,1982,2783337,117391.90226,-0.0007042253521126,ARPA-USDT,0.0419122945231126,0.0418977636849225,
2023-03-01 05:00:00,0.04257,0.04266,0.04229,0.04256,4893331,207896.64636,1883,2784202,118279.52204,0.0002350176263219,ARPA-USDT,0.0426246248534583,0.0426151542188408,
2023-03-01 06:00:00,0.04256,0.0426,0.04232,0.0425,4609896,195800.2513,1666,2095387,89025.17638,-0.0002352387673487,ARPA-USDT,0.0425480979751756,0.0424559006248467,
2023-03-01 07:00:00,0.04249,0.04252,0.04217,0.0422,6753244,285831.32852,2190,3273690,138540.9549,-0.0009469696969696,ARPA-USDT,0.0425085079933944,0.0424264658180655,
2023-03-01 08:00:00,0.0422,0.04266,0.04209,0.04243,6320532,267818.95341,2013,3135624,132880.76437,-0.0004711425206124,ARPA-USDT,0.0422293523182822,0.0421761826977137,0.0001
2023-03-01 09:00:00,0.04243,0.04252,0.04224,0.04232,3616162,153306.32948,1586,1689772,71621.70107,-0.0002362390739427,ARPA-USDT,0.0424698857305611,0.0424339289818487,
2023-03-01 10:00:00,0.04231,0.04237,0.04216,0.04232,2796858,118197.49077,1204,1293747,54678.4478,0.0004728132387707,ARPA-USDT,0.0423073271185646,0.0422395186629437,
2023-03-01 11:00:00,0.04232,0.04244,0.04209,0.04218,2897848,122560.47241,1162,1554928,65757.53317,-0.0007107320540155,ARPA-USDT,0.0423176351676251,0.0422862141946631,
2023-03-01 12:00:00,0.04219,0.04242,0.04209,0.0423,6690693,282489.32622,1634,4144945,174997.61267,0.0004730368968779,ARPA-USDT,0.0422079993246869,0.042149565368898,
2023-03-01 13:00:00,0.04229,0.04229,0.04199,0.04222,3897640,164215.78111,1498,1947128,82037.04857,-0.0002367984844896,ARPA-USDT,0.0422301185091104,0.0422135444427225,
2023-03-01 14:00:00,0.04222,0.04251,0.04207,0.04223,4945977,209032.75548,1726,2256815,95390.70024,0.0,ARPA-USDT,0.0422380107909287,0.0422717330046092,
2023-03-01 15:00:00,0.04223,0.04235,0.04195,0.04217,5524069,232598.92836,1785,2411490,101570.31657,0.0004744958481612,ARPA-USDT,0.0421983398861057,0.0422460106860258,
2023-03-01 16:00:00,0.04215,0.04218,0.04175,0.04204,4743896,199027.21156,1630,2292637,96197.55292,-0.0007130972189208,ARPA-USDT,0.0421384803067467,0.0421136024343312,0.0001
2023-03-01 17:00:00,0.04205,0.0421,0.04192,0.04204,2092325,87910.6169,1067,1042903,43825.0255,0.000475963826749,ARPA-USDT,0.0420623614327062,0.0420555779091403,
2023-03-01 18:00:00,0.04203,0.04223,0.042,0.04207,3018046,127106.05313,1155,1627181,68511.62402999999,-0.0002376425855512,ARPA-USDT,0.0420420020496406,0.0420918033745496,
2023-03-01 19:00:00,0.04206,0.04224,0.04163,0.04174,5022895,210881.65623,1895,2337818,98176.11256,0.0002396357536542,ARPA-USDT,0.0420295847537535,0.0420316859479241,
2023-03-01 20:00:00,0.04173,0.04225,0.04168,0.04214,4744165,199317.06306,1875,2574552,108167.38811,0.0002373605506764,ARPA-USDT,0.0417067259255845,0.0418145305182311,
2023-03-01 21:00:00,0.04214,0.04249,0.0421,0.04246,3342419,141402.40825,1455,1753034,74145.12056,0.0007070469007777,ARPA-USDT,0.0421200328257499,0.0421546145417116,
2023-03-01 22:00:00,0.04245,0.04258,0.04234,0.04246,3602622,152921.44857,1321,1448817,61497.6239,0.0002355712603061,ARPA-USDT,0.042434173104294,0.0424846179246515,
2023-03-01 23:00:00,0.04246,0.04268,0.04243,0.04266,3425771,145797.38775,1360,1547555,65861.35348,0.000703729767769,ARPA-USDT,0.0424836177932509,0.0424994871350096,
2023-03-02 00:00:00,0.04264,0.04285,0.04241,0.04244,4992852,212960.25692,1819,2390215,101966.32504,0.0004714757190005,ARPA-USDT,0.0426648987641206,0.0427015597190149,0.0001
2023-03-02 01:00:00,0.04243,0.04252,0.04178,0.042,3416244,143905.84616,1397,1525809,64303.10026,0.0002381519409384,ARPA-USDT,0.0424253507763082,0.0424363064868107,
2023-03-02 02:00:00,0.042,0.0422,0.0417,0.04193,3613817,151641.95215,1197,1900024,79741.43614,-0.0002384358607533,ARPA-USDT,0.0420280017411889,0.0420364799978206,
2023-03-02 03:00:00,0.04192,0.042,0.04164,0.04196,2212193,92665.80854,939,1039608,43554.08238,-0.0004764173415914,ARPA-USDT,0.0419233951903562,0.0419508975619453,
2023-03-02 04:00:00,0.04196,0.04209,0.04192,0.04202,1920693,80677.76229,1139,958884,40275.93172,-0.0002379252914583,ARPA-USDT,0.0420210250655202,0.0420585474027753,
2023-03-02 05:00:00,0.04203,0.04212,0.04178,0.04193,2184633,91591.49678,1127,1021637,42819.26429,0.0007159904534606,ARPA-USDT,0.0420685575290854,0.0420915968602014,
2023-03-02 06:00:00,0.04192,0.04192,0.04151,0.0417,3385039,141152.87575,1475,1729440,72129.64691,-0.0004793863854266,ARPA-USDT,0.0418648159919164,0.041844888604654,
2023-03-02 07:00:00,0.0417,0.04178,0.04141,0.04141,3179231,132137.73753,1555,1117316,46445.64926,-0.0009650180940892,ARPA-USDT,0.0416718145438988,0.0416471669093021,
2023-03-02 08:00:00,0.04142,0.04154,0.04116,0.04144,4740531,196117.92778,1973,1955454,80873.60291,0.0002413709872073,ARPA-USDT,0.0414681487101669,0.0414903459874378,0.0001
2023-03-02 09:00:00,0.04145,0.04159,0.04123,0.04127,3792970,157100.47944,1587,2224601,92133.98437,-0.0014517299782239,ARPA-USDT,0.041444322945019,0.0413980611247777,
2023-03-02 10:00:00,0.04127,0.04146,0.04082,0.04102,7144488,294132.78017,2656,3192030,131435.99972,0.0002438429651305,ARPA-USDT,0.0412530570655419,0.0412970246024845,
2023-03-02 11:00:00,0.04102,0.04116,0.04094,0.04105,4689109,192549.24504,1958,2320245,95294.43179,0.0,ARPA-USDT,0.0410074550276621,0.041021874990154,
2023-03-02 12:00:00,0.04105,0.0412,0.04079,0.04085,3238817,132726.84253,1298,1451973,59498.52567,-0.0004893564962075,ARPA-USDT,0.0410946110582619,0.0411489210428393,
2023-03-02 13:00:00,0.04084,0.04109,0.04071,0.04079,4081347,166892.77076,1653,1749839,71566.95011,0.0004905567819475,ARPA-USDT,0.0408266910453299,0.040860157594449,
2023-03-02 14:00:00,0.04077,0.04088,0.03942,0.03965,32782887,1310803.54394,7798,14648070,585870.40714,0.0002522704339049,ARPA-USDT,0.0407618674275119,0.0408082443275929,
2023-03-02 15:00:00,0.03965,0.0398,0.03947,0.0396,10657163,422593.74949,3506,5494071,217884.23306,-0.000504795557799,ARPA-USDT,0.0396044456279145,0.0396843504060419,
2023-03-02 16:00:00,0.03959,0.03975,0.03925,0.03939,9510876,375813.42967,2955,4470997,176756.95411,0.0,ARPA-USDT,0.039632459038896,0.0396119452930922,0.0001
2023-03-02 17:00:00,0.03937,0.03956,0.03929,0.03948,5555438,219102.16939,2030,2861423,112866.39357,-0.0010121457489877,ARPA-USDT,0.0393348025150412,0.0393534301669214,
2023-03-02 18:00:00,0.03948,0.04043,0.03943,0.04036,14973895,597636.44016,3450,9572751,381922.68554,0.0,ARPA-USDT,0.0394565111547635,0.0394923129356185,
2023-03-02 19:00:00,0.04037,0.04057,0.0403,0.04043,10575500,427640.31723,2844,5520848,223267.59544,-0.0002472799208703,ARPA-USDT,0.0403356382593157,0.0404141284127102,
2023-03-02 20:00:00,0.04043,0.04055,0.04026,0.04039,6319341,255297.83682,1802,2679863,108307.1558,-0.0002475247524751,ARPA-USDT,0.0404625589289015,0.0404023335699888,
2023-03-02 21:00:00,0.0404,0.04041,0.03962,0.03964,13795996,551716.09432,3441,5127443,205067.78204,-0.0017627801561319,ARPA-USDT,0.0403838786449399,0.0403530275603708,
2023-03-02 22:00:00,0.03963,0.04018,0.03963,0.04014,7046113,281423.43198,2245,3996019,159535.72145,-0.0002490660024905,ARPA-USDT,0.0397707063621144,0.0397473944034388,
2023-03-02 23:00:00,0.04014,0.04051,0.04004,0.0405,5448149,219380.20904,2006,2988724,120373.29198,0.0,ARPA-USDT,0.0401053598850574,0.0401324543101879,
2023-03-03 00:00:00,0.04049,0.04071,0.04028,0.04028,11772222,476661.67766,2967,6110392,247428.42103,-0.0007442322004463,ARPA-USDT,0.0403905736872364,0.0404617504750029,0.0001
2023-03-03 01:00:00,0.0403,0.04038,0.03559,0.03659,58656511,2199157.30531,14536,24300161,911471.72526,-0.0010920010920012,ARPA-USDT,0.0403161591367644,0.0402791766357263,
2023-03-03 02:00:00,0.03659,0.03727,0.0365,0.03712,18798205,695077.2694,4710,10262054,379452.59816,-0.0008075370121131,ARPA-USDT,0.0365753343819313,0.0366754154699603,
2023-03-03 03:00:00,0.03711,0.03748,0.03711,0.03741,10511848,392090.88269,3397,6211033,231675.29442,-0.0008012820512821,ARPA-USDT,0.0372057565563367,0.0372675659630407,
2023-03-03 04:00:00,0.03741,0.03798,0.03737,0.03797,6461415,243292.3779,2534,3458369,130181.65194,0.0,ARPA-USDT,0.037395940301359,0.0374641428224861,
2023-03-03 05:00:00,0.03796,0.03826,0.03789,0.03789,5250894,199906.34861,2418,2223162,84637.41417999999,-0.0013178703215603,ARPA-USDT,0.0379711311317805,0.038058174367446,
2023-03-03 06:00:00,0.03788,0.03836,0.03783,0.03816,5972700,227788.72959,2117,2931020,111766.86477,-0.0005238344683079,ARPA-USDT,0.0378548081133014,0.0379927960935137,
2023-03-03 07:00:00,0.03815,0.03854,0.03808,0.03843,7518012,287971.30921,2603,3578330,137097.76931,-0.0005201560468139,ARPA-USDT,0.0381323355697606,0.0381295820896987,
2023-03-03 08:00:00,0.03843,0.03868,0.03839,0.03861,6103339,235068.09356,2252,2833457,109159.33278,0.0,ARPA-USDT,0.0384277943419844,0.0385312847548836,0.0001
2023-03-03 09:00:00,0.03862,0.03874,0.0384,0.03842,4291111,165527.6423,2052,1773544,68405.46119,-0.0002602133749673,ARPA-USDT,0.0386906048349676,0.0387107309636721,
2023-03-03 10:00:00,0.03841,0.03847,0.0383,0.0383,3039293,116725.56302,1334,1421786,54618.79739,-0.0007826767545004,ARPA-USDT,0.0384382239220572,0.038434576375494,
2023-03-03 11:00:00,0.0383,0.03848,0.03818,0.03821,3715635,142347.75244,1853,1455420,55769.92465,-0.0007845188284519,ARPA-USDT,0.0383600416589836,0.0384088975599735,
2023-03-03 12:00:00,0.0382,0.03843,0.03819,0.0383,3279144,125658.64766,1245,1683088,64509.36318,-0.0005219206680584,ARPA-USDT,0.038221648953502,0.0383033384397397,
2023-03-03 13:00:00,0.03832,0.03863,0.03813,0.03857,4712077,180523.09278,2038,2347118,89908.43807,-0.0007772020725389,ARPA-USDT,0.0382836790567905,0.0382235825393197,
2023-03-03 14:00:00,0.03857,0.03882,0.03846,0.03849,9048840,349500.85061,3130,4757777,183826.99278,-0.0012973533990657,ARPA-USDT,0.0385873398999583,0.0386624109204725,
2023-03-03 15:00:00,0.0385,0.03854,0.03821,0.0384,6060859,232637.92877,2026,2424152,93055.02351,-0.0015600624024961,ARPA-USDT,0.0384740819425187,0.0383541943951879,
2023-03-03 16:00:00,0.03841,0.03851,0.03816,0.03832,4123160,158093.56918,1619,1785080,68449.53162,0.0,ARPA-USDT,0.038393021210284,0.0384069798735686,0.0001
2023-03-03 17:00:00,0.03833,0.0386,0.03832,0.03849,4144543,159476.88759,1409,2371576,91265.30616,-0.001038152089281,ARPA-USDT,0.0383345104757681,0.0384065150691196,
2023-03-03 18:00:00,0.03851,0.03857,0.03801,0.0382,5427364,207834.0747,1694,2162509,82897.65098,0.0,ARPA-USDT,0.0384769933151398,0.0384948282827239,
2023-03-03 19:00:00,0.03821,0.03847,0.0381,0.0384,3153012,120802.31108,1483,1762177,67497.63876,-0.0005205622071838,ARPA-USDT,0.0382018572772476,0.0381731557671935,
2023-03-03 20:00:00,0.0384,0.0385,0.03814,0.03829,4324396,165705.88491,1767,2377756,91118.35767,-0.0005220569042024,ARPA-USDT,0.038423097348767,0.0384635644729395,
2023-03-03 21:00:00,0.0383,0.0383,0.03782,0.03804,7030397,267607.84548,2127,3379989,128687.15021,-0.0007880220646179,ARPA-USDT,0.0382350999776835,0.0382682768021281,
2023-03-03 22:00:00,0.03805,0.0385,0.03802,0.03849,2966186,113316.69848,1561,1391755,53182.98864,0.0,ARPA-USDT,0.0380599701208333,0.0380733294279644,
2023-03-03 23:00:00,0.0385,0.0386,0.03842,0.03856,2784548,107235.65283,1374,1253095,48265.22698,-0.0010362694300519,ARPA-USDT,0.0384862999715411,0.0384969956371022,
2023-03-04 00:00:00,0.03857,0.03896,0.03856,0.03886,5189254,201289.64489,2699,2629333,102000.43069,-0.0010282776349613,ARPA-USDT,0.0385800317450108,0.0386250872195719,0.0001
2023-03-04 01:00:00,0.03887,0.03888,0.03864,0.03864,2383052,92296.62577,1049,1105007,42804.02786,-0.0015503875968991,ARPA-USDT,0.038871916866181,0.0388456571997131,
2023-03-04 02:00:00,0.03865,0.03865,0.0385,0.0385,2608736,100671.0327,1506,1086637,41933.75516,-0.0015560165975102,ARPA-USDT,0.038627397625336,0.0386168027896098,
2023-03-04 03:00:00,0.03851,0.03853,0.03835,0.03843,1912756,73498.22251,991,754867,29000.5978,0.0,ARPA-USDT,0.0385021668429695,0.0384860117661374,
2023-03-04 04:00:00,0.03844,0.0386,0.03835,0.03841,2243493,86326.55751,1064,1513604,58243.26586,-0.0002602811035919,ARPA-USDT,0.0384166479783895,0.0384275088028193,
2023-03-04 05:00:00,0.03841,0.03844,0.03797,0.03841,4066825,155602.30018,1658,1918113,73366.52613,-0.000780437044745,ARPA-USDT,0.0384021093184145,0.0383967301123796,
2023-03-04 06:00:00,0.03841,0.03865,0.03823,0.03853,3275803,125846.98764,1235,1675161,64369.67519,-0.001296008294453,ARPA-USDT,0.038338203616825,0.038316926735847,
2023-03-04 07:00:00,0.03853,0.0386,0.03832,0.0384,2096256,80631.12985,1248,802300,30864.31106,-0.0005205622071838,ARPA-USDT,0.0385555165730897,0.0385697913578391,
2023-03-04 08:00:00,0.03842,0.03847,0.03824,0.03841,3180102,121996.42637,1351,1486366,57014.36928,0.0,ARPA-USDT,0.0384020354416349,0.0383982061501669,0.0001
2023-03-04 09:00:00,0.03841,0.03856,0.03826,0.03831,3162218,121364.2611,1092,1405036,53936.05189,-0.0010430247718384,ARPA-USDT,0.0383927155794397,0.0383859368876244,
2023-03-04 10:00:00,0.03831,0.03836,0.03797,0.03821,3212950,122693.77755,1051,1527954,58342.555120000005,-0.0010457516339869,ARPA-USDT,0.0383129979845862,0.0383188896227161,
2023-03-04 11:00:00,0.03822,0.03834,0.03815,0.03819,2542885,97239.9479,1164,1184566,45294.87339,-0.0002617801047118,ARPA-USDT,0.0382108224221881,0.038258722110574,
2023-03-04 12:00:00,0.03819,0.03826,0.03803,0.03824,2638313,100573.22142,884,1187558,45280.64397,0.0002615746795711,ARPA-USDT,0.0381796789670142,0.0380999498449782,
2023-03-04 13:00:00,0.03825,0.03828,0.03807,0.03811,1445304,55201.4024,622,653095,24942.80851,-0.0007865757734661,ARPA-USDT,0.0382596552442888,0.0382588337491514,
2023-03-04 14:00:00,0.0381,0.03812,0.03783,0.03786,4796336,182054.76727,1374,2047689,77752.27407,-0.0015822784810127,ARPA-USDT,0.0380595559130975,0.0380339341661464,
2023-03-04 15:00:00,0.03786,0.03796,0.03772,0.03777,4281116,162085.13983,1288,1842469,69788.18420999999,-0.0015860428231563,ARPA-USDT,0.0378788475326659,0.0378502722231264,
2023-03-04 16:00:00,0.03779,0.03811,0.03771,0.03789,3858703,146348.36587,1153,1666383,63195.8233,-0.0005275652862041,ARPA-USDT,0.0377667692404555,0.0377727799108622,8.636e-05
2023-03-04 17:00:00,0.0379,0.03805,0.03773,0.03775,2000115,75755.31559,821,910565,34496.8353,-0.0007940709370037,ARPA-USDT,0.0379103817997724,0.0378919307491013,
2023-03-04 18:00:00,0.03774,0.03783,0.03745,0.03771,4097584,154321.24564,1428,1763467,66389.37225,-0.0007949125596184,ARPA-USDT,0.0377393539278697,0.0377065723389336,
2023-03-04 19:00:00,0.03771,0.03778,0.03707,0.03724,7454966,278573.77248,2383,3356752,125537.22436,-0.0005367686527106,ARPA-USDT,0.0377178967856947,0.0377249392111957,
2023-03-04 20:00:00,0.03725,0.03734,0.03652,0.03698,10107328,373438.7944,3007,4738719,175085.55997,-0.0002703433360368,ARPA-USDT,0.0372545334734768,0.0372342981211847,
2023-03-04 21:00:00,0.03698,0.03701,0.03618,0.03652,10437799,381930.64316,2936,4834247,176957.24941,-0.0008207934336526,ARPA-USDT,0.0369511322030672,0.0368985605363325,
2023-03-04 22:00:00,0.03653,0.03725,0.03629,0.03696,6202453,228282.259,2110,2752184,101337.08705,-0.001081081081081,ARPA-USDT,0.0364950371263024,0.0364533005652472,
2023-03-04 23:00:00,0.03698,0.03729,0.03693,0.03727,3807103,141319.22504,1497,1258366,46701.79604,-0.0005363368195225,ARPA-USDT,0.0369646378928406,0.0370184906961505,
2023-03-05 00:00:00,0.03727,0.03748,0.03706,0.03743,3886976,144761.99374,1780,1646719,61330.1772,-0.0008008542445275,ARPA-USDT,0.0372634050491502,0.0372538355986274,0.0001
2023-03-05 01:00:00,0.03744,0.03809,0.03739,0.03805,8093279,306135.36625,3109,3399159,128652.06517,-0.0002627430373094,ARPA-USDT,0.0374611118868271,0.0374631053867961,
2023-03-05 02:00:00,0.03806,0.03832,0.03744,0.03793,8500296,321894.86636,2989,4717141,178505.67466,-0.000263574064312,ARPA-USDT,0.0381152329891758,0.0381366174304446,
2023-03-05 03:00:00,0.03795,0.03813,0.03792,0.03797,2977078,113193.89857,1862,1348541,51268.88452,-0.0007894736842105,ARPA-USDT,0.0379395625476053,0.0379898184616899,
2023-03-05 04:00:00,0.03798,0.03827,0.03794,0.03817,3308667,126197.99716,1996,1452220,55391.27287,-0.0002619172341539,ARPA-USDT,0.0379543522412943,0.0379998869356391,
2023-03-05 05:00:00,0.03818,0.03828,0.038,0.03801,2352097,89695.77065,1223,1313708,50118.72112,-0.0005259006047856,ARPA-USDT,0.0382476063319111,0.0382534275473913,
2023-03-05 06:00:00,0.03803,0.03803,0.03771,0.0378,2573519,97388.81381,1250,1039407,39327.91316,-0.0005288207297725,ARPA-USDT,0.0379870936886225,0.0379504181647959,
2023-03-05 07:00:00,0.0378,0.03792,0.03772,0.03785,2788093,105467.58517,1648,1356896,51323.48333,-0.0005281225244256,ARPA-USDT,0.0378066513948191,0.0377926300907722,
2023-03-05 08:00:00,0.03784,0.03789,0.03749,0.0375,2700699,101804.28551,1214,983748,37107.8396,-0.0002665955745135,ARPA-USDT,0.0378112900486445,0.037779787199762,0.0001
2023-03-05 09:00:00,0.03751,0.03783,0.03743,0.03775,2091813,78743.63984,1007,1116914,42026.14349,-0.0007940709370037,ARPA-USDT,0.0374971681555715,0.0374785578161626,
2023-03-05 10:00:00,0.03776,0.03803,0.03776,0.03795,2313053,87710.79644,1394,1070631,40598.56105,0.0,ARPA-USDT,0.0378064516964248,0.0378249131995038,
2023-03-05 11:00:00,0.03793,0.03799,0.03773,0.03775,2574464,97415.01417,895,862327,32644.09375,-0.0002648305084747,ARPA-USDT,0.0379091237075423,0.0379079504577386,
2023-03-05 12:00:00,0.03776,0.03785,0.03767,0.03782,1986336,75019.13655,835,1016885,38409.79981,-0.0005285412262155,ARPA-USDT,0.037778645617909,0.0377751422657104,
2023-03-05 13:00:00,0.03782,0.03823,0.03782,0.03815,3440745,130863.97728,1618,2052616,78035.72804,-0.0007857517024618,ARPA-USDT,0.03784262276878,0.0378784152796152,
2023-03-05 14:00:00,0.03815,0.03822,0.0378,0.03781,17136972,650930.5117,3989,6853234,260333.97031,-0.0010568031704094,ARPA-USDT,0.0381353048269042,0.0381545467247116,
2023-03-05 15:00:00,0.03783,0.038,0.03775,0.0379,5862020,222081.85745,2700,3224679,122186.52075,-0.0018435607058202,ARPA-USDT,0.0378381476596943,0.0378050091552468,
2023-03-05 16:00:00,0.0379,0.03798,0.03787,0.03795,3081766,116865.19611,1720,1545789,58627.46273,-0.0005267316302344,ARPA-USDT,0.0379023098519234,0.0379031074616939,0.0001
2023-03-05 17:00:00,0.03795,0.03797,0.0378,0.03781,3024094,114550.70377,1696,1567357,59374.51708,-0.0007928118393233,ARPA-USDT,0.0379490642582173,0.0379558105803709,
2023-03-05 18:00:00,0.03781,0.03786,0.03765,0.03777,3073335,116014.32004,1435,1529615,57751.65287,0.0,ARPA-USDT,0.0377514899206922,0.0377104870794923,
2023-03-05 19:00:00,0.03776,0.03799,0.03774,0.03788,3524132,133433.32067,1487,1853503,70191.66727,-0.0007913479293063,ARPA-USDT,0.0377597661672358,0.0377720469736403,
2023-03-05 20:00:00,0.03787,0.03811,0.03782,0.03805,3379998,128415.43402,1411,1997641,75906.09741,-0.0007878151260505,ARPA-USDT,0.0378476303425568,0.0378445814534354,
2023-03-05 21:00:00,0.03806,0.03817,0.03774,0.038,4271613,162245.63314,1894,2338829,88826.36332,-0.0010515247108306,ARPA-USDT,0.0380453408703071,0.0380438660104805,
2023-03-05 22:00:00,0.03799,0.03801,0.03751,0.03768,5673969,214050.29439,1945,2728273,102935.13926,-0.0013252054068381,ARPA-USDT,0.0379931237422957,0.0379867954675319,
2023-03-05 23:00:00,0.0377,0.03771,0.03737,0.03765,4776571,179333.65545,1899,2531901,95013.98959,0.0,ARPA-USDT,0.0376700757299026,0.0376026967284513,
2023-03-06 00:00:00,0.03763,0.03772,0.03719,0.03752,6574756,246352.50365,1981,2956991,110788.94879,-0.0002664535038636,ARPA-USDT,0.0375128388118112,0.0374559430548944,0.0001
2023-03-06 01:00:00,0.03751,0.03767,0.03705,0.03721,5142037,192002.11859,1825,2760786,103070.81513,-0.0002686727565825,ARPA-USDT,0.0375339812230904,0.0374998231579772,
2023-03-06 02:00:00,0.0372,0.0372,0.03664,0.03687,6910653,254726.08439,2597,2880305,106181.41083,-0.0008130081300813,ARPA-USDT,0.037140791613558,0.0369757680587918,
2023-03-06 03:00:00,0.03687,0.03731,0.03687,0.03721,8558710,317652.68905,2227,3269898,121270.0442,-0.0005372011818425,ARPA-USDT,0.036977832818584,0.0371208446536147,
2023-03-06 04:00:00,0.0372,0.03728,0.03675,0.03678,4171930,154580.50826,2126,2032184,75331.74506,-0.0016286644951138,ARPA-USDT,0.0372410013745354,0.037220079255318,
2023-03-06 05:00:00,0.03679,0.03683,0.03655,0.03672,4040560,148162.75955,2534,2265151,83076.02224,-0.0008163265306121,ARPA-USDT,0.0368022165172814,0.0367750561385387,
2023-03-06 06:00:00,0.03673,0.03694,0.03671,0.03685,2877646,105956.51991,1666,1685448,62057.10746,0.0,ARPA-USDT,0.0367303736428213,0.0367805702982413,
2023-03-06 07:00:00,0.03685,0.03694,0.0367,0.03672,2694794,99232.12651,1582,1245569,45874.67416,-0.0008163265306121,ARPA-USDT,0.0368770891228369,0.0368305551770848,
2023-03-06 08:00:00,0.03672,0.03676,0.03639,0.03665,5165891,189131.55064,2033,2619749,95924.48685,-0.0008178844056705,ARPA-USDT,0.0367236867687819,0.0366937246885454,0.0001
2023-03-06 09:00:00,0.03664,0.03674,0.0365,0.03673,3216352,117786.49491,1552,1644230,60225.15175,-0.0005442176870747,ARPA-USDT,0.0366679249896963,0.0366914469359412,
2023-03-06 10:00:00,0.03673,0.03693,0.03666,0.03676,5621605,206727.01141,2118,2424834,89187.97928,-0.0005437737901032,ARPA-USDT,0.036749384621399,0.0367742269873381,
2023-03-06 11:00:00,0.03676,0.03683,0.03643,0.03647,3266116,119709.41826,1337,1485300,54441.84233,-0.000821917808219,ARPA-USDT,0.0367846667232741,0.0367812830226328,
2023-03-06 12:00:00,0.03647,0.03666,0.03625,0.03659,3609442,131699.15057,1336,1997188,72887.19594,-0.0005462988254575,ARPA-USDT,0.0364699652080949,0.0364689485041304,
2023-03-06 13:00:00,0.03658,0.03703,0.03652,0.03703,5814739,214248.0464,1783,3616067,133284.11761,0.0,ARPA-USDT,0.0365894916761558,0.0365495066710025,
2023-03-06 14:00:00,0.03702,0.03749,0.03683,0.03748,7590988,282092.4044,2803,4112266,152776.91245,0.0,ARPA-USDT,0.0370242017104954,0.0369812823999215,
2023-03-06 15:00:00,0.03747,0.03779,0.03737,0.03773,5971001,224247.31752,2357,3328311,125054.38087,-0.0007944915254237,ARPA-USDT,0.0374893171601237,0.0375033583875794,
2023-03-06 16:00:00,0.03773,0.03788,0.03755,0.03766,5259431,198446.74169,1991,2302314,86850.49819,-0.0005307855626326,ARPA-USDT,0.0378175115893831,0.0378206152698732,0.0001
2023-03-06 17:00:00,0.03767,0.03773,0.03758,0.03761,2246382,84593.50302999999,1180,1209242,45541.37422,-0.0005314908317831,ARPA-USDT,0.0377034685287175,0.0376864975943578,
2023-03-06 18:00:00,0.03761,0.03793,0.0376,0.03783,4205359,158871.934,2778,1998283,75503.75385,0.0002644103648863,ARPA-USDT,0.0376242737903392,0.0376384365889814,
2023-03-06 19:00:00,0.03783,0.03791,0.03759,0.03767,5525843,208434.43982,3300,2221395,83782.85817,-0.0007957559681696,ARPA-USDT,0.0378087544300097,0.0378121912246765,
2023-03-06 20:00:00,0.03767,0.0378,0.03762,0.03768,4203160,158501.22605,2803,1654113,62360.73603,0.0,ARPA-USDT,0.0376623587020738,0.0376894657384261,
2023-03-06 21:00:00,0.03769,0.03811,0.03759,0.03808,4625841,175176.5737,2471,2686473,101807.78781,-0.0002625360987135,ARPA-USDT,0.037637038503791,0.0376402891241582,
2023-03-06 22:00:00,0.03809,0.03809,0.03773,0.03796,6330018,239529.76914,2384,3133541,118564.02901,-0.0007896814951303,ARPA-USDT,0.0379818609682787,0.0378396911068568,
2023-03-06 23:00:00,0.03796,0.03806,0.03785,0.03797,3770844,143040.38161,2125,1611014,61121.54531,-0.000526454330087,ARPA-USDT,0.037946972375322,0.037937659039183,
2023-03-07 00:00:00,0.03798,0.03812,0.03769,0.03807,6668595,252807.86423,3280,3248111,123123.90607,0.0,ARPA-USDT,0.0379784831865153,0.0379713668139018,0.0001
2023-03-07 01:00:00,0.03807,0.03851,0.03806,0.03845,5059477,193962.97678,2691,2815911,107907.53229,-0.0002600104004161,ARPA-USDT,0.038133302633562,0.0381764348263723,
2023-03-07 02:00:00,0.03845,0.03854,0.0384,0.03852,3321534,127851.11832,1679,1121792,43188.2857,0.0,ARPA-USDT,0.0384606209955134,0.0384926447411829,
2023-03-07 03:00:00,0.03851,0.03853,0.0382,0.03825,2375245,91133.4486,1431,960437,36835.21132,-0.0002613695765814,ARPA-USDT,0.0385080378932397,0.0384905516196558,
2023-03-07 04:00:00,0.03826,0.03834,0.0382,0.03834,1319243,50492.81674,1035,668732,25600.69213,0.0005219206680584,ARPA-USDT,0.0382869130691898,0.0382861074595938,
2023-03-07 05:00:00,0.03833,0.0385,0.03826,0.03842,2532708,97205.99152,1843,1415119,54332.39529,-0.0005202913631633,ARPA-USDT,0.0383195635415485,0.0383065958093584,
2023-03-07 06:00:00,0.03842,0.03875,0.03836,0.03856,15836196,610585.51789,4485,8691305,335198.65643,-0.0012950012950013,ARPA-USDT,0.0383908472442252,0.0384029155513524,
2023-03-07 07:00:00,0.03856,0.03856,0.03803,0.03805,13461405,515176.36343,3820,6437903,246380.54434,-0.0002627430373094,ARPA-USDT,0.0383831051287354,0.0383640994367876,
2023-03-07 08:00:00,0.03807,0.03829,0.03785,0.03828,9488958,360889.97066,3129,4408001,167740.6668,-0.0010438413361169,ARPA-USDT,0.0380651474667465,0.0380055697665109,0.0001
2023-03-07 09:00:00,0.03828,0.03842,0.03768,0.0377,17071822,649954.9267,4602,8111076,309090.14839,-0.0007951232441029,ARPA-USDT,0.0382076625792518,0.0382249445462487,
2023-03-07 10:00:00,0.0377,0.03803,0.03756,0.03765,9307696,351977.5953,2511,5108267,193112.55936,-0.0007961783439489,ARPA-USDT,0.037744845486418,0.0377905098376462,
2023-03-07 11:00:00,0.03765,0.03779,0.03735,0.03745,10415342,391344.3052,3563,4683715,176015.35803,-0.0005337603416067,ARPA-USDT,0.0376439196180483,0.0377339112567828,
2023-03-07 12:00:00,0.03746,0.03785,0.03728,0.03775,9926541,373260.16938,3260,4390309,165114.85863,-0.0007940709370037,ARPA-USDT,0.0373890553805723,0.0373578981960715,
2023-03-07 13:00:00,0.03775,0.03789,0.03738,0.03754,7527260,283701.23929,2646,3913988,147503.89296,-0.000266311584554,ARPA-USDT,0.0377396875412706,0.0377488669833223,
2023-03-07 14:00:00,0.03754,0.0377,0.03728,0.03742,10139146,379927.05098,3659,5010326,187761.16993,-0.0010678056593699,ARPA-USDT,0.0375355014286208,0.0374025196343031,
2023-03-07 15:00:00,0.03743,0.03769,0.03671,0.03745,26296352,978709.05822,6722,11905426,443238.72841,0.0005343307507346,ARPA-USDT,0.0373713403969085,0.0372645638327883,
2023-03-07 16:00:00,0.03745,0.03761,0.03684,0.03702,8252395,306987.73116,2554,3479088,129595.41896,-0.0002700513097488,ARPA-USDT,0.0374473919239025,0.037507329049632,0.0001
2023-03-07 17:00:00,0.03702,0.03742,0.03698,0.03732,5246735,195571.55898,2216,2299240,85667.60832,-0.0008032128514057,ARPA-USDT,0.0370531606906338,0.0370306707871499,
2023-03-07 18:00:00,0.03733,0.03745,0.03713,0.03714,3950565,147307.7851,1734,2048804,76395.92646,-0.0005382131324004,ARPA-USDT,0.0373942088957137,0.0373901443060237,
2023-03-07 19:00:00,0.03714,0.0373,0.03691,0.03699,3352037,124591.23438,1430,2063294,76699.43647,-0.0005403944879761,ARPA-USDT,0.0371441845823761,0.0371508541221622,
2023-03-07 20:00:00,0.03699,0.03706,0.03675,0.03688,4785925,176453.82836,1610,2162801,79736.63337,-0.0002710761724042,ARPA-USDT,0.0369915391537354,0.0369579448029319,
2023-03-07 21:00:00,0.03687,0.03692,0.03656,0.0368,3736355,137271.10792,1871,1723699,63319.52849,0.0,ARPA-USDT,0.0368561438870089,0.036889364632272,
2023-03-07 22:00:00,0.03679,0.03695,0.03637,0.03694,3608878,132206.65583,1532,1694870,62132.48305,0.000270782561603,ARPA-USDT,0.0367386232061394,0.0367197059237463,
2023-03-07 23:00:00,0.03693,0.03743,0.03691,0.03739,3653578,136000.37585,1811,1840819,68516.02728,-0.0008017103153394,ARPA-USDT,0.0369279010305561,0.0369386789216257,
2023-03-08 00:00:00,0.0374,0.0376,0.0373,0.0375,4278535,160250.11665,1674,1783052,66781.27766,-0.0007993605115907,ARPA-USDT,0.0374010516584064,0.0374962720771567,0.0001
2023-03-08 01:00:00,0.03751,0.03761,0.03727,0.03743,2161969,80945.13722,1207,1068114,40002.04514,-0.0008008542445275,ARPA-USDT,0.0374899891286559,0.0374298913874944,
2023-03-08 02:00:00,0.03743,0.03754,0.03734,0.03741,2234104,83634.47644,1243,1069335,40042.69072,-0.0005343307507347,ARPA-USDT,0.0374334415259328,0.0374239152628387,
2023-03-08 03:00:00,0.0374,0.03749,0.03716,0.03741,2754638,102752.82825,1071,1142798,42631.84975,-0.0002672367717798,ARPA-USDT,0.0373412646515735,0.0374262163270089,
2023-03-08 04:00:00,0.03741,0.03747,0.03722,0.03736,2459131,91814.13204,1055,1245112,46492.48706,-0.0010695187165776,ARPA-USDT,0.0374523793103448,0.0373880670207279,
2023-03-08 05:00:00,0.03735,0.03736,0.03651,0.03654,4579809,168638.42357,2168,2255439,83030.31742,-0.001093493712411,ARPA-USDT,0.0373517206870559,0.0373235222703103,
2023-03-08 06:00:00,0.03654,0.03669,0.03645,0.03666,5997379,219257.65731,1962,2772181,101352.99917,-0.0005452562704471,ARPA-USDT,0.0365273558591855,0.0365570334673801,
2023-03-08 07:00:00,0.03665,0.03673,0.0362,0.03625,4790301,174723.37303,1520,1617489,59079.30946,-0.000826901874311,ARPA-USDT,0.0366373052391289,0.0366446759537577,
2023-03-08 08:00:00,0.03626,0.03654,0.03614,0.03641,4907080,178532.37594,1855,2519976,91685.2949,-0.000274574409665,ARPA-USDT,0.0362287568671336,0.036214035030834,0.0001
2023-03-08 09:00:00,0.03639,0.03673,0.03638,0.0366,2805196,102605.05517,959,1170811,42806.23702,-0.0005461496450026,ARPA-USDT,0.0364128392033542,0.0364960595863938,
2023-03-08 10:00:00,0.0366,0.03669,0.03626,0.03664,5179273,188777.33828,1728,2422818,88323.06198,-0.0005455537370431,ARPA-USDT,0.0366621050493547,0.0366122091436153,
2023-03-08 11:00:00,0.03663,0.03675,0.0365,0.03665,3612675,132366.25806,1545,1806073,66198.17031,-0.0008178844056705,ARPA-USDT,0.0366203445252216,0.0366685512368238,
2023-03-08 12:00:00,0.03664,0.03687,0.03653,0.03663,4460012,163694.05062999998,1692,2327491,85424.99711,-0.0013631406761176,ARPA-USDT,0.0366628719320899,0.0366303646795351,
2023-03-08 13:00:00,0.03663,0.03673,0.03559,0.03575,14710811,532186.55994,4009,5831352,211002.80489,-0.0008384572386809,ARPA-USDT,0.0366197293944684,0.0366557397584671,
2023-03-08 14:00:00,0.03573,0.03597,0.03537,0.03573,7824508,279261.7743,3032,3980385,142162.23104,-0.0008389261744966,ARPA-USDT,0.0357804807441612,0.0356949213554831,
2023-03-08 15:00:00,0.03574,0.03658,0.03565,0.03645,9068842,328364.90276,3172,4456728,161315.51237,-0.0010961907371882,ARPA-USDT,0.0357256169854026,0.0359229561033013,
2023-03-08 16:00:00,0.03644,0.03659,0.03603,0.03621,3256104,118259.07334,1469,1453800,52808.27559,-0.0008278145695365,ARPA-USDT,0.0364674615068473,0.0364526345639079,0.0001
2023-03-08 17:00:00,0.03623,0.03627,0.0359,0.03595,2690452,97015.67145,1159,1377804,49674.46973,-0.0005560189046427,ARPA-USDT,0.0362415303245443,0.0361955652113667,
2023-03-08 18:00:00,0.03595,0.03604,0.03537,0.03549,4266869,151956.55337,2011,2287930,81460.71244,-0.0005632216277104,ARPA-USDT,0.0359537686215678,0.0359346975729232,
2023-03-08 19:00:00,0.0355,0.03566,0.03537,0.03547,4567903,162162.79399,1723,2383404,84637.82532,-0.0008450704225351,ARPA-USDT,0.0354740133987294,0.0354576365612445,
2023-03-08 20:00:00,0.03547,0.0358,0.03517,0.03576,7294826,258531.27677,2143,3821103,135465.5604,-0.0013962580284837,ARPA-USDT,0.0354334498130694,0.035377841571034,
2023-03-08 21:00:00,0.03576,0.03594,0.03533,0.03559,3628318,129610.92916,1724,1927091,68839.30887,-0.0002808988764045,ARPA-USDT,0.0357772311066044,0.0357691214386095,
2023-03-08 22:00:00,0.03561,0.03561,0.03455,0.03485,9598207,336004.76365,2750,4921723,172342.53246000002,-0.0005735589331803,ARPA-USDT,0.0355291275626353,0.0355384527440487,
2023-03-08 23:00:00,0.03484,0.03534,0.03475,0.03512,6647113,232899.24016,2046,3710916,129986.75475,-0.0002846569883291,ARPA-USDT,0.0348267371771805,0.0349240667164696,
2023-03-09 00:00:00,0.03513,0.03519,0.03481,0.03495,5938902,207806.91381,2090,2270126,79404.61939,-0.0005719187875321,ARPA-USDT,0.0351426814289769,0.0351147965047459,0.0001
2023-03-09 01:00:00,0.03493,0.03515,0.03473,0.03493,3597289,125772.86896,1396,1508567,52728.14861,-0.0002862049227245,ARPA-USDT,0.0349016379627846,0.0348860599431481,
2023-03-09 02:00:00,0.03492,0.03537,0.0349,0.03514,3462652,121692.17642,1235,1532492,53817.22174,-0.0008529997156668,ARPA-USDT,0.0349291922648744,0.0349459449302407,
2023-03-09 03:00:00,0.03515,0.03531,0.03511,0.03527,2595206,91337.56598,961,1325446,46649.56472,-0.0005667327854915,ARPA-USDT,0.0351921427813252,0.0351838493893501,
2023-03-09 04:00:00,0.03527,0.03539,0.03518,0.03531,3127080,110264.2124,1122,1418313,50018.63442,-0.0002831257078141,ARPA-USDT,0.0353356386142381,0.0352915725865197,
2023-03-09 05:00:00,0.03531,0.03549,0.03528,0.03537,2569308,90989.92806,1080,1422529,50376.54259,-0.0002826455624647,ARPA-USDT,0.0353102943234798,0.0353151696402429,
2023-03-09 06:00:00,0.03537,0.0357,0.03533,0.0357,2320453,82331.7846,852,1198211,42504.27229,0.0002801905295601,ARPA-USDT,0.0353505106284564,0.0353916695609422,
2023-03-09 07:00:00,0.03569,0.03573,0.03518,0.03526,5490246,194737.03216,1729,2190829,77756.58192,-0.0002835270768358,ARPA-USDT,0.0356966055514764,0.035654946818872,
2023-03-09 08:00:00,0.03525,0.03551,0.03513,0.03538,9058639,320380.6546,2378,4930116,174410.6869,-0.0011293054771315,ARPA-USDT,0.0352484376886947,0.035207818488431,0.0001
2023-03-09 09:00:00,0.03538,0.03553,0.03513,0.0353,3727987,131704.51969,1253,1858746,65650.07838,-0.0002832058906826,ARPA-USDT,0.0353940598266499,0.0353676338812426,
2023-03-09 10:00:00,0.03529,0.03532,0.03503,0.03529,4223720,148511.94673999998,1520,1862108,65472.21607,0.0002834467120182,ARPA-USDT,0.0352636858540459,0.0351670583331777,
2023-03-09 11:00:00,0.03529,0.03562,0.03525,0.03561,4291229,152083.17945,1400,2186175,77501.76633,-0.0002807411566534,ARPA-USDT,0.035303161289131,0.0352844360493619,
2023-03-09 12:00:00,0.03561,0.03564,0.03529,0.03541,4061670,143961.0692,1288,2234357,79198.32037,-0.0016915703411334,ARPA-USDT,0.0356263072964554,0.0355851348300595,
2023-03-09 13:00:00,0.03541,0.03597,0.03525,0.03594,7810473,278175.29014,2486,3892401,138647.91442,-0.000278164116829,ARPA-USDT,0.0354705741505625,0.0354425421107854,
2023-03-09 14:00:00,0.03594,0.03629,0.03589,0.03604,7752699,279954.78194,2537,4189309,151269.75537,-0.0002773925104021,ARPA-USDT,0.0359832962649925,0.0359664507117626,
2023-03-09 15:00:00,0.03603,0.03621,0.03576,0.03588,4573301,164443.35005,1775,2324334,83537.54486,-0.0002786291446084,ARPA-USDT,0.0360477793859812,0.0360946573926534,
2023-03-09 16:00:00,0.03586,0.03592,0.0354,0.03551,6352477,226347.88997,2318,3003112,107017.11553,-0.0016868147315152,ARPA-USDT,0.0358254741712193,0.0357990432900404,0.0001
2023-03-09 17:00:00,0.03551,0.03578,0.03549,0.03567,3217435,114620.38856,1405,1507132,53689.39651,-0.0008403361344538,ARPA-USDT,0.0355596238210724,0.0355740116768587,
2023-03-09 18:00:00,0.03566,0.03572,0.03506,0.03517,10215148,361220.08685,2979,4933952,174456.77821,-0.0008522727272728,ARPA-USDT,0.0356808793291271,0.0356948080154018,
2023-03-09 19:00:00,0.03516,0.03523,0.03429,0.03446,12254608,425724.05738,3489,5449088,189322.46051,-0.000869817338359,ARPA-USDT,0.0351350556009268,0.0350638100138559,
2023-03-09 20:00:00,0.03447,0.03448,0.03227,0.03247,31303247,1045245.61624,7097,13329094,444958.56076,-0.0018444512757456,ARPA-USDT,0.0344421867734069,0.0343913552909901,
2023-03-09 21:00:00,0.03247,0.03301,0.03245,0.03245,13147781,431143.14938,3671,6472170,212216.00368,-0.0015384615384615,ARPA-USDT,0.0326181655903929,0.0327615363378143,
2023-03-09 22:00:00,0.03244,0.03293,0.03239,0.03248,8502675,278070.50624,2447,3051811,99770.34598,-0.0009227929867731,ARPA-USDT,0.032421105471201,0.0325843848899375,
2023-03-09 23:00:00,0.03247,0.0327,0.03238,0.03263,6329405,206056.02692,1762,3214053,104600.3001,-0.0006125574272587,ARPA-USDT,0.032465940898867,0.0324505336751563,
2023-03-10 00:00:00,0.03262,0.03267,0.03176,0.03202,13822337,444676.89488,3658,5834886,187770.24528,-0.000312207305651,ARPA-USDT,0.0326425407615073,0.0325929024938604,0.0001
2023-03-10 01:00:00,0.03202,0.03236,0.03149,0.03221,14610652,466343.17837,3754,6616695,211476.86457,-0.0012403100775193,ARPA-USDT,0.0320159442973982,0.0319359376609295,
2023-03-10 02:00:00,0.0322,0.03232,0.03189,0.03199,5468906,175397.42089,1591,2971345,95280.13526,-0.0006248047485161,ARPA-USDT,0.0321779759207201,0.0322117731606109,
2023-03-10 03:00:00,0.03199,0.03204,0.03179,0.0318,3221676,102899.27374,1299,1276984,40772.03231,-0.0012562814070351,ARPA-USDT,0.0319729872117171,0.0319856852192857,
2023-03-10 04:00:00,0.0318,0.03188,0.03153,0.03174,4733049,150061.29412,1658,2723841,86347.84322,0.0,ARPA-USDT,0.0318068746501564,0.0317793199413751,
2023-03-10 05:00:00,0.03175,0.03211,0.03174,0.03207,4712936,150378.69716,1504,2321342,74085.69863,0.0,ARPA-USDT,0.0317848409414501,0.0318047987166425,
2023-03-10 06:00:00,0.03206,0.03236,0.03206,0.0322,9028255,290517.24687,2192,4751841,152915.75528,0.0,ARPA-USDT,0.0321135675661696,0.0321570652928837,
2023-03-10 07:00:00,0.03218,0.0325,0.03195,0.03231,10182568,328155.70718,2281,4162524,134110.66178,-0.0006186204763377,ARPA-USDT,0.0321383581130034,0.0321513445545164,
2023-03-10 08:00:00,0.03232,0.03236,0.03189,0.03208,6792700,218372.53008,1547,2129426,68458.60466,-0.0003116235587411,ARPA-USDT,0.0323140369331757,0.0322956973879593,0.0001
2023-03-10 09:00:00,0.03208,0.03215,0.03124,0.03127,12797618,405286.22168,3468,4233333,134031.86716999998,-0.0003196930946292,ARPA-USDT,0.032060646173589,0.0320967922335232,
2023-03-10 10:00:00,0.03127,0.03139,0.03007,0.03065,30585692,937517.2102,6649,11995179,367017.72167,-0.0003261578604044,ARPA-USDT,0.0312531416305626,0.0312251815694418,
2023-03-10 11:00:00,0.03064,0.03078,0.03032,0.03075,16196476,495206.22812,4734,7094243,216895.92147,-0.0003250975292587,ARPA-USDT,0.030681166863558,0.030700087616459,
2023-03-10 12:00:00,0.03074,0.03114,0.03074,0.03109,12039658,372158.85288,3839,7248283,223987.7395,-0.0019261637239165,ARPA-USDT,0.0308291155082448,0.0308311605945747,
2023-03-10 13:00:00,0.03108,0.032,0.0309,0.03176,17725699,557007.58048,4945,8342944,262117.19428,-0.0015718327569946,ARPA-USDT,0.0310873846662624,0.0310553130808571,
2023-03-10 14:00:00,0.03179,0.03182,0.0308,0.0312,13143639,411292.9243,3427,7219793,225907.48865,0.0,ARPA-USDT,0.0317642084860774,0.0317350220434346,
2023-03-10 15:00:00,0.0312,0.03165,0.03114,0.03162,7149044,223967.73992,2743,3698334,115843.03041,-0.0006321112515802,ARPA-USDT,0.031221201305057,0.0312325496507128,
2023-03-10 16:00:00,0.03161,0.03216,0.03144,0.03176,10386540,330268.22192,3104,6170371,196192.68071,-0.0012578616352203,ARPA-USDT,0.0316204580491014,0.0315923119143031,0.0001
2023-03-10 17:00:00,0.03175,0.03209,0.03152,0.03185,8390409,266019.17044,2202,5261063,166767.47155,-0.0006275494195168,ARPA-USDT,0.0317582367462689,0.0316901012667042,
2023-03-10 18:00:00,0.03184,0.03208,0.03159,0.03164,5826104,185677.81835,2054,2864031,91277.67903,-0.0006317119393556,ARPA-USDT,0.0318507874419268,0.0318611769263452,
2023-03-10 19:00:00,0.03163,0.03222,0.03163,0.03216,6035759,192283.43229,2584,3639374,115941.65933,-0.0006215040397762,ARPA-USDT,0.0316845625569045,0.0316874844224122,
2023-03-10 20:00:00,0.03216,0.03228,0.03202,0.03207,5849412,188027.1732,1750,3223635,103634.05429,-0.000623247117482,ARPA-USDT,0.0321494021048986,0.0321236222364271,
2023-03-10 21:00:00,0.03205,0.03206,0.03155,0.03196,5421862,172184.35051,1772,2805883,89088.72554,-0.0003127932436658,ARPA-USDT,0.0320584514392698,0.0320069767637428,
2023-03-10 22:00:00,0.03198,0.03234,0.0319,0.03228,4687499,150658.34523,1828,2915048,93709.9305,-0.0012376237623762,ARPA-USDT,0.0319617097848056,0.0320019627996023,
2023-03-10 23:00:00,0.03227,0.03245,0.03223,0.03235,4017729,129996.81638,1261,1971567,63777.14577,-0.0003090234857849,ARPA-USDT,0.0322786201079815,0.032304953404174,
2023-03-11 00:00:00,0.03234,0.03261,0.0323,0.03249,6102743,198076.51104,2134,3196333,103752.46135,-0.0015365703749231,ARPA-USDT,0.0323219707375979,0.0323280917777782,0.0001
2023-03-11 01:00:00,0.03249,0.0331,0.03247,0.03292,14043313,459440.48756,2738,8281816,270944.24018,-0.0009104704097117,ARPA-USDT,0.0325152949126442,0.0325406996443377,
2023-03-11 02:00:00,0.03291,0.03307,0.03258,0.03269,7333810,240405.77296,2102,3812774,125022.21187,-0.000916870415648,ARPA-USDT,0.0329259377214172,0.0329625609389788,
2023-03-11 03:00:00,0.03267,0.03268,0.03232,0.03232,4634572,150411.36824,1479,2124398,68949.68739,-0.001544640098857,ARPA-USDT,0.0326590608384486,0.0326346048330016,
2023-03-11 04:00:00,0.03232,0.03235,0.032,0.03201,4606223,148147.95931,1572,1777995,57170.70912,-0.001248049921997,ARPA-USDT,0.0323190715312045,0.0323320806567423,
2023-03-11 05:00:00,0.03202,0.03231,0.03195,0.03225,2954756,95094.28406,1333,1120611,36062.17872,-0.0009293680297398,ARPA-USDT,0.0320199850936967,0.0319998462509413,
2023-03-11 06:00:00,0.03225,0.03232,0.03179,0.03189,5252661,168242.58836,1623,2117031,67860.78285999999,0.0,ARPA-USDT,0.0322475606072649,0.0322600552515866,
2023-03-11 07:00:00,0.03189,0.03191,0.03009,0.03039,25568550,787997.49668,5634,11535484,354559.94044,-0.0016425755584755,ARPA-USDT,0.031893433858158,0.0318398829946246,
2023-03-11 08:00:00,0.03039,0.03128,0.03015,0.03095,20552777,631685.43976,4205,10698607,328887.86448,-0.000645786244753,ARPA-USDT,0.0303306352852137,0.0303408843800188,-4.041e-05
2023-03-11 09:00:00,0.03094,0.03134,0.03084,0.03108,10329659,321029.83408,2804,4561465,141627.85873,-0.0012853470437017,ARPA-USDT,0.0308707752220464,0.0309266519369678,
2023-03-11 10:00:00,0.03106,0.03118,0.03071,0.03076,4500145,139263.37967999998,1679,1787319,55318.05096,-0.000649772579597,ARPA-USDT,0.0310726378483318,0.0310784259617228,
2023-03-11 11:00:00,0.03075,0.03086,0.03049,0.03063,5243563,160826.96532,1804,2303180,70637.94918,-0.0006525285481239,ARPA-USDT,0.0307716772948214,0.0307257046289315,
2023-03-11 12:00:00,0.03063,0.03087,0.0304,0.03041,5155412,158064.17747,1921,1966339,60301.51052,-0.0019691499835904,ARPA-USDT,0.0306423856807092,0.0306772424963482,
2023-03-11 13:00:00,0.0304,0.03066,0.03024,0.03028,5140030,156642.07462,1827,2373923,72376.21797,-0.0013192612137202,ARPA-USDT,0.0304252863166829,0.0304418778754132,
2023-03-11 14:00:00,0.03026,0.03052,0.03017,0.03019,6344279,192473.02872,2439,3754434,113915.46726,-0.0013231888852133,ARPA-USDT,0.030257381217183,0.0302819824007177,
2023-03-11 15:00:00,0.03019,0.03019,0.02958,0.02967,10708003,320398.04508,3337,4657567,139437.06417,-0.0013463480309661,ARPA-USDT,0.0301601302324834,0.0301321710822956,
2023-03-11 16:00:00,0.02967,0.02998,0.0295,0.02993,7391789,219932.10071,2557,4778665,142185.78838,-0.0003340013360054,ARPA-USDT,0.029687613827004,0.0297558467688639,-3.347e-05
2023-03-11 17:00:00,0.02992,0.03033,0.02988,0.03017,5033947,151410.96666,2569,2895592,87119.28782,-0.000662471016893,ARPA-USDT,0.0299308665369605,0.0299104371223746,
2023-03-11 18:00:00,0.03019,0.03025,0.03003,0.03006,5640310,169897.09154,2737,2909146,87626.75141,-0.0003325573661456,ARPA-USDT,0.0302049562030628,0.0302058842627415,
2023-03-11 19:00:00,0.03005,0.03024,0.03001,0.03024,4356473,131193.76378,1934,2457593,74036.46438,0.0,ARPA-USDT,0.0300398748169313,0.0300784977544491,
2023-03-11 20:00:00,0.03024,0.03065,0.03018,0.03058,5712437,173514.76053,2699,3382866,102749.02981,-0.0009800718719372,ARPA-USDT,0.0302563752981359,0.0302478993417715,
2023-03-11 21:00:00,0.03057,0.03064,0.03037,0.03053,4331581,132164.99971,2135,2379371,72607.86478,-0.0003274394237066,ARPA-USDT,0.030582967945959,0.0305696633906254,
2023-03-11 22:00:00,0.03051,0.03084,0.03049,0.03065,4749149,145771.3725,1817,3046107,93505.76088,0.0003263707571801,ARPA-USDT,0.0305366249771555,0.0305174741097624,
2023-03-11 23:00:00,0.03065,0.03111,0.03061,0.03103,3978624,122695.10086,2204,2256239,69603.03452,-0.0012874155133569,ARPA-USDT,0.0306608974736406,0.0306916761532241,
2023-03-12 00:00:00,0.03103,0.03105,0.03062,0.03083,6114995,188375.55028,2037,3240624,99785.99388,-0.0006482982171798,ARPA-USDT,0.0310142009677872,0.0309245877470685,0.0001
2023-03-12 01:00:00,0.03082,0.03105,0.03072,0.03078,3592988,110955.1235,1374,2052020,63321.9563,-0.0006493506493507,ARPA-USDT,0.030850996078017,0.03088961712668,
2023-03-12 02:00:00,0.03079,0.03097,0.03057,0.03095,4068095,125154.88293,1598,2692001,82823.25748,-0.0003229974160208,ARPA-USDT,0.030793089652409,0.0307706413320509,
2023-03-12 03:00:00,0.03095,0.03112,0.03093,0.0311,3922407,121673.71146,1587,2299571,71344.01829,-0.0006426735218508,ARPA-USDT,0.0309779209047007,0.0309787052501429,
2023-03-12 04:00:00,0.0311,0.03111,0.03087,0.03111,3623002,112264.68826,1276,1783012,55254.29638,0.0,ARPA-USDT,0.0310820478367848,0.0310168338558547,
2023-03-12 05:00:00,0.03111,0.03129,0.03102,0.03102,2419247,75459.79946,1178,1489769,46473.13386,-0.0016092693916962,ARPA-USDT,0.0311221149676012,0.0311729781099056,
2023-03-12 06:00:00,0.03102,0.0312,0.031,0.03102,2102521,65408.97671,848,1066437,33172.29752,-0.0012878300064391,ARPA-USDT,0.0311457015305317,0.0311229833415161,
2023-03-12 07:00:00,0.031,0.03104,0.03081,0.03093,3919734,121274.57991,1532,1480064,45810.34917,-0.0009689922480621,ARPA-USDT,0.0309779457848578,0.0309697880034703,
2023-03-12 08:00:00,0.03092,0.03119,0.03092,0.03113,3154190,97976.80112,1411,1953596,60679.89888,-0.0006420545746388,ARPA-USDT,0.0309291609780145,0.0309497403524686,-9.08e-06
2023-03-12 09:00:00,0.03112,0.03125,0.03098,0.03099,2088105,64973.57556,811,1190318,37034.35727,-0.0006449532408899,ARPA-USDT,0.0311296845275982,0.0311596350821592,
2023-03-12 10:00:00,0.03099,0.03121,0.0309,0.03119,2521547,78251.71175,1110,1551859,48156.09621,-0.0006408202499199,ARPA-USDT,0.0309880189685468,0.0309441394794841,
2023-03-12 11:00:00,0.03118,0.03133,0.03117,0.03127,2400986,75057.80132,1231,964954,30161.84526,-0.0012775471095496,ARPA-USDT,0.0311805458858223,0.0312108495828536,
2023-03-12 12:00:00,0.03126,0.03126,0.0309,0.03103,3537618,109790.63118,1517,1420866,44076.5868,-0.0012874155133569,ARPA-USDT,0.0312178513272697,0.0311485392189499,
2023-03-12 13:00:00,0.03103,0.03125,0.03094,0.03105,2081785,64791.22603,1028,964177,30014.51839,-0.0016077170418006,ARPA-USDT,0.0310048791789641,0.0309818417810634,
2023-03-12 14:00:00,0.03105,0.0311,0.03078,0.0308,3857772,119385.35217,1622,1639326,50749.37824,-0.0016207455429496,ARPA-USDT,0.0310261615260612,0.0310175188376252,
2023-03-12 15:00:00,0.03079,0.03094,0.03063,0.03083,4675804,144101.00808,1996,2543829,78411.45806,-0.0016191709844559,ARPA-USDT,0.0308167639144263,0.0307630136386065,
2023-03-12 16:00:00,0.03083,0.03111,0.03074,0.03105,3919419,121242.07148,1923,2082478,64413.93494,-0.0003219575016097,ARPA-USDT,0.0307764805367928,0.0307860439125989,-8.15e-05
2023-03-12 17:00:00,0.03104,0.03178,0.03093,0.03167,9464026,297034.4745,2855,4321859,135505.20242,-0.0003156565656566,ARPA-USDT,0.0310731800380553,0.0311253076201928,
2023-03-12 18:00:00,0.03168,0.03225,0.03152,0.03209,13718860,437710.82658,3515,6662114,212645.32572,-0.00093399750934,ARPA-USDT,0.0317119143918401,0.0316719401626802,
2023-03-12 19:00:00,0.03209,0.03255,0.03194,0.03215,19894135,641868.00153,5133,10792327,348359.4022,-0.0012426219322773,ARPA-USDT,0.0321354629362516,0.0322090052496532,
2023-03-12 20:00:00,0.03215,0.03259,0.03189,0.03249,15648601,503252.80833,4272,8236330,264923.47883,-0.0012296341838304,ARPA-USDT,0.0320455448741046,0.0320208933910171,
2023-03-12 21:00:00,0.03249,0.03289,0.03242,0.03289,5898006,192180.40115,2254,2807672,91500.36907,0.0,ARPA-USDT,0.0325087441376452,0.032508992923185,
2023-03-12 22:00:00,0.03289,0.03373,0.03262,0.03355,17299086,576513.64508,4886,8325437,277486.68504,-0.0002979737783074,ARPA-USDT,0.0329081476375578,0.0328194962915324,
2023-03-12 23:00:00,0.03353,0.03435,0.0335,0.03432,14699555,500518.76661,3599,6330271,215342.42965,-0.0002912904165451,ARPA-USDT,0.033517595378568,0.0336520914278177,
2023-03-13 00:00:00,0.03433,0.03537,0.03432,0.03489,24220216,842721.05244,5406,11889210,413604.01632,-0.0008591065292097,ARPA-USDT,0.0344185449755428,0.034592211754945,0.0001
2023-03-13 01:00:00,0.03492,0.03516,0.03476,0.03494,5908806,206629.61623,1881,2642540,92424.53386,-0.0014289797084882,ARPA-USDT,0.0349453474529013,0.0348864200723778,
2023-03-13 02:00:00,0.03494,0.03513,0.03455,0.03474,5102048,177911.00574,1786,2416935,84280.29074,-0.0002877697841727,ARPA-USDT,0.0349730184123594,0.0350038410357281,
2023-03-13 03:00:00,0.03475,0.03492,0.03446,0.03451,4265179,147847.41217,1429,2152373,74610.88771,-0.0014467592592593,ARPA-USDT,0.0348037097824619,0.0348407044184268,
2023-03-13 04:00:00,0.03452,0.03504,0.03452,0.03488,5250373,182717.13541,2102,2884264,100347.80819,0.0,ARPA-USDT,0.0346285230773269,0.0347480213247207,
2023-03-13 05:00:00,0.03487,0.03498,0.0347,0.03471,3027779,105558.72391,1554,1477537,51516.423,-0.0002880184331798,ARPA-USDT,0.0349197424237069,0.0349042984837683,
2023-03-13 06:00:00,0.03471,0.03494,0.03443,0.03464,5829424,201703.74012,1902,2041777,70722.78885,-0.0002886002886003,ARPA-USDT,0.0347717602816669,0.0347810784856589,
2023-03-13 07:00:00,0.03465,0.03474,0.03446,0.03459,4644666,160739.41154,1818,2461284,85189.03062,-0.0002890173410403,ARPA-USDT,0.0346800051926326,0.0346222892912094,
2023-03-13 08:00:00,0.03458,0.03464,0.03376,0.03382,7451808,255228.53956,2988,3202880,109727.31446,0.0,ARPA-USDT,0.0345996427213987,0.0345555180284275,0.0001
2023-03-13 09:00:00,0.03379,0.0339,0.03288,0.03297,11832951,394983.97351,4245,5118598,171086.22686,-0.0012117540139351,ARPA-USDT,0.0338531055810314,0.0338249952289901,
2023-03-13 10:00:00,0.03297,0.0335,0.03295,0.03347,7495248,248932.71545,2555,3741300,124321.00978,-0.0008955223880597,ARPA-USDT,0.033051978879838,0.0330904365018865,
2023-03-13 11:00:00,0.03348,0.03362,0.03304,0.03325,8641512,288401.07485,2570,4071512,136090.87849,-0.0018012608826177,ARPA-USDT,0.0335187687837456,0.0335011628186733,
2023-03-13 12:00:00,0.03326,0.03357,0.03295,0.03327,12347061,411662.37869,3663,6534967,217887.13617,-0.0012008405884118,ARPA-USDT,0.0333409354281805,0.0333661049505886,
2023-03-13 13:00:00,0.03329,0.03388,0.03321,0.03377,20971050,704231.47671,5025,10531288,353602.51203,-0.0011830819284235,ARPA-USDT,0.0332426028023335,0.0333361205622327,
2023-03-13 14:00:00,0.03378,0.03524,0.03365,0.03516,21055112,727542.06425,5612,10406036,359329.91629,0.0005691519635742,ARPA-USDT,0.0337090525280846,0.0337478679907631,
2023-03-13 15:00:00,0.03516,0.03597,0.03505,0.03554,25544548,907684.97348,5878,12367978,439516.94999,0.0,ARPA-USDT,0.0350921609665918,0.0352440960650544,
2023-03-13 16:00:00,0.03554,0.03593,0.03519,0.0357,16657575,593104.30651,4618,8462366,301369.82965,-0.0005599104143336,ARPA-USDT,0.0355623357764683,0.0355614380818092,0.0001
2023-03-13 17:00:00,0.03569,0.03594,0.0354,0.03589,5890699,210490.07134,2007,2703416,96605.37816,-0.0002785515320334,ARPA-USDT,0.0357199912578326,0.035649662445781,
2023-03-13 18:00:00,0.03589,0.03609,0.03565,0.03592,6960880,249842.04304,2333,3338983,119882.56104,-0.0005564830272676,ARPA-USDT,0.0359098170760891,0.0358450543956308,
2023-03-13 19:00:00,0.03591,0.03607,0.03569,0.03582,4573023,163945.72181,1815,2209014,79194.69305,-0.000836820083682,ARPA-USDT,0.0359456457944446,0.036000568017667,
2023-03-13 20:00:00,0.03582,0.03598,0.03568,0.03588,3709208,132849.31842,1679,1802770,64574.57594,-0.0005571030640668,ARPA-USDT,0.0358661570893341,0.0359034766563001,
2023-03-13 21:00:00,0.03589,0.03603,0.03582,0.03585,3479369,124966.19374,1437,1691519,60762.12254,-0.0008361204013378,ARPA-USDT,0.0358667049780226,0.0358813769621355,
2023-03-13 22:00:00,0.03585,0.0362,0.03584,0.03618,4409202,159052.17917,1849,2196163,79238.16917,0.0002764722145423,ARPA-USDT,0.0359344171860343,0.035982941872211,
2023-03-13 23:00:00,0.03618,0.03623,0.03548,0.03602,10709246,383158.73241,3231,4881642,174843.86751,-0.0013861935126141,ARPA-USDT,0.0362064631808016,0.036143101392491,
2023-03-14 00:00:00,0.03601,0.03604,0.0356,0.03567,9799388,351431.24984,3531,5145367,184547.41323,-0.0008403361344538,ARPA-USDT,0.036002730154083,0.0358895624194798,
2023-03-14 01:00:00,0.03566,0.03593,0.03555,0.03576,5738447,205101.51172,2002,2997120,107113.56053,-0.0013962580284837,ARPA-USDT,0.0356231627192054,0.0355991108109524,
2023-03-14 02:00:00,0.03579,0.03595,0.03563,0.03567,4177007,149478.12649999998,1436,2085338,74622.60809,-0.000280269058296,ARPA-USDT,0.035834315987525,0.0358844341098425,
2023-03-14 03:00:00,0.03566,0.03591,0.0356,0.03591,3299189,117855.81298,1378,1650174,58968.10132,0.0,ARPA-USDT,0.0356888193899548,0.0357474452860232,
2023-03-14 04:00:00,0.0359,0.03596,0.03568,0.03581,3164789,113349.93843,1435,1334144,47779.14865,-0.0005581914596706,ARPA-USDT,0.0359110531383778,0.0359180297436553,
2023-03-14 05:00:00,0.03583,0.03614,0.03554,0.03571,7714749,276496.70937,2453,3761370,134822.55379,0.0,ARPA-USDT,0.035879925784431,0.0359238989657463,
2023-03-14 06:00:00,0.03571,0.03598,0.03556,0.03563,6598924,236138.97813,2547,3226038,115465.91357,-0.0011213905242499,ARPA-USDT,0.035764879929857,0.0358007261171031,
2023-03-14 07:00:00,0.03563,0.03587,0.03509,0.03516,7511204,266103.56533,2541,3233359,114625.55871,-0.0005685048322912,ARPA-USDT,0.0356867118020728,0.0357128939062605,
2023-03-14 08:00:00,0.03516,0.03541,0.03474,0.03518,9259965,324951.08525,2940,4646681,163111.4786,-0.0014192449616802,ARPA-USDT,0.0351855302113019,0.0351617449813956,
2023-03-14 09:00:00,0.03518,0.0353,0.0349,0.03528,6064738,212998.34595,2246,3086001,108423.95588,-0.0008496176720476,ARPA-USDT,0.0351546373075343,0.0350884131857054,
2023-03-14 10:00:00,0.03529,0.03548,0.03516,0.03548,4688505,165533.99079,1948,2146930,75821.48938,-0.0005633802816901,ARPA-USDT,0.0352634405707119,0.0352295279323506,
2023-03-14 11:00:00,0.03547,0.0355,0.03517,0.03532,6084323,214866.53183,2492,2759902,97430.75687,0.0,ARPA-USDT,0.0354662392786583,0.0353923422114091,
2023-03-14 12:00:00,0.03531,0.03714,0.03509,0.03707,30361387,1096519.03224,7893,15633988,565322.55227,0.0,ARPA-USDT,0.0352296024130809,0.0352192910493078,
2023-03-14 13:00:00,0.03708,0.03791,0.037,0.03774,24847823,930217.1738,7626,11946864,447286.46435,0.0005302226935315,ARPA-USDT,0.0372254149743111,0.0374273483403675,
2023-03-14 14:00:00,0.03775,0.03845,0.03742,0.03814,14148286,538685.49474,4734,7441081,283322.61791,-0.000262123197903,ARPA-USDT,0.0376803211574874,0.0375922572759186,
2023-03-14 15:00:00,0.03813,0.03884,0.03812,0.03871,16810956,647735.15497,4743,8138513,313505.11634,-0.0002582644628098,ARPA-USDT,0.0381542357206526,0.0383533477837024,
2023-03-14 16:00:00,0.03873,0.03887,0.03816,0.03885,15653479,604236.97653,4380,7218647,278598.75404,0.0002574665293513,ARPA-USDT,0.0387981585908386,0.0387355632513736,
2023-03-14 17:00:00,0.03883,0.03892,0.03826,0.03876,7034312,271303.1562,2687,3262581,125798.78503,0.0005162622612289,ARPA-USDT,0.0388895333847291,0.038868414065587,
2023-03-14 18:00:00,0.03875,0.03876,0.03761,0.03787,12276434,469999.36726,3889,5216347,199894.98097,-0.0002639915522701,ARPA-USDT,0.0387353078390294,0.0385623722717842,
2023-03-14 19:00:00,0.03788,0.03832,0.03692,0.03777,19664709,737244.37517,7060,10641041,398770.2153,-0.0002646903123346,ARPA-USDT,0.0379792217660931,0.038172162598984,
2023-03-14 20:00:00,0.03777,0.03802,0.03738,0.03753,6991112,263894.70851,2864,3344587,126208.11307,-0.0005326231691078,ARPA-USDT,0.0378704913910576,0.037908866307701,
2023-03-14 21:00:00,0.03753,0.03757,0.03652,0.03735,9198279,340363.41374,3710,4798065,177479.4486,0.0008038585209004,ARPA-USDT,0.0374847068818616,0.0374220195201768,
2023-03-14 22:00:00,0.03736,0.03761,0.03719,0.03758,5162926,193190.35019,2632,2722073,101892.29991,-0.000266028198989,ARPA-USDT,0.0373863342208098,0.0373318397868901,
2023-03-14 23:00:00,0.03757,0.0378,0.03749,0.03762,4819146,181312.45112,2296,2454991,92368.70378,-0.0002657454158915,ARPA-USDT,0.037657439841448,0.0376557897866219,
2023-03-15 00:00:00,0.03761,0.03776,0.03715,0.03766,8966723,335570.33335000003,3081,4602219,172208.29998,-0.0002654632333423,ARPA-USDT,0.0375989233622532,0.0376498592542274,0.0001
2023-03-15 01:00:00,0.03767,0.03814,0.03762,0.03792,5109193,193523.06726,2382,2290911,86776.19909,0.0002637826431022,ARPA-USDT,0.0376635402376495,0.0377200482529401,
2023-03-15 02:00:00,0.03793,0.03811,0.03776,0.03788,3942312,149450.15452,1792,1848379,70088.25154,-0.0005277044854883,ARPA-USDT,0.037922190188942,0.0379421841153176,
2023-03-15 03:00:00,0.03786,0.03803,0.03761,0.03781,6029697,228216.50066,3085,2940634,111342.4808,-0.0002644103648862,ARPA-USDT,0.0379182961965457,0.0379647806787606,
2023-03-15 04:00:00,0.0378,0.03801,0.03769,0.03789,3201753,121318.84304,1928,1419186,53769.6165,0.0,ARPA-USDT,0.0378964150254405,0.0379366639183626,
2023-03-15 05:00:00,0.03789,0.03814,0.03766,0.03775,3295374,125070.38423,1681,1838377,69804.90333,-0.0002648305084747,ARPA-USDT,0.0378742777535155,0.0379305904466264,
2023-03-15 06:00:00,0.03777,0.0378,0.03732,0.03772,4086927,153723.91703,1875,1669250,62786.84492,-0.0005299417064124,ARPA-USDT,0.0377392359109476,0.0377234664271773,
2023-03-15 07:00:00,0.03773,0.03802,0.03753,0.03802,3552458,134239.2971,2043,1538170,58125.0996,0.0002630886608785,ARPA-USDT,0.0377521274394955,0.0377306436251871,
2023-03-15 08:00:00,0.038,0.03805,0.03767,0.03777,3669621,138984.66101,1699,1511376,57265.47565,0.0,ARPA-USDT,0.0379878079597019,0.0379815604088081,0.0001
2023-03-15 09:00:00,0.03778,0.03788,0.03721,0.03738,4375937,164218.96804,1956,1949665,73130.09569,-0.0005347593582889,ARPA-USDT,0.0377856219723251,0.037796569897942,
2023-03-15 10:00:00,0.03736,0.03759,0.03702,0.03711,5153317,191923.01818,2008,2448717,91246.2478,-0.0005386479935364,ARPA-USDT,0.0373173499338719,0.0373856195535046,
2023-03-15 11:00:00,0.0371,0.03713,0.03612,0.0368,12545332,458764.57915,4915,6529582,238856.24337,-0.0008145533532446,ARPA-USDT,0.0369916675145544,0.036986580298548,
2023-03-15 12:00:00,0.03679,0.03715,0.03604,0.03664,18682904,684026.64934,5941,8013119,293374.02903,0.0002730002730002,ARPA-USDT,0.0367283571024529,0.0367332978366534,
2023-03-15 13:00:00,0.03665,0.0372,0.03641,0.03643,7864936,290132.1046,3172,4258850,157203.0322,-0.0013706140350877,ARPA-USDT,0.036589124341243,0.0366439286054246,
2023-03-15 14:00:00,0.03642,0.03671,0.0355,0.03612,9803675,353500.56272,3981,4971477,179266.95971,-0.0005534034311012,ARPA-USDT,0.0364230048515082,0.0363284599189835,
2023-03-15 15:00:00,0.03611,0.03643,0.03527,0.03564,27062398,968837.90958,8072,14693984,526111.28894,-0.0008410428931876,ARPA-USDT,0.0361144845857244,0.0360102012490841,
2023-03-15 16:00:00,0.03563,0.0363,0.03508,0.03603,50044257,1790658.79932,14342,27323242,978329.80323,-0.0038706110035942,ARPA-USDT,0.0355366684898294,0.0354437222129279,0.0001
2023-03-15 17:00:00,0.03606,0.03648,0.03519,0.03623,69771686,2502856.15947,17596,35231003,1264933.24668,-0.0027525461051473,ARPA-USDT,0.0357870822309685,0.0355528760847443,
2023-03-15 18:00:00,0.03623,0.038,0.03616,0.038,61350351,2270286.64339,14771,35054053,1298420.77924,-0.0021008403361345,ARPA-USDT,0.036204056571897,0.0361856348042756,
2023-03-15 19:00:00,0.038,0.04233,0.03769,0.04099,746705946,30221008.02119,134043,381758830,15446565.39324,-0.0186736892506584,ARPA-USDT,0.0380597824957903,0.0382235214554295,
2023-03-15 20:00:00,0.04099,0.0415,0.03946,0.03961,530926053,21405339.05184,94557,270707764,10919453.99207,-0.0010088272383353,ARPA-USDT,0.0402124416300691,0.0400864390937784,
2023-03-15 21:00:00,0.0396,0.03971,0.0382,0.03859,235097767,9133827.14396,41634,109535299,4256095.27716,-0.0015523932729624,ARPA-USDT,0.0392778740356557,0.0387328002399757,
2023-03-15 22:00:00,0.03859,0.03864,0.03737,0.03745,123718932,4706141.10619,18965,59754569,2273546.04666,-0.0013333333333334,ARPA-USDT,0.0382920220989226,0.0382403377064241,
2023-03-15 23:00:00,0.03746,0.03815,0.03715,0.03732,69883647,2629098.86506,14192,33811568,1272797.66407,-0.0008032128514057,ARPA-USDT,0.0375721336326141,0.037675517834701,
2023-03-16 00:00:00,0.03732,0.03774,0.03652,0.03687,106093038,3940865.97873,19227,50682847,1883913.42479,-0.0008130081300813,ARPA-USDT,0.0371233895879456,0.0367864202607852,-0.00278202
2023-03-16 01:00:00,0.03686,0.03727,0.03655,0.03705,43332358,1599929.75604,10145,21109191,779491.66746,-0.0005395198273536,ARPA-USDT,0.0369769862242223,0.0370274002094289,
2023-03-16 02:00:00,0.03705,0.03788,0.03705,0.03762,46681005,1750727.72764,10421,20806319,780348.35846,-0.0021220159151192,ARPA-USDT,0.0372955074911065,0.0372896970793156,
2023-03-16 03:00:00,0.03764,0.03924,0.03763,0.03915,103407045,3984110.76926,20927,54643664,2107030.49622,-0.0081074233595135,ARPA-USDT,0.0379124015793209,0.0379720939098977,
2023-03-16 04:00:00,0.03914,0.04051,0.0388,0.03911,236163975,9351815.12602,44897,124010032,4913654.43059,-0.0060991105463787,ARPA-USDT,0.0389862734602567,0.039409917580015,
2023-03-16 05:00:00,0.03911,0.04049,0.03878,0.03946,166396573,6611430.80621,29737,88596351,3520409.06884,-0.0042896795357051,ARPA-USDT,0.0389773472029031,0.0390255715061164,
2023-03-16 06:00:00,0.03946,0.0404,0.03912,0.03967,132886355,5280716.59287,20934,70494456,2801410.96933,-0.0015101938082054,ARPA-USDT,0.0392769587602381,0.0392451171263956,
2023-03-16 07:00:00,0.03966,0.04179,0.03944,0.04137,191315059,7789364.81617,33596,101085743,4117240.65129,-0.0074376199616124,ARPA-USDT,0.0397620375502693,0.0397821867436739,
2023-03-16 08:00:00,0.04137,0.0428,0.04019,0.0408,521322334,21628141.86565,72298,262981899,10916765.13564,-0.0051207022677394,ARPA-USDT,0.0414094423976419,0.0420091371457921,-0.00253501
2023-03-16 09:00:00,0.04081,0.04107,0.0398,0.04062,197781980,7991055.30896,31008,96347131,3893790.70674,-0.0029455081001471,ARPA-USDT,0.040749981477291,0.0406114034218941,
2023-03-16 10:00:00,0.04062,0.042,0.04045,0.04124,224218514,9289045.59457,37064,111651408,4625354.82571,-0.0029013539651837,ARPA-USDT,0.0407125808751908,0.0407022632303322,
2023-03-16 11:00:00,0.04123,0.0418,0.04085,0.04166,124604448,5141695.4265,23636,63046758,2602463.65982,-0.0040640688501074,ARPA-USDT,0.0414591357190568,0.0414243607032006,
2023-03-16 12:00:00,0.04166,0.04196,0.04043,0.04077,217051626,8900702.822829999,35169,109300076,4482634.75418,-0.0039091131199608,ARPA-USDT,0.0418585061369563,0.041466963180424,
2023-03-16 13:00:00,0.04076,0.04269,0.04047,0.04256,397706862,16515195.78772,60655,215091963,8937519.91126,-0.0046772684752104,ARPA-USDT,0.040676635725735,0.0409226461326348,
2023-03-16 14:00:00,0.04257,0.04299,0.0417,0.04212,507883623,21483157.83852,75230,261114599,11048721.57111,-0.0021321961620468,ARPA-USDT,0.0424870552031421,0.0425031480306351,
2023-03-16 15:00:00,0.04212,0.04279,0.04173,0.04269,307586281,12986235.83249,45786,153563232,6484927.25539,-0.005358807082945,ARPA-USDT,0.0421432611887452,0.0421261702063441,
2023-03-16 16:00:00,0.04272,0.04365,0.04213,0.04238,494166410,21117309.49493,71056,255237565,10913496.72445,-0.0065635255508672,ARPA-USDT,0.0426472465875397,0.0426103112802777,-0.00300959
2023-03-16 17:00:00,0.04238,0.04259,0.04186,0.04228,178075268,7534215.76625,30752,91056732,3853788.39168,-0.0054104916490237,ARPA-USDT,0.0424652309091315,0.0423707029174158,
2023-03-16 18:00:00,0.04229,0.04236,0.04152,0.0419,155623002,6527750.85926,26485,80122735,3361879.39611,-0.0026184241847179,ARPA-USDT,0.0423164612242795,0.0422688046830352,
2023-03-16 19:00:00,0.04191,0.04246,0.04179,0.04202,132569147,5576809.88614,26204,68430316,2879201.27771,-0.0023741690408356,ARPA-USDT,0.0418823090926046,0.0419860809042749,
2023-03-16 20:00:00,0.04202,0.04251,0.0412,0.04136,109409328,4572562.55776,22330,52902325,2211528.93206,0.0002418379685611,ARPA-USDT,0.0422199555378841,0.0422677607979769,
2023-03-16 21:00:00,0.04138,0.04166,0.04108,0.04121,82596444,3413844.32653,18123,44058560,1821310.86141,-0.0007274490785645,ARPA-USDT,0.041417690966472,0.0414852401916628,
2023-03-16 22:00:00,0.04121,0.04166,0.04119,0.04145,59767901,2478308.36304,13865,31966661,1325524.04738,-0.0014454348349794,ARPA-USDT,0.0413591712132055,0.0413981097260781,
2023-03-16 23:00:00,0.04144,0.04243,0.04142,0.04193,95510750,3998554.986,19157,51719502,2165622.93465,-0.0019043084979766,ARPA-USDT,0.0415100756047329,0.0415235660794647,
2023-03-17 00:00:00,0.04194,0.0425,0.04189,0.04213,153736592,6488947.46499,28510,77775774,3283789.03608,-0.0068363979255068,ARPA-USDT,0.0422133864995594,0.0422101715497606,-0.00134172
2023-03-17 01:00:00,0.04213,0.04339,0.04212,0.04322,174307160,7439420.40273,33571,92311097,3941797.6379,-0.0052934407364787,ARPA-USDT,0.0421942836204401,0.042349840447946,
2023-03-17 02:00:00,0.04321,0.04905,0.04295,0.04634,732007814,33889848.46778,135074,391928272,18150671.20141,-0.0079212160137016,ARPA-USDT,0.0434050301796695,0.0434611153078665,
2023-03-17 03:00:00,0.04634,0.04755,0.046,0.04635,294262938,13745825.61217,63503,148259969,6927889.42615,-0.0025823111684957,ARPA-USDT,0.0467666179734158,0.0470601693359592,
2023-03-17 04:00:00,0.04635,0.0483,0.04634,0.04769,220203749,10376244.85964,47892,117247058,5529498.5639,-0.0083177375753794,ARPA-USDT,0.046573521096292,0.0467580336465464,
2023-03-17 05:00:00,0.04769,0.048,0.04651,0.0468,199256055,9385720.20783,43553,101843117,4797679.87676,-0.0044671346522017,ARPA-USDT,0.0477155754977298,0.0477253412624887,
2023-03-17 06:00:00,0.0468,0.04745,0.04668,0.04725,161242224,7606578.99837,34622,84769947,3999864.95199,-0.0035849852382959,ARPA-USDT,0.0468470193705458,0.0471183602678387,
2023-03-17 07:00:00,0.04725,0.04849,0.04692,0.048,276755416,13192666.80709,54481,142114552,6776210.65743,-0.0047688160895708,ARPA-USDT,0.047479064784154,0.0473005420764698,
2023-03-17 08:00:00,0.04798,0.04885,0.0474,0.04759,259848001,12479040.46267,51928,129415329,6217347.34536,-0.0033507853403141,ARPA-USDT,0.0480357562383343,0.0483915264827025,-0.00368746
2023-03-17 09:00:00,0.04758,0.04831,0.04755,0.04815,158944124,7614675.69173,33204,83621714,4006947.07846,-0.0035182119205299,ARPA-USDT,0.0475988755334398,0.0477096309718161,
2023-03-17 10:00:00,0.04815,0.04939,0.04773,0.0483,262291860,12733103.426229998,54448,136075716,6609730.7442,-0.00330169211721,ARPA-USDT,0.0482880010481574,0.0481434975589303,
2023-03-17 11:00:00,0.0483,0.04864,0.04746,0.04786,189654815,9094724.09171,40612,90980552,4364365.87189,-0.002708897687018,ARPA-USDT,0.0482873392332868,0.0483360668881466,
2023-03-17 12:00:00,0.04785,0.04814,0.04652,0.04698,184232956,8708973.74907,37703,89801389,4246510.68166,-0.0025477707006369,ARPA-USDT,0.0478910764450318,0.0479353513057513,
2023-03-17 13:00:00,0.04698,0.04738,0.04682,0.04709,104514946,4921013.51072,24415,54556770,2569421.75786,-0.001272534464475,ARPA-USDT,0.0471170909447655,0.0471462908429233,
2023-03-17 14:00:00,0.04711,0.04739,0.04604,0.04645,165461850,7723585.97229,33774,82701894,3860999.86188,0.0,ARPA-USDT,0.0472117725869107,0.0472509488106276,
2023-03-17 15:00:00,0.04644,0.04742,0.04614,0.04691,149153941,6979448.5807,30591,82629463,3866950.54643,-0.0006391137622496,ARPA-USDT,0.0464620862440741,0.0464311261587679,
2023-03-17 16:00:00,0.0469,0.04796,0.04689,0.04775,128839428,6112122.7104,28175,69707070,3308052.99745,-0.0029233660471914,ARPA-USDT,0.047171330229869,0.0473468642907157,-0.00073885
2023-03-17 17:00:00,0.04774,0.04873,0.04765,0.04837,141024452,6789146.959960001,32134,75581567,3639804.11284,-0.0018572018159306,ARPA-USDT,0.0480260123595982,0.047987040490095,
2023-03-17 18:00:00,0.04837,0.04886,0.0477,0.04824,113695390,5476143.11507,26185,54667749,2633732.12807,-0.0006215040397763,ARPA-USDT,0.0485419673500433,0.0485459247157029,
2023-03-17 19:00:00,0.04823,0.04861,0.0478,0.04824,74268443,3574222.5051,18846,36830266,1773087.82837,-0.0014489753674187,ARPA-USDT,0.0482293183278581,0.0480660021060546,
2023-03-17 20:00:00,0.04825,0.04861,0.04778,0.0479,53378545,2575338.70994,14942,27555901,1329608.03838,-0.0014592453616844,ARPA-USDT,0.0484576635492884,0.0484020982859285,
2023-03-17 21:00:00,0.0479,0.04892,0.04782,0.04839,65349502,3160297.30433,19086,35092015,1696693.70771,-0.0012383900928791,ARPA-USDT,0.0478591415167176,0.0479166124357267,
2023-03-17 22:00:00,0.04839,0.04847,0.04751,0.04799,85354713,4093698.6803,20200,39447439,1892390.15534,-0.0016642396505097,ARPA-USDT,0.0484283487076641,0.0483526297844065,
2023-03-17 23:00:00,0.04799,0.0509,0.04798,0.04966,159735719,7900316.77291,37058,92941605,4596932.43625,-0.000804828973843,ARPA-USDT,0.0482578875096176,0.0483423340648027,
2023-03-18 00:00:00,0.04964,0.05097,0.04875,0.05059,105140216,5234268.92197,24629,54008275,2689800.36002,-0.000790045427612,ARPA-USDT,0.0498255310225512,0.0501590076146143,-0.00063608
2023-03-18 01:00:00,0.05061,0.05323,0.05033,0.05073,135888078,7034151.25409,35827,71726580,3713202.57836,-0.0017709563164108,ARPA-USDT,0.0505017087665043,0.0506063373033481,
2023-03-18 02:00:00,0.05072,0.052,0.05047,0.05129,56814401,2907970.27918,15301,27915043,1429164.42452,-0.0015573291804554,ARPA-USDT,0.0506598739901952,0.0506148104859277,
2023-03-18 03:00:00,0.05128,0.05399,0.05114,0.05345,90036825,4768720.32888,23764,46807943,2480339.5398,-0.0018674136321196,ARPA-USDT,0.0512681537394154,0.0515030439302953,
2023-03-18 04:00:00,0.05345,0.05397,0.05187,0.05213,68223775,3616371.89011,17450,31381330,1663181.64606,-0.0011496455259627,ARPA-USDT,0.0534433152790499,0.0537640481622391,
2023-03-18 05:00:00,0.05213,0.05266,0.05191,0.05218,28972056,1513680.63227,8666,14728441,769610.81739,-0.0007659900421295,ARPA-USDT,0.05209921458496,0.0520708291544381,
2023-03-18 06:00:00,0.05218,0.05296,0.05218,0.0529,29365649,1545557.25843,9074,14155296,744867.23503,-0.0013215027373985,ARPA-USDT,0.0522723877246667,0.0525069118540102,
2023-03-18 07:00:00,0.05289,0.06656,0.05281,0.06474,691890551,43237516.08471,168878,373002006,23263815.71936,-0.0072074835147982,ARPA-USDT,0.0530146032291041,0.0529489310092074,
2023-03-18 08:00:00,0.06474,0.06899,0.06333,0.06552,1051570557,69840231.84514,267938,530713599,35272939.67282,-0.0015239256324292,ARPA-USDT,0.0659345059290843,0.0665623529716093,-0.00042377
2023-03-18 09:00:00,0.06549,0.06713,0.06366,0.06426,425951768,27784844.80752,107075,210787438,13757993.29388,0.0003113325031132,ARPA-USDT,0.0657044050357681,0.0655593737971809,
2023-03-18 10:00:00,0.06425,0.06571,0.05858,0.05944,608050439,37280421.60974,137654,288280247,17670637.00235,0.0013477088948785,ARPA-USDT,0.0645225379492904,0.0646394861099357,
2023-03-18 11:00:00,0.05941,0.05959,0.05728,0.05761,329586719,19172248.0289,69904,172496104,10039694.80792,0.0017388280299079,ARPA-USDT,0.058940488564418,0.0586716408255934,
2023-03-18 12:00:00,0.05761,0.05761,0.05602,0.05619,271232817,15379835.51037,63215,135298749,7674305.88106,0.0012473271560939,ARPA-USDT,0.0572718311717831,0.0569060446332363,
2023-03-18 13:00:00,0.0562,0.05828,0.05619,0.05657,196689128,11210352.24954,43168,101705606,5797110.96668,0.0003536693191865,ARPA-USDT,0.0563205763454909,0.0563971462415697,
2023-03-18 14:00:00,0.05656,0.0566,0.05501,0.05596,152493869,8497113.89053,38649,70903033,3951663.07893,-0.0010710460549803,ARPA-USDT,0.0562993774601581,0.0563662419381049,
2023-03-18 15:00:00,0.05596,0.05601,0.05338,0.05442,158093284,8649573.34033,33634,72214791,3951118.72153,0.0003676470588236,ARPA-USDT,0.0558597742981969,0.0556455379493067,
2023-03-18 16:00:00,0.05444,0.05457,0.05236,0.0532,182875267,9774777.79778,35329,92537793,4946504.82952,0.0,ARPA-USDT,0.0542241342800558,0.0539905138663126,0.0001
2023-03-18 17:00:00,0.05319,0.05418,0.0527,0.05332,84125004,4485427.0706,20452,40968989,2185414.99181,0.0,ARPA-USDT,0.0531228821386265,0.0532684991469005,
2023-03-18 18:00:00,0.05331,0.05512,0.0529,0.05402,105828990,5722602.34736,24583,54778031,2962002.87174,0.0003703703703703,ARPA-USDT,0.0531929073707933,0.0531053484628539,
2023-03-18 19:00:00,0.05401,0.05449,0.05334,0.05383,58799524,3169704.04202,15756,29218641,1576326.13517,-0.0001857355126299,ARPA-USDT,0.0539285382361681,0.0538670932123445,
2023-03-18 20:00:00,0.05384,0.05409,0.05332,0.05341,40912507,2195046.10968,12820,19649641,1054382.80906,-0.0007483629560336,ARPA-USDT,0.0538904132088984,0.0537827851890506,
2023-03-18 21:00:00,0.05341,0.05375,0.05239,0.05244,37038749,1969334.57126,11657,16251313,865510.59256,-0.0011428571428571,ARPA-USDT,0.0534970674363696,0.0535802891911675,
2023-03-18 22:00:00,0.05244,0.0533,0.0522,0.0524,59086873,3118771.1263,14930,31748711,1676808.20237,0.0,ARPA-USDT,0.0528287321400722,0.0529122421182497,
2023-03-18 23:00:00,0.05241,0.05242,0.05094,0.05147,76392441,3952921.64882,19551,35298914,1827839.32657,-0.0003884249368809,ARPA-USDT,0.0523399683540176,0.0522855200745051,
2023-03-19 00:00:00,0.05148,0.05288,0.05148,0.05237,85008649,4452294.93034,18131,44380616,2323206.10268,0.0001909854851032,ARPA-USDT,0.0516463607781702,0.0519933202258478,0.0001
2023-03-19 01:00:00,0.05237,0.0527,0.05181,0.05257,45830703,2395289.9437,11693,22962248,1200739.97031,-0.0005703422053232,ARPA-USDT,0.0523914319292707,0.0524689695642181,
2023-03-19 02:00:00,0.05257,0.05262,0.05185,0.05201,35978963,1879554.2071,9658,16480223,860966.97792,-0.0003843936190659,ARPA-USDT,0.0524932092816417,0.0523761531206379,
2023-03-19 03:00:00,0.05202,0.05268,0.052,0.05259,26652537,1394701.38877,7976,14812921,775360.48448,0.0,ARPA-USDT,0.0521146033050384,0.0520632514053858,
2023-03-19 04:00:00,0.05259,0.05291,0.05126,0.05139,60901044,3159587.43425,12369,24046093,1248664.55518,0.0013639906469213,ARPA-USDT,0.0526403250034807,0.0527558309638224,
2023-03-19 05:00:00,0.05139,0.05166,0.05086,0.05106,41782619,2142631.21857,10006,17072373,875877.34087,0.0005878894767783,ARPA-USDT,0.0515373837935106,0.0515279250430163,
2023-03-19 06:00:00,0.05106,0.05144,0.0507,0.05086,46959506,2398575.40939,11600,21607329,1104282.28285,0.0,ARPA-USDT,0.0512305188817445,0.0513337858949123,
2023-03-19 07:00:00,0.05088,0.05088,0.05038,0.05072,46609958,2359614.42838,12353,22152624,1121791.3521,0.0001971997633603,ARPA-USDT,0.0508017725635083,0.0507238875618284,
2023-03-19 08:00:00,0.05071,0.05094,0.04978,0.04998,94322743,4734615.04216,22193,43885810,2203380.60098,0.0,ARPA-USDT,0.0506277146929803,0.0507564221093777,0.0001
2023-03-19 09:00:00,0.04997,0.05024,0.04957,0.0498,61921839,3088509.35262,16676,30926400,1543086.54041,0.0,ARPA-USDT,0.0497874582350805,0.0498537331829842,
2023-03-19 10:00:00,0.04981,0.04991,0.049,0.04904,68680886,3397097.78634,17216,32082048,1587831.73768,-0.000203873598369,ARPA-USDT,0.049832881252252,0.0498283538102515,
2023-03-19 11:00:00,0.04904,0.0494,0.04865,0.04917,75896801,3722420.50401,18526,36733298,1802358.20736,0.0002034174125304,ARPA-USDT,0.0490413527518678,0.049032541725562,
2023-03-19 12:00:00,0.04917,0.05012,0.04896,0.0491,93370653,4624864.94412,17729,48800403,2418272.83829,0.0,ARPA-USDT,0.0491547525943194,0.0492948521322944,
2023-03-19 13:00:00,0.0491,0.04985,0.04884,0.04945,56929974,2810475.65572,11445,27600371,1362960.84276,0.0,ARPA-USDT,0.0490517193228211,0.0491268819694597,
2023-03-19 14:00:00,0.04945,0.04967,0.04895,0.04921,44545241,2193602.84201,9865,21644317,1066438.91998,-0.0010150223304913,ARPA-USDT,0.0493744462395227,0.0495156514065029,
2023-03-19 15:00:00,0.04921,0.04982,0.0491,0.04934,64120432,3169385.7094,13651,32254621,1594203.74366,-0.0008100445524503,ARPA-USDT,0.049207244787496,0.0493243820786685,
2023-03-19 16:00:00,0.04931,0.05037,0.04914,0.04975,98695251,4915060.53759,18615,49899409,2484890.94303,-0.0014050582095543,ARPA-USDT,0.0492715879909301,0.0492875918760701,0.0001
2023-03-19 17:00:00,0.04975,0.04982,0.04904,0.04962,68504692,3389039.82436,13856,35854180,1773966.13694,-0.0006042296072508,ARPA-USDT,0.0497355189781543,0.0495855554389181,
2023-03-19 18:00:00,0.04963,0.05022,0.04935,0.05021,46655659,2325031.73904,10155,23359749,1164251.96335,-0.0003981684252438,ARPA-USDT,0.0495093232503779,0.0494698270781074,
2023-03-19 19:00:00,0.05022,0.05039,0.04963,0.04975,62227936,3116202.24768,11507,28872672,1446075.57023,-0.0010040160642569,ARPA-USDT,0.0501242576671946,0.0501018966216575,
2023-03-19 20:00:00,0.04976,0.05006,0.04823,0.04915,87227448,4300472.15871,17403,40197441,1984516.3238,0.0008144980655671,ARPA-USDT,0.0497177756012728,0.0498331275186082,
2023-03-19 21:00:00,0.04916,0.04972,0.04896,0.04921,44616853,2201741.14577,10175,22448726,1107785.64294,0.0010170870626524,ARPA-USDT,0.0491656954762436,0.049204720205498,
2023-03-19 22:00:00,0.04921,0.04996,0.04915,0.04969,36768616,1822393.96048,9071,18986660,941279.96084,-0.0012060301507538,ARPA-USDT,0.0492097347343409,0.0493513977431409,
2023-03-19 23:00:00,0.0497,0.04997,0.04875,0.04898,29118829,1441512.03938,7795,13141431,651123.4567,0.0,ARPA-USDT,0.0496418800534691,0.04980356942721,
2023-03-20 00:00:00,0.049,0.04931,0.04807,0.04872,67427273,3278657.27076,13983,31968857,1554687.71775,0.0002052966536645,ARPA-USDT,0.0490908622901355,0.0491507305702665,0.0001
2023-03-20 01:00:00,0.04872,0.05005,0.04868,0.04959,53573289,2657715.19229,11455,26458699,1312355.52759,-0.0002016129032257,ARPA-USDT,0.0489190910025,0.0491086427476216,
2023-03-20 02:00:00,0.04958,0.05084,0.04941,0.05076,47201407,2363035.25887,11141,26181548,1311269.91514,0.0,ARPA-USDT,0.0496471227348205,0.0496498643874766,
2023-03-20 03:00:00,0.05076,0.05076,0.04859,0.04959,76799432,3807371.34036,17918,37272922,1847700.27681,0.0,ARPA-USDT,0.0504722880076005,0.0504204398299479,
2023-03-20 04:00:00,0.04959,0.05053,0.04805,0.04828,81571674,4020797.88671,17774,38084516,1878670.23507,-0.0012412081092262,ARPA-USDT,0.0496105782192175,0.0496013512038492,
2023-03-20 05:00:00,0.04829,0.04971,0.04822,0.04845,64126048,3142768.55169,14062,32414042,1587765.53622,0.0,ARPA-USDT,0.0484761639477518,0.0489926809626786,
2023-03-20 06:00:00,0.04844,0.04924,0.04842,0.04876,38595970,1885636.88232,9301,19378063,946479.74579,-0.0002050440844781,ARPA-USDT,0.0485382148559471,0.048747797679606,
2023-03-20 07:00:00,0.04876,0.0495,0.04838,0.04932,49692517,2428819.93187,11392,23063592,1127498.74966,-0.0004053506282934,ARPA-USDT,0.0486181902388049,0.0485810829207683,
2023-03-20 08:00:00,0.04932,0.04958,0.04831,0.04896,53593861,2617128.64142,11413,25319533,1235342.23274,0.0008176614881438,ARPA-USDT,0.0495109627104247,0.049435013319224,0.0001
2023-03-20 09:00:00,0.04897,0.04905,0.04807,0.04823,36114578,1747552.55209,10301,16779591,811772.88203,-0.0014492753623188,ARPA-USDT,0.0489755652445211,0.0487898955417149,
2023-03-20 10:00:00,0.04823,0.04851,0.04758,0.04765,44396751,2126818.48295,11755,19906469,954053.84069,0.0,ARPA-USDT,0.0482092108266242,0.0482398807277931,
2023-03-20 11:00:00,0.04765,0.04807,0.04723,0.04738,27705423,1319914.87007,8040,12517125,596515.38494,-0.0010541851149061,ARPA-USDT,0.0477076240721269,0.047670736606582,
2023-03-20 12:00:00,0.04738,0.04773,0.04706,0.04766,33285370,1575612.01155,8686,16383165,775904.81452,-0.0006290626965821,ARPA-USDT,0.0473249642989946,0.0472422140974789,
2023-03-20 13:00:00,0.04767,0.04808,0.04719,0.04795,39954590,1905291.90644,10338,19667110,938200.52891,0.0,ARPA-USDT,0.0474848407251785,0.0474187105687682,
2023-03-20 14:00:00,0.04795,0.04842,0.04742,0.04828,32677319,1566519.51025,10179,16002147,767351.23327,0.000621761658031,ARPA-USDT,0.0480079751148324,0.0481549667172315,
2023-03-20 15:00:00,0.04828,0.0483,0.04745,0.04752,22568154,1081923.28014,6722,10303000,493874.81763,-0.0002103934357248,ARPA-USDT,0.0482312374510305,0.0481097720503812,
2023-03-20 16:00:00,0.04752,0.04786,0.04657,0.04666,41935936,1982036.75835,11511,18407106,870514.17442,0.0,ARPA-USDT,0.047542036195541,0.047617851645478,0.0001
2023-03-20 17:00:00,0.04666,0.04707,0.04625,0.04642,43408280,2027904.92584,10943,19285500,901555.54801,-0.0002153779883694,ARPA-USDT,0.0467256386512409,0.0465388943861675,
2023-03-20 18:00:00,0.04641,0.04671,0.04583,0.04636,54358047,2514117.83812,13073,24524230,1134876.31005,0.0,ARPA-USDT,0.0462988057746343,0.0461900204067995,
2023-03-20 19:00:00,0.04635,0.04635,0.0453,0.04585,49929869,2287840.37304,11782,23666032,1085091.22606,0.0,ARPA-USDT,0.0462224653446249,0.0461527804003985,
2023-03-20 20:00:00,0.04585,0.04668,0.04583,0.04619,27916193,1292311.12792,8167,14905618,689969.61456,-0.0008652390222798,ARPA-USDT,0.0459132562203416,0.046102298648972,
2023-03-20 21:00:00,0.04619,0.04645,0.04562,0.04595,13875759,638555.49059,4901,6255220,287895.61304,0.0004354452427606,ARPA-USDT,0.0462060124128935,0.0463244773415036,
2023-03-20 22:00:00,0.04594,0.04601,0.04559,0.04571,17263623,790692.4482,5252,7981080,365530.88213,0.0002188183807441,ARPA-USDT,0.045985679450853,0.0458688034564325,
2023-03-20 23:00:00,0.0457,0.04591,0.04514,0.04536,25773982,1170854.23327,6947,12232384,555953.41117,0.0,ARPA-USDT,0.0456264499275433,0.0457210806034373,
2023-03-21 00:00:00,0.04536,0.0461,0.04536,0.04559,33198441,1517780.95834,8539,17401927,795496.94871,-0.000219298245614,ARPA-USDT,0.0454329982362008,0.045566975102835,0.0001
2023-03-21 01:00:00,0.04559,0.04564,0.0447,0.04535,34432204,1553749.92207,8540,14277717,644166.1631,0.0,ARPA-USDT,0.0455943295372509,0.0455042258804628,
2023-03-21 02:00:00,0.04532,0.04562,0.0451,0.0452,23462801,1064374.97796,6174,12652188,573757.30688,0.000221287895552,ARPA-USDT,0.0452216644052454,0.045408962309418,
2023-03-21 03:00:00,0.04519,0.04561,0.04516,0.04547,17097609,776764.96903,6065,8892868,404067.17247,-0.0002198768689534,ARPA-USDT,0.0452946120932109,0.0452856425970369,
2023-03-21 04:00:00,0.04546,0.04571,0.04489,0.04527,24431323,1105753.32002,6478,13036151,590242.4602,-0.0004415985868845,ARPA-USDT,0.045478375695568,0.0454976500640734,
2023-03-21 05:00:00,0.04524,0.0454,0.04463,0.04488,22140820,996141.2222,6366,11373441,511658.34064,-0.0002227667631988,ARPA-USDT,0.0453511575835442,0.045231529822684,
2023-03-21 06:00:00,0.04489,0.04516,0.04458,0.04461,14564764,653411.21899,5363,6753805,303184.01401,-0.0004481290611697,ARPA-USDT,0.0448551760368,0.0448189223582725,
2023-03-21 07:00:00,0.04461,0.04468,0.04369,0.04421,49725054,2194177.10394,13428,23621175,1042645.09252,-0.0002261420171868,ARPA-USDT,0.0445504525999496,0.0446101698248105,
2023-03-21 08:00:00,0.04422,0.04443,0.0435,0.0442,30226271,1330429.9634,9156,15097105,664528.39631,-0.0011299435028246,ARPA-USDT,0.0440749267208632,0.0441026850911937,0.0001
2023-03-21 09:00:00,0.0442,0.04498,0.0441,0.04477,34894091,1553424.83711,9563,18396955,819126.02362,-0.0006696428571428,ARPA-USDT,0.0442336730393144,0.0441887945451107,
2023-03-21 10:00:00,0.04476,0.04527,0.04437,0.04501,31866326,1430420.70123,10980,15448631,693571.4364,-0.0004441483455474,ARPA-USDT,0.0445622081801027,0.0445387888936604,
2023-03-21 11:00:00,0.04501,0.04522,0.04465,0.04509,17957156,806266.64825,6041,8393701,376866.83062,-0.0006648936170213,ARPA-USDT,0.044923719236652,0.0449627736568612,
2023-03-21 12:00:00,0.04508,0.04598,0.04487,0.04587,48385862,2194552.22212,12347,22209469,1008242.73885,-0.0006535947712418,ARPA-USDT,0.0449881059581815,0.0450244033796776,
2023-03-21 13:00:00,0.04588,0.04608,0.04532,0.04576,42039088,1922033.93955,9993,21295185,973911.36403,0.0,ARPA-USDT,0.0459803117298935,0.0458141871294049,
2023-03-21 14:00:00,0.04577,0.04614,0.04478,0.04489,52470127,2379628.1742,11944,25060144,1137159.06457,-0.0006678539626002,ARPA-USDT,0.0458911751504718,0.0459015214050528,
2023-03-21 15:00:00,0.0449,0.04579,0.0449,0.04548,30934731,1404172.32216,8441,16306932,740019.45878,-0.001536772777168,ARPA-USDT,0.0450720793107678,0.0450507370802188,
2023-03-21 16:00:00,0.0455,0.04612,0.04527,0.04575,33561793,1535953.67881,9253,16378182,749709.28898,0.0,ARPA-USDT,0.045462646330161,0.0454473037461236,0.0001
2023-03-21 17:00:00,0.04573,0.04582,0.04503,0.0455,28461764,1295634.56985,7697,13511613,614979.89642,-0.0008783487044355,ARPA-USDT,0.045710815455072,0.0456607248792076,
2023-03-21 18:00:00,0.0455,0.04553,0.04468,0.045,22885399,1030221.81355,6734,9799305,441211.00747,-0.0004442470013327,ARPA-USDT,0.0454481210941436,0.0453964261703698,
2023-03-21 19:00:00,0.04501,0.04619,0.04494,0.04548,40124688,1831661.70674,9899,20075289,916551.31422,0.0,ARPA-USDT,0.0450060768619147,0.0449823087992525,
2023-03-21 20:00:00,0.04548,0.04594,0.04544,0.04557,20015601,913643.35594,6722,10327977,471423.20159,0.000219490781387,ARPA-USDT,0.0456190323321259,0.0455972741435213,
2023-03-21 21:00:00,0.04556,0.04569,0.04516,0.04538,14785050,671962.07215,5055,6918815,314427.92206,-0.0008806693086746,ARPA-USDT,0.0455964437132155,0.0456157175750203,
2023-03-21 22:00:00,0.04537,0.04545,0.0447,0.04512,14986384,674868.08219,4621,6430314,289643.88204,-0.0008857395925597,ARPA-USDT,0.0454111540359418,0.0453265519266829,
2023-03-21 23:00:00,0.04512,0.04564,0.04508,0.04547,11767208,533362.49434,4100,6191583,280681.63962000003,-0.0002198768689534,ARPA-USDT,0.0451880337262487,0.0451670561380404,
2023-03-22 00:00:00,0.04547,0.04548,0.04426,0.0444,22874029,1022832.13823,5877,10289723,460252.27012,-0.0006752194463199,ARPA-USDT,0.0454463819449842,0.0453991513840653,0.0001
2023-03-22 01:00:00,0.04441,0.04482,0.04412,0.04477,18069037,803037.73223,5247,8547479,380009.09856,-0.00111557340473,ARPA-USDT,0.0443403066050492,0.0442476035135595,
2023-03-22 02:00:00,0.04478,0.04504,0.04462,0.04474,13004307,583158.54668,4502,6610857,296460.75363,-0.0008932559178204,ARPA-USDT,0.044766494406191,0.0447932110255638,
2023-03-22 03:00:00,0.04475,0.04525,0.04473,0.04485,12058783,542483.74192,4237,6214474,279513.93469,-0.0004457321149988,ARPA-USDT,0.0448376231868773,0.0448135127315073,
2023-03-22 04:00:00,0.04484,0.04491,0.04458,0.04479,8926885,399737.84912,3380,4058969,181762.61981,0.0,ARPA-USDT,0.0448452218198657,0.0448691634239216,
2023-03-22 05:00:00,0.0448,0.04515,0.04464,0.04503,12870791,578058.7786900001,4116,6162205,276895.02239,-0.0008875083203904,ARPA-USDT,0.0448105149915614,0.0447436140342251,
2023-03-22 06:00:00,0.04501,0.04512,0.04474,0.04501,14890509,668886.32175,4160,6672384,299738.07719,-0.0004441483455474,ARPA-USDT,0.0450409825244819,0.045001366745152,
2023-03-22 07:00:00,0.04501,0.04533,0.04443,0.04459,18912264,847856.92188,5646,8814454,395083.48781,-0.0004483299708585,ARPA-USDT,0.0449887755803575,0.0450409025320727,
2023-03-22 08:00:00,0.04459,0.04477,0.04393,0.04396,20836032,923519.76266,6180,9309525,412363.92563,-0.0004547521600727,ARPA-USDT,0.0445304717617114,0.0444885980113304,0.0001
2023-03-22 09:00:00,0.04396,0.04403,0.04353,0.04378,17753120,778585.72152,5710,8366748,366999.81348,-0.0004566210045662,ARPA-USDT,0.0438251455693534,0.0438989051985678,
2023-03-22 10:00:00,0.04377,0.04417,0.04362,0.04386,18024134,791720.75456,4900,9445315,414825.73331,-0.0006835269993163,ARPA-USDT,0.0437488357732219,0.0438568054895832,
2023-03-22 11:00:00,0.04385,0.04407,0.04327,0.04346,23452285,1023134.85179,6123,9964853,434882.32965,0.0,ARPA-USDT,0.0438730141894188,0.0439310832635246,
2023-03-22 12:00:00,0.04346,0.04371,0.04311,0.04331,29019611,1260040.85935,7139,15906930,690802.72876,0.0,ARPA-USDT,0.0434074255429654,0.0433777326328954,
2023-03-22 13:00:00,0.0433,0.04373,0.04307,0.04332,20009361,868119.62055,6092,9957548,432044.2665,-0.0006920415224913,ARPA-USDT,0.0432873936827884,0.0432824186475043,
2023-03-22 14:00:00,0.04332,0.04427,0.04319,0.04399,33629322,1471318.28812,8946,16406407,717570.6585,0.0,ARPA-USDT,0.0432727506577683,0.0432551215854461,
2023-03-22 15:00:00,0.04398,0.04477,0.04355,0.04382,38026680,1682097.27541,11933,18926292,837461.70419,0.0,ARPA-USDT,0.0440334197766809,0.0440708899133351,
2023-03-22 16:00:00,0.04382,0.0441,0.04306,0.04392,30477743,1329614.00886,9440,15177822,662232.12233,0.0,ARPA-USDT,0.0437712267521145,0.0436912213124063,0.0001
2023-03-22 17:00:00,0.04393,0.0441,0.04302,0.04387,35168064,1532395.79167,9573,17162907,747875.95984,-0.0004556846662109,ARPA-USDT,0.0438496876708484,0.0437439673425696,
2023-03-22 18:00:00,0.04387,0.0451,0.04355,0.04446,89347220,3968466.66828,19674,45509222,2021966.05948,-0.0002248706993479,ARPA-USDT,0.0441427443055556,0.0441527160112363,
2023-03-22 19:00:00,0.04446,0.04455,0.04115,0.04128,120265129,5160821.40436,27044,55499647,2383331.75901,0.0002423067603585,ARPA-USDT,0.0444789830636123,0.0442117961852297,
2023-03-22 20:00:00,0.04125,0.04322,0.0411,0.04301,50842574,2145740.46763,13124,28105272,1186103.41662,-0.0011611704598235,ARPA-USDT,0.041252162750653,0.0414745652441341,
2023-03-22 21:00:00,0.04302,0.04415,0.04302,0.04335,25845076,1126892.46187,7953,12092353,527166.2985,-0.0009218713989398,ARPA-USDT,0.0431686632797379,0.0433473228648716,
2023-03-22 22:00:00,0.04334,0.04382,0.04321,0.04365,16874359,732860.42582,5427,8493259,368835.34463,-0.0002290426019239,ARPA-USDT,0.0433792184531057,0.0434789693479926,
2023-03-22 23:00:00,0.04365,0.04384,0.04334,0.04356,18682474,814260.3189899999,4902,8836437,385013.14542,-0.0011465260261408,ARPA-USDT,0.0436855565320379,0.0437381373636652,
2023-03-23 00:00:00,0.04357,0.04449,0.04356,0.04384,29567512,1302845.27525,7738,16538566,728495.54774,-0.0006838386140871,ARPA-USDT,0.0436887515005735,0.0438329146885516,0.0001
2023-03-23 01:00:00,0.04384,0.0444,0.0435,0.04353,32862994,1444159.29101,7233,15359198,674695.93657,-0.0009180628873077,ARPA-USDT,0.0441641957312772,0.0441880034373108,
2023-03-23 02:00:00,0.04351,0.04397,0.04346,0.04353,20299046,886027.70828,4039,10922068,476521.58726,-0.000459242250287,ARPA-USDT,0.0435750168073481,0.0436615009327305,
2023-03-23 03:00:00,0.04353,0.04371,0.04329,0.04329,9348888,407154.38522,2694,4329116,188581.26063,-0.0009231479344564,ARPA-USDT,0.0436636445939696,0.0436833890368321,
2023-03-23 04:00:00,0.04329,0.04348,0.04295,0.04322,10931601,472964.60647,3330,4962358,214716.64869,-0.0009246417013406,ARPA-USDT,0.0433362008901598,0.0434045673192107,
2023-03-23 05:00:00,0.04323,0.04371,0.0431,0.04368,12705815,551864.25963,3352,6978363,303105.99015,-0.0002288853284505,ARPA-USDT,0.0431434868306495,0.0431589885344323,
2023-03-23 06:00:00,0.04368,0.04401,0.04356,0.04368,13489868,590825.24849,3106,6382347,279327.97851,-0.0002288853284505,ARPA-USDT,0.0437122894792973,0.043740656767735,
2023-03-23 07:00:00,0.04367,0.04377,0.04333,0.04364,9569695,416554.83316,2777,4353040,189434.94704,-0.0009157509157509,ARPA-USDT,0.0435106645183665,0.0435655975245092,
2023-03-23 08:00:00,0.04364,0.04385,0.04315,0.04318,11238366,488579.90922,2819,5170017,224902.95551,-0.0009254974548819,ARPA-USDT,0.0436498966522226,0.0437369489071926,0.0001
2023-03-23 09:00:00,0.04318,0.04337,0.04303,0.04334,8892557,384156.00684,2724,4910339,212160.58954,-0.0009220839096358,ARPA-USDT,0.0431730594267974,0.0431818248986584,
2023-03-23 10:00:00,0.04333,0.0436,0.04322,0.04344,8835714,383836.37852,2445,4190492,181968.67135,-0.0009199632014719,ARPA-USDT,0.0432637827439595,0.0433169141800847,
2023-03-23 11:00:00,0.04343,0.04344,0.04283,0.04311,10272435,442056.00618,3561,5254074,226062.21521,-0.0004637143519591,ARPA-USDT,0.0433918458626768,0.0433183044026134,
2023-03-23 12:00:00,0.0431,0.04313,0.04272,0.04277,8835749,379127.6824,3064,4161542,178560.58369,-0.0004673989249824,ARPA-USDT,0.0431112848068072,0.0430304176324137,
2023-03-23 13:00:00,0.04278,0.04281,0.04217,0.04233,14515018,616171.90643,4360,6847650,290712.63452,-0.0002361832782239,ARPA-USDT,0.0427864880449277,0.0426828704927968,
2023-03-23 14:00:00,0.04233,0.04323,0.04223,0.0432,14376623,613334.68747,4494,7127903,304065.81585,-0.0009250693802034,ARPA-USDT,0.0423396672169879,0.0423480791214555,
2023-03-23 15:00:00,0.04321,0.04412,0.04321,0.04383,38304350,1674137.83357,9780,18735264,819082.74005,-0.0006839945280437,ARPA-USDT,0.0433863907637855,0.0434950253649295,
2023-03-23 16:00:00,0.04383,0.04392,0.04345,0.04368,12679079,554050.67108,3811,5318544,232458.17232,0.0,ARPA-USDT,0.0438352216149496,0.0437746795968736,1.627e-05
2023-03-23 17:00:00,0.04368,0.04412,0.04347,0.04369,18192233,796296.3266,4838,10335344,452421.28605,0.0002289377289377,ARPA-USDT,0.0437255254122266,0.0438046993944036,
2023-03-23 18:00:00,0.04366,0.04366,0.04236,0.04266,18887316,812255.16131,5336,8566905,367997.11089,0.000234466588511,ARPA-USDT,0.0435894672056137,0.0434952288254803,
2023-03-23 19:00:00,0.04266,0.04331,0.04246,0.0432,15155208,649865.10669,4706,7816355,335026.99248,-0.000462748727441,ARPA-USDT,0.0427421631180187,0.0426474644929854,
2023-03-23 20:00:00,0.04318,0.04319,0.04281,0.04295,9132944,392427.35338,2927,4456060,191455.30429,0.0,ARPA-USDT,0.0431175994193632,0.0430354151778515,
2023-03-23 21:00:00,0.04293,0.04301,0.04263,0.04298,8565015,367050.70833,2674,4450199,190707.75711,0.0002327205026761,ARPA-USDT,0.0429574576280955,0.0429195290174347,
2023-03-23 22:00:00,0.04298,0.0432,0.04294,0.04309,8109212,349201.61037,2545,4179598,180014.86711,0.0006967022758941,ARPA-USDT,0.0429608450332,0.0430098124232824,
2023-03-23 23:00:00,0.04309,0.04363,0.04301,0.04353,8867588,384887.32801,3018,4747452,206034.47456,-0.000459242250287,ARPA-USDT,0.0430323130923573,0.0431094260539378,
2023-03-24 00:00:00,0.04353,0.04367,0.04322,0.04332,10067827,437590.28036,3328,4062888,176638.91264,0.0002308935580697,ARPA-USDT,0.0434674375298237,0.0435294527116102,0.0001
2023-03-24 01:00:00,0.0433,0.04414,0.04306,0.04378,19288672,842816.70436,5396,10677370,466612.19442,0.0002284669865204,ARPA-USDT,0.0432815700670345,0.0432343176857322,
2023-03-24 02:00:00,0.04378,0.04412,0.0434,0.04346,16002292,700140.35762,4012,8532473,373327.543,-0.0004599816007359,ARPA-USDT,0.0437338883926913,0.0438618843458675,
2023-03-24 03:00:00,0.04347,0.04383,0.04334,0.04354,9812445,427624.62545,3587,5021185,218782.03775,-0.0002296211251434,ARPA-USDT,0.043455527704404,0.0434070976814177,
2023-03-24 04:00:00,0.04353,0.04387,0.04334,0.04347,13328800,581310.5673,4030,7061889,307906.65943,-0.0004598758335249,ARPA-USDT,0.0434078983710967,0.0435306013182139,
2023-03-24 05:00:00,0.04347,0.04399,0.04321,0.04356,22335016,975107.08376,5221,10468829,457143.94261,0.0,ARPA-USDT,0.0433212960354707,0.0434294978771339,
2023-03-24 06:00:00,0.04356,0.04373,0.04338,0.04347,11085978,482680.56816,3421,4436485,193180.57144,0.0,ARPA-USDT,0.043511113718076,0.04353500945524,
2023-03-24 07:00:00,0.04346,0.04361,0.0432,0.04331,8658908,375838.59922,3847,3719740,161499.50011,-0.0006922011998152,ARPA-USDT,0.0433931126428962,0.0434103589278304,
2023-03-24 08:00:00,0.04331,0.04337,0.0419,0.0421,24059608,1023200.21425,9113,9893746,420653.51982,-0.0007120816520295,ARPA-USDT,0.04333318261337,0.0432574259858993,0.0001
2023-03-24 09:00:00,0.04209,0.04239,0.0416,0.04163,22404042,940818.41725,7342,10222081,429497.7501,-0.000240153698367,ARPA-USDT,0.0419704151477062,0.0420300714863488,
2023-03-24 10:00:00,0.04163,0.04183,0.04135,0.04155,16774932,697642.0607799999,6006,8629048,358904.81385,-0.0004811161895599,ARPA-USDT,0.0416022173396405,0.0415975595234455,
2023-03-24 11:00:00,0.04154,0.04188,0.04106,0.04126,16585771,687229.187,5755,7431171,307851.46248,-0.0138623326959848,ARPA-USDT,0.04156711639319,0.041604067445785,
2023-03-24 12:00:00,0.04127,0.04223,0.04118,0.04207,19778145,828362.72697,5818,9306452,389854.15661,0.0057361376673039,ARPA-USDT,0.0412340470363113,0.0413642981284115,
2023-03-24 13:00:00,0.04207,0.04213,0.04158,0.04199,18143175,758932.72361,5288,8502311,355690.46131,,ARPA-USDT,0.0420629041435712,0.042085012670077,
2023-03-24 14:00:00,0.04198,0.04241,0.04158,0.04193,19863370,833686.46422,7358,9121463,382839.54717,-0.0011910433539781,ARPA-USDT,0.0419116942632276,0.041764735990819,
2023-03-24 15:00:00,0.04192,0.04196,0.04136,0.04157,14151887,588669.91744,5942,6810517,283250.83588,-0.0009613073780341,ARPA-USDT,0.0419203829643834,0.0418104597133,
2023-03-24 16:00:00,0.04156,0.04166,0.04126,0.04135,10778233,446740.38445,4911,5376405,222852.52157,-0.0007249879168681,ARPA-USDT,0.0415239935215271,0.0414939463290875,0.0001
2023-03-24 17:00:00,0.04135,0.04151,0.04025,0.04062,29320556,1198624.67092,10257,13937955,570219.2608,-0.0007380073800736,ARPA-USDT,0.0413248094951118,0.0413748329749417,
2023-03-24 18:00:00,0.04063,0.04115,0.04059,0.04101,15469101,631852.60747,6132,8602648,351383.19161,-0.0002437835202341,ARPA-USDT,0.0406502871168202,0.0407269475788978,
2023-03-24 19:00:00,0.041,0.04136,0.04091,0.04118,12441921,512354.81628,5478,5992200,246755.29561,-0.0004854368932039,ARPA-USDT,0.0410419274946431,0.0409805956919388,
2023-03-24 20:00:00,0.04119,0.04136,0.04064,0.0408,17434345,714519.55858,5878,8612147,352947.74495,-0.0004899559039686,ARPA-USDT,0.0412135223903666,0.0412641245618305,
2023-03-24 21:00:00,0.04079,0.04097,0.04046,0.04089,15705072,638707.06527,6258,8025259,326280.06415,-0.0007331378299119,ARPA-USDT,0.0407934313589699,0.0408078944687771,
2023-03-24 22:00:00,0.04089,0.04116,0.04088,0.04102,7409693,303972.12975,4159,3896579,159852.98638,-0.0002437241043138,ARPA-USDT,0.0409164994993382,0.0410031260122382,
2023-03-24 23:00:00,0.04101,0.04119,0.04095,0.04101,7887247,323770.04958,4159,4122348,169229.7518,-0.0004874482086277,ARPA-USDT,0.0409794179898755,0.0410024767239824,
2023-03-25 00:00:00,0.04101,0.0412,0.04078,0.04114,10843168,444979.21204,5178,5244940,215305.31094,0.0,ARPA-USDT,0.0410233943054664,0.0411079586534922,0.0001
2023-03-25 01:00:00,0.04114,0.04117,0.04083,0.04101,6977424,286094.47778,3410,3793729,155525.18022,-0.0002437835202341,ARPA-USDT,0.0411281173151497,0.0411163773907799,
2023-03-25 02:00:00,0.04102,0.04158,0.04097,0.04131,10311296,425987.27751,4960,5703326,235490.46462,-0.0004839099927412,ARPA-USDT,0.0409941308182928,0.0411043400536082,
2023-03-25 03:00:00,0.04131,0.04138,0.04099,0.04119,7412835,304977.73743,4379,3603353,148287.27722,-0.0009701673538686,ARPA-USDT,0.0413193215702366,0.0413358719167179,
2023-03-25 04:00:00,0.04118,0.04123,0.04085,0.04096,6050992,248595.17925,3436,2881244,118377.78302,-0.0002440810349034,ARPA-USDT,0.0411523897383236,0.0411617349409001,
2023-03-25 05:00:00,0.04096,0.041,0.04041,0.04057,10417800,423325.62255,3348,5969483,242350.92066,0.0002465483234714,ARPA-USDT,0.040926643133169,0.0409116888327139,
2023-03-25 06:00:00,0.04056,0.04061,0.04028,0.04048,13442382,544029.52046,4475,5569130,225317.13888,-0.0004938271604938,ARPA-USDT,0.0405088944309714,0.0405146751075274,
2023-03-25 07:00:00,0.04048,0.04056,0.0403,0.04035,13721781,554528.1185,4204,7789840,314686.16369,-0.0012376237623762,ARPA-USDT,0.0403635258607568,0.0404012228309927,
2023-03-25 08:00:00,0.04036,0.04038,0.03983,0.04004,14733820,591142.43791,3843,6711098,269336.46514,-0.0009980039920158,ARPA-USDT,0.0403313912189533,0.0403117818634101,0.0001
2023-03-25 09:00:00,0.04005,0.04016,0.03975,0.04004,13006348,519440.60642,3309,6960636,278085.86615,-0.0002496878901373,ARPA-USDT,0.04006353786135,0.0401124572873321,
2023-03-25 10:00:00,0.04004,0.04024,0.03988,0.04013,8724197,349598.32188,2825,4418112,177002.44559,-0.0002491280518187,ARPA-USDT,0.040084760000934,0.0400874112362895,
2023-03-25 11:00:00,0.04011,0.04035,0.04007,0.04024,7667287,308108.9122,2222,3897218,156605.98778,-0.0002484472049689,ARPA-USDT,0.0401224764089623,0.0401169243263952,
2023-03-25 12:00:00,0.04025,0.04026,0.0398,0.03997,16228722,649249.69436,3652,7770545,310834.85885,-0.0009997500624843,ARPA-USDT,0.0402284944133985,0.0402145014583222,
2023-03-25 13:00:00,0.03997,0.04038,0.03975,0.04028,10294159,412708.673,2915,4671955,187190.33148,-0.0012397718819735,ARPA-USDT,0.0399163329520282,0.0399056905235904,
2023-03-25 14:00:00,0.04028,0.04074,0.04028,0.04041,14104665,571419.86178,3850,6898707,279404.35849,-0.0012357884330203,ARPA-USDT,0.0403196627702897,0.0403375730736311,
2023-03-25 15:00:00,0.0404,0.04102,0.04032,0.04072,11154105,454071.62272,3025,6133219,249702.38006,-0.000981354268891,ARPA-USDT,0.0403747159696028,0.0404190534475678,
2023-03-25 16:00:00,0.04072,0.04081,0.04046,0.04055,7895522,321015.37455,2473,3671205,149289.67459,-0.000739280433711,ARPA-USDT,0.040752233632344,0.0407477944574131,0.0001
2023-03-25 17:00:00,0.04055,0.0406,0.04019,0.04041,8262721,333879.54941,2945,3732760,150779.8167,-0.0007418397626111,ARPA-USDT,0.0405575981598373,0.0405480404951166,
2023-03-25 18:00:00,0.0404,0.0404,0.03991,0.03992,9492908,381778.76073,2846,4042288,162590.97088,-0.0007509386733417,ARPA-USDT,0.0403304846259039,0.040287620979777,
2023-03-25 19:00:00,0.03993,0.03993,0.0395,0.03964,20984402,832698.93186,5028,9807646,389216.36723,-0.0007562389715148,ARPA-USDT,0.0398395443919711,0.0397041430742453,
2023-03-25 20:00:00,0.03964,0.03993,0.03957,0.03973,6081214,242023.19879,2293,2747380,109351.06914,-0.0010057832537088,ARPA-USDT,0.0396574133592489,0.0396592592336705,
2023-03-25 21:00:00,0.03973,0.03996,0.03963,0.0397,4192259,166904.51583,1656,1860556,74055.58219,-0.0007550969041028,ARPA-USDT,0.039760125224955,0.0397787337969923,
2023-03-25 22:00:00,0.03969,0.04005,0.03967,0.03987,4937578,196957.44217,2026,2349773,93726.75011,0.0002508780732564,ARPA-USDT,0.0396769593899412,0.0397419411443926,
2023-03-25 23:00:00,0.03987,0.04009,0.03971,0.04003,6137133,245136.92053,2269,2856592,114112.93196,-0.0007488766849724,ARPA-USDT,0.0398146583885136,0.0397801618200205,
2023-03-26 00:00:00,0.04004,0.04021,0.03966,0.04002,9246428,369443.55309,3422,3776570,150961.76711,-0.0004995004995004,ARPA-USDT,0.0400481483858325,0.0400503187588444,0.0001
2023-03-26 01:00:00,0.04003,0.04016,0.03982,0.04011,7042873,281798.32594,2606,3508902,140457.56059,-0.0004983802641415,ARPA-USDT,0.0400391317633902,0.0399880129707482,
2023-03-26 02:00:00,0.04011,0.04026,0.04002,0.04022,6892586,276711.91778,2020,3319747,133287.57622,0.000248694354638,ARPA-USDT,0.0401631815232731,0.0401864705996763,
2023-03-26 03:00:00,0.04023,0.04026,0.04004,0.04025,3719317,149362.56873,1777,1917492,77012.34646,-0.0004966476285075,ARPA-USDT,0.0401764673575531,0.0401606985778785,
2023-03-26 04:00:00,0.04026,0.0405,0.04024,0.04044,6379295,257534.60896,2482,3230031,130392.77992,-0.0004943153732082,ARPA-USDT,0.0402578034208708,0.0402833172900155,
2023-03-26 05:00:00,0.04044,0.04059,0.04008,0.04056,6517638,262962.5622,2042,3688294,148885.08389,-0.000739098300074,ARPA-USDT,0.0404445507136893,0.0404243434843407,
2023-03-26 06:00:00,0.04056,0.04071,0.0405,0.04059,7739352,314188.96968,2575,4651700,188867.46882,-0.0012303149606299,ARPA-USDT,0.0405720487354767,0.0405828053017556,
2023-03-26 07:00:00,0.04059,0.04089,0.04049,0.04059,9145171,372180.58078,2921,5045434,205408.62758,-0.0009844942160964,ARPA-USDT,0.04062010080517,0.040619119388814,
2023-03-26 08:00:00,0.04059,0.04086,0.04025,0.04061,11603931,470618.41445,3928,5275085,213848.05488,-0.0009840098400983,ARPA-USDT,0.0405301361404872,0.0404869851231095,0.0001
2023-03-26 09:00:00,0.04061,0.04077,0.04021,0.04034,15864056,642498.09614,2874,8690003,351675.00313,-0.0007431260837256,ARPA-USDT,0.0405528456008798,0.0405566604794503,
2023-03-26 10:00:00,0.04034,0.0404,0.04016,0.04038,5805293,233812.56858,1927,3153385,126998.62597,-0.0007423904974016,ARPA-USDT,0.0403537144388028,0.0402745017415713,
2023-03-26 11:00:00,0.04037,0.0407,0.0403,0.04062,6746519,273100.67563,2187,3752021,151927.77806,-0.0007380073800736,ARPA-USDT,0.0403834079760727,0.0403400721990696,
2023-03-26 12:00:00,0.04061,0.04092,0.04055,0.04089,10582152,430973.36077,2842,5250415,213837.23135,-0.0002444987775059,ARPA-USDT,0.0406654533131899,0.0406675261430341,
2023-03-26 13:00:00,0.04088,0.04117,0.04075,0.04116,12773586,523074.76711,3299,7064780,289366.81724,-0.0002428953121204,ARPA-USDT,0.0408361520498885,0.0408037736629015,
2023-03-26 14:00:00,0.04117,0.04146,0.04063,0.04088,22267695,914441.8302,5636,10278337,422130.12016,-0.0004889975550121,ARPA-USDT,0.0412671181486672,0.0412639857877622,
2023-03-26 15:00:00,0.04088,0.0412,0.04068,0.04096,16663312,683032.56826,4662,7927969,325088.53494,-0.0002440810349034,ARPA-USDT,0.040969714802912,0.0409490420304597,
2023-03-26 16:00:00,0.04093,0.04098,0.0406,0.04072,10755119,438952.53752,3410,4770193,194670.37132,0.0,ARPA-USDT,0.0408655968082093,0.0407671626947106,0.0001
2023-03-26 17:00:00,0.04071,0.04098,0.04055,0.0409,8541942,348177.36148,2530,3937705,160572.75722,-0.0004887585532746,ARPA-USDT,0.0406484251711322,0.0406318885631557,
2023-03-26 18:00:00,0.0409,0.04113,0.04082,0.04103,7691131,315278.30079,2191,3653266,149763.13978,-0.0004872107186359,ARPA-USDT,0.0409505149025735,0.0409159145816218,
2023-03-26 19:00:00,0.04102,0.04111,0.04087,0.041,4977925,203990.26417,1551,1988431,81483.66455,-0.0002438429651303,ARPA-USDT,0.040997630241147,0.0409489926133661,
2023-03-26 20:00:00,0.04098,0.04106,0.04058,0.04072,10914461,445386.76959,2232,5145060,209913.55053,-0.0012263919548688,ARPA-USDT,0.0409547542511569,0.0409235537990047,
2023-03-26 21:00:00,0.04073,0.04079,0.04062,0.04079,4599483,187159.59337,1709,2073181,84362.53221,-0.0009796718099436,ARPA-USDT,0.0407111000373712,0.0407225198768234,
2023-03-26 22:00:00,0.04079,0.04143,0.04072,0.04127,10669922,439315.29675,2800,4057580,167034.13819,-0.000726392251816,ARPA-USDT,0.0407795245538017,0.0407957353153445,
2023-03-26 23:00:00,0.0413,0.04143,0.04115,0.04116,10647651,439988.89849,2426,5768110,238360.75254,-0.0009708737864076,ARPA-USDT,0.041294939578124,0.0413645080244839,
2023-03-27 00:00:00,0.04115,0.04142,0.04101,0.04108,13178751,542735.0481,3314,5839520,240516.12055,-0.000243368216111,ARPA-USDT,0.0411576747523627,0.0411825373876431,0.0001
2023-03-27 01:00:00,0.04109,0.04116,0.04043,0.04051,12171604,495501.3435,2992,6450443,262557.96345,-0.0004934616333579,ARPA-USDT,0.0410963595633873,0.0410661118709926,
2023-03-27 02:00:00,0.0405,0.04057,0.04031,0.04044,5845767,236352.63706,1825,2820852,114050.52082,-0.0007412898443291,ARPA-USDT,0.0405007287032013,0.0404770611374066,
2023-03-27 03:00:00,0.04043,0.04061,0.04034,0.04045,8052015,325749.81155,2408,3823387,154644.01431,-0.0009878982464806,ARPA-USDT,0.0403749772391764,0.0403772111029444,
2023-03-27 04:00:00,0.04045,0.04055,0.04032,0.04043,7310132,295463.21254,2140,3313724,133906.86111,-0.0007414730598122,ARPA-USDT,0.0404862167004887,0.0404813075997929,
2023-03-27 05:00:00,0.04044,0.04053,0.03992,0.04007,9523975,382937.89526,2635,4625940,186081.75219,-0.0004988775255674,ARPA-USDT,0.0404210876876578,0.0404472654286898,
2023-03-27 06:00:00,0.04006,0.04016,0.03982,0.04014,6996653,279770.14604,2183,3485485,139374.13927,-0.0004980079681274,ARPA-USDT,0.039965755687295,0.0400137433569198,
2023-03-27 07:00:00,0.04013,0.0403,0.03996,0.04013,6963547,279468.70328,3036,3481339,139728.91974,-0.0004981320049812,ARPA-USDT,0.040132883023909,0.0401113019670276,
2023-03-27 08:00:00,0.04013,0.04027,0.0399,0.04015,9021454,361717.24746,3322,3778948,151484.49165,-0.0004978839930296,ARPA-USDT,0.040126291270934,0.0400436081374796,5.788e-05
2023-03-27 09:00:00,0.04015,0.04019,0.03986,0.03998,7741741,309829.80278,3228,3548256,141976.37843,-0.0002500625156287,ARPA-USDT,0.0401572610345681,0.0400937466349351,
2023-03-27 10:00:00,0.03996,0.04012,0.03981,0.04006,7647295,305462.03246,2771,3773203,150754.26225,-0.0004990019960079,ARPA-USDT,0.0399731996151962,0.0399479405655897,
2023-03-27 11:00:00,0.04006,0.04045,0.04003,0.04038,8519949,342553.10078,3324,5275826,212165.76371,-0.0002475860361476,ARPA-USDT,0.0400526515069399,0.0400605396559686,
2023-03-27 12:00:00,0.04038,0.04045,0.03977,0.03999,13939841,559099.64739,4733,6472342,259597.7544,-0.00025,ARPA-USDT,0.0402839189676676,0.0402545126740485,
2023-03-27 13:00:00,0.04,0.04008,0.0396,0.03986,14790140,589085.22318,4564,6817378,271595.84376,-0.0005015045135405,ARPA-USDT,0.0399794258765317,0.0399745236231919,
2023-03-27 14:00:00,0.03986,0.03997,0.03811,0.0385,36992607,1447060.9978200002,9517,14471048,567034.2514,-0.0002596728122565,ARPA-USDT,0.0398724523321881,0.0398770254552101,
2023-03-27 15:00:00,0.03848,0.03849,0.03718,0.03803,79940678,3012957.58109,15609,37891289,1428453.82236,-0.0002628811777075,ARPA-USDT,0.0383134595758593,0.0379098879208847,
2023-03-27 16:00:00,0.03803,0.03849,0.03768,0.03777,34578312,1317680.38188,7018,17507575,667401.49162,-0.0013220518244315,ARPA-USDT,0.038031847397833,0.0380687796167607,0.0001
2023-03-27 17:00:00,0.0378,0.03801,0.03773,0.0378,15138764,573475.52567,4091,8883165,336514.80747,-0.0015847860538826,ARPA-USDT,0.0378123510945733,0.0378862308687683,
2023-03-27 18:00:00,0.03781,0.03826,0.0378,0.03805,15828476,602384.05176,4248,8256024,314255.46057,-0.0007878151260505,ARPA-USDT,0.0378488177872892,0.0378612153060682,
2023-03-27 19:00:00,0.03804,0.03817,0.03771,0.03776,11261276,427285.86845,3439,5281700,200378.55296,-0.0002647603918453,ARPA-USDT,0.0380554597782454,0.0381084148721525,
2023-03-27 20:00:00,0.03776,0.03792,0.03751,0.03771,10379970,391466.06134,3801,4318614,162913.37572,-0.0002651113467655,ARPA-USDT,0.0377500423825245,0.0377784252811639,
2023-03-27 21:00:00,0.03771,0.03806,0.03771,0.0378,9192291,348276.68896,2859,5153528,195219.38179,-0.000264480296218,ARPA-USDT,0.0377346429064614,0.0377625323180112,
2023-03-27 22:00:00,0.0378,0.03781,0.03752,0.03764,19976455,752219.91545,3679,9647555,363293.35073,-0.000265604249668,ARPA-USDT,0.0377483489550595,0.0377055998201436,
2023-03-27 23:00:00,0.03765,0.03801,0.03762,0.03787,11741214,443885.92445,2999,5815302,219847.22884,-0.0010551305724082,ARPA-USDT,0.0376576522211234,0.0376533932939616,
2023-03-28 00:00:00,0.03787,0.03821,0.03772,0.0378,20798690,790972.00378,6341,11288198,429348.78246,-0.0007930214115782,ARPA-USDT,0.0379804694238858,0.0380252563060876,0.0001
2023-03-28 01:00:00,0.0378,0.03835,0.03755,0.03796,20315129,770170.2506,5429,9063374,343454.70274,-0.0007896814951303,ARPA-USDT,0.0378149747370452,0.0377146196136838,
2023-03-28 02:00:00,0.03795,0.03811,0.03758,0.03763,10898961,412572.02327,3954,5505252,208474.01801,-0.0007966011683484,ARPA-USDT,0.037946665331933,0.0379507555145531,
2023-03-28 03:00:00,0.03763,0.03783,0.03751,0.03766,9016533,339534.57056,2818,4060567,152923.27664,-0.0002654632333423,ARPA-USDT,0.0376512216286568,0.0376988095925434,
2023-03-28 04:00:00,0.03766,0.03791,0.03755,0.0379,10372233,391510.17786,3400,5270177,198919.96626,-0.0005274261603375,ARPA-USDT,0.0376498173743512,0.0376689824974872,
2023-03-28 05:00:00,0.03791,0.03817,0.03782,0.03806,11679816,444011.43946,3734,6329709,240652.08654,-0.0002626740215393,ARPA-USDT,0.0379289673843337,0.0380297749000573,
2023-03-28 06:00:00,0.03807,0.0384,0.03804,0.03835,14325073,548102.33493,4217,7159922,273962.85508,-0.0007816571130796,ARPA-USDT,0.0380661143168821,0.0381912826264194,
2023-03-28 07:00:00,0.03835,0.03847,0.03816,0.03828,18159733,696274.9720600001,4426,9490572,363937.45998,-0.0010438413361169,ARPA-USDT,0.0383451133694801,0.0383686161041154,
2023-03-28 08:00:00,0.03827,0.03845,0.03803,0.03841,14690356,562185.4308,3474,8342366,319155.85344,-0.0013000520020801,ARPA-USDT,0.0382974831472383,0.0383196951233955,0.0001
2023-03-28 09:00:00,0.03841,0.03841,0.03775,0.03787,9455058,359789.46677,3423,4585741,174526.65698,-0.0007915567282322,ARPA-USDT,0.0383460151955307,0.0382917943025837,
2023-03-28 10:00:00,0.03786,0.0381,0.03756,0.03776,13045252,493598.15797,4303,6255448,236909.87951,-0.0013224014810896,ARPA-USDT,0.0378386905728612,0.0378656257084715,
2023-03-28 11:00:00,0.03777,0.03836,0.03774,0.03828,12180954,463299.76583,4329,5593817,212706.95983,-0.0007830853563036,ARPA-USDT,0.0377828611712932,0.037814942935237,
2023-03-28 12:00:00,0.03828,0.03842,0.03784,0.03812,13022957,497032.13101,4385,6174029,235603.63816,-0.0005243838489774,ARPA-USDT,0.0382813679526989,0.0383193118256638,
2023-03-28 13:00:00,0.03811,0.03831,0.03781,0.03823,9561267,364170.18936,3916,4748244,180880.76762,-0.0007841087297438,ARPA-USDT,0.0381241057586387,0.0381369568218946,
2023-03-28 14:00:00,0.03824,0.0387,0.03817,0.03848,17304491,665227.00507,5782,8182091,314477.56812,-0.0010384215991692,ARPA-USDT,0.0382375976177364,0.0382649210678782,
2023-03-28 15:00:00,0.03848,0.03894,0.03847,0.03891,18169806,703205.05993,5817,8749944,338659.54042,-0.0007704160246533,ARPA-USDT,0.0385338699749183,0.0385883411060878,
2023-03-28 16:00:00,0.0389,0.0389,0.03837,0.03856,13715304,528748.6028700001,4692,7265055,280055.52465,-0.0002592688618098,ARPA-USDT,0.0387399809430237,0.038659135277284,0.0001
2023-03-28 17:00:00,0.03856,0.0387,0.03836,0.03855,7639684,294451.28721,3301,3509207,135244.23944,-0.0007776049766718,ARPA-USDT,0.0385084470373559,0.0385380737498552,
2023-03-28 18:00:00,0.03856,0.0392,0.0384,0.03912,16061985,623412.71314,4745,7893456,306350.07022,-0.0005109862033725,ARPA-USDT,0.0385264698922278,0.0384974343083128,
2023-03-28 19:00:00,0.03913,0.03973,0.03913,0.03958,19761312,778713.01469,6111,9622433,379216.52576,-0.0007573844988639,ARPA-USDT,0.0392333798095075,0.0392626749169512,
2023-03-28 20:00:00,0.03959,0.03971,0.03938,0.03967,11159129,441559.5119,4018,4984281,197229.8577,-0.0002520161290323,ARPA-USDT,0.0396672376769155,0.0396311309787814,
2023-03-28 21:00:00,0.03967,0.04006,0.03933,0.03939,20328228,808320.39842,5916,9476783,377085.03932,-0.0005074854097943,ARPA-USDT,0.0396741902795736,0.0397166191326158,
2023-03-28 22:00:00,0.03939,0.03966,0.03934,0.03958,7380331,291604.88155,2988,3713822,146714.34005,0.0,ARPA-USDT,0.0393984388852201,0.0394283820111809,
2023-03-28 23:00:00,0.03958,0.03989,0.0395,0.03978,10389576,412210.10695,4572,4415754,175249.85892,-0.0002513194269916,ARPA-USDT,0.039528092220163,0.0395808860254486,
2023-03-29 00:00:00,0.03977,0.03978,0.03934,0.03942,8881931,351306.90665,4136,3539883,140015.87861,0.0,ARPA-USDT,0.0397043934057056,0.0396492598580157,0.0001
2023-03-29 01:00:00,0.03942,0.03994,0.03942,0.03978,11029293,438257.18626,3737,5498064,218410.55683,0.0,ARPA-USDT,0.0394661042886277,0.0394846535417175,
2023-03-29 02:00:00,0.03976,0.03988,0.03964,0.03979,4799370,190932.5285,2367,2085923,82982.15429,-0.0005023863350916,ARPA-USDT,0.0397769597998031,0.0397513023380436,
2023-03-29 03:00:00,0.03979,0.03988,0.03958,0.03974,5797701,230316.2718,2710,2582933,102614.39591,-0.0005030181086519,ARPA-USDT,0.0398173330759072,0.0398413370689988,
2023-03-29 04:00:00,0.03975,0.0402,0.03971,0.04013,9802963,392270.58059,3016,4588564,183646.35912,-0.0004981320049812,ARPA-USDT,0.0397245312222944,0.0397372077489028,
2023-03-29 05:00:00,0.04015,0.04047,0.04011,0.04014,11431493,460182.40629,3064,5300593,213418.75433,0.0,ARPA-USDT,0.0401784749019262,0.0402135588430901,
2023-03-29 06:00:00,0.04014,0.04075,0.03995,0.0405,18962724,766811.0242,4396,8184258,330954.99154,-0.0002468526289803,ARPA-USDT,0.0401588107718455,0.0400572784851048,
2023-03-29 07:00:00,0.04051,0.04077,0.0404,0.04057,11242112,456458.23467,2640,6096606,247543.60095,-0.0004927322000493,ARPA-USDT,0.0405292523854046,0.0405478719964022,
2023-03-29 08:00:00,0.04057,0.04101,0.0404,0.04099,15426291,628377.99524,4382,7450700,303520.82923,-0.0007313505607021,ARPA-USDT,0.0405388273396189,0.0404940352962096,0.0001
2023-03-29 09:00:00,0.04101,0.04147,0.04063,0.04077,29723974,1220797.08429,6891,14368221,590978.92229,0.0,ARPA-USDT,0.0410045617019933,0.040956084214002,
2023-03-29 10:00:00,0.04076,0.04097,0.0406,0.04068,15201854,620164.50917,3756,6477000,264260.47874,0.0002458814851242,ARPA-USDT,0.0407951351247956,0.0408484964028114,
2023-03-29 11:00:00,0.04068,0.04087,0.04054,0.04081,11517223,469072.60053,2737,5369094,218708.09904,0.0002450980392156,ARPA-USDT,0.0407199368295144,0.0406837934776612,
2023-03-29 12:00:00,0.04082,0.04092,0.04033,0.04049,16547319,671690.18723,3747,6616429,268552.12167,-0.0004937052579609,ARPA-USDT,0.0408243662451373,0.0408589439923576,
2023-03-29 13:00:00,0.04048,0.0408,0.04034,0.0407,15772351,640453.86999,3476,8806105,357715.71513,-0.0004911591355598,ARPA-USDT,0.0405509566985099,0.0405639853792977,
2023-03-29 14:00:00,0.0407,0.04138,0.0405,0.04128,95727993,3918022.63229,15596,50810052,2079788.18555,-0.0014513788098694,ARPA-USDT,0.0406248665638331,0.0405930767057698,
2023-03-29 15:00:00,0.04128,0.04129,0.04066,0.04116,71830793,2943660.8162,12460,33645179,1379052.07359,0.0,ARPA-USDT,0.041017993297276,0.0410857184484097,
2023-03-29 16:00:00,0.04115,0.04125,0.04082,0.04092,26150015,1073734.3196,5047,10910871,448125.28646,-0.0004885197850512,ARPA-USDT,0.0411451962480079,0.0410295104447683,0.0001
2023-03-29 17:00:00,0.04092,0.04154,0.04085,0.04151,23922892,987183.14404,5812,12450281,513989.82937,0.0002409638554214,ARPA-USDT,0.0408908672750828,0.0409284910729217,
2023-03-29 18:00:00,0.04151,0.04151,0.04114,0.04137,16348163,675263.89192,4749,7220754,298304.43137,-0.000241662638956,ARPA-USDT,0.0413782987697345,0.041351296787852,
2023-03-29 19:00:00,0.04137,0.04163,0.04125,0.04149,12444887,515165.73598,3510,5476866,226778.15543,-0.0007225433526012,ARPA-USDT,0.0414350989620613,0.0413697168509345,
2023-03-29 20:00:00,0.04151,0.04166,0.04133,0.04143,11974242,496666.69724,3409,5306623,220122.1777,-0.000723589001447,ARPA-USDT,0.0415720461838155,0.0415540161460754,
2023-03-29 21:00:00,0.04143,0.04184,0.04135,0.04169,13797482,574199.35741,4073,8015427,333522.98903,-0.0011978917105893,ARPA-USDT,0.041533725447191,0.0414407605586247,
2023-03-29 22:00:00,0.04168,0.04169,0.04119,0.04161,15373150,637061.94754,4439,6379586,264390.72526,-0.0004804227720394,ARPA-USDT,0.0416103988778304,0.041422060527419,
2023-03-29 23:00:00,0.04162,0.04181,0.0415,0.04155,8335471,347251.17094,2906,3755594,156447.99417,-0.0012019230769231,ARPA-USDT,0.0416413464804186,0.0416335902762365,
2023-03-30 00:00:00,0.04154,0.04182,0.04077,0.04107,20972419,865616.72768,5518,7728907,319218.83352,-0.0012159533073928,ARPA-USDT,0.0416359250082732,0.0416762801345735,0.0001
2023-03-30 01:00:00,0.04106,0.04125,0.04067,0.04101,14110621,578743.96167,3943,6204958,254620.62188,0.0,ARPA-USDT,0.0411517293607118,0.0411970980713571,
2023-03-30 02:00:00,0.04101,0.04203,0.041,0.04162,19572824,813692.51991,4900,9846888,409240.54603,-0.0004803073967341,ARPA-USDT,0.0410409018114085,0.0410480492460707,
2023-03-30 03:00:00,0.04164,0.04183,0.04048,0.04099,26005203,1065325.50145,6733,12753290,522553.02404,-0.0004876859302609,ARPA-USDT,0.0416796861717463,0.0417497920885402,
2023-03-30 04:00:00,0.041,0.04131,0.04092,0.04117,8310269,342093.71982,2703,4391045,180773.73684,-0.0007281553398058,ARPA-USDT,0.0410249948382706,0.041042117417676,
2023-03-30 05:00:00,0.04115,0.04122,0.04071,0.04088,11021448,450816.88294,2665,5177269,211678.30588,-0.0007333170373992,ARPA-USDT,0.0411956929970447,0.0411215263622467,
2023-03-30 06:00:00,0.04087,0.04102,0.0405,0.04061,8948467,364399.23529,2397,3963272,161470.27982,-0.0004922471080481,ARPA-USDT,0.0408512318209804,0.0408616513853333,
2023-03-30 07:00:00,0.0406,0.04091,0.04053,0.0408,6984350,284429.95075,2221,3697915,150600.04023,-0.0007347538574575,ARPA-USDT,0.0405768852947631,0.0405905538854273,
2023-03-30 08:00:00,0.0408,0.04082,0.0403,0.04031,9426840,381817.4644,2701,3200179,129646.92013,-0.0014862521674512,ARPA-USDT,0.0407586424438597,0.0407245147307803,0.0001
2023-03-30 09:00:00,0.04032,0.04032,0.03977,0.04024,14503394,581482.03801,3759,6079960,243874.19212,-0.0002484472049689,ARPA-USDT,0.0402304890622959,0.0402298814761421,
2023-03-30 10:00:00,0.04023,0.04033,0.04008,0.04027,8054482,323702.5197,1964,3818326,153462.66897,-0.0002482621648461,ARPA-USDT,0.0402266829003717,0.0401851617372446,
2023-03-30 11:00:00,0.04027,0.04042,0.04023,0.04032,5037319,203183.06482,1946,2247138,90644.28971,-0.0007434944237917,ARPA-USDT,0.0402757473203713,0.0402921313224403,
2023-03-30 12:00:00,0.04032,0.04037,0.04001,0.04032,7965946,320189.03139,2183,4043984,162600.40469999998,-0.0004957858205255,ARPA-USDT,0.0403294265879195,0.0402690099917397,
2023-03-30 13:00:00,0.04034,0.04037,0.03986,0.04,6901708,277020.12125,2199,2638823,105999.392,-0.0007494379215589,ARPA-USDT,0.0403300438970337,0.0403124919033468,
2023-03-30 14:00:00,0.04001,0.04013,0.03969,0.03995,9905101,395393.36391,2962,4910502,196043.30854,-0.00125,ARPA-USDT,0.0400278866201485,0.0399376350457333,
2023-03-30 15:00:00,0.03995,0.04016,0.03976,0.03987,11159276,445729.03844,3505,5998919,239623.40782,-0.0012525050100199,ARPA-USDT,0.0399756554012508,0.0399391460913015,
2023-03-30 16:00:00,0.03988,0.03992,0.0393,0.03958,16082009,635855.87758,4168,7752568,306504.26387,-0.0007573844988639,ARPA-USDT,0.0398975737920147,0.0397735157701888,0.0001
2023-03-30 17:00:00,0.0396,0.0397,0.039,0.03926,14887202,585769.20839,3956,6189066,243542.74278,-0.0007635530669379,ARPA-USDT,0.039590069848788,0.039613970492352,
2023-03-30 18:00:00,0.03925,0.03948,0.03908,0.03947,7571146,297267.36258,2255,3895270,152971.08038,-0.0005064573309698,ARPA-USDT,0.0392142456672857,0.0391728841203267,
2023-03-30 19:00:00,0.03947,0.03982,0.03943,0.03969,8475942,336059.56241,2466,4873630,193251.7363,-0.0010067958721369,ARPA-USDT,0.0394450422193528,0.0394627600732836,
2023-03-30 20:00:00,0.03973,0.04012,0.03963,0.04007,10880291,433565.91231,2813,5769581,229912.44648,-0.0009972575417601,ARPA-USDT,0.0397264120427871,0.0397263500783282,
2023-03-30 21:00:00,0.04007,0.04045,0.04,0.04042,9941611,399604.10007,3027,5629162,226306.54398,0.0,ARPA-USDT,0.0400869040211535,0.04006102316861,
2023-03-30 22:00:00,0.04042,0.04075,0.0403,0.04034,11438586,463869.4157,3349,5237286,212406.52174,-0.0012379301807378,ARPA-USDT,0.0404172682892229,0.0404934841587528,
2023-03-30 23:00:00,0.04033,0.04095,0.04032,0.04089,11069415,450494.86327,2779,6293224,256220.45794,-0.0004888780249328,ARPA-USDT,0.0403492961613453,0.0403898573207514,
2023-03-31 00:00:00,0.0409,0.04091,0.04037,0.04055,13936996,566659.1103000001,3319,5874090,238807.22198,-0.0002465483234712,ARPA-USDT,0.0408206791465726,0.0407791567215756,0.0001
2023-03-31 01:00:00,0.04056,0.04086,0.04049,0.04075,10932663,444828.90904,3079,5511785,224243.13952,0.0,ARPA-USDT,0.0406073396228473,0.0406738941988686,
2023-03-31 02:00:00,0.04075,0.04094,0.04059,0.04061,8517824,347268.13933,2464,3878838,158092.33664,-0.0009840098400983,ARPA-USDT,0.0407533877501682,0.0408029511727257,
2023-03-31 03:00:00,0.04061,0.04071,0.04047,0.04057,4372703,177638.68229,1549,1944513,78993.2072,-0.0007389162561575,ARPA-USDT,0.0406562686148663,0.0406739372216614,
2023-03-31 04:00:00,0.04057,0.04092,0.04027,0.04083,14888263,604622.97552,3435,7040951,286176.77573,-0.0009787129924149,ARPA-USDT,0.0405907611974726,0.0405695010797621,
2023-03-31 05:00:00,0.04083,0.04085,0.04012,0.04028,10043554,407182.46867,2429,5250573,212918.69779,0.0,ARPA-USDT,0.0407835708951179,0.0407218308220712,
2023-03-31 06:00:00,0.04028,0.04046,0.04018,0.04025,6947001,280111.0286,2168,3295606,132886.86277,-0.0009928021841647,ARPA-USDT,0.0402624488675827,0.0403350605420643,
2023-03-31 07:00:00,0.04027,0.04027,0.03954,0.03996,16339353,651922.02601,4121,7700738,307280.63146,-0.0007501875468866,ARPA-USDT,0.0402439178047863,0.0402306423579625,
2023-03-31 08:00:00,0.03996,0.04012,0.0398,0.03989,8982752,358974.37358,2538,3888589,155418.23105,-0.0002506265664159,ARPA-USDT,0.039946146612635,0.0400153665733134,0.0001
2023-03-31 09:00:00,0.0399,0.04002,0.03966,0.03975,9014518,359146.87201,2671,4557308,181578.95986,-0.0010052777079667,ARPA-USDT,0.0398866623194405,0.0399134455767014,
2023-03-31 10:00:00,0.03976,0.04015,0.03973,0.03992,14275858,570880.3932,4578,7608158,304258.2424,-0.0007509386733417,ARPA-USDT,0.0397532687592699,0.0397978916123623,
2023-03-31 11:00:00,0.03992,0.04016,0.03981,0.04009,8213806,328423.34869,2854,4081156,163236.55705,-0.0002493765586033,ARPA-USDT,0.0398687070482511,0.0398592419352677,
2023-03-31 12:00:00,0.0401,0.04058,0.04003,0.04043,17686059,713530.39006,4852,8262527,333284.619,-0.0002472799208703,ARPA-USDT,0.0400702240397119,0.0401048609885585,
2023-03-31 13:00:00,0.04044,0.04073,0.04036,0.04049,14071614,570302.26215,3905,5946119,241051.51431,-0.0004937052579609,ARPA-USDT,0.0404147698625276,0.040434018754838,
2023-03-31 14:00:00,0.04049,0.04098,0.04047,0.04072,13088705,533658.23413,3644,6443010,262729.29594,-0.0007361963190184,ARPA-USDT,0.0405205121043306,0.0405623905460193,
2023-03-31 15:00:00,0.04072,0.04092,0.04045,0.04079,12216419,497298.8798,2945,5941787,241911.07682,0.0,ARPA-USDT,0.0407759872077804,0.0408393322012906,
2023-03-31 16:00:00,0.04079,0.04085,0.04058,0.0408,5790876,235938.92117,1854,2910539,118586.15248,0.0,ARPA-USDT,0.0408003555287737,0.0408015880361216,0.0001
2023-03-31 17:00:00,0.0408,0.04092,0.0404,0.0405,8193530,333084.83866,2237,3341228,135892.10277,-0.0002468526289803,ARPA-USDT,0.0407994449140049,0.0407832897618483,
2023-03-31 18:00:00,0.0405,0.04074,0.0405,0.04062,7889851,320667.28127,2107,4655920,189198.41432,-0.0007380073800736,ARPA-USDT,0.0405430803027157,0.0405691431745338,
2023-03-31 19:00:00,0.04062,0.04087,0.04055,0.04084,6883607,280176.76951,2140,3569470,145302.21666,-0.0004894762604013,ARPA-USDT,0.0406175952042379,0.0406452417571409,
2023-03-31 20:00:00,0.04082,0.04171,0.04082,0.04117,28167453,1162299.03304,6944,15191065,626470.72581,-0.0007281553398058,ARPA-USDT,0.0408423666504794,0.0408793713849198,
2023-03-31 21:00:00,0.04117,0.04118,0.0409,0.04112,13793482,565773.31536,3651,7209958,295787.94032,-0.00024313153416,ARPA-USDT,0.041160554942222,0.0410817047193045,
2023-03-31 22:00:00,0.04112,0.04137,0.04095,0.04133,16124541,663890.5683,3548,7732195,318605.35516,-0.000483675937122,ARPA-USDT,0.0411128497549346,0.0410980787837223,
2023-03-31 23:00:00,0.04133,0.0415,0.0412,0.04129,9979688,412803.04549,2479,4305880,178167.42392,0.0,ARPA-USDT,0.0413597779504497,0.0413715877295671,
2023-04-01 00:00:00,0.04129,0.04163,0.04115,0.04137,8744833,361971.73463,2400,3756586,155493.44217,0.0,ARPA-USDT,0.0412915481741039,0.0412506236239957,0.0001
2023-04-01 01:00:00,0.04138,0.04185,0.04138,0.04157,15054472,626661.64046,3294,7397578,307871.13712,0.0,ARPA-USDT,0.0413993788966883,0.0414375861336611,
2023-04-01 02:00:00,0.04157,0.04177,0.04126,0.04149,10164188,421890.26862,2886,4145356,172149.61434,0.0002410800385728,ARPA-USDT,0.0415990352157153,0.0416731945161209,
2023-04-01 03:00:00,0.04148,0.04253,0.04148,0.04183,48079403,2021340.01788,9387,27370664,1150860.02397,-0.0002390057361377,ARPA-USDT,0.041521085215945,0.041587822221121,
2023-04-01 04:00:00,0.04183,0.04185,0.04164,0.04171,10508947,438568.48655,3176,4650913,194128.46102,-0.000479271507309,ARPA-USDT,0.0418017023943176,0.0418121010819538,
2023-04-01 05:00:00,0.0417,0.04194,0.04152,0.04193,7420824,309565.46575,2502,3528942,147318.90655,-0.000476758045292,ARPA-USDT,0.0417537661090127,0.0417763753145283,
2023-04-01 06:00:00,0.04194,0.04195,0.04093,0.04192,21801218,903964.80273,4005,8201448,340321.24168,-0.0004768717215068,ARPA-USDT,0.0418742517696771,0.0418203990681444,
2023-04-01 07:00:00,0.04192,0.04192,0.04135,0.04138,11798690,491166.56042,2547,5738563,238757.00233,0.0,ARPA-USDT,0.0418334785907965,0.0417410487121999,
2023-04-01 08:00:00,0.04138,0.04146,0.04114,0.04128,7324258,302371.4691,2400,3629924,149825.15598,0.0,ARPA-USDT,0.0414331225183495,0.0413959193943302,0.0001
2023-04-01 09:00:00,0.04127,0.04176,0.04126,0.04146,10326497,429192.36047,2351,5323836,221222.58464,-0.0007230657989877,ARPA-USDT,0.0412713613961028,0.0412922182625952,
2023-04-01 10:00:00,0.04146,0.04156,0.04124,0.04133,7574774,313295.652,2298,3568764,147588.99741,-0.000483675937122,ARPA-USDT,0.0414980616146437,0.0415030945276497,
2023-04-01 11:00:00,0.04133,0.0414,0.04104,0.04116,8488663,349590.03729,2004,3938542,162191.27519,-0.0002428953121204,ARPA-USDT,0.0413587881038228,0.0413520258954234,
2023-04-01 12:00:00,0.04113,0.04128,0.04097,0.04125,14120433,580123.49304,2891,8222331,337787.07963,0.0002424830261882,ARPA-USDT,0.0410921264176798,0.0410916590557021,
2023-04-01 13:00:00,0.04125,0.04145,0.04116,0.04133,10359135,427747.86765,2492,5284290,218193.03631,-0.0002418964683116,ARPA-USDT,0.0411845629670254,0.0411813015275179,
2023-04-01 14:00:00,0.04133,0.04142,0.04094,0.04116,11725418,482992.83336,3236,5425201,223493.07531,-0.0007283321194463,ARPA-USDT,0.0412813273387897,0.041253977655308,
2023-04-01 15:00:00,0.04116,0.04156,0.04113,0.04145,8638341,356927.64211,2301,4298059,177584.52793,-0.0002411963338155,ARPA-USDT,0.0411651599074103,0.0412573311381578,
2023-04-01 16:00:00,0.04144,0.04145,0.04074,0.04091,10198775,419653.89813,2558,4758457,195971.11669,-0.000488639139995,ARPA-USDT,0.0413617136515743,0.0412955280928598,0.0001
2023-04-01 17:00:00,0.04091,0.04108,0.04088,0.04092,5634978,230941.1491,1866,2822683,115687.62931,-0.0002443195699975,ARPA-USDT,0.0409092850474066,0.0409751200439867,
2023-04-01 18:00:00,0.04092,0.04106,0.04088,0.04104,4966993,203495.36009,1468,2460313,100800.86402,0.0,ARPA-USDT,0.040949336812923,0.0409961419980052,
2023-04-01 19:00:00,0.04104,0.04116,0.04089,0.04105,6399779,262609.8557,1644,2989681,122690.72708,0.0,ARPA-USDT,0.04105243771245,0.0410642654780036,
2023-04-01 20:00:00,0.04105,0.0414,0.04104,0.04129,6998739,288889.58129,1598,3147139,129921.423,-0.0002421307506054,ARPA-USDT,0.0410702525620205,0.0411131474445993,
2023-04-01 21:00:00,0.0413,0.04151,0.04119,0.04138,5366469,222150.00919,2017,2989518,123753.92958,-0.0007244626901714,ARPA-USDT,0.0412763310531894,0.0412393785544179,
2023-04-01 22:00:00,0.04139,0.04161,0.04138,0.04148,5455640,226524.21771,1495,3132388,130058.61706,-0.0004819277108433,ARPA-USDT,0.0414100266825438,0.0414284387703497,
2023-04-01 23:00:00,0.04148,0.04153,0.04133,0.04142,5399708,223742.93824,2183,2187175,90630.03611,0.0007248127567043,ARPA-USDT,0.0414943695193212,0.0414964169099953,
2023-04-02 00:00:00,0.04141,0.04173,0.04116,0.0414,10260239,425984.70203,2935,4831585,200577.42621,0.0,ARPA-USDT,0.041423633265666,0.041516016406453,0.0001
2023-04-02 01:00:00,0.04139,0.04173,0.04127,0.04155,9225505,383358.03615,2114,4668739,193938.41391,-0.0012019230769231,ARPA-USDT,0.041346643647849,0.0413077961186307,
2023-04-02 02:00:00,0.04155,0.04183,0.04141,0.04173,8948024,372843.20683,2246,4809058,200369.91291,-0.0007183908045975,ARPA-USDT,0.0415285093414069,0.0414953941758547,
2023-04-02 03:00:00,0.04172,0.04172,0.04149,0.04159,4780557,198781.96402,1424,2216244,92144.393,-0.0007208073041805,ARPA-USDT,0.0416579441253253,0.041610125885164,
2023-04-02 04:00:00,0.0416,0.04174,0.04138,0.04138,15999002,664643.4221900001,2693,8156646,338993.29326,-0.0007244626901714,ARPA-USDT,0.0415911145419423,0.0416512727843189,
2023-04-02 05:00:00,0.04137,0.04147,0.04134,0.04143,2313861,95809.78002,1049,1276200,52836.90614,-0.000723589001447,ARPA-USDT,0.0413874867013156,0.0413759991411541,
2023-04-02 06:00:00,0.04144,0.04213,0.04144,0.04189,13537417,566717.51712,3250,7552628,316125.6048,-0.0009539709038876,ARPA-USDT,0.0414852727176337,0.0415554235825976,
2023-04-02 07:00:00,0.04189,0.04207,0.0418,0.04202,6616147,277170.61455,1539,3271804,137084.25708,-0.0009510223490251,ARPA-USDT,0.0418873944936207,0.0418715655008549,
2023-04-02 08:00:00,0.04203,0.04206,0.04162,0.0417,6976530,291974.28691,1811,2856256,119579.85463,-0.0004793863854266,ARPA-USDT,0.0420272417816526,0.0420043612309526,4.818e-05
2023-04-02 09:00:00,0.0417,0.04196,0.0417,0.04182,3996067,167182.86435,1312,1594449,66705.04883,-0.0007168458781361,ARPA-USDT,0.0417344733473718,0.0417465957975817,
2023-04-02 10:00:00,0.04184,0.04188,0.04156,0.04158,5061477,210848.47828,1655,2161567,90012.37493,-0.0004807692307692,ARPA-USDT,0.0418675456486782,0.0418321486469725,
2023-04-02 11:00:00,0.04158,0.0416,0.04145,0.04147,6264494,260079.59955,1816,2905436,120620.89237,-0.0007228915662651,ARPA-USDT,0.0415575547378171,0.0415403583981464,
2023-04-02 12:00:00,0.04146,0.04149,0.04102,0.04106,8630019,356001.72993,2134,3138740,129534.15142,-0.000730104648333,ARPA-USDT,0.0414639623371371,0.0414659535488013,
2023-04-02 13:00:00,0.04107,0.0411,0.0406,0.04079,12806746,523363.14492,3076,5584453,228238.47911,-0.0009796718099436,ARPA-USDT,0.0410276794407319,0.0409655835573851,
2023-04-02 14:00:00,0.0408,0.0409,0.04056,0.04057,7427176,302616.04328,1879,3545748,144471.40202,-0.0014767413241446,ARPA-USDT,0.0407595886577162,0.0408171097366005,
2023-04-02 15:00:00,0.04057,0.04059,0.04001,0.04023,18863415,758537.94956,4817,8964616,360493.98385,-0.0004968944099378,ARPA-USDT,0.040552207049064,0.0403096113661276,
2023-04-02 16:00:00,0.04022,0.04036,0.04003,0.04031,8951323,360153.57862,2578,3936128,158346.45073,0.0,ARPA-USDT,0.0402094006633671,0.0402031238972112,0.0001
2023-04-02 17:00:00,0.04032,0.04078,0.04023,0.04066,12127123,491207.4932,3388,6382417,258723.13092,-0.0007372818874414,ARPA-USDT,0.0403155555854462,0.0402962284711081,
2023-04-02 18:00:00,0.04065,0.04074,0.04029,0.04029,8757736,354743.28057,2644,3308982,134062.02866,-0.0017343904856294,ARPA-USDT,0.0405941191754474,0.0405755699248443,
2023-04-02 19:00:00,0.0403,0.04035,0.0397,0.04,11531167,461320.90968,3124,5324319,213088.69502,-0.0002499375156209,ARPA-USDT,0.0403081619227777,0.040267032642234,
2023-04-02 20:00:00,0.04,0.04045,0.03994,0.04035,6835367,274973.81341,2426,3654569,146992.80499,-0.0009903441445904,ARPA-USDT,0.0399677344273673,0.0400320637421398,
2023-04-02 21:00:00,0.04035,0.04053,0.04026,0.04032,5045051,203810.54732,1554,2486074,100439.30597,-0.0004957858205255,ARPA-USDT,0.0403454816964601,0.0403763024516346,
2023-04-02 22:00:00,0.04031,0.04053,0.03998,0.04045,7018003,282485.27486,2118,3115635,125396.98682,-0.0007411067193676,ARPA-USDT,0.0403138841098169,0.0402770866424477,
2023-04-02 23:00:00,0.04046,0.04061,0.04033,0.04056,6299515,255019.4415,1928,2808907,113740.32271,-0.0009852216748768,ARPA-USDT,0.0405287903348361,0.0404901869883414,
2023-04-03 00:00:00,0.04057,0.04058,0.04015,0.04038,6772054,273482.03247,1817,2957620,119428.65024,-0.0007423904974016,ARPA-USDT,0.0405521071146528,0.0404680464026733,0.0001
2023-04-03 01:00:00,0.04038,0.04055,0.03919,0.03977,17744794,705460.06649,3919,9372655,372443.36051,-0.0005026388539833,ARPA-USDT,0.0404264322415253,0.0404975099207096,
2023-04-03 02:00:00,0.03977,0.03995,0.03965,0.0399,8226160,327551.73962,2259,3939143,156849.52615,-0.0002505637684792,ARPA-USDT,0.0397194748327441,0.0397393381442152,
2023-04-03 03:00:00,0.03991,0.04023,0.03989,0.04012,8440575,338343.72371,2355,4090947,163954.86386,-0.0009960159362549,ARPA-USDT,0.0399222046078439,0.0400041386131623,
2023-04-03 04:00:00,0.04011,0.04025,0.03992,0.04011,4886482,195917.78937,1646,2077303,83294.35866,-0.0007473841554559,ARPA-USDT,0.0401397804224102,0.0401709085601155,
2023-04-03 05:00:00,0.04012,0.04038,0.04008,0.04011,6448384,259377.40303,2202,3308796,133156.80558,-0.0004983802641415,ARPA-USDT,0.040163265186032,0.040174673486419,
2023-04-03 06:00:00,0.0401,0.0402,0.04005,0.0402,3053940,122554.02097,1162,1743398,69962.35012,-0.0004972650422675,ARPA-USDT,0.040143942798698,0.0401336238292975,
2023-04-03 07:00:00,0.0402,0.04043,0.0402,0.04043,5674577,228956.90719,1788,2897298,116901.23766,-0.0002472799208703,ARPA-USDT,0.0402336085518255,0.0403048306038752,
2023-04-03 08:00:00,0.04043,0.04091,0.04043,0.0408,11029549,449186.43682,4290,4551192,185361.07665,-0.0002450379808869,ARPA-USDT,0.0404500940776009,0.0405163483967327,0.0001
2023-04-03 09:00:00,0.04081,0.04082,0.04059,0.04065,5313663,216272.84465,1886,2448081,99633.82954,0.0,ARPA-USDT,0.0407957952962301,0.0407743276708129,
2023-04-03 10:00:00,0.04065,0.04075,0.04049,0.04051,4476224,181832.49179,1483,2357800,95791.62223,-0.0007400098667982,ARPA-USDT,0.040662088315991,0.0406153536138128,
2023-04-03 11:00:00,0.0405,0.0406,0.0404,0.04057,4219200,170919.18375,1429,1946392,78851.55951,-0.0009849790691947,ARPA-USDT,0.0405079620083327,0.040479324909422,
2023-04-03 12:00:00,0.04057,0.04058,0.04019,0.04041,6663029,269463.28796,1867,2422684,97935.90974,-0.0004946821667078,ARPA-USDT,0.0405720687207601,0.0405261183564992,
2023-04-03 13:00:00,0.0404,0.04092,0.0404,0.04076,9638299,392123.3718,2854,6257510,254598.52015,-0.0004904364884746,ARPA-USDT,0.0404357739437392,0.0404383623349513,
2023-04-03 14:00:00,0.04076,0.04154,0.04025,0.04032,31262248,1279282.02677,7695,16066440,657821.18968,-0.0009910802775023,ARPA-USDT,0.0407763099846887,0.0408402336075632,
2023-04-03 15:00:00,0.04033,0.04095,0.04021,0.04093,10185468,413320.26589,3268,5703337,231335.85683,-0.0004884004884004,ARPA-USDT,0.0403060166226894,0.0403346889984258,
2023-04-03 16:00:00,0.04093,0.04093,0.0406,0.04072,9594945,391469.02377,2615,3821382,155934.27577,-0.0004909180166912,ARPA-USDT,0.0408366268125727,0.0407988699085626,0.0001
2023-04-03 17:00:00,0.04073,0.04102,0.04062,0.04079,11175681,456752.48593,2807,5288806,216187.71465,-0.0002450980392157,ARPA-USDT,0.0406877815287977,0.0406831632486496,
2023-04-03 18:00:00,0.04079,0.04119,0.04055,0.04106,15669911,640848.84564,4491,7309711,298873.29709,0.0,ARPA-USDT,0.0408037544458611,0.0408929527144249,
2023-04-03 19:00:00,0.04106,0.04124,0.04088,0.04097,8879634,365056.67583,2606,3677991,151203.95529,-0.0007317073170731,ARPA-USDT,0.0411696002608787,0.0411642921618348,
2023-04-03 20:00:00,0.04098,0.04112,0.03952,0.0399,32056047,1284473.99832,7122,14277181,571879.9906,0.0,ARPA-USDT,0.0410318054490304,0.0410445981853951,
2023-04-03 21:00:00,0.03989,0.04035,0.03938,0.0402,13720728,546258.67582,3615,6190370,246464.7844,-0.0007457121551082,ARPA-USDT,0.0396678830467982,0.0395669119461794,
2023-04-03 22:00:00,0.04022,0.04064,0.0402,0.04048,10049740,406594.86515,3012,4465778,180684.01784,-0.0004938271604938,ARPA-USDT,0.0403356749369716,0.0402937346514896,
2023-04-03 23:00:00,0.04048,0.04073,0.04046,0.04054,6928881,281259.00131,2593,3227598,131001.54038,-0.0004930966469427,ARPA-USDT,0.0405321964534554,0.0405751269818945,
2023-04-04 00:00:00,0.04053,0.04079,0.04029,0.0405,8519199,345774.62604,2615,4187561,169989.11617,-0.0009866798223976,ARPA-USDT,0.0406287867325221,0.0406404916563731,0.0001
2023-04-04 01:00:00,0.04051,0.04078,0.04049,0.04064,6797656,276092.2271,2528,3440390,139719.49173,-0.0002460024600244,ARPA-USDT,0.0405695300840878,0.0405367570106069,
2023-04-04 02:00:00,0.04065,0.04095,0.04052,0.04082,5841857,238172.12789,1926,2759601,112486.77128,0.0004901960784313,ARPA-USDT,0.0405937427545031,0.0405609356748613,
2023-04-04 03:00:00,0.04081,0.04081,0.04042,0.04048,7784732,316188.88289,2509,2440778,99188.33212,-0.0004938271604938,ARPA-USDT,0.0407547476680964,0.0407146899702601,
2023-04-04 04:00:00,0.04049,0.04062,0.04034,0.04045,3763662,152418.83379,1366,1949725,78964.0747,-0.0002471576866041,ARPA-USDT,0.0405201073862337,0.0405709729593906,
2023-04-04 05:00:00,0.04044,0.04069,0.04037,0.04068,3792030,153868.81502,1441,1675541,67988.24041,-0.0004914004914005,ARPA-USDT,0.0403984796163069,0.0404259646132244,
2023-04-04 06:00:00,0.04067,0.04099,0.04061,0.04088,7436141,303655.87593,3124,3891507,158921.06063,-0.0009775171065493,ARPA-USDT,0.0406429200690541,0.0407326823236981,
2023-04-04 07:00:00,0.04089,0.04093,0.04065,0.04072,5104595,208203.06574,2069,1966403,80218.63863,-0.0004909180166912,ARPA-USDT,0.0409040845766017,0.0408462925531709,
2023-04-04 08:00:00,0.04072,0.04087,0.0406,0.04083,5782776,235427.73687,2286,2625932,106940.22284,-0.0004895960832312,ARPA-USDT,0.0407170696165303,0.040694522882818,0.0001
2023-04-04 09:00:00,0.04083,0.04098,0.04074,0.04092,5057472,206654.19519,2219,2731647,111651.96818,0.0002444390124662,ARPA-USDT,0.0408311675035084,0.0408500531859131,
2023-04-04 10:00:00,0.04092,0.041,0.04083,0.04091,5406718,221253.85898,2079,2749740,112542.03438,-0.000488639139995,ARPA-USDT,0.0408738384616594,0.0409238668785786,
2023-04-04 11:00:00,0.0409,0.04127,0.04083,0.04117,10992741,451771.73886,3565,6056958,248972.89087,0.0,ARPA-USDT,0.0408972334729274,0.0408843902024703,
2023-04-04 12:00:00,0.04118,0.04141,0.04107,0.04119,5761803,237583.84346,2251,3048702,125718.24025,-0.000242718446602,ARPA-USDT,0.0412673912044597,0.0413027774586836,
2023-04-04 13:00:00,0.0412,0.04147,0.04109,0.04127,10025429,413739.04936,3622,5708158,235577.97854,-0.000726392251816,ARPA-USDT,0.0411914471738612,0.0412292117534361,
2023-04-04 14:00:00,0.04128,0.04171,0.04127,0.04134,10205202,423488.11679,3359,5376109,223115.83554,-0.0004835589941972,ARPA-USDT,0.0413050218533921,0.0412973469649211,
2023-04-04 15:00:00,0.04133,0.04143,0.04101,0.04113,7929461,326523.71458,3130,2884754,118789.84294,-0.0002430724355858,ARPA-USDT,0.0412709462477491,0.0412880060101485,
2023-04-04 16:00:00,0.04112,0.04119,0.04101,0.04109,4877053,200422.12832,1969,2363638,97154.70734,0.0002434274586173,ARPA-USDT,0.0411164425756552,0.0411009300831796,0.0001
2023-04-04 17:00:00,0.0411,0.04133,0.04108,0.04119,7086478,292064.7485,2032,4341993,179003.72976,-0.000242718446602,ARPA-USDT,0.0411529047734909,0.0411564609313917,
2023-04-04 18:00:00,0.04119,0.04132,0.04108,0.04111,4214664,173781.28038,1617,1842599,75977.01197,0.0,ARPA-USDT,0.0412130065684668,0.0412191295312137,
2023-04-04 19:00:00,0.04111,0.04121,0.04106,0.04119,3750772,154299.19404,1482,1874818,77133.73535,-0.000242718446602,ARPA-USDT,0.0411196678131967,0.0411336001854243,
2023-04-04 20:00:00,0.04119,0.04133,0.04111,0.04124,5107682,210473.35073,1717,2023185,83380.38397,0.0,ARPA-USDT,0.0412038171180522,0.0412154557844661,
2023-04-04 21:00:00,0.04124,0.04133,0.04092,0.04107,5385056,221383.83014,1745,2475246,101815.22191,0.0002435460301997,ARPA-USDT,0.0412615756872923,0.0412709617161932,
2023-04-04 22:00:00,0.04108,0.04122,0.04101,0.04108,4928573,202631.93029,1590,2532415,104129.22199,0.0,ARPA-USDT,0.0411277046427967,0.0411201661284862,
2023-04-04 23:00:00,0.04107,0.04117,0.0409,0.04109,2986358,122529.30896,1259,1463017,60032.63485,-0.0002433090024329,ARPA-USDT,0.0410913508662595,0.0411188141754436,
2023-04-05 00:00:00,0.04107,0.04155,0.04076,0.04147,10227812,421244.16885,2943,4945957,203735.13424,-0.0002410800385729,ARPA-USDT,0.0410673468491442,0.0410248629671836,0.0001
2023-04-05 01:00:00,0.04148,0.04177,0.04142,0.0417,10069802,418923.58012,2790,5729074,238374.98595,-0.0009583133684714,ARPA-USDT,0.0415424951167117,0.0414911981071185,
2023-04-05 02:00:00,0.04171,0.04198,0.0417,0.04178,6764727,282918.99996,2329,3971695,166117.26408,-0.000717531690983,ARPA-USDT,0.0417500657261082,0.0417711244855869,
2023-04-05 03:00:00,0.04179,0.04195,0.04168,0.04191,3847675,160971.65324,1495,1961909,82092.34268,0.0,ARPA-USDT,0.0418546162418454,0.0418521654224204,
2023-04-05 04:00:00,0.04189,0.04256,0.04189,0.0424,27414757,1160045.35439,7381,14251601,602817.32937,-0.0004714757190004,ARPA-USDT,0.0419781044931266,0.0420118309111431,
2023-04-05 05:00:00,0.04239,0.04239,0.04187,0.04196,13855958,583315.07405,3447,5687966,239445.34608,0.0002383790226458,ARPA-USDT,0.0423315485059246,0.0422357961592481,
2023-04-05 06:00:00,0.04196,0.04206,0.0417,0.04183,12375873,518783.94552,4085,5598560,234732.788,-0.0002390057361377,ARPA-USDT,0.0419855210607593,0.0420040700953386,
2023-04-05 07:00:00,0.04184,0.0419,0.04161,0.0418,5121908,213953.7564,1816,2161678,90317.18951,0.0,ARPA-USDT,0.0418318744046224,0.0418198989751842,
2023-04-05 08:00:00,0.0418,0.04234,0.0417,0.0422,16893383,710608.49353,4534,10475400,440638.52409,-0.0009469696969696,ARPA-USDT,0.0418155196244857,0.0418202308973656,0.0001
2023-04-05 09:00:00,0.0422,0.04223,0.04198,0.04202,8371647,352668.48897,2921,4419448,186226.92496,0.0004761904761905,ARPA-USDT,0.0421131143944152,0.0421147099508499,
2023-04-05 10:00:00,0.042,0.04215,0.04196,0.04212,4011785,168678.87611,1782,1749822,73578.18102999999,0.0,ARPA-USDT,0.0419752899364187,0.0419823359605315,
2023-04-05 11:00:00,0.04212,0.04213,0.04198,0.04208,3513528,147760.93177,1990,1605979,67537.8893,0.0002376990729735,ARPA-USDT,0.0420878525456772,0.0420579763908077,
2023-04-05 12:00:00,0.04209,0.04219,0.04153,0.04205,12073838,506001.01659,3630,5182555,217323.15996,-0.0002377555872563,ARPA-USDT,0.0420817767438945,0.0420587418141664,
2023-04-05 13:00:00,0.04205,0.04217,0.04173,0.04186,13820220,580172.11492,4401,6038529,253613.719,-0.0002388344876999,ARPA-USDT,0.0419716601450492,0.041958752677531,
2023-04-05 14:00:00,0.04187,0.04199,0.04133,0.04169,17058382,710165.89796,4778,7780442,323904.49959,-0.0011978917105893,ARPA-USDT,0.0419359914747904,0.0418632827318317,
2023-04-05 15:00:00,0.04169,0.04169,0.0411,0.04148,15116764,626197.1021,4434,6868840,284486.55006,-0.0007227174174896,ARPA-USDT,0.0415831760686769,0.0414281445629151,
2023-04-05 16:00:00,0.04149,0.04154,0.04105,0.04112,11556390,476615.60298,4050,6210552,256135.61717,-0.0004861448711717,ARPA-USDT,0.041455498761228,0.0414595173407726,0.0001
2023-04-05 17:00:00,0.04111,0.04127,0.04104,0.04108,11264250,463303.86524,4185,6088833,250450.97838,-0.000729749452688,ARPA-USDT,0.0410881684790185,0.0411122377899999,
2023-04-05 18:00:00,0.04108,0.0412,0.04096,0.04117,6473634,265850.17871,2452,3695183,151753.22647,-0.0007281553398058,ARPA-USDT,0.0410621183578735,0.0410778093625325,
2023-04-05 19:00:00,0.04118,0.04169,0.04115,0.04161,13344917,553432.50158,3914,6273525,260084.45378,0.0,ARPA-USDT,0.0411751422269637,0.0411656076958135,
2023-04-05 20:00:00,0.04162,0.04166,0.04145,0.04151,6734345,279916.21215,2493,2883547,119850.62112,-0.0002408477842004,ARPA-USDT,0.0415926443150054,0.0415673809603794,
2023-04-05 21:00:00,0.04151,0.04189,0.04149,0.04187,7240609,301820.73804,2347,4265463,177824.42592,-0.0002387774594079,ARPA-USDT,0.0415153351620451,0.0415760277734525,
2023-04-05 22:00:00,0.04187,0.04238,0.04173,0.04217,18681559,784653.17281,3940,9960689,418407.70894,0.0,ARPA-USDT,0.0418009434783696,0.0418199888218408,
2023-04-05 23:00:00,0.04216,0.04225,0.042,0.04206,7724176,325251.36156,2058,3898315,164162.57812,0.0002378121284185,ARPA-USDT,0.0421220842715845,0.042187701405154,
2023-04-06 00:00:00,0.04207,0.04208,0.04151,0.0417,12143818,507164.57939,3558,5681991,237254.09462,-0.0002397506593142,ARPA-USDT,0.0420389045761068,0.0419102623804746,0.0001
2023-04-06 01:00:00,0.04171,0.04194,0.0411,0.04154,13845208,574539.39999,4458,6052280,251149.19077,0.000240789790513,ARPA-USDT,0.0416868455204074,0.0416818691210181,
2023-04-06 02:00:00,0.04152,0.04165,0.04122,0.04131,5954709,246983.32293,2310,2593272,107612.01053,0.0,ARPA-USDT,0.0415597565079888,0.0415872107645633,
2023-04-06 03:00:00,0.04132,0.04156,0.04122,0.04152,5659349,234094.31438,2055,3008012,124474.40258,0.0002409058058299,ARPA-USDT,0.0413379127934802,0.0412784281615111,
2023-04-06 04:00:00,0.04152,0.04162,0.04138,0.0414,6923701,287190.89807,1852,3010708,124912.05774,-0.0002414875633905,ARPA-USDT,0.0415222731696766,0.0415472374409079,
2023-04-06 05:00:00,0.04139,0.0415,0.04121,0.04139,4988307,206317.61185,1914,2379883,98454.47981,-0.0007242877836792,ARPA-USDT,0.0413926190751111,0.0413618589980492,
2023-04-06 06:00:00,0.04139,0.04257,0.04135,0.0419,34599996,1456229.82171,8903,18241275,767738.94733,-0.0007154781779156,ARPA-USDT,0.0413849692250303,0.0414202723043546,
2023-04-06 07:00:00,0.0419,0.0433,0.04185,0.04265,98126586,4197815.0975,21336,51270913,2193549.71487,-0.0002344116268165,ARPA-USDT,0.0419493738877565,0.0419984578462286,
2023-04-06 08:00:00,0.04267,0.04267,0.04152,0.04184,83080298,3485481.77544,16977,37839794,1587696.78934,-0.0004777830864787,ARPA-USDT,0.0421800564617108,0.0419504540776074,0.0001
2023-04-06 09:00:00,0.04185,0.04221,0.04178,0.04182,21561768,905415.43939,5225,9758521,409830.92771,-0.0009555661729574,ARPA-USDT,0.0419775227381266,0.0419558482572153,
2023-04-06 10:00:00,0.04183,0.04196,0.04122,0.04133,26823032,1113530.7506,6289,11491863,477028.88027,-0.000483675937122,ARPA-USDT,0.0419122856423737,0.0418002894116467,
2023-04-06 11:00:00,0.04134,0.04179,0.04134,0.04175,18511911,770216.42555,4528,8936173,371712.67077,-0.0007180469123981,ARPA-USDT,0.04141842933342,0.0414566939922571,
2023-04-06 12:00:00,0.04175,0.04186,0.04127,0.04135,15865626,659085.30007,4710,6594966,273850.07735,-0.0009664170089395,ARPA-USDT,0.0418386019795596,0.0417210819810015,
2023-04-06 13:00:00,0.04138,0.04151,0.04079,0.04118,25985901,1069082.05849,6204,9837190,405153.55925,-0.0002427773731487,ARPA-USDT,0.0414258378943501,0.0414074438296229,
2023-04-06 14:00:00,0.04119,0.04141,0.04088,0.04092,26828118,1102884.50142,6752,13056527,536907.07302,-0.0007326007326008,ARPA-USDT,0.0412237185806066,0.0412934483732039,
2023-04-06 15:00:00,0.04093,0.04131,0.04085,0.04114,12243587,503990.13371,3653,6776878,278954.04146,-0.0007286859363613,ARPA-USDT,0.0409078378404772,0.0409746422784564,
2023-04-06 16:00:00,0.04115,0.04161,0.04115,0.04136,10186968,421622.43997,2835,5472350,226506.58627,-0.0002417210539037,ARPA-USDT,0.0411862762762762,0.0412431355021357,0.0001
2023-04-06 17:00:00,0.04136,0.04155,0.04129,0.04149,6936986,287461.16332,2369,3458051,143290.31606,0.0,ARPA-USDT,0.0413410385576928,0.041328708486247,
2023-04-06 18:00:00,0.0415,0.04171,0.04114,0.04128,15796539,655154.64095,4694,6650510,276011.6594,0.0,ARPA-USDT,0.0415222699287572,0.0415516374841752,
2023-04-06 19:00:00,0.04127,0.04168,0.0412,0.04151,8591934,356203.99125,3005,4334427,179745.68279,-0.0002408477842004,ARPA-USDT,0.0413134851271826,0.0412499003717621,
2023-04-06 20:00:00,0.04153,0.04169,0.04113,0.04127,11323945,469388.07874,3404,5724464,237180.16878,0.0,ARPA-USDT,0.041565434678209,0.0415271671669326,
2023-04-06 21:00:00,0.04127,0.04151,0.04112,0.04137,4775085,197325.70071,1852,2458811,101601.9915,-0.000241662638956,ARPA-USDT,0.0412186557839115,0.0412398528973937,
2023-04-06 22:00:00,0.04136,0.04137,0.04112,0.0413,5095698,210028.42551,2159,2167259,89327.30067,-0.0002420721374968,ARPA-USDT,0.0413323270333905,0.0412971086149476,
2023-04-06 23:00:00,0.04131,0.04149,0.04127,0.04137,5644891,233636.64683,2335,2308132,95541.76389,-0.0007246376811594,ARPA-USDT,0.0413526522621033,0.0413363150273762,
2023-04-07 00:00:00,0.04138,0.04166,0.04117,0.04163,7956229,329507.60583,2584,4093468,169474.59883,-0.000240153698367,ARPA-USDT,0.041425258481874,0.0414519719097569,0.0001
2023-04-07 01:00:00,0.04163,0.04169,0.04131,0.04132,6329682,262624.78698,2317,2554229,105966.45339,-0.000725513905683,ARPA-USDT,0.0416693868387962,0.0415883554673737,
2023-04-07 02:00:00,0.04131,0.04134,0.04068,0.0409,10464609,428467.5157,2718,4744459,194304.66971,-0.0004887585532746,ARPA-USDT,0.0413330782315603,0.0413247827876746,
2023-04-07 03:00:00,0.04089,0.04104,0.04064,0.04069,8149539,332665.91804,2291,3751725,153254.49116,-0.0002457002457003,ARPA-USDT,0.0409037077123928,0.0409434398667234,
2023-04-07 04:00:00,0.04068,0.04109,0.04065,0.04102,6974446,285062.1553,2796,4154340,169753.03003,-0.0004873294346978,ARPA-USDT,0.0407609680291208,0.0407805682153615,
2023-04-07 05:00:00,0.04102,0.04106,0.04052,0.04076,7154230,291963.55378,1990,3482422,142236.17858,-0.0004904364884746,ARPA-USDT,0.0410259313694687,0.0410312118190934,
2023-04-07 06:00:00,0.04077,0.04086,0.04052,0.04063,8819215,358641.77569,2431,4328861,176041.88623,-0.000737825873094,ARPA-USDT,0.0408011857476264,0.0408330705474825,
2023-04-07 07:00:00,0.04062,0.04079,0.03999,0.04007,20289624,818315.6017700001,4802,7243544,292528.7187,-0.0002495009980039,ARPA-USDT,0.040659628018353,0.0406674749584638,
2023-04-07 08:00:00,0.04007,0.04046,0.03986,0.03998,26902899,1080684.04547,7591,13632392,547962.26729,-0.000999500249875,ARPA-USDT,0.0400424542292028,0.0400944141266919,0.0001
2023-04-07 09:00:00,0.03998,0.04027,0.03983,0.04014,13652716,546743.76754,3711,6416856,256976.50731,-0.0009955201592831,ARPA-USDT,0.0399607126166615,0.0399474467071046,
2023-04-07 10:00:00,0.04015,0.0404,0.04015,0.0403,9767277,393423.47069,2825,5555996,223850.3874,-0.000991571641051,ARPA-USDT,0.0401948698873827,0.0402184923037574,
2023-04-07 11:00:00,0.04029,0.0404,0.03998,0.04021,15751715,633716.28099,3441,9273465,373143.93009,-0.0004971414367387,ARPA-USDT,0.0402789974188554,0.0403162660348938,
2023-04-07 12:00:00,0.04021,0.04056,0.04009,0.04041,16756733,675931.0795999999,4643,8280343,333997.20417,-0.0002474022761008,ARPA-USDT,0.0401335696528689,0.0401528370946033,
2023-04-07 13:00:00,0.0404,0.04045,0.04016,0.04034,6783226,273573.14809,2178,3039014,122529.96259,-0.0002478314745971,ARPA-USDT,0.0403773834311975,0.0403354093688108,
2023-04-07 14:00:00,0.04034,0.04065,0.04033,0.04041,10293217,416685.75013,2745,4749911,192283.74222,0.0,ARPA-USDT,0.0403350597158395,0.0403655305410932,
2023-04-07 15:00:00,0.04043,0.04062,0.04041,0.04058,5643617,228593.71077,2119,2910301,117875.22753,-0.0002463661000247,ARPA-USDT,0.0404622809955902,0.0404653321318113,
2023-04-07 16:00:00,0.04059,0.04064,0.04031,0.04041,4803897,194382.17239,1725,2281179,92313.40316,-0.0004946821667078,ARPA-USDT,0.040616436647812,0.0405787051625819,0.0001
2023-04-07 17:00:00,0.04042,0.04052,0.04036,0.04039,3997744,161631.09939,1422,1699670,68705.97286000001,-0.0007422068283027,ARPA-USDT,0.0404293451286929,0.0404508244610549,
2023-04-07 18:00:00,0.04041,0.04051,0.04031,0.04047,3742287,151278.69486,1746,1732090,70017.75963,0.0,ARPA-USDT,0.0404042993129707,0.0403630693361502,
2023-04-07 19:00:00,0.04046,0.04063,0.04042,0.0406,4329573,175438.23118,1793,2611075,105802.90374,-0.0004923682914821,ARPA-USDT,0.0404321663428616,0.0404338946593145,
2023-04-07 20:00:00,0.04061,0.04065,0.04051,0.04056,4432803,179902.4073,1686,1964249,79725.25586,-0.000492853622474,ARPA-USDT,0.0406171679206932,0.0405969669239115,
2023-04-07 21:00:00,0.04056,0.04067,0.04046,0.04054,3738452,151610.82677,1280,1831450,74273.04149999999,-0.0007394626571358,ARPA-USDT,0.0405396942600197,0.0405057930900826,
2023-04-07 22:00:00,0.04056,0.04088,0.0404,0.04081,7993303,324899.28988,2326,3375016,137309.76472,0.0002450980392156,ARPA-USDT,0.0405668356061973,0.0405963879679588,
2023-04-07 23:00:00,0.04081,0.04095,0.04067,0.0408,6474593,264114.27906,2134,3619697,147704.54267,-0.0012239902080781,ARPA-USDT,0.0407675441442727,0.0407454928011484,
2023-04-08 00:00:00,0.0408,0.04081,0.04039,0.04042,5720500,232180.16516,2157,2692278,109243.0094,-0.0007416563658838,ARPA-USDT,0.0407988178837839,0.0407635074656522,0.0001
2023-04-08 01:00:00,0.04044,0.04075,0.0404,0.04055,5551934,225278.66787,1789,2957441,119992.27065,-0.0002465483234712,ARPA-USDT,0.0404214664416372,0.0404304935637432,
2023-04-08 02:00:00,0.04054,0.0409,0.04048,0.04089,4864391,198006.53232,1832,2574531,104816.07994,-0.0007331378299119,ARPA-USDT,0.0405010008546344,0.0405122027342078,
2023-04-08 03:00:00,0.0409,0.04128,0.04089,0.04119,7850169,322798.31114,2901,3858579,158617.60202,-0.000242718446602,ARPA-USDT,0.0409013559835679,0.0409376189962441,
2023-04-08 04:00:00,0.0412,0.04127,0.0411,0.04119,3555559,146397.22635,1350,1392937,57352.84798,-0.0004853190973064,ARPA-USDT,0.0412009141221889,0.0412359300415403,
2023-04-08 05:00:00,0.0412,0.04146,0.04119,0.04143,4810156,198714.98423,1778,2133449,88158.99292,0.0,ARPA-USDT,0.041195678588927,0.0411975486786262,
2023-04-08 06:00:00,0.04144,0.04162,0.04132,0.04139,7203091,298675.65663,1963,2984648,123743.31693,0.0,ARPA-USDT,0.0414595778422891,0.0415395493738935,
2023-04-08 07:00:00,0.04139,0.0414,0.04111,0.04111,4914289,202676.42432,1946,1925357,79427.43204,-0.0002431906614784,ARPA-USDT,0.0413906197199398,0.0413801272959682,
2023-04-08 08:00:00,0.04112,0.04136,0.04111,0.04115,6392855,263616.33844,2283,3218445,132699.83126,-0.000242954324587,ARPA-USDT,0.0411407401773521,0.0412073616748725,0.0001
2023-04-08 09:00:00,0.04115,0.04118,0.04103,0.04108,4829688,198572.38975,1983,2436330,100181.4875,-0.000243368216111,ARPA-USDT,0.0411094995584245,0.0411103604249336,
2023-04-08 10:00:00,0.04108,0.04114,0.04097,0.04099,4257365,174826.24317,1852,2218696,91116.00339,-0.0002439024390245,ARPA-USDT,0.0410971250708415,0.0411067156949229,
2023-04-08 11:00:00,0.041,0.04123,0.04099,0.04122,4992746,205282.39153,2270,3196309,131433.41832,0.0,ARPA-USDT,0.041017946656951,0.0410347445091211,
2023-04-08 12:00:00,0.04121,0.0413,0.04106,0.04119,8469552,348821.71614,2252,4659592,191868.00893,-0.0004853190973064,ARPA-USDT,0.0411265454162229,0.041168310063822,
2023-04-08 13:00:00,0.04119,0.04132,0.04105,0.04124,5852501,241092.05421,2305,2949521,121500.93623,-0.0012109469605231,ARPA-USDT,0.0411721117834655,0.0411696367202874,
2023-04-08 14:00:00,0.04125,0.04149,0.04115,0.04128,5162235,213426.72815,1918,2430735,100497.53074,-0.0007262164124909,ARPA-USDT,0.0412283759304393,0.0412924892468256,
2023-04-08 15:00:00,0.04129,0.04142,0.04114,0.04115,4725886,194936.17115,1838,2174903,89749.15555,-0.0004857906242409,ARPA-USDT,0.0413170861350799,0.0413591366468151,
2023-04-08 16:00:00,0.04117,0.04137,0.04116,0.04131,3364371,138895.23744,1574,1634036,67457.18445,-0.0007256894049347,ARPA-USDT,0.0411777543849155,0.0412298257036424,0.0001
2023-04-08 17:00:00,0.04131,0.0414,0.04096,0.04115,6476659,266694.52029,2091,3115240,128238.98869,-0.0004857906242409,ARPA-USDT,0.0413207724243901,0.0413513413886122,
2023-04-08 18:00:00,0.04114,0.04139,0.04084,0.04094,12673668,521305.00398,3578,5649124,232401.48377,-0.0009760858955589,ARPA-USDT,0.0410269448005067,0.0410150873144199,
2023-04-08 19:00:00,0.04094,0.04116,0.04087,0.04102,6668794,273448.03249,2396,2973079,121888.53527,0.0,ARPA-USDT,0.0409062536638041,0.0409694233456553,
2023-04-08 20:00:00,0.04102,0.04155,0.04099,0.04108,15939309,658109.99795,3788,8121089,335348.60674,0.0,ARPA-USDT,0.0410193033067876,0.0410404878916806,
2023-04-08 21:00:00,0.04107,0.04121,0.04094,0.04118,5867710,241145.89117,1720,2894449,118981.50892,0.0,ARPA-USDT,0.0410961581561186,0.0411395149735698,
2023-04-08 22:00:00,0.04117,0.04178,0.04095,0.04139,16694559,690868.02309,4241,8443085,349580.84697,-0.0012065637065635,ARPA-USDT,0.0411040818362741,0.0410426109390156,
2023-04-08 23:00:00,0.04139,0.04167,0.04117,0.04146,25690779,1063076.71489,7006,13148495,544135.2162,0.0002412545235221,ARPA-USDT,0.0413188771711114,0.0413202304916987,
2023-04-09 00:00:00,0.04146,0.04187,0.04137,0.04163,15535613,646444.42235,4863,7652064,318426.46977,-0.000240153698367,ARPA-USDT,0.0414213267428679,0.0414432409282315,0.0001
2023-04-09 01:00:00,0.04162,0.04202,0.04161,0.04187,14498545,606822.8636,3857,7081218,296346.94568,0.0,ARPA-USDT,0.0417326446017245,0.041869415093286,
2023-04-09 02:00:00,0.04187,0.04191,0.04169,0.04174,6280264,262470.90846,2514,2597720,108557.6299,-0.000718218817333,ARPA-USDT,0.0418994195455649,0.0418067733916006,
2023-04-09 03:00:00,0.04175,0.04178,0.04119,0.0412,12320407,510863.84037,3785,3812361,158049.97596,-0.0002426595486531,ARPA-USDT,0.0417315468013786,0.0416955092247979,
2023-04-09 04:00:00,0.0412,0.04129,0.04104,0.04108,6689451,275352.76824,2687,2720453,112035.46891,0.0,ARPA-USDT,0.041248394256739,0.041261990675494,
2023-04-09 05:00:00,0.04109,0.04115,0.04071,0.04073,6736541,276059.88321,3149,3155177,129324.77643,-0.0007360157016681,ARPA-USDT,0.0410874519843384,0.0410961046245417,
2023-04-09 06:00:00,0.04073,0.04078,0.04015,0.04019,19220879,777078.53739,5389,8178262,330735.93017,-0.0002487562189055,ARPA-USDT,0.040745526753131,0.0406328261425063,
2023-04-09 07:00:00,0.0402,0.04028,0.04003,0.04023,8819590,354162.54707,3080,4453042,178827.77822,-0.0007451564828613,ARPA-USDT,0.0401757758738167,0.0401293879280627,
2023-04-09 08:00:00,0.04023,0.0403,0.04002,0.04023,10705592,430164.35793,2797,5292938,212610.28966,-0.0007451564828613,ARPA-USDT,0.0402272648014626,0.0402533009508386,0.0001
2023-04-09 09:00:00,0.04023,0.04041,0.04009,0.04011,7888176,317441.97759,2436,4066063,163544.17674,-0.0007473841554559,ARPA-USDT,0.0402535588257774,0.0402660439445787,
2023-04-09 10:00:00,0.04012,0.0404,0.04012,0.04026,5281076,212648.01751,2025,2740084,110324.20437,-0.0007446016381236,ARPA-USDT,0.0401524892074397,0.0402137476052746,
2023-04-09 11:00:00,0.04028,0.04079,0.04028,0.04076,7642584,310023.69466,2760,3467609,140625.63466,-0.0007354743809757,ARPA-USDT,0.0402901806189971,0.0403240688183313,
2023-04-09 12:00:00,0.04076,0.04141,0.04076,0.04119,23527616,968835.98075,6290,11415655,470015.5763,-0.0004853190973064,ARPA-USDT,0.040871401700745,0.0410079020424053,
2023-04-09 13:00:00,0.04119,0.04121,0.04086,0.04106,7515813,308244.64568,2102,4220866,173109.10938,0.0,ARPA-USDT,0.0411612703734749,0.0411009322059479,
2023-04-09 14:00:00,0.04106,0.04107,0.04052,0.04058,13801983,561391.64496,2886,6384961,259566.15781,-0.0004926108374384,ARPA-USDT,0.0410315044915181,0.0410016743606177,
2023-04-09 15:00:00,0.04058,0.04094,0.04057,0.04084,7298483,297326.27664,2234,3720321,151573.92995,-0.0004894762604013,ARPA-USDT,0.0406029624315078,0.0406603912357929,
2023-04-09 16:00:00,0.04085,0.04096,0.04078,0.04081,4912043,200742.1242,1580,2750469,112402.45266,-0.0007345739471107,ARPA-USDT,0.0408363895414794,0.0408285137922127,0.0001
2023-04-09 17:00:00,0.04083,0.04124,0.04062,0.04118,13047904,533685.00563,3046,7288331,298190.63723,0.0,ARPA-USDT,0.0408207992822256,0.0407656092956157,
2023-04-09 18:00:00,0.04113,0.04134,0.04088,0.04124,12231845,502203.64406,3473,6482520,266098.58783,-0.0004847309743092,ARPA-USDT,0.0409825341106951,0.0409881939639924,
2023-04-09 19:00:00,0.04125,0.04188,0.04125,0.04157,19586802,813736.8285299999,5319,9031049,375205.71654,0.0007221954742417,ARPA-USDT,0.0413215953069454,0.0412944200100375,
2023-04-09 20:00:00,0.04156,0.04318,0.04153,0.04214,108835653,4613249.43713,20847,56271542,2385278.38978,-0.0004743833017079,ARPA-USDT,0.0416664506074873,0.0416427875861211,
2023-04-09 21:00:00,0.04215,0.04227,0.04178,0.04223,42492802,1785426.68579,8471,20707988,870049.81428,0.0,ARPA-USDT,0.0418928119993783,0.0419139181293749,
2023-04-09 22:00:00,0.04223,0.04259,0.04213,0.0425,17924776,758699.44246,4541,8790170,372060.23109,-0.000940291490362,ARPA-USDT,0.0423160649546109,0.0422974740571651,
2023-04-09 23:00:00,0.04251,0.04306,0.04242,0.04252,32873530,1404679.27131,7758,17537810,749329.63443,-0.0002351281448388,ARPA-USDT,0.0424511297131287,0.0425167136857412,
2023-04-10 00:00:00,0.04252,0.04465,0.04235,0.04351,95602994,4162872.19262,17952,50269411,2189841.692,-0.0002297794117648,ARPA-USDT,0.0424448628187571,0.042436661779106,0.0001
2023-04-10 01:00:00,0.04351,0.04397,0.04278,0.04305,63453917,2748703.58484,12242,28129882,1219372.03027,-0.0002322340919648,ARPA-USDT,0.0434424182014244,0.0434628765043592,
2023-04-10 02:00:00,0.04306,0.04336,0.04284,0.04287,30721985,1323589.10479,6073,14608363,629260.45431,-0.0006993006993007,ARPA-USDT,0.0431341520779865,0.0431372907553161,
2023-04-10 03:00:00,0.04288,0.04316,0.04273,0.04301,19469935,836306.58101,4070,7964871,342140.21595,-0.0004647920055774,ARPA-USDT,0.0429512987116309,0.042990739751249,
2023-04-10 04:00:00,0.04302,0.04366,0.04297,0.04333,31070821,1345557.37677,7816,16446871,712315.06385,-0.0004613610149941,ARPA-USDT,0.0430739818110732,0.0432024094365856,
2023-04-10 05:00:00,0.04334,0.0436,0.04288,0.04349,22291279,962845.34397,6178,10611810,458550.9069,-0.0006893382352941,ARPA-USDT,0.0433291639334533,0.0432863468912005,
2023-04-10 06:00:00,0.0435,0.04617,0.043,0.04532,91799279,4150758.74569,20506,43658916,1977114.24441,-0.0039560439560439,ARPA-USDT,0.0433769400291854,0.0433970232387487,
2023-04-10 07:00:00,0.04531,0.0458,0.04427,0.04491,144460450,6474254.44528,26384,73021510,3273887.4667,0.0006684491978607,ARPA-USDT,0.0453531400276685,0.0455227424553987,
2023-04-10 08:00:00,0.04491,0.04492,0.04371,0.04392,124867044,5504334.40069,23345,59856823,2639276.61721,0.0004555808656037,ARPA-USDT,0.0443467785826344,0.0441346513233947,-0.00292827
2023-04-10 09:00:00,0.04392,0.044,0.0433,0.04352,63956179,2790574.22118,12480,28395234,1239356.22239,0.0004597701149426,ARPA-USDT,0.0438812048339643,0.0438451693780436,
2023-04-10 10:00:00,0.04351,0.04364,0.04307,0.0431,49563280,2149130.83369,10169,23467991,1017926.4091,0.0002320724065907,ARPA-USDT,0.0435610742563429,0.0435540305582819,
2023-04-10 11:00:00,0.0431,0.04327,0.04246,0.04248,41917758,1797783.79686,8954,17606426,755456.34176,-0.0004705882352942,ARPA-USDT,0.0431441836546411,0.0431709225667748,
2023-04-10 12:00:00,0.04248,0.04281,0.04212,0.04271,50755316,2153858.0684,9451,26556641,1127543.45558,-0.00093567251462,ARPA-USDT,0.0425127189626008,0.042535313058138,
2023-04-10 13:00:00,0.04272,0.04283,0.04219,0.04227,35216354,1495442.71298,8404,15967606,677958.49288,-0.0007092198581558,ARPA-USDT,0.0427880316700359,0.0427135210102901,
2023-04-10 14:00:00,0.04228,0.04284,0.04227,0.04265,24502481,1043265.58443,6647,12393509,527781.28701,-0.0007029053420806,ARPA-USDT,0.0423897981342964,0.0424412811415106,
2023-04-10 15:00:00,0.04266,0.043,0.04261,0.04276,26067044,1116383.5994,6527,12805016,548505.72677,0.0,ARPA-USDT,0.0426889375186137,0.0426657692518124,
2023-04-10 16:00:00,0.04277,0.0431,0.04233,0.04298,38287478,1631197.54787,8745,16539647,704707.31445,-0.0004651162790697,ARPA-USDT,0.042749445978566,0.0426468593388709,0.0001
2023-04-10 17:00:00,0.04298,0.04362,0.04298,0.04338,51230917,2219669.52137,11363,24066808,1042887.77805,-0.0002304678497349,ARPA-USDT,0.0430612319110453,0.0431394348306425,
2023-04-10 18:00:00,0.04339,0.04367,0.04327,0.04365,23636747,1027170.0213,6041,10924138,474753.66541,0.0,ARPA-USDT,0.0434621976795533,0.0434496503586366,
2023-04-10 19:00:00,0.04365,0.0437,0.04319,0.04334,20007538,868831.98922,5499,9408669,408647.91421,-0.0002306805074971,ARPA-USDT,0.0436584840295305,0.0436030323831002,
2023-04-10 20:00:00,0.04333,0.0435,0.04296,0.04311,25144447,1085945.81558,6651,11721995,506096.07431,-0.0002319109461965,ARPA-USDT,0.0434262200727531,0.0434692140973712,
2023-04-10 21:00:00,0.04311,0.0433,0.04293,0.04323,12453808,537357.51383,3456,6114878,263906.74131,0.0,ARPA-USDT,0.0431900644393435,0.043087760983378,
2023-04-10 22:00:00,0.04323,0.04358,0.04323,0.04341,17844958,775453.41498,4396,8720042,378896.77162,0.0002304147465437,ARPA-USDT,0.0432649146503346,0.0433950486019317,
2023-04-10 23:00:00,0.04342,0.04364,0.04334,0.04343,15512688,674348.10821,4312,7529211,327321.70844,0.0,ARPA-USDT,0.043469640524966,0.0434597335517896,
2023-04-11 00:00:00,0.04343,0.04355,0.04309,0.04334,20528847,888982.28039,5172,9941622,430483.9755,-0.0002306805074971,ARPA-USDT,0.0434986239426775,0.0434191211782834,0.0001
2023-04-11 01:00:00,0.04335,0.04373,0.04303,0.0437,20247372,878350.93765,4802,10187714,442029.3071,0.0009161704076958,ARPA-USDT,0.0433647121892142,0.043330590810574,
2023-04-11 02:00:00,0.0437,0.0438,0.04353,0.04371,15293279,667861.90448,4548,7126185,311183.29201,0.0,ARPA-USDT,0.0436523988443689,0.043596898249897,
2023-04-11 03:00:00,0.0437,0.0438,0.04325,0.0437,20696830,901393.11146,5423,9476119,412934.92241,-0.0002287805994051,ARPA-USDT,0.0436943496819551,0.0436552247274766,
2023-04-11 04:00:00,0.04371,0.04382,0.04349,0.04379,9522326,415601.04865,3193,4956254,216354.65862,0.0,ARPA-USDT,0.0437199435375318,0.0436937863129687,
2023-04-11 05:00:00,0.04379,0.04413,0.04359,0.04365,20962409,919911.76955,5720,10487622,460358.55346,0.0002291475710358,ARPA-USDT,0.0437770421235085,0.0438056906988213,
2023-04-11 06:00:00,0.04366,0.04419,0.04366,0.04416,20070615,880342.74096,5202,9920100,435051.24129,0.0,ARPA-USDT,0.0437173303078329,0.04372488974296,
2023-04-11 07:00:00,0.04416,0.04418,0.04369,0.04375,20316983,891675.05956,5114,8359270,366974.57341,-0.0006852444038374,ARPA-USDT,0.044006120897698,0.0439590031654842,
2023-04-11 08:00:00,0.04376,0.04389,0.04346,0.04364,12972739,566794.15836,3992,5980937,261376.45563,-0.0004580852038479,ARPA-USDT,0.0438130862850064,0.0438424131584831,0.0001
2023-04-11 09:00:00,0.04364,0.04384,0.04351,0.04383,16772059,732222.89644,4475,10511283,458885.43437,-0.0002281021897809,ARPA-USDT,0.0436191919764304,0.0436447946312708,
2023-04-11 10:00:00,0.04383,0.04394,0.04358,0.04359,10080141,440973.99935,3329,4680492,204852.71636,-0.0009168003667202,ARPA-USDT,0.0437947968512009,0.0438196259290358,
2023-04-11 11:00:00,0.04359,0.04372,0.04352,0.04362,8810548,384268.79266,3360,4443987,193828.19769,-0.0004582951420715,ARPA-USDT,0.0436475394035793,0.0436811268309642,
2023-04-11 12:00:00,0.04361,0.04374,0.04333,0.04364,14133209,615549.99046,4504,7051349,307171.13161,-0.000229095074456,ARPA-USDT,0.0436247418912745,0.0436061147050772,
2023-04-11 13:00:00,0.04362,0.04386,0.04353,0.04381,13815400,604042.49512,4266,7431846,324960.40932,-0.0006843065693429,ARPA-USDT,0.0436206057331584,0.0436390338568786,
2023-04-11 14:00:00,0.04382,0.04397,0.04345,0.04365,14102605,617114.98495,4660,6601704,288885.42213,0.0,ARPA-USDT,0.0438170189734824,0.0438351640506755,
2023-04-11 15:00:00,0.04365,0.04471,0.04364,0.04435,35473999,1570494.80093,7467,18228826,806831.65591,-0.0009011038522189,ARPA-USDT,0.0436585114915238,0.0436780681001598,
2023-04-11 16:00:00,0.04435,0.04461,0.044,0.04417,40713441,1800883.46227,8519,20395680,902257.09508,-0.0004525910839556,ARPA-USDT,0.0441988405117138,0.0443204113198493,0.0001
2023-04-11 17:00:00,0.04417,0.04424,0.04385,0.04409,17723729,780357.4251,4853,7708700,339456.64386,0.0002268602540833,ARPA-USDT,0.0441802817982748,0.0441065212389763,
2023-04-11 18:00:00,0.04408,0.0442,0.04387,0.04409,13081645,576140.99083,3462,6430967,283197.46103,-0.0004534119247338,ARPA-USDT,0.0440596832220786,0.0440170574961553,
2023-04-11 19:00:00,0.0441,0.04437,0.04366,0.04374,24870126,1094839.2932,5433,12768723,561774.07198,0.0,ARPA-USDT,0.0441168397813013,0.0441091938029406,
2023-04-11 20:00:00,0.04374,0.0439,0.04349,0.04384,19890076,869975.95835,4414,10007343,437773.16639,-0.0006838386140871,ARPA-USDT,0.043709314074695,0.0436544526895049,
2023-04-11 21:00:00,0.04385,0.04413,0.04381,0.04406,17037389,748995.76134,3848,8233669,361860.27515,-0.0009070294784579,ARPA-USDT,0.0438543209011965,0.0438854288049667,
2023-04-11 22:00:00,0.04405,0.04442,0.04392,0.0443,22611670,998988.52168,4937,11203819,494928.3121,-0.0004512635379061,ARPA-USDT,0.0439626708698564,0.0439548531544305,
2023-04-11 23:00:00,0.0443,0.04473,0.04412,0.04433,33014378,1464265.80352,5920,15411284,683215.41376,-0.000901510029299,ARPA-USDT,0.0441699105051953,0.0442175955492522,
2023-04-12 00:00:00,0.04433,0.04458,0.04355,0.0437,40566662,1791435.8197,8464,18813126,830800.61672,-0.0004574565416285,ARPA-USDT,0.0441823409449352,0.0441919157366237,0.0001
2023-04-12 01:00:00,0.04369,0.04406,0.04308,0.04321,31645947,1378713.39012,6861,14638554,638406.70047,-0.0011558021266759,ARPA-USDT,0.0436878667250931,0.0436258793681081,
2023-04-12 02:00:00,0.04324,0.04331,0.0419,0.04259,51813781,2208339.42063,10330,21383595,911183.93761,-0.0002347417840374,ARPA-USDT,0.0432690442279966,0.043161952530598,
2023-04-12 03:00:00,0.0426,0.04277,0.04238,0.0426,17560861,747797.49332,4876,9598258,408786.46375,-0.0009380863039398,ARPA-USDT,0.0426215638748923,0.0426083717262001,
2023-04-12 04:00:00,0.04261,0.0427,0.04219,0.04264,26529396,1126051.02128,5869,10049824,426727.9868,0.0,ARPA-USDT,0.0426450813788904,0.0424760299301711,
2023-04-12 05:00:00,0.04264,0.04294,0.0425,0.04291,16765839,715473.10505,4511,8916906,380544.9614,-0.0004658746797112,ARPA-USDT,0.0426427793812693,0.0426766240168,
2023-04-12 06:00:00,0.0429,0.045,0.04272,0.04453,96239813,4255763.66421,20212,49862822,2205000.0804,-0.0013455931823278,ARPA-USDT,0.0428353849615959,0.0428538910730465,
2023-04-12 07:00:00,0.04453,0.04529,0.04439,0.04457,115651407,5174255.14671,22698,59065469,2643074.35688,-0.0011205737337517,ARPA-USDT,0.0445523789127149,0.0448547155870381,
2023-04-12 08:00:00,0.04457,0.04566,0.04444,0.04534,171102957,7732729.91725,31577,91551213,4137426.80134,-0.0054836586970826,ARPA-USDT,0.0444963166155043,0.0445539508926404,7.131e-05
2023-04-12 09:00:00,0.04534,0.0464,0.04494,0.04597,385864258,17721857.48167,63305,193527520,8889127.40229,-0.0015204170286707,ARPA-USDT,0.0451182057430011,0.045392840388562,
2023-04-12 10:00:00,0.04597,0.04618,0.04489,0.04494,208965044,9529262.85444,34830,93763424,4275748.16513,-0.0006671114076051,ARPA-USDT,0.0457205423699673,0.0456866922534937,
2023-04-12 11:00:00,0.04495,0.04545,0.04429,0.04438,141759676,6331159.86986,22440,70490187,3148367.98263,-0.0002252759630546,ARPA-USDT,0.045192782664672,0.044984613604129,
2023-04-12 12:00:00,0.04439,0.04499,0.0435,0.04482,173288247,7659649.82448,26159,80582008,3563135.34573,-0.0008916629514043,ARPA-USDT,0.0442303787748192,0.044085735955793,
2023-04-12 13:00:00,0.04483,0.0454,0.04464,0.04512,129667257,5835064.81597,19342,65611494,2952472.81684,-0.0004430660168365,ARPA-USDT,0.045154906199888,0.0450988655234168,
2023-04-12 14:00:00,0.04513,0.04575,0.04508,0.04519,91071541,4133032.77087,15145,43210936,1960702.36345,-0.0006634232640425,ARPA-USDT,0.0453000269457792,0.0453152699963352,
2023-04-12 15:00:00,0.04519,0.04586,0.04481,0.0455,83982257,3809482.17824,15110,41578200,1886537.19759,-0.000439367311072,ARPA-USDT,0.0454003073801019,0.0454211783467308,
2023-04-12 16:00:00,0.0455,0.0463,0.04528,0.04535,87489342,4005258.42192,16862,44639445,2044476.83459,-0.0004408199250606,ARPA-USDT,0.0458024798507141,0.0457685960846904,-6.034e-05
2023-04-12 17:00:00,0.04535,0.04545,0.04457,0.04463,49877468,2245518.00307,10295,22259795,1002254.35646,0.0,ARPA-USDT,0.0453029549878132,0.0453384169829261,
2023-04-12 18:00:00,0.04462,0.0447,0.04387,0.04397,47076893,2081084.74889,11268,21983253,971920.31276,-0.0004546487838145,ARPA-USDT,0.0446666827260833,0.0446227798225836,
2023-04-12 19:00:00,0.04396,0.04422,0.04387,0.0442,29581416,1303372.2005,7695,15424859,679564.29233,-0.0002261931689662,ARPA-USDT,0.0440162057338146,0.0440366145028535,
2023-04-12 20:00:00,0.0442,0.04454,0.04416,0.04423,32093497,1423832.0491,7949,16470510,730743.27553,0.0,ARPA-USDT,0.0443865747753943,0.0444117380438109,
2023-04-12 21:00:00,0.04424,0.04467,0.04423,0.04456,21307608,947826.01513,5693,10764410,478787.06878,-0.000896860986547,ARPA-USDT,0.0442704510555695,0.0442859467606418,
2023-04-12 22:00:00,0.04457,0.04477,0.04425,0.04437,26755977,1191213.99707,7161,12654643,563409.67535,-0.0004505519261094,ARPA-USDT,0.0446841995493371,0.0446974705911265,
2023-04-12 23:00:00,0.04438,0.04466,0.04435,0.0446,20556352,915467.07687,5150,10152566,452100.41108,-0.0004482294935006,ARPA-USDT,0.0444658607080398,0.0445072332970068,
2023-04-13 00:00:00,0.04461,0.04486,0.04407,0.04409,29186076,1297743.52169,6782,13243378,589182.93901,0.0004538234626729,ARPA-USDT,0.0446267057421137,0.0447151365731752,8.357e-05
2023-04-13 01:00:00,0.04409,0.04411,0.0438,0.0439,13954693,612847.17302,4496,6605971,290061.60337,-0.000910332271279,ARPA-USDT,0.0440617153495854,0.0440227037992268,
2023-04-13 02:00:00,0.0439,0.04404,0.04378,0.04381,12937421,568110.07343,4108,6618996,290667.15759,-0.0002282062984937,ARPA-USDT,0.0439696971246231,0.043992496245208,
2023-04-13 03:00:00,0.04382,0.04408,0.04376,0.04391,12727279,558658.87426,3322,6742927,295922.55249000003,-0.0004552697473252,ARPA-USDT,0.0438644111344937,0.0438461725159876,
2023-04-13 04:00:00,0.04391,0.04407,0.04374,0.04377,11368988,499413.2954,2864,5701448,250459.16147,-0.0002284148012789,ARPA-USDT,0.0439640340520376,0.0439934999116714,
2023-04-13 05:00:00,0.04377,0.04383,0.04347,0.04357,12786195,557845.33052,3667,6007390,262159.6439,-0.0009172208209127,ARPA-USDT,0.0437792529588807,0.0437749627420278,
2023-04-13 06:00:00,0.04357,0.04369,0.04309,0.04315,24346246,1055143.57704,5720,10658287,461942.44488,-0.0002316960148284,ARPA-USDT,0.0436412518905419,0.0436355596298478,
2023-04-13 07:00:00,0.04315,0.04328,0.04304,0.04319,19599656,845737.10045,4812,11075905,477891.08751,-0.0004628558204119,ARPA-USDT,0.0431506047597529,0.0431620944751993,
2023-04-13 08:00:00,0.04319,0.04383,0.04316,0.04368,30835053,1339461.37714,6363,16005508,695165.47384,-0.0004576659038902,ARPA-USDT,0.0432065036279432,0.0432459213067471,0.0001
2023-04-13 09:00:00,0.04367,0.04399,0.04363,0.04378,31826449,1393548.95603,6535,16288390,713230.94371,-0.0006847751654873,ARPA-USDT,0.0436532979546891,0.0437008949590344,
2023-04-13 10:00:00,0.04378,0.04389,0.04355,0.04378,17538819,767263.80865,4238,8161893,357214.77795,-0.0006847751654873,ARPA-USDT,0.0437778031411483,0.0437918417605745,
2023-04-13 11:00:00,0.04379,0.04415,0.04374,0.0438,20505869,901400.5959,4779,10247981,450482.90836,-0.0004564125969876,ARPA-USDT,0.0438236459212989,0.043925130514642,
2023-04-13 12:00:00,0.04379,0.04406,0.04378,0.044,18142769,796969.01443,4152,9364660,411314.43995,0.0,ARPA-USDT,0.0438568615670244,0.0438693763785287,
2023-04-13 13:00:00,0.04399,0.04428,0.0437,0.04379,31626611,1391360.6255,6231,16963637,746199.42942,-0.000228310502283,ARPA-USDT,0.0440101375137929,0.0440340915296143,
2023-04-13 14:00:00,0.0438,0.04422,0.0437,0.04422,22971914,1011341.41376,5508,12798355,563471.8478699999,0.0004524886877828,ARPA-USDT,0.043804301456792,0.0437623089815825,
2023-04-13 15:00:00,0.04423,0.04423,0.04359,0.0438,37317642,1637977.91037,7370,18949442,831468.41611,0.0,ARPA-USDT,0.044170563384727,0.0441639776747228,
2023-04-13 16:00:00,0.0438,0.04392,0.04356,0.04364,19680085,860311.3639700001,5465,10278222,449305.51144,0.0002292000916799,ARPA-USDT,0.0438738761940954,0.0438371353023578,0.0001
2023-04-13 17:00:00,0.04365,0.04406,0.04359,0.04396,15372890,674448.6566,5176,7287742,319568.27175,0.0,ARPA-USDT,0.0437472271407997,0.0437005972909041,
2023-04-13 18:00:00,0.04396,0.0441,0.04391,0.044,12628261,555632.26309,4091,5605131,246605.87736,0.000227324391907,ARPA-USDT,0.0439898852153017,0.0439969857020352,
2023-04-13 19:00:00,0.044,0.04407,0.04387,0.04397,14924432,655895.16667,4568,7359256,323413.70894,-0.0006818181818181,ARPA-USDT,0.0440141953659554,0.0440191671625376,
2023-04-13 20:00:00,0.04397,0.04398,0.04363,0.04384,10619884,465300.13918,4077,4902683,214776.95444,-0.0004559963520293,ARPA-USDT,0.043952887584082,0.0439581034350623,
2023-04-13 21:00:00,0.04384,0.04386,0.04359,0.04359,14360737,627948.03576,3596,8713997,381048.65239,-0.0011457378551787,ARPA-USDT,0.0437922296705199,0.0438287624515619,
2023-04-13 22:00:00,0.0436,0.0439,0.04359,0.04385,12971131,567637.06116,4119,7315117,320074.01912,-0.0006836827711942,ARPA-USDT,0.0436515800773858,0.0437042907937207,
2023-04-13 23:00:00,0.04386,0.04398,0.04369,0.0439,9327495,408965.47557,3475,4592359,201341.44669,-0.000455373406193,ARPA-USDT,0.043838469787234,0.0438640993447988,
2023-04-14 00:00:00,0.04391,0.04466,0.04363,0.0444,34453302,1523441.22333,8144,15092096,666839.94287,0.0002252759630547,ARPA-USDT,0.0438719317132472,0.04386650920894,0.0001
2023-04-14 01:00:00,0.04441,0.04503,0.04441,0.04464,36689363,1641645.5216,8714,18091558,809577.79051,0.0002240645305846,ARPA-USDT,0.0445448003214136,0.0445531108211759,
2023-04-14 02:00:00,0.04465,0.04509,0.04434,0.04463,28813062,1289263.20913,6711,13554177,607079.9244,0.0002241147467503,ARPA-USDT,0.0446380607668387,0.0447471913125538,
2023-04-14 03:00:00,0.04463,0.04489,0.0446,0.04463,9492547,424866.20752,3530,4268412,191022.78308,0.0,ARPA-USDT,0.0446567025592736,0.0446579100479342,
2023-04-14 04:00:00,0.04462,0.04517,0.04462,0.0451,13617565,611899.58659,4379,5765982,259044.81926,-0.0004432624113475,ARPA-USDT,0.0446577317285372,0.0447077849761584,
2023-04-14 05:00:00,0.04509,0.04553,0.045,0.04528,23113908,1046483.47709,6374,12503838,566221.3407299999,0.0002208968411752,ARPA-USDT,0.0450929809468641,0.0451020771609127,
2023-04-14 06:00:00,0.04529,0.04536,0.04492,0.0452,19500401,880828.9082,4534,9216584,416354.7038,0.0004426737494467,ARPA-USDT,0.0452538939271595,0.0452093071613408,
2023-04-14 07:00:00,0.0452,0.04522,0.0444,0.04444,18800134,842655.72707,4721,7105214,318448.03866,0.0009009009009008,ARPA-USDT,0.0451864943190568,0.0451581178770662,
2023-04-14 08:00:00,0.04443,0.04489,0.04443,0.04468,17020550,760378.70428,4467,7481998,334157.83518,0.0008960573476701,ARPA-USDT,0.0445212079387578,0.0446068567161575,0.0001
2023-04-14 09:00:00,0.04467,0.04502,0.04459,0.04491,16322545,730864.37431,5007,7866586,352281.52231000003,0.0,ARPA-USDT,0.0446826198544655,0.0447984166904487,
2023-04-14 10:00:00,0.04491,0.04509,0.04466,0.04469,11980378,537780.07494,4218,5461247,245202.2594,0.0002238137869292,ARPA-USDT,0.0448924627309038,0.0449642267618452,
2023-04-14 11:00:00,0.0447,0.04484,0.04441,0.04471,14523245,648397.57024,3608,7012598,313086.18487,0.0,ARPA-USDT,0.0447364069601618,0.0447099757968358,
2023-04-14 12:00:00,0.04471,0.04477,0.04377,0.0438,27861974,1233575.75676,6297,11738802,519992.53827,-0.0002282583884958,ARPA-USDT,0.044739454658924,0.0447067638350171,
2023-04-14 13:00:00,0.04382,0.04426,0.0438,0.04416,20520130,903934.98275,5088,10687520,470801.05524,0.0006798096532969,ARPA-USDT,0.0438489272646441,0.0439286284388808,
2023-04-14 14:00:00,0.04415,0.04435,0.04371,0.04393,17741997,779658.32543,5091,7785713,342420.22193,-0.0002275830678197,ARPA-USDT,0.0440894706562513,0.0441821522194901,
2023-04-14 15:00:00,0.04394,0.04397,0.04309,0.0433,22857499,993910.43689,6124,10623709,461859.97907,-0.0004616805170821,ARPA-USDT,0.0439022016921223,0.0438358685793284,
2023-04-14 16:00:00,0.0433,0.04354,0.04312,0.04346,14520869,629260.76752,4524,7300836,316398.9776,0.0006907667510935,ARPA-USDT,0.0433143868516133,0.0434195072890142,0.0001
2023-04-14 17:00:00,0.04345,0.04439,0.0434,0.04421,21997746,967004.50445,5790,13774651,605790.65105,0.0006790402897238,ARPA-USDT,0.0434577195281396,0.0435696278666332,
2023-04-14 18:00:00,0.04417,0.04418,0.04387,0.04394,11638349,512803.358,4064,5373179,236757.88877,0.0002276348736627,ARPA-USDT,0.0441487960652209,0.0441359712276376,
2023-04-14 19:00:00,0.04393,0.0445,0.04393,0.04426,17453919,772027.93478,4330,9743029,430809.92962,0.0015840687938448,ARPA-USDT,0.0439823412932562,0.0439902463628827,
2023-04-14 20:00:00,0.04427,0.0445,0.04414,0.04427,16475848,730065.38057,4112,6905493,306043.47223,0.0011307100859339,ARPA-USDT,0.0443465660773396,0.0443298946295577,
2023-04-14 21:00:00,0.04427,0.04433,0.04404,0.04419,10013802,442304.8378,2789,4523396,199780.40752,0.001132759401903,ARPA-USDT,0.0442634226387087,0.0442430047662843,
2023-04-14 22:00:00,0.04419,0.04446,0.04412,0.04442,7168886,317604.01275,2441,3473240,153852.85206,0.0004504504504503,ARPA-USDT,0.0441817876506865,0.0441788467735012,
2023-04-14 23:00:00,0.04441,0.04457,0.04421,0.04437,13105035,581825.55812,3817,7186681,319109.97419,0.0004509582863585,ARPA-USDT,0.0444334629611662,0.0444777953786704,
2023-04-15 00:00:00,0.04438,0.0444,0.0437,0.04378,17512965,770857.74731,4418,7683518,338213.55638,0.0004570383912247,ARPA-USDT,0.0443638806893924,0.0442500079388037,0.0001
2023-04-15 01:00:00,0.04377,0.04384,0.04353,0.04367,11126989,486349.45825,3431,5220676,228205.59829,0.0004581901489117,ARPA-USDT,0.0437856536084933,0.0437340057887866,
2023-04-15 02:00:00,0.04367,0.04385,0.04364,0.04371,6363660,278265.22393,2040,3599622,157391.12391,0.0004577706569008,ARPA-USDT,0.0436618558023073,0.0437329865340423,
2023-04-15 03:00:00,0.04371,0.04389,0.0437,0.04387,5108308,223764.26031,1886,3057909,133939.69166,0.0006843065693431,ARPA-USDT,0.0437156523313935,0.0437834569512516,
2023-04-15 04:00:00,0.04385,0.0439,0.0436,0.04381,5563374,243354.4004,2230,2332423,102017.88194,0.0006852444038374,ARPA-USDT,0.0438372549077797,0.043802045967961,
2023-04-15 05:00:00,0.04381,0.04415,0.0438,0.04386,8646712,380054.71148,3215,4737461,208229.17246,0.000684462696783,ARPA-USDT,0.0438327041844959,0.0438764212338624,
2023-04-15 06:00:00,0.04386,0.04392,0.04361,0.04374,6138838,268256.065,2220,2497537,109123.20294,0.0006863417982154,ARPA-USDT,0.0438936682197839,0.0438911474358824,
2023-04-15 07:00:00,0.04376,0.04402,0.04373,0.04393,6214434,272908.69276,2554,2409687,105794.6347,0.0002276867030963,ARPA-USDT,0.0437553314470937,0.0437568209001317,
2023-04-15 08:00:00,0.04393,0.044,0.0436,0.04377,7431996,325354.13125,2939,4156645,181899.22849,0.0,ARPA-USDT,0.0439678131895401,0.043979255384052,0.0001
2023-04-15 09:00:00,0.04378,0.04403,0.04376,0.044,5498427,241391.64485,2839,2914676,127949.27514,0.0004547521600728,ARPA-USDT,0.0438117453788985,0.0437985193969731,
2023-04-15 10:00:00,0.04401,0.04421,0.04392,0.04417,5021898,221098.96308,2472,2511071,110602.08676,0.0009064128710627,ARPA-USDT,0.0440209815704537,0.0439947621565473,
2023-04-15 11:00:00,0.04416,0.04419,0.04399,0.04408,6819320,300581.50819,2647,3298543,145379.83851,0.0009082652134422,ARPA-USDT,0.0441342947455166,0.0441179483013661,
2023-04-15 12:00:00,0.04409,0.04412,0.04393,0.04407,5887622,259172.21552,2499,2198449,96780.3201,0.0009084714967066,ARPA-USDT,0.0441087277242753,0.0440470149630726,
2023-04-15 13:00:00,0.04407,0.04412,0.04352,0.0437,9497345,416252.00322,2959,4145965,181724.2254,0.0009161704076958,ARPA-USDT,0.0440593233470468,0.0440944157884819,
2023-04-15 14:00:00,0.0437,0.04394,0.04356,0.04387,4346892,190297.71271,2187,1986493,86954.01158,0.0006843065693431,ARPA-USDT,0.0437165527298258,0.0436497091816853,
2023-04-15 15:00:00,0.04386,0.04413,0.04378,0.04388,7711899,339102.97675000003,3045,3372616,148325.61108,0.0006841505131129,ARPA-USDT,0.0438338677168675,0.0438409819603679,
2023-04-15 16:00:00,0.04387,0.04415,0.04379,0.04411,8401849,369549.99284,2847,4515876,198638.9413,0.0009076469253461,ARPA-USDT,0.0438325438498995,0.0438743654626191,0.0001
2023-04-15 17:00:00,0.0441,0.0442,0.04362,0.04383,9130312,400459.94848,3593,4492767,196895.45427,0.0004565167769914,ARPA-USDT,0.044124430659709,0.0441430843112435,
2023-04-15 18:00:00,0.04382,0.04438,0.04382,0.0442,12778632,564553.93256,4162,6338463,280136.42445,0.0009057971014494,ARPA-USDT,0.0438846087035065,0.0439365429769899,
2023-04-15 19:00:00,0.0442,0.04429,0.04394,0.04421,15402396,680182.51664,3674,8301629,366601.2949,0.0004525910839556,ARPA-USDT,0.0441970257654485,0.0441924250663376,
2023-04-15 20:00:00,0.0442,0.04423,0.04385,0.0439,8793014,387508.82927,2931,4064031,179109.96321,0.0009119927040583,ARPA-USDT,0.0442049490730144,0.0441804615220703,
2023-04-15 21:00:00,0.04389,0.04418,0.04384,0.04403,7311293,321623.50573,2498,3829581,168443.00939,0.0006818181818182,ARPA-USDT,0.0439179303759333,0.0439191210458318,
2023-04-15 22:00:00,0.04402,0.04439,0.04393,0.04434,5808346,256787.18479,2221,2608511,115284.54891,0.0013550135501354,ARPA-USDT,0.044000612254005,0.0439735652939903,
2023-04-15 23:00:00,0.04434,0.04451,0.04428,0.04436,6068054,269387.19114,2294,2783399,123586.40629,0.0004510599909788,ARPA-USDT,0.0443332013628006,0.0443539469733578,
2023-04-16 00:00:00,0.04437,0.04479,0.04431,0.04451,15179381,675883.68879,3793,6442052,286885.78294,0.0004495392222971,ARPA-USDT,0.0443773106845993,0.0444007460389412,0.00012216
2023-04-16 01:00:00,0.04452,0.04452,0.04375,0.04432,16332963,720676.03348,5022,7412243,326999.18577,0.0011294330246216,ARPA-USDT,0.0444664593153186,0.0443991053389088,
2023-04-16 02:00:00,0.04432,0.04447,0.04424,0.04433,7780575,344966.73339,2663,4077681,180805.18956,0.0013553196295461,ARPA-USDT,0.0443015189981128,0.0443310050582203,
2023-04-16 03:00:00,0.04433,0.04435,0.04379,0.04393,8503718,374329.44282,2538,3454886,151988.7468,0.0009113693324218,ARPA-USDT,0.0443321486557549,0.044317847897322,
2023-04-16 04:00:00,0.04392,0.04466,0.04383,0.04452,11273875,499675.6075,3452,6051959,268255.50313,0.001349527665317,ARPA-USDT,0.0438961188228355,0.0439072282562794,
2023-04-16 05:00:00,0.04453,0.04453,0.04435,0.04438,5283617,234708.85575,1953,2319430,103043.51945,0.0009021199819576,ARPA-USDT,0.0444724530744336,0.0444328733670506,
2023-04-16 06:00:00,0.04439,0.04474,0.04438,0.04473,9326106,415833.04906,2705,4807536,214344.76357,0.0011190689346463,ARPA-USDT,0.0444831258980969,0.0445044335288492,
2023-04-16 07:00:00,0.04473,0.04521,0.04462,0.04513,13957883,626192.76414,3571,7372766,330877.43961,0.0008871146595699,ARPA-USDT,0.0447289306337362,0.0447640384651507,
2023-04-16 08:00:00,0.04512,0.04557,0.04482,0.04543,22257872,1006939.53188,5782,11655630,527479.92711,0.0008812513769551,ARPA-USDT,0.045054604891868,0.0450770709554804,0.0001
2023-04-16 09:00:00,0.04543,0.0478,0.04537,0.04692,177139753,8249701.02017,31070,99565554,4639648.41502,0.0004264392324095,ARPA-USDT,0.0454530309335707,0.0454403017279311,
2023-04-16 10:00:00,0.04692,0.04692,0.04486,0.04499,105096608,4813740.93192,18793,44314731,2031292.81758,0.0008898776418244,ARPA-USDT,0.0466478437298296,0.0465149574416625,
2023-04-16 11:00:00,0.04499,0.04546,0.04491,0.04505,34372374,1552058.40447,7520,16713464,754818.57246,0.0006663705019991,ARPA-USDT,0.0451175035874593,0.0451691394361497,
2023-04-16 12:00:00,0.04505,0.04555,0.04502,0.04539,19393862,878762.01741,4769,9448746,428165.4586,0.00132362673726,ARPA-USDT,0.045060178725701,0.0450954523715305,
2023-04-16 13:00:00,0.04539,0.04548,0.04466,0.04503,20236938,912344.09615,4913,8664605,390835.50854,0.0015569395017793,ARPA-USDT,0.0454300909241475,0.0454116757864505,
2023-04-16 14:00:00,0.04503,0.04524,0.04489,0.04511,12155445,547745.3605,3489,5579115,251388.14501,0.0013318534961153,ARPA-USDT,0.0450424529453559,0.0450556551772114,
2023-04-16 15:00:00,0.04511,0.04517,0.04481,0.04492,15487066,696747.81348,4093,7173697,322787.11325,0.000445434298441,ARPA-USDT,0.0451025836356444,0.045097134892497,
2023-04-16 16:00:00,0.04492,0.0453,0.04483,0.04522,16159518,727998.88954,4250,8101614,365015.12605,0.0008853474988934,ARPA-USDT,0.0450073261804548,0.0450485853838675,0.00010455
2023-04-16 17:00:00,0.04523,0.04537,0.04496,0.04499,13411166,605953.75792,3937,6739570,304526.71346,0.0011125945705385,ARPA-USDT,0.0452494276449329,0.0452422918409099,
2023-04-16 18:00:00,0.04498,0.04518,0.044,0.04489,55411482,2477349.33541,8280,19154679,857609.0833,0.0006687472135533,ARPA-USDT,0.0450552501136014,0.0450511028165673,
2023-04-16 19:00:00,0.04487,0.04516,0.04464,0.0447,24812032,1116937.31929,5323,10755690,484171.6062,0.0002237637055269,ARPA-USDT,0.0449302187590998,0.0449595772871305,
2023-04-16 20:00:00,0.0447,0.04508,0.04427,0.04498,20517900,918178.13028,5300,10045794,449680.90644,0.0011128421989761,ARPA-USDT,0.0447771406302305,0.0446000187172032,
2023-04-16 21:00:00,0.04497,0.04512,0.04483,0.04509,10585353,476238.31596,3233,5231856,235370.92766,0.0004437541601951,ARPA-USDT,0.0449638482571189,0.0449958803707482,
2023-04-16 22:00:00,0.0451,0.04519,0.04493,0.04505,7872762,354719.81941,2534,3539816,159479.49247,0.001111111111111,ARPA-USDT,0.0451117742516471,0.0451434067001714,
2023-04-16 23:00:00,0.04506,0.04515,0.0448,0.04499,7646680,343874.23377,2733,3598700,161838.5217,0.0008898776418244,ARPA-USDT,0.0450839160410602,0.0450802792518389,
2023-04-17 00:00:00,0.04499,0.04505,0.04379,0.04395,31886026,1414506.68463,7860,13203647,585920.85574,0.001138952164009,ARPA-USDT,0.0450271773865081,0.0450178272175828,0.00017882
2023-04-17 01:00:00,0.04397,0.04447,0.0436,0.04432,18173803,801797.79999,4982,8589170,379266.26394,0.0004514672686231,ARPA-USDT,0.0438874838525,0.0438514222297201,
2023-04-17 02:00:00,0.04433,0.0447,0.04423,0.04458,7694355,342362.61961,2821,4171270,185647.05703,0.0004488330341112,ARPA-USDT,0.0443382132641594,0.0443282847153444,
2023-04-17 03:00:00,0.04458,0.04493,0.04458,0.04469,11442066,512342.5626,3615,5463908,244610.10585,0.0008958566629337,ARPA-USDT,0.0446450021629998,0.0446726757726253,
2023-04-17 04:00:00,0.04468,0.04481,0.04426,0.04467,15836782,705173.39075,3802,7901771,351891.0239,0.0002239140170174,ARPA-USDT,0.044662112335106,0.0446769219488236,
2023-04-17 05:00:00,0.04467,0.04468,0.04438,0.04463,6152575,273894.23593,2034,3358881,149513.80906,0.0011215791834904,ARPA-USDT,0.0446493466178352,0.0446374062246887,
2023-04-17 06:00:00,0.04464,0.04465,0.04394,0.04399,10600173,468961.12827,3022,3732394,165116.89053,0.0002273760800364,ARPA-USDT,0.0445927214437086,0.0445547604458846,
2023-04-17 07:00:00,0.044,0.04411,0.04376,0.04379,14257207,626055.0422499999,3361,5386784,236667.13142,0.0002284148012792,ARPA-USDT,0.043987190890728,0.0439077541258091,
2023-04-17 08:00:00,0.0438,0.04405,0.04367,0.04405,7773190,340845.26766,2413,3776223,165588.79777,0.0011363636363637,ARPA-USDT,0.0438044106854763,0.0437942987157259,0.0001
2023-04-17 09:00:00,0.04404,0.04407,0.04382,0.04399,9969772,438417.19068,2783,4716184,207433.18765,0.0002273760800364,ARPA-USDT,0.0440157247891906,0.0440118762015854,
2023-04-17 10:00:00,0.04399,0.04415,0.04374,0.04411,10183844,446962.10345,3990,4738584,207950.39213,0.0004536176003631,ARPA-USDT,0.0439261009458995,0.0438775175438321,
2023-04-17 11:00:00,0.04412,0.0442,0.04354,0.04391,13446741,588928.25693,3866,6618962,289764.63875,0.000683682771194,ARPA-USDT,0.0441237148273452,0.0441387004663927,
2023-04-17 12:00:00,0.0439,0.04431,0.04387,0.04419,8268421,364529.43663,2919,4277855,188574.50618,0.0006793478260869,ARPA-USDT,0.0439029530908996,0.0439818976725434,
2023-04-17 13:00:00,0.04419,0.04422,0.04371,0.04413,11117803,489116.45865,3296,5191259,228436.79683,0.0011343012704174,ARPA-USDT,0.0441558483397289,0.0441441325664388,
2023-04-17 14:00:00,0.04412,0.04422,0.04381,0.0441,7338860,323272.19107,2282,3872951,170596.60435,0.0002268088001815,ARPA-USDT,0.0441077341854516,0.0441306829516462,
2023-04-17 15:00:00,0.04411,0.0442,0.04359,0.0437,12176473,534330.0865,3216,5277976,231533.77274,0.0004578754578756,ARPA-USDT,0.0440785335463749,0.0440589640443546,
2023-04-17 16:00:00,0.04369,0.04413,0.04362,0.04402,10285548,451753.7813,3305,5273978,231477.20643,0.0006819731757217,ARPA-USDT,0.04365279379344,0.0437505073439235,0.0001
2023-04-17 17:00:00,0.04402,0.04435,0.044,0.04432,7561812,333937.0309,2187,4143526,182965.03005,0.000903342366757,ARPA-USDT,0.0440634822044321,0.0440703035947949,
2023-04-17 18:00:00,0.04431,0.0446,0.04425,0.04453,9368751,416393.11371,2858,5354389,238011.24116,0.0008990784445943,ARPA-USDT,0.0442661950658462,0.0443021646145939,
2023-04-17 19:00:00,0.04452,0.04461,0.04426,0.04438,8563549,380515.96615,2400,3564374,158447.24706,0.0002253775073248,ARPA-USDT,0.044516783926561,0.044541489315829,
2023-04-17 20:00:00,0.04439,0.04579,0.04437,0.0455,65609682,2967682.51102,12068,36502498,1650679.89758,-0.0006589062156819,ARPA-USDT,0.0443931979177386,0.0444051430084369,
2023-04-17 21:00:00,0.0455,0.04718,0.04503,0.04559,274995032,12675152.70041,49361,138568456,6388123.82176,0.000438885231512,ARPA-USDT,0.0453143731805146,0.0459641876856623,
2023-04-17 22:00:00,0.04558,0.0463,0.04528,0.04604,54080964,2476852.40984,10007,26848497,1230090.83571,0.0013049151805131,ARPA-USDT,0.0455699462954918,0.045465950289812,
2023-04-17 23:00:00,0.04602,0.04627,0.04543,0.04557,35681813,1633887.00018,7173,16083204,736727.66181,0.0006587615283268,ARPA-USDT,0.0461808254003248,0.0460348063733789,
2023-04-18 00:00:00,0.04557,0.04569,0.04523,0.04566,23796667,1082677.5997,5747,10625271,483535.67093,0.0010962508221881,ARPA-USDT,0.0455594275289604,0.0455456760795363,0.0001
2023-04-18 01:00:00,0.04566,0.04755,0.04519,0.04642,121872006,5676075.30179,22910,58605587,2729975.12027,0.0012942191544436,ARPA-USDT,0.0457277504900281,0.0458117419420055,
2023-04-18 02:00:00,0.04642,0.04644,0.0458,0.04595,33952474,1563924.41959,6461,14769393,680281.61028,0.0010893246187362,ARPA-USDT,0.0463385955313719,0.0462880402302562,
2023-04-18 03:00:00,0.04595,0.04605,0.0456,0.04578,14083618,644797.2901100001,3825,6234564,285468.35627,0.0013123359580053,ARPA-USDT,0.0460189202988385,0.0458895349583635,
2023-04-18 04:00:00,0.04578,0.04604,0.0455,0.04596,21703574,992399.35625,5287,11208190,512685.83054,0.0013071895424836,ARPA-USDT,0.0457532550726017,0.0456518075175119,
2023-04-18 05:00:00,0.04595,0.04681,0.04579,0.04676,31206822,1446498.8575,7237,17299713,802251.21504,0.0,ARPA-USDT,0.0459619075297698,0.0459520107599404,
2023-04-18 06:00:00,0.04677,0.04767,0.04647,0.04717,89749928,4229860.03102,15843,45829502,2160593.0087,0.000424178154825,ARPA-USDT,0.0467335517848404,0.0466283576882635,
2023-04-18 07:00:00,0.04718,0.04733,0.04668,0.04715,42198460,1982601.58255,8298,21801527,1024779.93597,0.0008490766291657,ARPA-USDT,0.0471262835774502,0.0469884297733323,
2023-04-18 08:00:00,0.04715,0.04718,0.04643,0.04659,34240608,1601295.35634,7591,12869506,602265.9035199999,0.000859291084855,ARPA-USDT,0.0471398808429771,0.0471112127209694,0.0001
2023-04-18 09:00:00,0.04659,0.04685,0.04652,0.0466,21668330,1011815.96959,5525,10296521,480960.26642,0.0002146383344066,ARPA-USDT,0.046616807385897,0.0465832629127643,
2023-04-18 10:00:00,0.04661,0.04692,0.04655,0.0468,15789299,737761.33451,4313,7986379,373197.24017,0.0008554319931564,ARPA-USDT,0.0467058160508787,0.0466983995362208,
2023-04-18 11:00:00,0.04681,0.04701,0.04661,0.04683,17552742,821715.9297,5215,8007265,374880.02243,0.0006410256410256,ARPA-USDT,0.0467837219273972,0.0467131922792995,
2023-04-18 12:00:00,0.04684,0.04696,0.0461,0.04624,29560846,1374473.0932999998,6423,9760388,454174.61652,0.000649210127678,ARPA-USDT,0.0468692045377368,0.0468824858654346,
2023-04-18 13:00:00,0.04625,0.04671,0.04622,0.04651,17145317,796990.11058,4313,9185856,427023.59429,0.0002150537634408,ARPA-USDT,0.0463218625765518,0.046358770895351,
2023-04-18 14:00:00,0.0465,0.04672,0.04609,0.04641,21856837,1016239.88877,5864,10716252,498482.10552,0.000646830530401,ARPA-USDT,0.0465537549590055,0.0466090497588119,
2023-04-18 15:00:00,0.04641,0.04648,0.04589,0.04617,16320411,752348.03587,4287,6360876,293267.80399,0.000867114675916,ARPA-USDT,0.0464240828514824,0.0463823705605147,
2023-04-18 16:00:00,0.04617,0.04638,0.04607,0.04625,10701873,495091.76862,3304,5346738,247400.31976,0.0012989824637366,ARPA-USDT,0.0461843392713389,0.0461944628027311,0.0001
2023-04-18 17:00:00,0.04625,0.0465,0.04582,0.04597,20896218,965481.6852,5587,10136928,468732.50665,0.0008708904855214,ARPA-USDT,0.0462249838629592,0.0462447216526871,
2023-04-18 18:00:00,0.04597,0.04694,0.04568,0.04645,38905427,1807613.38511,8890,19170365,891336.48877,0.0006462731581213,ARPA-USDT,0.0459644826240059,0.0458721722340074,
2023-04-18 19:00:00,0.04646,0.04686,0.04631,0.04645,33867632,1578860.32209,7583,17347592,808767.91528,0.0006462731581213,ARPA-USDT,0.0463944000230127,0.0465767531157725,
2023-04-18 20:00:00,0.04644,0.04684,0.04635,0.04684,19488331,909127.19261,4547,9048495,422112.85015,0.0010686044026502,ARPA-USDT,0.0464464708092728,0.0464605803818116,
2023-04-18 21:00:00,0.04684,0.04687,0.04655,0.04686,12175224,568971.16223,3224,5277889,246634.59112,0.0012820512820512,ARPA-USDT,0.0468259898115129,0.0467901488238459,
2023-04-18 22:00:00,0.04685,0.04688,0.04658,0.04675,10739337,501835.8616,3321,5731228,267825.9339,0.0006421232876712,ARPA-USDT,0.0468568887657877,0.0468213446109316,
2023-04-18 23:00:00,0.04676,0.04705,0.04673,0.04686,10697937,501537.16696,2842,4447299,208565.45682,0.0010681478316598,ARPA-USDT,0.0468164770034613,0.0467863672564087,
2023-04-19 00:00:00,0.04687,0.04694,0.04634,0.04637,13222886,616602.85033,4343,4948787,231071.5987,0.0006473888649116,ARPA-USDT,0.0469151096693043,0.0467916953397505,0.0001
2023-04-19 01:00:00,0.04638,0.04693,0.04637,0.04676,15040829,702107.34402,4427,8748734,408199.18308,0.0008561643835618,ARPA-USDT,0.0464787561854813,0.046471714834245,
2023-04-19 02:00:00,0.04677,0.04709,0.04662,0.04708,13177578,617684.22917,3843,6908027,323908.73318,0.0012760527435133,ARPA-USDT,0.0467686380683207,0.0468030958768896,
2023-04-19 03:00:00,0.04708,0.04729,0.04671,0.0468,15674967,737459.7628,4218,7421200,349212.39331,0.0008554319931564,ARPA-USDT,0.0470359275711753,0.047069879137269,
2023-04-19 04:00:00,0.0468,0.04685,0.04649,0.0466,9528227,444160.44133,2960,3799373,177078.42931,0.0006441915396178,ARPA-USDT,0.0468131770365905,0.0467211970873857,
2023-04-19 05:00:00,0.0466,0.04666,0.04639,0.0464,9794789,455519.44217,3110,4257087,197989.26255,0.0004312203536007,ARPA-USDT,0.0465929008079735,0.0466237268370722,
2023-04-19 06:00:00,0.0464,0.04652,0.04563,0.0457,39469801,1815677.16751,8738,19043751,876400.96791,0.0006568863586597,ARPA-USDT,0.0464400908296703,0.0464745497658916,
2023-04-19 07:00:00,0.0457,0.04586,0.04531,0.04563,27877924,1270828.44876,6162,10976511,500701.86544,0.0008773853915331,ARPA-USDT,0.045728055992549,0.0457605488506778,
2023-04-19 08:00:00,0.04562,0.04563,0.04038,0.04291,105756371,4559214.12808,22446,41751515,1798530.28035,-0.0011638733705773,ARPA-USDT,0.0456193886800795,0.0454582707289186,0.0001
2023-04-19 09:00:00,0.04291,0.04314,0.0423,0.04251,40757360,1740727.60031,8114,20050901,856405.7261699999,-0.0007052186177715,ARPA-USDT,0.042884014519277,0.042934365618781,
2023-04-19 10:00:00,0.04252,0.04315,0.04249,0.04301,16335887,699493.3009799999,4903,8446234,361787.97775,-0.0006970260223049,ARPA-USDT,0.0425371174369202,0.0425866496599914,
2023-04-19 11:00:00,0.04301,0.04327,0.04294,0.04299,11487746,494945.97669,3613,5401847,232765.84481,-0.0004650081376423,ARPA-USDT,0.0429941157489006,0.0430616400130047,
2023-04-19 12:00:00,0.04299,0.04322,0.04283,0.0431,13846186,595804.89533,4957,7209085,310317.27915,-0.0004638218923933,ARPA-USDT,0.0429938183533802,0.0429674932218316,
2023-04-19 13:00:00,0.04309,0.04336,0.04304,0.04333,8933154,385889.56956,3670,4278083,184818.94274,-0.0004613610149941,ARPA-USDT,0.0431257504246322,0.0431005800009263,
2023-04-19 14:00:00,0.04334,0.04355,0.04325,0.04337,11787422,511858.41373,4503,5360021,232751.57791,-0.0011515430677108,ARPA-USDT,0.0433319368128087,0.0433886666370644,
2023-04-19 15:00:00,0.04337,0.04344,0.04299,0.04311,12370214,534300.25209,4450,5636516,243449.30891,0.0,ARPA-USDT,0.0433821120873395,0.0433751147465278,
2023-04-19 16:00:00,0.04312,0.04318,0.0429,0.04301,7583064,326570.15296,2664,2903749,125065.89667,-0.0002324500232451,ARPA-USDT,0.0431224183383574,0.0430952312549849,0.0001
2023-04-19 17:00:00,0.04302,0.04303,0.04232,0.04284,10906595,465792.77605,3506,4603883,196606.84115,-0.0002333722287046,ARPA-USDT,0.0430152095653169,0.0429743207474097,
2023-04-19 18:00:00,0.04285,0.04293,0.04252,0.04266,6303493,269134.70938,2778,2892417,123515.45312,-0.0002343566908835,ARPA-USDT,0.0428503757951198,0.0428869770765152,
2023-04-19 19:00:00,0.04266,0.04294,0.0426,0.04291,6496441,278108.74907,3336,3768428,161323.34671,-0.000232991612302,ARPA-USDT,0.0426505651047368,0.0426291292452946,
2023-04-19 20:00:00,0.04291,0.04298,0.04245,0.04253,16221757,692223.34899,4750,6689673,285447.58775,0.0,ARPA-USDT,0.0428811562273978,0.0428874432457892,
2023-04-19 21:00:00,0.04252,0.0426,0.04171,0.04231,26027516,1096762.8982,6958,11052330,465747.85063,-0.0002362948960302,ARPA-USDT,0.0425220873609338,0.0425633929343725,
2023-04-19 22:00:00,0.04232,0.04248,0.04204,0.04206,8737959,369382.90208,2788,4657035,196881.10638,-0.0004752851711026,ARPA-USDT,0.0424176679495686,0.0424187770758368,
2023-04-19 23:00:00,0.04206,0.04207,0.04104,0.04181,23244197,966913.28214,5527,10608691,441362.08088,-0.0002391200382593,ARPA-USDT,0.0420328800685368,0.0419869215744592,
2023-04-20 00:00:00,0.04179,0.04212,0.04168,0.04201,11408316,478313.38634,3554,5906825,247699.08084,0.0,ARPA-USDT,0.0417872102207213,0.0418303289039922,0.0001
2023-04-20 01:00:00,0.04201,0.04228,0.04191,0.04224,9214448,388073.35685,2976,4881387,205637.34001,-0.0009460737937558,ARPA-USDT,0.0420296820326616,0.0420305630884935,
2023-04-20 02:00:00,0.04224,0.0423,0.04171,0.04174,8514973,357792.09679,3266,3899580,163940.01009,0.0002396357536542,ARPA-USDT,0.0422531964751622,0.0422647547713794,
2023-04-20 03:00:00,0.04174,0.04195,0.04129,0.04191,11414946,476024.70883,3707,5584766,233007.25216,0.0002386634844868,ARPA-USDT,0.0417330288751849,0.041634568072669,
2023-04-20 04:00:00,0.04192,0.04214,0.04186,0.04204,5917519,248561.96728,2437,2901169,121863.85975,0.0,ARPA-USDT,0.0419193334375699,0.0419476560489505,
2023-04-20 05:00:00,0.04203,0.04216,0.04161,0.04186,9931834,415623.6378,3356,4326311,181025.35406,0.0002389486260454,ARPA-USDT,0.0420652821076541,0.0420436375264492,
2023-04-20 06:00:00,0.04186,0.04211,0.04181,0.04194,6334336,265855.65559,2646,2836534,119035.84818,-0.0004766444232602,ARPA-USDT,0.0418826957684614,0.041858632987078,
2023-04-20 07:00:00,0.04192,0.04195,0.04148,0.04151,7435045,310024.78625,2660,3252607,135679.87364,-0.000962695547533,ARPA-USDT,0.041934014112991,0.0418898294793537,
2023-04-20 08:00:00,0.04151,0.04194,0.04143,0.04163,9876342,411793.45059,3010,4605477,191984.70804,-0.000240153698367,ARPA-USDT,0.0415004934364067,0.0414750410869759,0.0001
2023-04-20 09:00:00,0.04162,0.04188,0.04156,0.04169,7106245,296553.73238,2106,2965268,123750.48908,-0.0004795013186286,ARPA-USDT,0.0415850442936951,0.0416307280811679,
2023-04-20 10:00:00,0.04168,0.04182,0.04139,0.04154,7111247,295774.38213,2428,3271157,136044.53857,-0.0007216742843396,ARPA-USDT,0.0416780591268513,0.0417168313764263,
2023-04-20 11:00:00,0.04154,0.0416,0.04113,0.04124,20263259,839065.90628,4090,10204023,422496.63893,0.000242541838467,ARPA-USDT,0.0415291565076492,0.0415499245770968,
2023-04-20 12:00:00,0.04124,0.04189,0.04113,0.04178,15807678,657690.76011,4764,7864675,327224.04967,-0.000717531690983,ARPA-USDT,0.0411732039226555,0.0412391950237106,
2023-04-20 13:00:00,0.04178,0.04184,0.04135,0.04155,9307827,387101.58666,3179,4180999,173853.6743,-0.0002406159769009,ARPA-USDT,0.0418134798413144,0.0417463615044093,
2023-04-20 14:00:00,0.04154,0.04168,0.04105,0.04112,7835949,324020.84883000003,2749,3682118,152305.60687,-0.00024313153416,ARPA-USDT,0.0416243893833065,0.0415925277810453,
2023-04-20 15:00:00,0.04112,0.04126,0.04052,0.0406,21003402,860517.4329,5115,8795965,360600.71391,-0.0002462447672987,ARPA-USDT,0.0411381710536907,0.0411512280223055,
2023-04-20 16:00:00,0.0406,0.04061,0.03962,0.03962,41201261,1652411.99082,9662,19071825,765061.73917,-0.0005045408678102,ARPA-USDT,0.0405491421602132,0.0402557244442012,0.0001
2023-04-20 17:00:00,0.03962,0.03992,0.03928,0.03941,23492801,930416.53513,5799,11941922,472941.81012,-0.0007606490872211,ARPA-USDT,0.0397356304147382,0.0396907354623952,
2023-04-20 18:00:00,0.03941,0.03969,0.03924,0.03958,22098660,871592.45292,5592,11173346,440787.96021,-0.0002525890376358,ARPA-USDT,0.0393946735319207,0.0393659736674208,
2023-04-20 19:00:00,0.03957,0.03958,0.03902,0.03936,19078258,749726.24224,5270,8580973,337388.20209,-0.0005078720162519,ARPA-USDT,0.0395522401484657,0.0394694125212842,
2023-04-20 20:00:00,0.03935,0.03964,0.03927,0.03938,13736487,542128.17647,3938,6007508,237063.42991,-0.0010147133434804,ARPA-USDT,0.0393135153334844,0.0394528651664425,
2023-04-20 21:00:00,0.03936,0.03946,0.03916,0.03938,9777731,384202.4666,3149,4971451,195293.64602,-0.0002538715410003,ARPA-USDT,0.039335754611924,0.0393699095663786,
2023-04-20 22:00:00,0.03937,0.03983,0.03928,0.03957,11085606,438866.2485,3593,6041437,239192.58722,-0.0002526528549771,ARPA-USDT,0.0393298305673921,0.0394531406785301,
2023-04-20 23:00:00,0.03956,0.03987,0.0395,0.03979,9492923,376676.24684,2961,5344993,212063.71254,-0.000251256281407,ARPA-USDT,0.0395316087162794,0.0396447962396592,
2023-04-21 00:00:00,0.0398,0.04018,0.03958,0.04007,17496923,697773.67742,4963,8563231,341529.58021,-0.0004988775255674,ARPA-USDT,0.0397354978024956,0.0397739660743494,0.0001
2023-04-21 01:00:00,0.04007,0.04025,0.03977,0.03977,9080478,363266.7157,3011,4314427,172581.84151,-0.0005026388539833,ARPA-USDT,0.0401375222908335,0.0401506236698202,
2023-04-21 02:00:00,0.03977,0.03997,0.03967,0.03996,6687230,266410.77065,2234,3033787,120878.10097,-0.0002501876407304,ARPA-USDT,0.0397803228714801,0.0398012198789313,
2023-04-21 03:00:00,0.03995,0.04024,0.03995,0.0402,5023010,201571.19719,2232,2586545,103775.73918,-0.0004972650422675,ARPA-USDT,0.0399911381863322,0.0400677927739809,
2023-04-21 04:00:00,0.04021,0.04026,0.03983,0.03984,5402500,216653.88172,2222,2116019,84823.20862,-0.0012534469791928,ARPA-USDT,0.040206056667175,0.0402149038789623,
2023-04-21 05:00:00,0.03984,0.03996,0.0397,0.03973,8855404,352940.62975,3319,3629072,144626.36807,0.0,ARPA-USDT,0.0398615050206733,0.0398659835886127,
2023-04-21 06:00:00,0.03972,0.03997,0.03923,0.03948,11688115,463117.54701,3914,5357383,212229.86563,-0.0002532286654848,ARPA-USDT,0.0396872355160047,0.0397464990329048,
2023-04-21 07:00:00,0.03948,0.04006,0.03944,0.04003,9950802,395206.4777,3128,4869457,193370.46194,0.0002498750624688,ARPA-USDT,0.0395230553034524,0.0395466131514735,
2023-04-21 08:00:00,0.04005,0.04012,0.03959,0.03969,9488025,378024.78559,3170,3727087,148395.26458,-0.0005036514731805,ARPA-USDT,0.0400822511538469,0.040047512600495,0.0001
2023-04-21 09:00:00,0.03968,0.03999,0.03952,0.03986,7436658,295759.40192,2996,4576416,182040.15057,-0.0010025062656641,ARPA-USDT,0.0396927133575883,0.0396872970416941,
2023-04-21 10:00:00,0.03986,0.04002,0.0396,0.03971,7412099,295166.76114,2798,3842568,153043.84856,-0.001006289308176,ARPA-USDT,0.0398304711183777,0.0398315775400149,
2023-04-21 11:00:00,0.03972,0.03975,0.03943,0.03959,7464208,295615.57666,2973,3787060,149969.4923,-0.0005049229992425,ARPA-USDT,0.0396660038727994,0.0396538577254714,
2023-04-21 12:00:00,0.03959,0.03994,0.03915,0.03991,12901372,511027.58413,4345,7265805,288070.33315,-0.0002505010020038,ARPA-USDT,0.0395560712091554,0.0395469092491981,
2023-04-21 13:00:00,0.03991,0.04006,0.03951,0.03962,11069428,440923.54116,3468,4778123,190397.13213,-0.0010085728693898,ARPA-USDT,0.0399166252685881,0.0399465363120385,
2023-04-21 14:00:00,0.03962,0.04,0.03954,0.03977,10495141,417580.80581,3835,5648852,224781.3633,-0.0007537688442211,ARPA-USDT,0.0396278030541656,0.0396293918573698,
2023-04-21 15:00:00,0.03976,0.04003,0.03971,0.0398,11349442,452693.89107,4120,6518281,260019.0214,0.0005027652086475,ARPA-USDT,0.0397754719447947,0.0398431887427323,
2023-04-21 16:00:00,0.03979,0.03996,0.03953,0.03984,8473133,336714.79623,3264,4068971,161697.57587,-0.0005017561465128,ARPA-USDT,0.0397466769696261,0.0397759143286993,0.0001
2023-04-21 17:00:00,0.03983,0.03996,0.03927,0.03958,13502451,534411.08683,4361,6101833,241489.79684,-0.0002525890376358,ARPA-USDT,0.0398606013165125,0.0398262200401328,
2023-04-21 18:00:00,0.03958,0.0398,0.03949,0.03968,8518941,337893.4473,3534,3867575,153396.81708,-0.0005037783375314,ARPA-USDT,0.0395342003278492,0.0395550369741997,
2023-04-21 19:00:00,0.03966,0.03966,0.03782,0.03796,48741159,1870252.07804,11189,19826113,760301.29188,0.0,ARPA-USDT,0.0395842444845703,0.0394947200487886,
2023-04-21 20:00:00,0.03793,0.03797,0.03721,0.03721,24966993,939331.08052,6311,10978186,413005.33576,-0.0008055853920516,ARPA-USDT,0.0378499976463801,0.037825038988285,
2023-04-21 21:00:00,0.03721,0.03789,0.03718,0.0376,13474977,506588.46608,3560,6376532,239571.49173,-0.0007972362476745,ARPA-USDT,0.0372883264991627,0.0373503909536211,
2023-04-21 22:00:00,0.0376,0.03782,0.03727,0.03758,14196997,532446.21395,5065,7107190,266432.28678,-0.000266028198989,ARPA-USDT,0.0375719747624944,0.0376028242850009,
2023-04-21 23:00:00,0.03757,0.03787,0.03753,0.03766,9092528,343030.5398,2549,4811399,181502.92362,-0.0005307855626326,ARPA-USDT,0.0375695490078856,0.0376181439229357,
2023-04-22 00:00:00,0.03766,0.03807,0.0372,0.03724,22555574,850335.38035,4788,10183741,383620.34841,-0.0008049369466057,ARPA-USDT,0.0377458895711984,0.0378430614190373,0.0001
2023-04-22 01:00:00,0.03724,0.03796,0.03724,0.03793,16078978,603628.40495,3362,10091404,378562.78135,-0.0005270092226613,ARPA-USDT,0.0373497623518595,0.0373727649220084,
2023-04-22 02:00:00,0.03793,0.03848,0.03789,0.03793,22606885,862558.82589,5973,11574347,441713.4439,-0.000263574064312,ARPA-USDT,0.0380178543984366,0.0380151899765253,
2023-04-22 03:00:00,0.03794,0.03828,0.03792,0.0382,6615332,251980.85863,2268,3702042,141005.87371,-0.0007847240387131,ARPA-USDT,0.0379827267216123,0.0380291641228026,
2023-04-22 04:00:00,0.03821,0.03838,0.0382,0.03827,8539947,327087.24016,2422,3687281,141173.90531,-0.0005223295899712,ARPA-USDT,0.038310162378434,0.0383281079106378,
2023-04-22 05:00:00,0.03826,0.0383,0.03793,0.03799,11489424,437585.06923,2787,4936064,187972.34228,0.0,ARPA-USDT,0.0382759206056742,0.0382576840950142,
2023-04-22 06:00:00,0.03798,0.03802,0.03773,0.03794,9529524,361124.5212,2340,4722717,179006.69449,-0.0002635046113306,ARPA-USDT,0.0379625225644606,0.0379808846200718,
2023-04-22 07:00:00,0.03794,0.03808,0.03777,0.03785,9182269,348459.61844,2402,4657306,176686.09357,-0.0005281225244256,ARPA-USDT,0.0379228837189018,0.0379149368327738,
2023-04-22 08:00:00,0.03786,0.03796,0.03778,0.03785,5501757,208294.55024,1952,2511900,95067.13652,-0.0002641310089803,ARPA-USDT,0.037847000448545,0.0378584393902778,0.0001
2023-04-22 09:00:00,0.03785,0.03818,0.03779,0.03801,5871548,223279.58238,2160,2964531,112720.46286,-0.0005259006047856,ARPA-USDT,0.0378234586025444,0.037847225325823,
2023-04-22 10:00:00,0.03801,0.03818,0.0379,0.03814,6534559,248620.36753,2206,3264397,124172.83959,-0.0013092432573972,ARPA-USDT,0.038033233039402,0.0380291572821046,
2023-04-22 11:00:00,0.03815,0.03852,0.03815,0.0384,10630428,408008.15902,3389,5350768,205350.24056,-0.0002603488674824,ARPA-USDT,0.0381904773866303,0.0382199541265948,
2023-04-22 12:00:00,0.03839,0.0384,0.0382,0.03838,9816145,376079.54257,2569,3995427,153100.91142,-0.0007810466024473,ARPA-USDT,0.0383342172119179,0.0383253185703251,
2023-04-22 13:00:00,0.03836,0.03839,0.03788,0.03801,14710520,560217.19154,3236,6478448,246520.72317,-0.0002630194634402,ARPA-USDT,0.0383742485169865,0.0383484864865145,
2023-04-22 14:00:00,0.03801,0.03859,0.03801,0.03846,10392360,397702.24678,2871,6294468,240828.91255,-0.0007794232268122,ARPA-USDT,0.0380712637879636,0.0380641039424308,
2023-04-22 15:00:00,0.03847,0.03873,0.03832,0.03853,11319003,436288.00419,3591,6089070,234678.56961,-0.0005188067444876,ARPA-USDT,0.0385248049383983,0.0385375311269239,
2023-04-22 16:00:00,0.03853,0.03885,0.03841,0.03856,9497533,367347.43049,2721,5404463,209086.9038,-0.0007774034724021,ARPA-USDT,0.0385107156446655,0.0384770770295765,0.0001
2023-04-22 17:00:00,0.03856,0.03893,0.03854,0.03869,7219301,279899.07507,2411,3371307,130723.63387,-0.0007747933884296,ARPA-USDT,0.0385637767051841,0.0385563095613803,
2023-04-22 18:00:00,0.03868,0.03877,0.03849,0.03871,6156474,237829.23806,2176,3615284,139636.52449,-0.0010322580645161,ARPA-USDT,0.03874399389031,0.0387475121379739,
2023-04-22 19:00:00,0.03871,0.03891,0.03864,0.0388,4692100,181988.5199,1788,2286554,88682.76852,-0.0005151983513652,ARPA-USDT,0.0386675530215635,0.0386610491220112,
2023-04-22 20:00:00,0.0388,0.03892,0.03874,0.03882,4352730,168943.01181,1655,2083941,80881.60583,0.0,ARPA-USDT,0.0387657723270395,0.0387797421478427,
2023-04-22 21:00:00,0.03881,0.03895,0.0387,0.03895,5429984,210995.1365,1894,2545456,98897.53742,-0.0002566735112936,ARPA-USDT,0.0387869136877239,0.0387586888532156,
2023-04-22 22:00:00,0.03895,0.03916,0.03894,0.03914,6856111,267828.74865,2653,3317246,129568.66958,0.0,ARPA-USDT,0.0389494256000465,0.0389831597525069,
2023-04-22 23:00:00,0.03913,0.03919,0.03899,0.03919,4623518,180781.17084,2099,2108258,82456.6768,0.0,ARPA-USDT,0.0391176456781005,0.0391290284186095,
2023-04-23 00:00:00,0.03919,0.03919,0.03841,0.03887,16809339,652713.1052,4970,8420455,326937.15366,0.0,ARPA-USDT,0.0391031715082837,0.0391143213093558,0.0001
2023-04-23 01:00:00,0.03887,0.03888,0.03843,0.03857,8526261,329584.65454,2638,3397618,131496.85212,0.0,ARPA-USDT,0.038811068625941,0.0388313301761892,
2023-04-23 02:00:00,0.03857,0.03876,0.03849,0.03869,6084110,235107.30943,2442,2727886,105403.93473,-0.000516662361147,ARPA-USDT,0.0385682959760944,0.038614364432686,
2023-04-23 03:00:00,0.03869,0.03898,0.03864,0.03875,7139424,276848.77328,3052,4173668,161853.50291,-0.0007735946364105,ARPA-USDT,0.0386777274669863,0.0386702368019662,
2023-04-23 04:00:00,0.03875,0.03891,0.03875,0.03888,3603841,139925.33591,1402,1653890,64212.66164,-0.0007710100231304,ARPA-USDT,0.0387658741774324,0.0387912160692928,
2023-04-23 05:00:00,0.03887,0.03896,0.03877,0.03887,5472404,212621.71824,1861,2425555,94229.24494,-0.0010280133641736,ARPA-USDT,0.0388833401158873,0.0389078950316876,
2023-04-23 06:00:00,0.03889,0.03899,0.03879,0.03887,4261831,165827.38142,1702,2006168,78047.67248,-0.0002572016460904,ARPA-USDT,0.0389340821016072,0.038947600173799,
2023-04-23 07:00:00,0.03886,0.03908,0.03873,0.03907,4301927,167322.14213,1540,2048736,79674.81954,0.0,ARPA-USDT,0.0388231709276305,0.0388193368479335,
2023-04-23 08:00:00,0.03906,0.03936,0.03895,0.03898,16371014,640535.8854,4136,9184587,359381.77726,-0.000256476019492,ARPA-USDT,0.0390545689071784,0.0390023553212472,0.0001
2023-04-23 09:00:00,0.03898,0.03907,0.03885,0.03898,4648442,181126.57252,1625,1996242,77780.18523,-0.0005128205128205,ARPA-USDT,0.0390135136611672,0.039035341174255,
2023-04-23 10:00:00,0.03898,0.03906,0.03882,0.03886,4727951,183976.70195,1930,2465774,95945.96942,-0.0005144032921809,ARPA-USDT,0.0389426771042045,0.0389350858239276,
2023-04-23 11:00:00,0.03886,0.03915,0.03885,0.03911,5093023,198621.25379,1917,2807513,109502.13929,0.0,ARPA-USDT,0.0388895957637341,0.0389089869914863,
2023-04-23 12:00:00,0.03911,0.03933,0.039,0.03903,8421674,329636.1416,2547,4025833,157597.90314,-0.0007680491551458,ARPA-USDT,0.0391099016117196,0.0390552283508925,
2023-04-23 13:00:00,0.03903,0.03979,0.03901,0.03946,54087587,2130550.77423,9824,27602266,1087183.30502,0.0,ARPA-USDT,0.0390393698670388,0.0390337826080384,
2023-04-23 14:00:00,0.03946,0.03946,0.03893,0.039,27768572,1087949.08485,5594,12163106,476382.71983,-0.000512557662737,ARPA-USDT,0.0393162336372632,0.0393229550370718,
2023-04-23 15:00:00,0.03901,0.03907,0.03832,0.03854,28601790,1104070.98132,6079,12305069,475073.40515,0.0002595380223202,ARPA-USDT,0.0389985201943125,0.0389507961675743,
2023-04-23 16:00:00,0.03855,0.03904,0.03808,0.03888,15344459,592291.98628,4780,7695268,297230.2912,0.0,ARPA-USDT,0.0385544342545876,0.0384991111847707,7.866e-05
2023-04-23 17:00:00,0.03887,0.03887,0.03823,0.03823,12497206,482050.22735,3733,5817904,224395.08729,-0.001045205121505,ARPA-USDT,0.0388041207867891,0.0388141350443083,
2023-04-23 18:00:00,0.03823,0.03835,0.0375,0.03775,20313183,770777.39047,6264,9989063,379052.75565,-0.0002648305084747,ARPA-USDT,0.0382621673051669,0.0382464355485434,
2023-04-23 19:00:00,0.03775,0.03825,0.03764,0.03807,14511347,551504.92102,4565,6866414,260896.10948,-0.0002626050420169,ARPA-USDT,0.037745220282871,0.037753239015806,
2023-04-23 20:00:00,0.03808,0.03834,0.03788,0.03809,12026680,458428.74985,3842,5494346,209408.80522,0.0002626050420166,ARPA-USDT,0.0380883913069368,0.0379825564884065,
2023-04-23 21:00:00,0.03809,0.03816,0.03779,0.03811,9861009,374571.76082,4000,4056594,154140.57966,-0.0005245213742459,ARPA-USDT,0.0381037277683578,0.0381147934509362,
2023-04-23 22:00:00,0.03812,0.03855,0.03794,0.03841,11877138,454181.38902,3482,5412181,206881.60625,0.0,ARPA-USDT,0.0381617934867647,0.0381220268513364,
2023-04-23 23:00:00,0.03841,0.03849,0.03824,0.03842,8945673,343454.93888000003,3121,4325020,166049.4124,0.0005208333333335,ARPA-USDT,0.0384599836216418,0.0384277635936373,
2023-04-24 00:00:00,0.03841,0.03881,0.03794,0.03878,15649943,599415.82607,4731,7669842,293619.64979,-0.0007729966503476,ARPA-USDT,0.0383799518234842,0.0383888491823592,0.0001
2023-04-24 01:00:00,0.03879,0.03919,0.03863,0.03896,14871159,579185.37317,4685,8233026,320664.41696,-0.0005130836326321,ARPA-USDT,0.0389280441609869,0.0389754799998886,
2023-04-24 02:00:00,0.03896,0.03896,0.03852,0.03856,13619779,527245.9495699999,3191,6467844,250263.62911,0.0,ARPA-USDT,0.0389340931602555,0.0388936241996171,
2023-04-24 03:00:00,0.03857,0.03864,0.03827,0.03861,7571174,291667.9646,2236,3194067,122972.99802,0.0,ARPA-USDT,0.0386332087360939,0.0385973063342681,
2023-04-24 04:00:00,0.03861,0.03862,0.03826,0.03828,9266811,355682.59315,2457,4344027,166682.26747,0.0,ARPA-USDT,0.0385456100594945,0.0385115577849553,
2023-04-24 05:00:00,0.03827,0.03854,0.03806,0.03808,12906832,494665.18638,2583,7157860,274210.13139,0.0,ARPA-USDT,0.0382422293455246,0.038250984766682,
2023-04-24 06:00:00,0.03807,0.0382,0.03775,0.03784,8640842,328336.63554,2656,3623705,137752.13728999998,-0.0007921837866385,ARPA-USDT,0.0380922392865041,0.0380943376628111,
2023-04-24 07:00:00,0.03784,0.03811,0.03778,0.03808,9495027,360413.12446,3500,5205490,197564.55082,-0.0007871949619521,ARPA-USDT,0.0378608484066264,0.0379150559101617,
2023-04-24 08:00:00,0.03809,0.03819,0.03773,0.03787,10515091,399248.84013,2992,5081285,192931.08562,-0.0005278437582475,ARPA-USDT,0.0380756638022533,0.0380694041931693,0.0001
2023-04-24 09:00:00,0.03787,0.0382,0.03787,0.03815,6350533,241946.11231,2233,3350849,127663.59761,-0.0010473946059177,ARPA-USDT,0.0378907587793213,0.0379869384624206,
2023-04-24 10:00:00,0.03816,0.03862,0.03815,0.03856,6616914,254294.7226,2552,3735114,143528.36796,-0.0005184033177814,ARPA-USDT,0.0382093098183926,0.0382718254735286,
2023-04-24 11:00:00,0.03856,0.03916,0.03854,0.03914,10241762,397975.09125,2947,6729319,261642.21298,0.0,ARPA-USDT,0.038560037248028,0.0386584917514039,
2023-04-24 12:00:00,0.03915,0.03917,0.03876,0.0389,11462630,446555.51508,3159,5298440,206380.72818,-0.0002570033410435,ARPA-USDT,0.0390395843296758,0.0389625408066225,
2023-04-24 13:00:00,0.0389,0.03941,0.0389,0.03926,17365273,679831.22882,3998,8893559,348262.0471,-0.0002546473134706,ARPA-USDT,0.0390101524390972,0.0389989976719869,
2023-04-24 14:00:00,0.03926,0.03937,0.03863,0.03907,15642941,611422.18334,3894,7260083,283557.19605,-0.000255885363357,ARPA-USDT,0.0393407322485931,0.0392741150168878,
2023-04-24 15:00:00,0.03907,0.03908,0.03868,0.0388,9898902,384739.50992,3103,4896977,190345.95999,0.0,ARPA-USDT,0.0390402168236898,0.0390067538774689,
2023-04-24 16:00:00,0.0388,0.03915,0.03839,0.03859,15239150,591872.97958,4180,7928490,308082.22929,0.0,ARPA-USDT,0.0387808177006874,0.0388607046105347,0.0001
2023-04-24 17:00:00,0.03858,0.0392,0.03827,0.03916,14574280,566361.7375,4223,7910965,307507.35867,-0.0007655014034192,ARPA-USDT,0.0385177186150081,0.0384875236243461,
2023-04-24 18:00:00,0.03917,0.03948,0.03905,0.03917,11412666,447954.56668,3906,5845983,229455.50614,-0.0002552322613577,ARPA-USDT,0.0391307271772166,0.0391055775444025,
2023-04-24 19:00:00,0.03918,0.03937,0.03908,0.0392,8756091,343251.99643,3400,3845601,150725.6481,-0.0005099439061703,ARPA-USDT,0.0392141224888199,0.039209122108387,
2023-04-24 20:00:00,0.0392,0.03941,0.03913,0.03925,6258792,245796.66151,1858,2769430,108748.39408,-0.0005092946269417,ARPA-USDT,0.0391998588935462,0.0391617320288533,
2023-04-24 21:00:00,0.03926,0.03929,0.03902,0.03907,5012999,196121.57122,1870,1764945,69055.83949,-0.0010227563283047,ARPA-USDT,0.0392709174022698,0.0392589039828074,
2023-04-24 22:00:00,0.03907,0.03939,0.03907,0.0391,7128088,279565.83354,2359,2814321,110364.67131,-0.000255689082076,ARPA-USDT,0.0391347896047587,0.0391807278878165,
2023-04-24 23:00:00,0.03909,0.03931,0.03901,0.03904,5640805,220902.66203,2590,2228128,87272.30557,-0.0012790995139422,ARPA-USDT,0.0391424736112559,0.0391636358416589,
2023-04-25 00:00:00,0.03905,0.03926,0.03877,0.03892,13656109,533289.47671,4581,6342242,247739.62608,-0.0005136106831021,ARPA-USDT,0.0391210778178864,0.0391745148140632,0.0001
2023-04-25 01:00:00,0.03892,0.03908,0.03874,0.03884,6046243,235417.98732,2242,2684745,104516.27379,-0.0002574002574002,ARPA-USDT,0.0388920492545134,0.0388947812413936,
2023-04-25 02:00:00,0.03884,0.039,0.03876,0.03882,4125479,160511.44766,1902,1819318,70791.78816,-0.0005149330587023,ARPA-USDT,0.0388630050936891,0.0389108787741407,
2023-04-25 03:00:00,0.03882,0.03894,0.03856,0.03864,10138073,392839.49127,2968,4449262,172420.01916,-0.0005173305742368,ARPA-USDT,0.0388124114029726,0.0387863474431784,
2023-04-25 04:00:00,0.03864,0.03906,0.03855,0.03894,5632601,218591.51144,2142,2779599,107846.24822,-0.0002567394094992,ARPA-USDT,0.0386039302151562,0.038595597538226,
2023-04-25 05:00:00,0.03894,0.03911,0.03869,0.03903,6917637,269251.3568,2737,3743048,145698.39212,-0.0007680491551458,ARPA-USDT,0.038923293750808,0.0389352166715569,
2023-04-25 06:00:00,0.03903,0.0393,0.03872,0.03876,11196712,437114.96494,3816,4956377,193604.78214,-0.00025793139025,ARPA-USDT,0.0390226516811771,0.0390324605648204,
2023-04-25 07:00:00,0.03876,0.03894,0.03861,0.03877,12181959,472073.66839,3343,7077806,274282.84984,-0.0002578648788036,ARPA-USDT,0.0387325228390907,0.0387632149644826,
2023-04-25 08:00:00,0.03875,0.03878,0.03835,0.03875,10341469,398958.32569,3567,4366068,168404.6777,-0.0007735946364105,ARPA-USDT,0.0386667801491031,0.0386228021620925,0.0001
2023-04-25 09:00:00,0.03876,0.04,0.03848,0.03851,327287142,12841092.07261,42859,167819796,6586350.67816,-0.0010376134889753,ARPA-USDT,0.0394446988764221,0.0392687611678969,
2023-04-25 10:00:00,0.03851,0.03868,0.03804,0.03822,144671066,5543488.5837,18857,72867601,2792680.85461,0.0002617115938234,ARPA-USDT,0.0384917678823362,0.0383180578070311,
2023-04-25 11:00:00,0.03822,0.03867,0.03821,0.03851,29379932,1129960.94894,6869,14497175,557507.61228,-0.0005190760446405,ARPA-USDT,0.0382579495781213,0.0382956351081792,
2023-04-25 12:00:00,0.03852,0.03852,0.0383,0.03841,20353828,781700.25544,5529,9045589,347405.19245,-0.0005204267499349,ARPA-USDT,0.0384890042262755,0.038459491974536,
2023-04-25 13:00:00,0.03842,0.03869,0.0383,0.03837,19287741,742485.50075,5098,9118744,351038.40577,-0.0010413954699296,ARPA-USDT,0.0384528716300655,0.0384894591441395,
2023-04-25 14:00:00,0.03838,0.03855,0.03767,0.03799,28779807,1095151.88123,6633,11008607,419054.16205,-0.0005261773217574,ARPA-USDT,0.0384745749093284,0.0384490474345248,
2023-04-25 15:00:00,0.038,0.03817,0.03753,0.03769,21594309,817600.38717,5549,8101922,306926.56653,-0.0007953340402967,ARPA-USDT,0.0380282421480451,0.0379750706217879,
2023-04-25 16:00:00,0.0377,0.03808,0.0376,0.03805,17371673,657456.76274,4683,8929255,337776.45075,-0.0005253480430784,ARPA-USDT,0.0377179644997797,0.0376843723405186,0.0001
2023-04-25 17:00:00,0.03806,0.03834,0.03777,0.03831,21096798,803669.60729,6091,10388148,395864.56046,0.0,ARPA-USDT,0.0381115470773164,0.0380569620659876,
2023-04-25 18:00:00,0.03831,0.03845,0.03814,0.03819,20652333,791085.92027,5134,9483096,363205.21673,-0.0005234231876471,ARPA-USDT,0.0384163367680014,0.0383619604910527,
2023-04-25 19:00:00,0.03819,0.03836,0.03804,0.0383,12162235,464314.46151,3662,6600087,251943.23186,-0.0002610284521011,ARPA-USDT,0.0382021707016511,0.0381828883325155,
2023-04-25 20:00:00,0.03832,0.03932,0.03831,0.03927,30579310,1190073.2956,6830,16890202,657998.45344,-0.0005090353779587,ARPA-USDT,0.0383497637494483,0.0384549392238114,
2023-04-25 21:00:00,0.03927,0.03972,0.03926,0.03962,25034492,987372.02127,5840,12195359,481246.41493,-0.0002523340903355,ARPA-USDT,0.039347321720288,0.0393694343927165,
2023-04-25 22:00:00,0.03962,0.03985,0.03944,0.03971,17656528,700970.54281,5536,8817024,350116.6117,0.0002518891687657,ARPA-USDT,0.0397541647644562,0.0397786287853965,
2023-04-25 23:00:00,0.03971,0.03997,0.03957,0.03994,10835027,430834.334,3274,4966784,197547.99986,-0.0005005005005004,ARPA-USDT,0.0396808148949021,0.0396622081390454,
2023-04-26 00:00:00,0.03995,0.03996,0.0396,0.03963,11771467,468423.19146,3450,4747053,188905.60246,-0.0002522704339051,ARPA-USDT,0.0399274096831525,0.039815236112007,0.0001
2023-04-26 01:00:00,0.03962,0.03984,0.03947,0.03974,6488887,257474.32412,2074,3302882,131108.69277,-0.000251572327044,ARPA-USDT,0.039626015494206,0.03962407297339,
2023-04-26 02:00:00,0.03973,0.03973,0.03952,0.03959,4667701,184949.92057,1746,2239763,88739.61787,-0.0005049229992425,ARPA-USDT,0.0397223984669592,0.0396960896803369,
2023-04-26 03:00:00,0.03959,0.03978,0.03945,0.03956,7182058,284304.90173,2295,2898055,114751.56235,-0.0002527167045742,ARPA-USDT,0.039650883003552,0.0397023568522311,
2023-04-26 04:00:00,0.03957,0.03986,0.03955,0.03963,7059831,280397.84152,2466,3765691,149574.18831,-0.0010083186286866,ARPA-USDT,0.0395703279582908,0.0396052897706049,
2023-04-26 05:00:00,0.03964,0.03994,0.03964,0.03991,6248902,248880.84301,2149,3350228,133421.62861,-0.0002505010020038,ARPA-USDT,0.0396940938777978,0.0397411922394419,
2023-04-26 06:00:00,0.0399,0.04,0.03956,0.03967,10367535,411754.94696,2947,4251443,168892.34214,-0.0007556675062972,ARPA-USDT,0.0398501264303207,0.0397943423539965,
2023-04-26 07:00:00,0.03966,0.0397,0.03934,0.03944,8652548,341637.06007,2502,3070149,121248.61478,0.0,ARPA-USDT,0.0396626779286371,0.0396589415562248,
2023-04-26 08:00:00,0.03943,0.03992,0.03934,0.0398,17071235,676961.48725,3810,10731945,425662.25949,-0.0007532011046947,ARPA-USDT,0.0394706447653405,0.0394585437003143,0.0001
2023-04-26 09:00:00,0.0398,0.03995,0.03971,0.0398,21185369,843465.56014,4054,12064598,480384.21827,-0.0007532011046947,ARPA-USDT,0.0398665617221246,0.0398851882374457,
2023-04-26 10:00:00,0.0398,0.04018,0.03978,0.04006,14722315,588202.30631,3884,7803090,311780.41462,0.0002496878901372,ARPA-USDT,0.0398492107830611,0.0398387838881859,
2023-04-26 11:00:00,0.04006,0.04027,0.03996,0.04017,11480161,460426.4281,3273,5830706,233888.64892,-0.0004976362279173,ARPA-USDT,0.0401018197857079,0.0401503319304009,
2023-04-26 12:00:00,0.04017,0.04087,0.04002,0.04081,37525509,1517828.67149,8048,15752181,638118.85321,-0.0002449779519844,ARPA-USDT,0.0401767751290033,0.040208334073318,
2023-04-26 13:00:00,0.04079,0.04104,0.04049,0.041,22583655,920217.82644,5438,10855511,442480.00566,-0.000487567040468,ARPA-USDT,0.0408064220629117,0.0407113811998222,
2023-04-26 14:00:00,0.04099,0.04106,0.04054,0.04102,17634874,720233.30246,5540,8470412,345938.35278,0.0,ARPA-USDT,0.0409397258073501,0.0409486580226842,
2023-04-26 15:00:00,0.04102,0.04153,0.04097,0.04145,22167533,914550.75916,6541,11429079,471419.63975,-0.0004822763443452,ARPA-USDT,0.0410023846107945,0.0410051530996801,
2023-04-26 16:00:00,0.04146,0.0415,0.04109,0.04139,22763697,939946.62927,5770,9231235,381180.96383,-0.0002415458937197,ARPA-USDT,0.0414600947162405,0.0414313177822522,0.0001
2023-04-26 17:00:00,0.0414,0.04145,0.04084,0.04104,12377522,509888.60652,3744,5073807,209092.90557,-0.0004870920603994,ARPA-USDT,0.0413971166333064,0.0413989026217395,
2023-04-26 18:00:00,0.04105,0.04117,0.04093,0.04105,7504269,307913.38185,3138,3340100,137066.80531999998,0.0,ARPA-USDT,0.0410456636266664,0.0409917321193355,
2023-04-26 19:00:00,0.04104,0.04104,0.03767,0.03843,65710297,2570751.52168,13647,30601901,1194978.94896,-0.0007800312012481,ARPA-USDT,0.0410321038622442,0.0410115780511043,
2023-04-26 20:00:00,0.03842,0.0388,0.03725,0.0388,53898826,2050382.34297,12494,25528599,971648.66095,-0.0005151983513652,ARPA-USDT,0.0381559801897625,0.0377035610708805,
2023-04-26 21:00:00,0.0388,0.03969,0.03849,0.03966,26713418,1040105.2899,6456,13476182,524633.5535,-0.0002520796571715,ARPA-USDT,0.038830173896137,0.0387471677747042,
2023-04-26 22:00:00,0.03967,0.03972,0.0392,0.03951,18560040,733276.29711,4792,8290880,327541.847,-0.0007587253414262,ARPA-USDT,0.0396550243111412,0.0396078412382022,
2023-04-26 23:00:00,0.0395,0.04001,0.03943,0.03995,15862016,631416.16155,4067,8792031,349987.49036,-0.0002502502502502,ARPA-USDT,0.039448955658928,0.0395593132513526,
2023-04-27 00:00:00,0.03995,0.04076,0.03967,0.04055,25420399,1025557.51285,6118,11508197,464253.15224,-0.000739280433711,ARPA-USDT,0.0399361889686945,0.0398011651002906,0.0001
2023-04-27 01:00:00,0.04055,0.04091,0.04001,0.0402,27147184,1098302.53968,6445,13343682,540119.80607,-0.0002486943546382,ARPA-USDT,0.0407102910036642,0.0406904667799586,
2023-04-27 02:00:00,0.04021,0.04045,0.04007,0.04015,10184729,409708.33878,2958,4923356,198018.40679,-0.0002490039840638,ARPA-USDT,0.040241941136262,0.0403046845377184,
2023-04-27 03:00:00,0.04014,0.04021,0.03994,0.04001,8251207,330694.27233,2560,4318979,173039.45735,-0.0009987515605494,ARPA-USDT,0.0401433213886261,0.0401444624412471,
2023-04-27 04:00:00,0.04002,0.04034,0.04002,0.04031,6257166,251580.26865,2526,3116269,125271.08493,-0.0004959087527894,ARPA-USDT,0.0400408551731537,0.0401390210504012,
2023-04-27 05:00:00,0.04031,0.04039,0.04005,0.04006,8608787,346510.07214,3083,4229823,170245.09769,-0.0002495632642876,ARPA-USDT,0.0403141548244495,0.0403172986444492,
2023-04-27 06:00:00,0.04007,0.04012,0.03946,0.03984,13974639,556837.93229,4476,6312024,251462.62383,-0.0010030090270811,ARPA-USDT,0.040091482092956,0.040048610630264,
2023-04-27 07:00:00,0.03983,0.03996,0.03966,0.03982,9337629,372018.76133,2815,4875984,194289.5202,-0.0010035122930255,ARPA-USDT,0.0397834559106198,0.0397454239743837,
2023-04-27 08:00:00,0.03983,0.04,0.03957,0.03973,9366303,373085.63821,3218,4908902,195534.2628,-0.0002516356316053,ARPA-USDT,0.0398159868270754,0.03980366970819,0.0001
2023-04-27 09:00:00,0.03974,0.03989,0.03956,0.03973,9810114,389670.29114,3441,4665707,185331.90365,-0.0010057832537088,ARPA-USDT,0.039695925787043,0.0397274699130968,
2023-04-27 10:00:00,0.03973,0.04007,0.03967,0.03997,7121719,284209.52801,3071,3934031,156992.92217,-0.00075,ARPA-USDT,0.0397155753955696,0.0397322346272292,
2023-04-27 11:00:00,0.03998,0.04013,0.03981,0.03991,10516250,420566.47692,3670,5384918,215384.52197,-0.0005008765339343,ARPA-USDT,0.0399695580510985,0.0399938359476412,
2023-04-27 12:00:00,0.03992,0.04012,0.03942,0.03983,17908381,712910.75203,4429,7948397,316483.89408,-0.0005018820577163,ARPA-USDT,0.039960494093485,0.0400051358004572,
2023-04-27 13:00:00,0.03984,0.04008,0.03982,0.03994,13295475,531054.80288,4167,6769991,270410.06592,-0.0005005005005004,ARPA-USDT,0.0399529512358651,0.0399847817082697,
2023-04-27 14:00:00,0.03996,0.04016,0.03985,0.03994,9710258,388295.83489,3381,4810126,192344.49887,-0.0007505629221915,ARPA-USDT,0.0400252473054748,0.0400488272081497,
2023-04-27 15:00:00,0.03995,0.04051,0.03984,0.04037,15822021,636684.49688,4706,7646018,307660.04096,-0.0007425742574256,ARPA-USDT,0.0399431388340925,0.0400041250448321,
2023-04-27 16:00:00,0.04038,0.04087,0.04038,0.04062,61402290,2495838.76825,7667,31084448,1262883.49147,-0.0002461235540239,ARPA-USDT,0.0404217826817816,0.0404781110191044,0.0001
2023-04-27 17:00:00,0.04062,0.04125,0.04047,0.04122,19382552,791674.66671,4948,10997912,449468.27007,-0.0004849660523763,ARPA-USDT,0.0405403115471413,0.040519977997536,
2023-04-27 18:00:00,0.04121,0.0418,0.04086,0.04141,36586818,1514915.18561,9398,18057655,747858.83825,-0.0007239382239381,ARPA-USDT,0.0410689541815939,0.0410254952832278,
2023-04-27 19:00:00,0.04143,0.04155,0.04089,0.0411,23568985,970408.42648,5976,11043608,454778.03483,-0.0002432498175627,ARPA-USDT,0.0414431598307528,0.0414910728629074,
2023-04-27 20:00:00,0.0411,0.0415,0.04101,0.04107,13874753,571797.0426,4098,7552776,311255.63271,-0.0002434274586172,ARPA-USDT,0.0411887225082555,0.0413103402311649,
2023-04-27 21:00:00,0.04107,0.04118,0.04087,0.04094,6626640,271906.24712,2434,2837839,116467.44215,-0.0002442002442003,ARPA-USDT,0.0410440837935102,0.0410563576814037,
2023-04-27 22:00:00,0.04095,0.04118,0.04068,0.04098,14159478,580546.72346,4198,7158514,293466.91162,-0.0004878048780487,ARPA-USDT,0.0409365143730946,0.0410125305689286,
2023-04-27 23:00:00,0.04097,0.04115,0.04083,0.041,9360566,383874.76347,3552,4303107,176470.61018000002,-0.0014612761811981,ARPA-USDT,0.0408975712528193,0.0409139405022412,
2023-04-28 00:00:00,0.041,0.04105,0.04071,0.04097,7656992,312883.45639,2859,3282905,134148.44041,-0.000487923883874,ARPA-USDT,0.0410286235593559,0.0409943060556289,0.0001
2023-04-28 01:00:00,0.04098,0.04105,0.04063,0.04092,6588396,269212.91864,2591,2869533,117250.97697,-0.0004885197850512,ARPA-USDT,0.0409991363852507,0.0410178571550395,
2023-04-28 02:00:00,0.04092,0.04092,0.04062,0.04075,5533498,225408.09685,1984,2134968,86939.97786,-0.0004905567819475,ARPA-USDT,0.0408701761432939,0.0408723513885187,
2023-04-28 03:00:00,0.04076,0.04076,0.04055,0.04064,3892567,158213.61198000002,2345,1522558,61880.20498,-0.0002460024600244,ARPA-USDT,0.0407106897300575,0.0406968939509915,
2023-04-28 04:00:00,0.04064,0.04083,0.04063,0.04069,4431326,180455.22771,2273,1954457,79589.40402,-0.001227295041728,ARPA-USDT,0.0406498296163303,0.0406527772122294,
2023-04-28 05:00:00,0.0407,0.04079,0.04058,0.04061,5669445,230635.89456,1821,3460202,140802.9402,-0.0009840098400983,ARPA-USDT,0.0407258158643427,0.0407097072187438,
2023-04-28 06:00:00,0.04061,0.04064,0.0403,0.0406,8262948,334411.19788,2348,3178572,128772.22304,-0.0002462447672987,ARPA-USDT,0.0405884615592333,0.040579869427967,
2023-04-28 07:00:00,0.0406,0.04075,0.04054,0.04072,4738107,192587.01072,2525,2548942,103599.10878,-0.000981354268891,ARPA-USDT,0.0405808190183339,0.0405785034159911,
2023-04-28 08:00:00,0.04073,0.04077,0.04013,0.04033,9031913,364856.74114,2883,3441948,139051.70071,-0.0007433102081269,ARPA-USDT,0.0407207683478731,0.0406800711893865,0.0001
2023-04-28 09:00:00,0.04034,0.04041,0.04016,0.04016,6194944,249666.00827,2214,3145799,126811.51303,-0.0012434717731907,ARPA-USDT,0.0403522367348753,0.0403730937046278,
2023-04-28 10:00:00,0.04018,0.04048,0.04017,0.04035,5875421,236985.11254,1873,2840560,114560.8915,-0.0007429420505201,ARPA-USDT,0.0401901983898591,0.0402190068089602,
2023-04-28 11:00:00,0.04035,0.04039,0.03983,0.03988,9081911,364322.84857,3108,3278210,131684.35414,-0.0007516913054372,ARPA-USDT,0.0403234428542758,0.0403008190450807,
2023-04-28 12:00:00,0.03988,0.04036,0.03975,0.03988,13887353,555933.05195,4485,5579593,223480.4484,-0.0005012531328321,ARPA-USDT,0.0398443729249042,0.0398514628698568,
2023-04-28 13:00:00,0.03988,0.04016,0.03947,0.03976,11032848,439477.12987,3549,4891295,194969.18667,-0.0007539582809751,ARPA-USDT,0.0398741895677102,0.0399706828092837,
2023-04-28 14:00:00,0.03977,0.04017,0.0397,0.03981,10127643,404386.3535,3196,4102704,163893.38247,0.0,ARPA-USDT,0.0397729231801992,0.0397938144460706,
2023-04-28 15:00:00,0.03981,0.04001,0.03963,0.03992,8572365,341315.69298,3045,5149587,205145.80507,-0.0007509386733417,ARPA-USDT,0.0397792792792792,0.0397343537307787,
2023-04-28 16:00:00,0.03992,0.04014,0.0398,0.04002,5632612,225060.58365,2142,2787995,111400.45482,-0.0002498126405197,ARPA-USDT,0.0399766315976982,0.0399606141696432,0.0001
2023-04-28 17:00:00,0.04002,0.04011,0.03984,0.03994,6035239,241176.79492,2260,3095491,123712.80163,-0.0005005005005004,ARPA-USDT,0.04003587876459,0.0400021877639667,
2023-04-28 18:00:00,0.03994,0.04012,0.03983,0.04012,5567127,222389.77776,2476,3103975,123991.58017,-0.0004982561036372,ARPA-USDT,0.0399886245935161,0.0399748891260766,
2023-04-28 19:00:00,0.04013,0.04028,0.04004,0.04004,5272700,211720.01039,2228,2500177,100392.09495,-0.0009980039920158,ARPA-USDT,0.0400920879474161,0.0401753716410024,
2023-04-28 20:00:00,0.04005,0.04018,0.04,0.04015,5353982,214578.55113,2000,2760096,110622.37847,-0.0007466401194624,ARPA-USDT,0.0400820116203624,0.0400796230500015,
2023-04-28 21:00:00,0.04016,0.04024,0.04006,0.04009,4364860,175195.96910000002,1837,1877991,75386.21135,-0.0017430278884462,ARPA-USDT,0.0401394513752481,0.0401279114392855,
2023-04-28 22:00:00,0.04009,0.04031,0.04008,0.04017,4947762,198819.07981,1978,2825863,113542.01687,-0.0004976362279173,ARPA-USDT,0.0401230291000155,0.0401343751063199,
2023-04-28 23:00:00,0.04017,0.04019,0.04,0.04009,4154441,166623.59205,1818,2048328,82146.48271,-0.00049862877088,ARPA-USDT,0.0401207153902013,0.0401104270202567,
2023-04-29 00:00:00,0.04008,0.04017,0.03989,0.03997,4695625,188001.48289,1948,2467839,98806.37802,-0.00075,ARPA-USDT,0.0401407548716948,0.0401387212444622,0.0001
2023-04-29 01:00:00,0.03998,0.04026,0.03989,0.04021,4529583,181600.00116,1930,2498792,100237.86579,-0.0007455268389661,ARPA-USDT,0.0399417559151419,0.0399121772848321,
2023-04-29 02:00:00,0.0402,0.04049,0.04014,0.04048,4737372,190867.43392,2172,3201254,129003.12661,-0.0009871668311944,ARPA-USDT,0.0401774031735329,0.040165089037881,
2023-04-29 03:00:00,0.04048,0.04053,0.04025,0.04025,7910977,319345.22857,2900,3082086,124426.69225,-0.000248385494287,ARPA-USDT,0.0404774835171455,0.0405069225045315,
2023-04-29 04:00:00,0.04024,0.04043,0.0402,0.0404,5409290,218131.38755,2015,2905502,117186.02027,-0.0004948045522018,ARPA-USDT,0.0402148403136537,0.040251757370815,
2023-04-29 05:00:00,0.04039,0.04058,0.04028,0.04035,9157274,370559.69143,3072,5974080,241810.83197,-0.0012376237623762,ARPA-USDT,0.0403868830102511,0.0404580528141859,
2023-04-29 06:00:00,0.04035,0.04046,0.04022,0.04034,5992572,241731.56132,1973,2371219,95632.74448,-0.0004955401387511,ARPA-USDT,0.0403830697056051,0.0404270584002864,
2023-04-29 07:00:00,0.04034,0.04044,0.04027,0.0403,4475216,180511.24306,1880,2277397,91866.57904,-0.000743863129184,ARPA-USDT,0.0403458128286481,0.0403539671243074,
2023-04-29 08:00:00,0.04029,0.04052,0.04027,0.04042,6545851,264261.18015000003,2640,3582660,144652.65806,-0.0009886307464163,ARPA-USDT,0.0404097934665065,0.0404108937310372,0.0001
2023-04-29 09:00:00,0.04042,0.04061,0.04036,0.04049,7227310,292568.87235,3067,3867397,156584.03039,-0.0004937052579609,ARPA-USDT,0.0404531136371597,0.0404516889828749,
2023-04-29 10:00:00,0.04048,0.04058,0.04032,0.04034,5282924,213534.18166,2074,2419266,97826.43611,-0.0009905894006934,ARPA-USDT,0.0404990971872164,0.040410733862098,
2023-04-29 11:00:00,0.04035,0.04044,0.0402,0.04041,6752825,272237.33986,2261,2740498,110487.52636,-0.0002474022761008,ARPA-USDT,0.0404029650777967,0.0403559030729479,
2023-04-29 12:00:00,0.04041,0.04043,0.04028,0.0403,4088385,164948.14059,1588,1444148,58255.10332,-0.000991571641051,ARPA-USDT,0.0403892475275405,0.0403650218363421,
2023-04-29 13:00:00,0.0403,0.04068,0.0403,0.04068,5801597,234941.28309,2424,3157484,127902.71638,-0.0009823182711198,ARPA-USDT,0.040319545869692,0.0403492935708194,
2023-04-29 14:00:00,0.04068,0.04073,0.04055,0.04056,6557566,266614.54175000003,2146,3027330,123100.69726,-0.000492853622474,ARPA-USDT,0.040680177793342,0.0406844173349679,
2023-04-29 15:00:00,0.04056,0.04081,0.04043,0.04053,7811469,317503.88067,2514,3997146,162464.81049,-0.0019699581383896,ARPA-USDT,0.0406128782935129,0.0406388327766841,
2023-04-29 16:00:00,0.04054,0.0407,0.04043,0.04065,5525374,224265.02196,2024,2880690,116914.13195,-0.0014738393515107,ARPA-USDT,0.0406037501822611,0.0406460705168465,0.0001
2023-04-29 17:00:00,0.04066,0.04067,0.04013,0.04046,6304217,254894.78274,2055,3119744,126121.13488,-0.000494071146245,ARPA-USDT,0.0406463916726796,0.0406465010847467,
2023-04-29 18:00:00,0.04046,0.04075,0.04043,0.04075,6471576,262944.46008,2362,3479428,141357.17824,-0.0004905567819475,ARPA-USDT,0.0404811977986847,0.0405308468595614,
2023-04-29 19:00:00,0.04075,0.04093,0.04066,0.04088,5131040,209441.86928,1677,2568586,104846.53949,-0.0002445585717779,ARPA-USDT,0.0407183191100458,0.0406979894320309,
2023-04-29 20:00:00,0.04087,0.0409,0.04059,0.0406,7123281,290169.92751,2133,3385059,137909.58382,-0.0007383706620723,ARPA-USDT,0.0408637741237341,0.0408569036318197,
2023-04-29 21:00:00,0.04061,0.04073,0.04055,0.0407,4475769,181976.26903,1508,2035935,82757.87272,-0.0004911591355598,ARPA-USDT,0.0406811296566109,0.0407085094142646,
2023-04-29 22:00:00,0.0407,0.04075,0.04054,0.04058,4348503,176797.22814,1743,2012690,81823.46588,-0.0007387343018961,ARPA-USDT,0.0407207366087952,0.0407155188602467,
2023-04-29 23:00:00,0.04057,0.04078,0.04047,0.04075,5252054,213224.072,1664,2651224,107628.71884,-0.0004905567819475,ARPA-USDT,0.0406019455496262,0.0406160518392484,
2023-04-30 00:00:00,0.04076,0.04077,0.04032,0.04041,7678819,311085.52797,2688,3582681,145126.19545,-0.0002474022761008,ARPA-USDT,0.0406761223850501,0.0406057568317595,0.0001
2023-04-30 01:00:00,0.04041,0.04041,0.04005,0.04009,5254470,211443.36908,2177,2165408,87151.11815,-0.0007477567298106,ARPA-USDT,0.0403732803439824,0.0403114532972949,
2023-04-30 02:00:00,0.04009,0.04027,0.04006,0.04027,4099074,164622.9896,1808,2092892,84053.03012,-0.0004964010920823,ARPA-USDT,0.0400869066322742,0.0400792758311006,
2023-04-30 03:00:00,0.04028,0.04029,0.04006,0.04016,3300970,132622.93547,1383,1775431,71334.82375,-0.0004977600796416,ARPA-USDT,0.0402470810607669,0.0402561736247573,
2023-04-30 04:00:00,0.04016,0.04033,0.04006,0.04027,3918383,157568.23607,1494,1938792,77962.02562,-0.0004964010920823,ARPA-USDT,0.0401105378405556,0.0400985969167673,
2023-04-30 05:00:00,0.04027,0.04051,0.04021,0.04049,4516554,182185.64759,2175,2283847,92125.03698,-0.0004937052579609,ARPA-USDT,0.0402460914115255,0.040241904419138,
2023-04-30 06:00:00,0.0405,0.0405,0.04027,0.04035,3543308,143116.35636,1547,1806905,72975.52926,-0.0007429420505201,ARPA-USDT,0.0404617971863428,0.0404508429267545,
2023-04-30 07:00:00,0.04036,0.04041,0.04014,0.04019,6311020,253978.16351,2504,2473591,99549.43701,-0.0004973887092764,ARPA-USDT,0.0403939493428629,0.040352825229604,
2023-04-30 08:00:00,0.0402,0.04028,0.04002,0.04021,6032014,242239.58562,2256,2018461,81080.12316,-0.0004971414367387,ARPA-USDT,0.0401877133404903,0.0401854450069679,0.0001
2023-04-30 09:00:00,0.04022,0.04022,0.04004,0.04018,5059894,203033.75074,1568,2855064,114518.46042,-0.0002488181139586,ARPA-USDT,0.0401970152568025,0.0401787844121077,
2023-04-30 10:00:00,0.04018,0.04046,0.04012,0.04035,10063891,405635.16546,3021,6037846,243265.08659,-0.0009903441445904,ARPA-USDT,0.0402031057000975,0.0402455147023428,
2023-04-30 11:00:00,0.04036,0.04036,0.04007,0.04015,6373415,256159.8822,2951,2586600,103953.41774,-0.0009952724558347,ARPA-USDT,0.0402688987355385,0.0402566065181712,
2023-04-30 12:00:00,0.04015,0.04021,0.03986,0.0399,9767979,390895.80468,2699,2788465,111593.89569,-0.0012515644555695,ARPA-USDT,0.0401614205279513,0.0401362546122716,
2023-04-30 13:00:00,0.03991,0.04013,0.0399,0.04003,3360720,134480.66252,1208,1710791,68448.69965,-0.0002497502497501,ARPA-USDT,0.0399601082674964,0.0399707845399746,
2023-04-30 14:00:00,0.04004,0.04014,0.03989,0.04012,3618668,144831.69956,1638,1770086,70831.41905,-0.0009960159362549,ARPA-USDT,0.0400747035823656,0.0400390291244101,
2023-04-30 15:00:00,0.04011,0.04092,0.04011,0.04045,19409806,786660.18688,5754,11083188,449453.27073,0.0002472799208705,ARPA-USDT,0.0401503984104217,0.0402984270886717,
2023-04-30 16:00:00,0.04044,0.04073,0.0404,0.04059,5510263,223668.96371,2045,2898177,117594.40514,-0.0009844942160964,ARPA-USDT,0.0404644749309876,0.0406008583662863,0.0001
2023-04-30 17:00:00,0.0406,0.0407,0.04021,0.04021,9823089,397424.54928,2549,3196102,129378.06757,-0.0007455268389661,ARPA-USDT,0.0406558255699143,0.040670418019932,
2023-04-30 18:00:00,0.04021,0.0403,0.04005,0.04024,7656767,307777.71165,2251,4007782,161075.4808,-0.0007449714427614,ARPA-USDT,0.0402431985087458,0.0401603704088334,
2023-04-30 19:00:00,0.04023,0.04028,0.0397,0.03991,9424151,376693.69624,3135,4483914,179163.63289,-0.0005008765339343,ARPA-USDT,0.040203836535704,0.0402256208610157,
2023-04-30 20:00:00,0.03992,0.03992,0.03928,0.03958,10434414,412747.46219,4102,4195825,165945.40408,-0.0002525890376358,ARPA-USDT,0.0398818678665711,0.039764140517586,
2023-04-30 21:00:00,0.03958,0.03982,0.03955,0.03969,5752170,228329.3505,2260,3023366,119989.89989,-0.0007552870090633,ARPA-USDT,0.0395754868651366,0.0396439883273712,
2023-04-30 22:00:00,0.03969,0.0399,0.03967,0.03988,4268780,169923.73398,2046,2312913,92059.80726,-0.0005012531328321,ARPA-USDT,0.0396979918344474,0.039715720702591,
2023-04-30 23:00:00,0.03989,0.03999,0.03955,0.0396,4715624,187785.38176,1915,2682735,106825.4368,0.0,ARPA-USDT,0.0398306053768459,0.0397810411782656,
2023-05-01 00:00:00,0.0396,0.03983,0.03954,0.03974,4805307,190710.5953,2736,2626435,104226.09686,0.0,ARPA-USDT,0.0395814090836631,0.0395978909719116,0.0001
2023-05-01 01:00:00,0.03974,0.03977,0.03842,0.03878,18518097,720071.25619,4958,8994506,349723.55892,-0.0007729966503476,ARPA-USDT,0.0397190842369084,0.0397168661824136,
2023-05-01 02:00:00,0.03877,0.03912,0.03871,0.0391,6320152,246165.31755,2890,3400097,132423.83385999998,-0.0005112474437627,ARPA-USDT,0.0387391939610168,0.0388508316267626,
2023-05-01 03:00:00,0.03911,0.03933,0.03909,0.03919,6008949,235571.2335,2410,3889683,152496.41837,-0.001528662420382,ARPA-USDT,0.0391850680164181,0.0392098768875647,
2023-05-01 04:00:00,0.0392,0.0393,0.03905,0.03927,3970070,155461.19375,2000,1393569,54568.00605,-0.0005090353779587,ARPA-USDT,0.0391820980977634,0.0391494303924307,
2023-05-01 05:00:00,0.03928,0.03928,0.03887,0.03911,5299960,207103.79537,2044,2281783,89184.97951,0.0,ARPA-USDT,0.0392526187040472,0.0392452653654382,
2023-05-01 06:00:00,0.03911,0.03927,0.0391,0.03927,2513413,98479.61077,1304,1344512,52680.77078,0.0,ARPA-USDT,0.0391277073772974,0.0391345557367066,
2023-05-01 07:00:00,0.03927,0.03934,0.03918,0.03931,4878822,191455.50381,1465,2299255,90215.91454,-0.0002543234994913,ARPA-USDT,0.0392509896938747,0.0392296035892952,
2023-05-01 08:00:00,0.03931,0.03941,0.03919,0.03937,5313005,208880.53432,1809,3528006,138697.25387,-0.0007614213197968,ARPA-USDT,0.0392848758360275,0.0393065704174854,0.0001
2023-05-01 09:00:00,0.03938,0.03938,0.03912,0.03916,5223609,205081.14131,1960,2135362,83839.55305,-0.0002552974214961,ARPA-USDT,0.0393070630992065,0.039294107610274,
2023-05-01 10:00:00,0.03916,0.03931,0.03912,0.0392,3515268,137837.15348,1286,1898305,74441.1078,-0.0007647208768799,ARPA-USDT,0.0391771634478873,0.03920310707099,
2023-05-01 11:00:00,0.0392,0.03932,0.03906,0.03907,4074798,159621.15233,1657,1879750,73631.04463,-0.0007672634271099,ARPA-USDT,0.0391913963818238,0.0392005079272817,
2023-05-01 12:00:00,0.03907,0.03927,0.03904,0.03916,3668514,143685.10537,1647,1899122,74381.59935,-0.0005104645227156,ARPA-USDT,0.0390814936721911,0.0390698005690233,
2023-05-01 13:00:00,0.03916,0.03917,0.03896,0.03896,4193451,163897.40502,1649,2078174,81247.1531,-0.001537672988211,ARPA-USDT,0.0391552118162919,0.0391433703291574,
2023-05-01 14:00:00,0.03896,0.03917,0.03876,0.03914,6501315,253795.77006,2498,3227757,126005.15038,0.0,ARPA-USDT,0.0388576833044525,0.0389631918365339,
2023-05-01 15:00:00,0.03914,0.03916,0.03871,0.0389,8218514,319853.56562,2802,4321558,168203.19428,-0.0007706139224249,ARPA-USDT,0.0391474854743037,0.0391172914293498,
2023-05-01 16:00:00,0.03891,0.03901,0.03852,0.03896,8015040,310561.95728,2815,4182439,162072.5348,-0.0007694280584764,ARPA-USDT,0.0389399965884214,0.0389683509145156,0.0001
2023-05-01 17:00:00,0.03897,0.03901,0.03876,0.03886,3462592,134689.84794,1850,1648331,64113.08228,-0.0010282776349613,ARPA-USDT,0.0389829996855919,0.038975495288746,
2023-05-01 18:00:00,0.03887,0.03892,0.03862,0.03864,3382640,131133.0731,1902,1718297,66603.52157,-0.0002587322121603,ARPA-USDT,0.0388953563292589,0.0389014627002543,
2023-05-01 19:00:00,0.03865,0.03867,0.03805,0.03827,11206353,428984.02495,4500,4665520,178566.56409,-0.001044113808405,ARPA-USDT,0.0386466439972629,0.0385830990018626,
2023-05-01 20:00:00,0.03827,0.03851,0.03821,0.0383,5656974,216995.10149,2302,2962359,113640.21011,-0.0005219206680584,ARPA-USDT,0.0383250028255963,0.0383431829489813,
2023-05-01 21:00:00,0.0383,0.03866,0.03824,0.03849,4959176,190817.25411,1709,2901005,111631.63847,-0.001038152089281,ARPA-USDT,0.0382753358065053,0.0383300845602812,
2023-05-01 22:00:00,0.0385,0.03882,0.0385,0.03871,4015382,155189.89826,1582,2237909,86469.94456999999,-0.0005163955589981,ARPA-USDT,0.0385408344922351,0.0385753946670656,
2023-05-01 23:00:00,0.03872,0.03888,0.0387,0.03881,6412170,248856.26597,2251,3115046,120898.60756,-0.0002575991756826,ARPA-USDT,0.0387217684256901,0.0387676491901007,
2023-05-02 00:00:00,0.0388,0.03882,0.03862,0.03868,3988809,154392.77487,1592,1752617,67824.08521,-0.000516795865633,ARPA-USDT,0.038749197346882,0.0386680016653644,0.0001
2023-05-02 01:00:00,0.03868,0.03869,0.03842,0.03849,3447375,133004.20043,1528,1754866,67700.62923,-0.0002597402597401,ARPA-USDT,0.0386784829946722,0.0386848446400019,
2023-05-02 02:00:00,0.0385,0.0386,0.03842,0.03857,3789508,145881.56715,1506,1658689,63853.1735,-0.0005182689816014,ARPA-USDT,0.0384936761566546,0.0384762512525057,
2023-05-02 03:00:00,0.03858,0.03866,0.0384,0.03865,2475656,95401.18394,1167,1181733,45523.5118,-0.0002586652871185,ARPA-USDT,0.0385669729208722,0.0385740434628493,
2023-05-02 04:00:00,0.03865,0.03871,0.0385,0.0385,1926477,74381.32797,1156,897212,34637.62789,-0.0005192107995846,ARPA-USDT,0.0386591437511346,0.0386812328360809,
2023-05-02 05:00:00,0.03851,0.03863,0.03848,0.03862,1743545,67239.24748,1047,769027,29656.44166,-0.0005175983436852,ARPA-USDT,0.0384917986017389,0.0385330246921924,
2023-05-02 06:00:00,0.03862,0.03872,0.03856,0.03865,2275144,87931.70329,1145,898773,34730.41535,-0.0002586652871185,ARPA-USDT,0.0386199464345332,0.0386233393682612,
2023-05-02 07:00:00,0.03865,0.03899,0.03865,0.0389,4135647,160646.65175,1400,2159099,83829.69763,-0.0010272213662045,ARPA-USDT,0.0386762829998575,0.0387130306627207,
2023-05-02 08:00:00,0.03892,0.03907,0.03892,0.03899,3718254,145051.63679,1336,2030781,79222.19885,-0.0007688364941056,ARPA-USDT,0.0389551292198392,0.0389745060859593,0.0001
2023-05-02 09:00:00,0.039,0.03908,0.03881,0.03898,4090734,159286.09161,1912,2111566,82220.64506,-0.000256476019492,ARPA-USDT,0.0390499581972183,0.0390374734864086,
2023-05-02 10:00:00,0.03898,0.03914,0.03886,0.03905,3853694,150276.16043,1642,1950079,76054.00401,-0.0002560163850485,ARPA-USDT,0.0389305897968904,0.0389062469893403,
2023-05-02 11:00:00,0.03906,0.03925,0.03903,0.03917,5370314,210260.18427,1774,2089057,81783.45697,0.0,ARPA-USDT,0.0390708945676505,0.0390741316542852,
2023-05-02 12:00:00,0.03917,0.03931,0.03896,0.0391,5635170,220391.20628,2016,2651046,103691.75423,-0.0010219724067449,ARPA-USDT,0.0391858109915151,0.0391583075638066,
2023-05-02 13:00:00,0.0391,0.03925,0.03887,0.03895,5684870,222080.6835,2198,2545344,99432.33412,-0.0010259040779686,ARPA-USDT,0.0391679363941243,0.0392031746443265,
2023-05-02 14:00:00,0.03895,0.03957,0.03887,0.03924,13688638,537099.78037,3969,6435938,252460.47491,-0.000509424350484,ARPA-USDT,0.0390379703366666,0.0390112051466819,
2023-05-02 15:00:00,0.03923,0.03949,0.03914,0.03931,9689415,381053.24352,2926,5130435,201809.04295,-0.0007625826131164,ARPA-USDT,0.0392553033651624,0.0391993251666106,
2023-05-02 16:00:00,0.03931,0.03935,0.03916,0.03924,3629206,142443.06495,1601,1757246,68972.82194,0.0,ARPA-USDT,0.0393103874502768,0.0393055425112733,0.0001
2023-05-02 17:00:00,0.03923,0.03943,0.03916,0.03941,4859749,190986.13169,1715,2883728,113308.103,-0.0005072279989855,ARPA-USDT,0.0392162144752805,0.0392190134857568,
2023-05-02 18:00:00,0.0394,0.03953,0.03926,0.03945,4215454,166147.35228,2176,2121096,83604.16264,-0.0007598784194529,ARPA-USDT,0.0393595647828501,0.0393010426630507,
2023-05-02 19:00:00,0.03945,0.03966,0.03942,0.03951,4870055,192550.99875,2597,2544221,100604.41035,-0.0010113780025283,ARPA-USDT,0.0394886124765595,0.0394616625853371,
2023-05-02 20:00:00,0.03951,0.03964,0.03949,0.03957,3931093,155473.3712,1762,1952013,77198.98439,-0.0005051780752715,ARPA-USDT,0.0395126924586327,0.0395329064426133,
2023-05-02 21:00:00,0.03957,0.03959,0.03941,0.03952,2784311,110043.20238,1123,1418961,56092.70569,0.0,ARPA-USDT,0.0395481856784937,0.0395212598893598,
2023-05-02 22:00:00,0.03951,0.03975,0.03951,0.03967,3240571,128522.01054,1302,1725745,68431.85973,-0.0007556675062972,ARPA-USDT,0.0395274675492924,0.0395732870118268,
2023-05-02 23:00:00,0.03968,0.03977,0.03959,0.03965,2557261,101434.02498,1335,1321963,52427.43708,-0.0010078105316201,ARPA-USDT,0.0396926477872613,0.0397316726971489,
2023-05-03 00:00:00,0.03964,0.03966,0.03929,0.03929,4202137,165893.22926,1903,1851729,73137.5406,-0.001017035341978,ARPA-USDT,0.0396439704722056,0.0396245087173666,0.0001
2023-05-03 01:00:00,0.03929,0.03945,0.03928,0.03936,2177049,85752.32887,1194,1098337,43256.61464,-0.0005078720162519,ARPA-USDT,0.0393266809625127,0.0393602994560446,
2023-05-03 02:00:00,0.03937,0.0394,0.03911,0.03932,3107254,121986.05278,1484,1541754,60497.32014,-0.0010162601626015,ARPA-USDT,0.0393836691131078,0.0393580885766447,
2023-05-03 03:00:00,0.03932,0.03939,0.0392,0.03931,1698055,66741.41068,1353,802554,31546.34372,-0.000508517670989,ARPA-USDT,0.0393262515163768,0.0393559635265578,
2023-05-03 04:00:00,0.03931,0.03935,0.03912,0.0392,3453501,135484.60308,1468,1305369,51208.78112,-0.0007647208768799,ARPA-USDT,0.0393262903662582,0.0392959676398793,
2023-05-03 05:00:00,0.0392,0.03927,0.03896,0.03897,2780927,108791.29618,1254,873344,34179.00018,-0.0007692307692308,ARPA-USDT,0.0392466675281657,0.039236315554272,
2023-05-03 06:00:00,0.03897,0.03927,0.03894,0.03915,3042910,118999.25945,1552,1481545,57938.63502,-0.0005105948429922,ARPA-USDT,0.0389955563968006,0.0390133553989287,
2023-05-03 07:00:00,0.03915,0.03922,0.03907,0.03916,3369513,131959.80477,1331,1579262,61861.5457,-0.0007655014034192,ARPA-USDT,0.0391383944566503,0.0391456333980569,
2023-05-03 08:00:00,0.03916,0.03935,0.03903,0.03926,4755964,186265.6555,1939,2551483,99947.10696,-0.0012719409819382,ARPA-USDT,0.0391600273143673,0.0391401941457754,0.0001
2023-05-03 09:00:00,0.03927,0.03932,0.03918,0.03929,1338209,52517.25499,1027,666297,26149.34538,-0.0005087763927753,ARPA-USDT,0.0392642705180622,0.0392553786911423,
2023-05-03 10:00:00,0.03928,0.03936,0.03918,0.03923,2675875,105067.52403,1167,1107855,43508.22525,-0.0005095541401273,ARPA-USDT,0.0392832892754417,0.0392602077975996,
2023-05-03 11:00:00,0.03924,0.03932,0.03896,0.03898,3442035,134884.3885,1543,1783235,69895.2292,-0.0007690335811331,ARPA-USDT,0.039268424753096,0.0392581715011075,
2023-05-03 12:00:00,0.03897,0.0391,0.03864,0.03868,7206040,280121.17164,2828,3920417,152435.95760999998,-0.0010330578512396,ARPA-USDT,0.0390114062407191,0.0390404549200118,
2023-05-03 13:00:00,0.03868,0.0389,0.03854,0.03883,5764838,223205.41612,2349,2792903,108142.56866,0.0,ARPA-USDT,0.038672455874709,0.0386198305180779,
2023-05-03 14:00:00,0.03883,0.03883,0.03859,0.03871,4485064,173761.36832,2273,2734397,105943.62931,-0.0007743933918429,ARPA-USDT,0.0388092860601336,0.0388019691143322,
2023-05-03 15:00:00,0.03872,0.03881,0.03858,0.03872,3855071,149188.09232,1792,1789483,69249.2799,-0.0007741935483871,ARPA-USDT,0.0387030871437407,0.0386380286146043,
2023-05-03 16:00:00,0.03872,0.03906,0.03869,0.03903,4434976,172376.47238,1996,2165379,84146.90914999999,-0.0005121638924455,ARPA-USDT,0.0387176795559318,0.038706958492415,0.0001
2023-05-03 17:00:00,0.03904,0.03919,0.03879,0.03896,7958825,310164.30976,2869,3956184,154077.01736,0.0,ARPA-USDT,0.0390043893836816,0.039010588300267,
2023-05-03 18:00:00,0.03897,0.03975,0.03891,0.03968,23136715,911856.1428,6557,12086848,476327.28703,-0.0005037783375314,ARPA-USDT,0.0391079455337878,0.0390718222075156,
2023-05-03 19:00:00,0.03968,0.04002,0.03949,0.03972,22025239,876572.16294,5772,11152878,443830.01953,-0.0007547169811321,ARPA-USDT,0.0396746505486639,0.0396527335753031,
2023-05-03 20:00:00,0.03973,0.03985,0.03952,0.03977,10634685,422301.18833,3656,4645300,184471.03401,-0.0005026388539833,ARPA-USDT,0.0396634640357459,0.0396668660091027,
2023-05-03 21:00:00,0.03977,0.04044,0.03977,0.0403,11224228,450768.46636,3533,4766579,191410.32056,-0.0004960317460317,ARPA-USDT,0.0397928116635998,0.0398203841896388,
2023-05-03 22:00:00,0.0403,0.04071,0.0403,0.04064,9054365,367226.73189,2804,4304477,174567.59723,-0.0002460024600244,ARPA-USDT,0.0403507351407158,0.0404345065073661,
2023-05-03 23:00:00,0.04064,0.04069,0.04045,0.04065,6353230,257835.297,2326,3578400,145216.33655,0.0,ARPA-USDT,0.0406714776169639,0.0406228521282697,
2023-05-04 00:00:00,0.04064,0.04071,0.04024,0.04045,14874194,602990.07571,4091,6509796,263882.09018,-0.0002471576866041,ARPA-USDT,0.0406191339827624,0.0406164242471987,0.0001
2023-05-04 01:00:00,0.04045,0.04053,0.04025,0.04037,4396505,177552.35253,2009,1867661,75429.20224,-0.0002476473501732,ARPA-USDT,0.0404592559651854,0.0404701381235227,
2023-05-04 02:00:00,0.04038,0.04057,0.04026,0.04034,4984631,201155.03782,1722,2130200,85955.41151,-0.0004955401387511,ARPA-USDT,0.0404438592482577,0.0404845613787507,
2023-05-04 03:00:00,0.04034,0.04035,0.04002,0.04011,4914018,197401.03724,2311,2253113,90498.71042,-0.0007473841554559,ARPA-USDT,0.0403299325921855,0.0402959776665318,
2023-05-04 04:00:00,0.04011,0.04031,0.04011,0.04015,5373991,216149.73655,2085,2600316,104574.75245,-0.0007466401194624,ARPA-USDT,0.0402140749614564,0.0402505257609897,
2023-05-04 05:00:00,0.04016,0.04023,0.04008,0.04019,3047311,122370.98202,1372,1770441,71095.69792,-0.0002487562189055,ARPA-USDT,0.0401604742219179,0.0401478862505982,
2023-05-04 06:00:00,0.0402,0.04023,0.03993,0.0401,4159521,166594.5355,2147,1876601,75183.41669,-0.00024931438544,ARPA-USDT,0.0402146250299289,0.0401581029515996,
2023-05-04 07:00:00,0.0401,0.04011,0.03986,0.03986,2668683,106627.48076,1440,1159480,46326.09863,-0.0007520681875157,ARPA-USDT,0.040078516582444,0.0400762875103032,
2023-05-04 08:00:00,0.03986,0.03998,0.03981,0.03997,2285852,91213.15981,1096,1007250,40187.13714,0.0,ARPA-USDT,0.0398786470465399,0.0398604266612352,0.0001
2023-05-04 09:00:00,0.03997,0.04004,0.03989,0.04004,1779835,71122.60383,1270,960894,38399.31787,0.0,ARPA-USDT,0.0399882857460282,0.0399851095402981,
2023-05-04 10:00:00,0.04004,0.04031,0.03992,0.04021,3450192,138458.15364,1563,1990399,79890.95683,-0.0007455268389661,ARPA-USDT,0.0400451341901884,0.0400247427735746,
2023-05-04 11:00:00,0.04022,0.04023,0.03994,0.04,3217913,128958.277,1519,1556956,62391.28108,0.0,ARPA-USDT,0.0402096577541886,0.0401843843900732,
2023-05-04 12:00:00,0.04,0.04009,0.0398,0.03981,4376452,174901.05374,2447,2486732,99369.24502,-0.0007530120481927,ARPA-USDT,0.0400138918543161,0.0400177312774839,
2023-05-04 13:00:00,0.03982,0.03997,0.03953,0.03973,7414135,294694.64378,2782,4333121,172272.7458,0.0,ARPA-USDT,0.0398440165640466,0.0398663816310484,
2023-05-04 14:00:00,0.03972,0.03976,0.03947,0.0396,7149271,283208.39973,2630,2922044,115779.22542,-0.0002524614996212,ARPA-USDT,0.0397026124391932,0.0396994798408607,
2023-05-04 15:00:00,0.0396,0.03972,0.03947,0.03948,2886382,114300.74387,1738,1598066,63277.28712,-0.000506329113924,ARPA-USDT,0.0395885143987637,0.039587701287568,
2023-05-04 16:00:00,0.03948,0.03966,0.03936,0.03963,5005082,197855.27569,1656,2075963,82035.71312,-0.0010083186286866,ARPA-USDT,0.0394776975607206,0.0394202988680806,0.0001
2023-05-04 17:00:00,0.03964,0.03973,0.03945,0.03951,3843823,152127.77579,1690,1941752,76860.83902,-0.0002530364372468,ARPA-USDT,0.0396201055679512,0.0395868760555743,
2023-05-04 18:00:00,0.03951,0.03957,0.03944,0.03948,3029227,119663.16778,1693,1789943,70707.937,-0.0010121457489877,ARPA-USDT,0.0394867838523119,0.039495109567402,
2023-05-04 19:00:00,0.03949,0.03954,0.03937,0.03948,2839889,112089.11329,2106,1661858,65586.45868,-0.0010121457489877,ARPA-USDT,0.039486908965783,0.0395012457794676,
2023-05-04 20:00:00,0.0395,0.03961,0.03947,0.03958,3383277,133824.45278,1453,1793701,70951.57986,-0.0002525890376358,ARPA-USDT,0.0395643937130683,0.0395673604668911,
2023-05-04 21:00:00,0.03959,0.03968,0.03944,0.03961,3588324,141937.39254,1422,1598377,63249.15641,-0.0007568113017154,ARPA-USDT,0.03959320434528,0.0396143407140298,
2023-05-04 22:00:00,0.03961,0.03962,0.03933,0.03942,7691787,303645.95269,2152,2636637,104088.67462,-0.0002536139994928,ARPA-USDT,0.039597101952243,0.0395824547258529,
2023-05-04 23:00:00,0.03943,0.0397,0.03941,0.03968,2773941,109757.34384,1294,1604993,63514.21142,-0.0002519526329051,ARPA-USDT,0.039424113160634,0.0394458883190438,
2023-05-05 00:00:00,0.03968,0.03975,0.03962,0.03966,2622836,104073.0634,1302,1277374,50684.63361,-0.0005040322580645,ARPA-USDT,0.0396473471222552,0.0396646620499274,0.0001
2023-05-05 01:00:00,0.03967,0.04007,0.03948,0.03992,6158904,245294.11075,2022,3181239,126757.45167,-0.0005007511266902,ARPA-USDT,0.039690941676398,0.0396614863606633,
2023-05-05 02:00:00,0.03992,0.04018,0.03978,0.03989,5029040,200972.76876,2175,2222518,88830.45203,-0.0007515030060118,ARPA-USDT,0.0399317733041943,0.0400388040549967,
2023-05-05 03:00:00,0.03988,0.03992,0.03973,0.03977,2042110,81322.04324,1106,986106,39278.13113,0.0,ARPA-USDT,0.0398940280254348,0.0398837269474876,
2023-05-05 04:00:00,0.03977,0.03982,0.03974,0.03975,3648057,145095.75502,1694,1345773,53528.86556,-0.0002515090543258,ARPA-USDT,0.0397638477639126,0.0397605605680583,
2023-05-05 05:00:00,0.03976,0.03976,0.03951,0.03953,2770930,109691.5821,1968,1071149,42402.34518,-0.0007583417593527,ARPA-USDT,0.0397296541810119,0.0397187909401767,
2023-05-05 06:00:00,0.03954,0.03963,0.03951,0.03955,1733873,68602.56819,1008,851365,33683.1296,-0.0002527805864508,ARPA-USDT,0.0395523205910595,0.0395572816607381,
2023-05-05 07:00:00,0.03954,0.03969,0.03945,0.03948,3530715,139585.80862,1360,1256304,49674.0069,-0.0002532286654848,ARPA-USDT,0.0395818548895414,0.0396418359431952,
2023-05-05 08:00:00,0.03949,0.03959,0.03946,0.03948,1620395,64036.38116,865,871658,34447.88923,-0.0007593014426727,ARPA-USDT,0.0394772923500158,0.0394773971798578,0.0001
2023-05-05 09:00:00,0.03947,0.03948,0.03931,0.03935,2584908,101821.4313,1308,1071927,42222.59009,-0.0007618080243777,ARPA-USDT,0.0394676574716754,0.0394518106528296,
2023-05-05 10:00:00,0.03936,0.03954,0.03936,0.03954,2265205,89405.25867,1374,1222857,48266.1288,0.0,ARPA-USDT,0.0394021007024004,0.0394398375493121,
2023-05-05 11:00:00,0.03954,0.03965,0.03948,0.03959,2055391,81315.47404,1194,945503,37406.24172,0.0002526528549773,ARPA-USDT,0.0395533663509657,0.0395422367828491,
2023-05-05 12:00:00,0.0396,0.03964,0.03902,0.03931,8580167,336968.70062,2864,4071481,159867.85025,-0.000508517670989,ARPA-USDT,0.0396095525885153,0.0396209299237923,
2023-05-05 13:00:00,0.03932,0.03975,0.03925,0.03975,4621343,182723.85262,1852,2209480,87365.28055,0.0002516356316055,ARPA-USDT,0.0393253613986951,0.0392919187084167,
2023-05-05 14:00:00,0.03975,0.04015,0.03971,0.03981,12236047,488334.72691,3444,6429236,256526.27317,0.0,ARPA-USDT,0.0397716366900039,0.0397936948930552,
2023-05-05 15:00:00,0.03982,0.03998,0.03967,0.03998,7281019,289969.66177,2783,4328438,172385.90096,0.0005005005005005,ARPA-USDT,0.0398218244935078,0.039869844029154,
2023-05-05 16:00:00,0.03997,0.04032,0.0399,0.04011,8293189,332956.0226,3078,3471474,139305.34903,0.0002493765586035,ARPA-USDT,0.0399504723371414,0.0400487644379691,0.0001
2023-05-05 17:00:00,0.04011,0.04016,0.03985,0.03993,4558682,182350.96668,2019,1785217,71417.65884,-0.000250375563345,ARPA-USDT,0.0401412433101718,0.0401318458902352,
2023-05-05 18:00:00,0.03992,0.04012,0.03967,0.0398,7511743,299944.9555,3125,3636401,145275.94838000002,0.0,ARPA-USDT,0.0399193751573169,0.0399556905123051,
2023-05-05 19:00:00,0.03981,0.03993,0.03978,0.03993,2943075,117229.23103,1867,1454312,57927.08688,0.0,ARPA-USDT,0.0398304956628886,0.039830140732575,
2023-05-05 20:00:00,0.03993,0.03999,0.03978,0.03979,2920355,116438.78125,1353,1236887,49318.72788,0.0,ARPA-USDT,0.0399672876067817,0.0399339252462987,
2023-05-05 21:00:00,0.03979,0.04008,0.03978,0.04004,4447393,177786.85473,1969,3141915,125626.64825,-0.0007486897928625,ARPA-USDT,0.0398210204142423,0.0398295434418931,
2023-05-05 22:00:00,0.04005,0.0401,0.04001,0.04007,2254415,90311.64705,1169,1074888,43060.04026,-0.0002495009980039,ARPA-USDT,0.0400279153160213,0.0400464415991656,
2023-05-05 23:00:00,0.04008,0.04016,0.03999,0.04006,1939538,77747.98214,1392,1084182,43457.5204,0.0004995004995005,ARPA-USDT,0.0400819280830032,0.0401109322794991,
2023-05-06 00:00:00,0.04006,0.04037,0.03995,0.04011,7681074,308036.09101,2522,4195409,168236.15276,-0.0007473841554559,ARPA-USDT,0.0400656026307845,0.040071875123637,0.0001
2023-05-06 01:00:00,0.04012,0.04026,0.03974,0.03984,4171995,166713.46407,1548,1984656,79296.71015,0.0,ARPA-USDT,0.0401539184918146,0.0402058564886112,
2023-05-06 02:00:00,0.03984,0.03986,0.03961,0.03974,3690657,146613.93877,1619,1561527,62000.32246,0.0,ARPA-USDT,0.0398452363141243,0.0398118644005412,
2023-05-06 03:00:00,0.03974,0.03976,0.03955,0.03965,3185577,126295.41598,1499,1647361,65308.31425,0.0,ARPA-USDT,0.0397234370970712,0.0396430160670595,
2023-05-06 04:00:00,0.03964,0.03979,0.03958,0.03962,5388501,213725.77601,1723,1932808,76682.82121,0.0,ARPA-USDT,0.0396578509910724,0.0396594775088022,
2023-05-06 05:00:00,0.03963,0.03976,0.03957,0.03963,2648252,105065.15964,994,1327416,52663.81297,0.0,ARPA-USDT,0.0396467420253526,0.0396570396095118,
2023-05-06 06:00:00,0.03963,0.03966,0.03917,0.03925,5733804,226139.36899,2007,2513923,99200.72528,-0.0005092946269417,ARPA-USDT,0.0396480701099109,0.0396467307195527,
2023-05-06 07:00:00,0.03925,0.03946,0.03918,0.03937,7022130,276066.70203,1819,4256696,167368.51619,0.0002540650406503,ARPA-USDT,0.0392379935773961,0.0392233671047146,
2023-05-06 08:00:00,0.03937,0.03937,0.03874,0.0392,9619091,374987.24916,2971,3982532,155388.42005000002,-0.0005099439061703,ARPA-USDT,0.0393126691980141,0.0391208108334678,0.0001
2023-05-06 09:00:00,0.03919,0.03949,0.03914,0.03942,6480378,254784.62655,2484,4533613,178248.60669,-0.0002536139994928,ARPA-USDT,0.0391611823655154,0.0391983646296731,
2023-05-06 10:00:00,0.03942,0.03957,0.03919,0.0392,7635176,300796.07195,2607,4109830,161999.2619,-0.0002550369803622,ARPA-USDT,0.0393849339510516,0.0393933654187446,
2023-05-06 11:00:00,0.0392,0.03939,0.03916,0.03929,3962982,155537.40648,1528,1782821,69982.18161,-0.0005087763927753,ARPA-USDT,0.0391792047847664,0.0392214098355417,
2023-05-06 12:00:00,0.03929,0.03935,0.03888,0.03906,7805922,305012.38856,2297,3973758,155235.68205,-0.0002559508574354,ARPA-USDT,0.0393183840078186,0.0393072312464017,
2023-05-06 13:00:00,0.03906,0.03906,0.03863,0.03872,9874986,383158.79244,2829,4636853,179902.41946,-0.0007741935483871,ARPA-USDT,0.0390251765305315,0.0389776923066965,
2023-05-06 14:00:00,0.03872,0.03874,0.03804,0.03814,15720051,602594.47796,4274,7091651,271776.90732,-0.000524109014675,ARPA-USDT,0.0386989015718648,0.0387117016819303,
2023-05-06 15:00:00,0.03815,0.03855,0.03791,0.03842,17428687,667661.5967999999,4750,9756819,373892.00875,-0.0018186541958951,ARPA-USDT,0.0381239336509708,0.038132328317526,
2023-05-06 16:00:00,0.03843,0.0394,0.03808,0.03927,35936526,1387818.84427,8481,20498832,791327.78601,-0.0010175527855507,ARPA-USDT,0.0382302893821386,0.038169136126537,0.0001
2023-05-06 17:00:00,0.03929,0.03938,0.03908,0.03928,20920790,820371.26151,4821,10240694,401579.5954,-0.0007631645891629,ARPA-USDT,0.0391796503661548,0.0391719488014984,
2023-05-06 18:00:00,0.03928,0.03958,0.03922,0.03953,19222293,757372.59306,5092,9173443,361544.91151,-0.0005056890012642,ARPA-USDT,0.039266500109703,0.0392515841925084,
2023-05-06 19:00:00,0.03954,0.04038,0.03951,0.03951,52890860,2112100.73075,10762,26987491,1077968.88361,-0.0002530364372468,ARPA-USDT,0.0396246209564612,0.0399827801987216,
2023-05-06 20:00:00,0.0395,0.0395,0.03908,0.0391,12762815,501475.11391,3938,5604345,220270.48145,-0.0005112474437627,ARPA-USDT,0.0394061998806322,0.0394122231746273,
2023-05-06 21:00:00,0.03911,0.03935,0.03908,0.03932,6074296,238033.90303,3295,2864155,112230.26369,-0.0007623888182973,ARPA-USDT,0.039152862047617,0.0391664109143203,
2023-05-06 22:00:00,0.03932,0.03949,0.03927,0.03936,5346129,210531.87444,2679,2368965,93296.48033,-0.0007616146230008,ARPA-USDT,0.0393508189767888,0.0393476683968862,
2023-05-06 23:00:00,0.03936,0.03976,0.03936,0.03954,6351212,251073.55938,3109,3266473,129177.06338,-0.0007581501137225,ARPA-USDT,0.0393739786012024,0.0393985059310743,
2023-05-07 00:00:00,0.03954,0.04006,0.03953,0.04002,13994458,557362.53687,4430,7660295,305111.02623,-0.0004995004995004,ARPA-USDT,0.0395684750288138,0.0396881352171113,0.0001
2023-05-07 01:00:00,0.04002,0.04032,0.03976,0.0399,26468806,1060723.86466,6175,12674037,508253.71095,0.0002506893958384,ARPA-USDT,0.0400269912809953,0.0399668827413034,
2023-05-07 02:00:00,0.0399,0.04012,0.03947,0.03964,22047246,877485.20353,5881,9920918,395081.09566,-0.0007562389715148,ARPA-USDT,0.0398935837459125,0.0399466562170772,
2023-05-07 03:00:00,0.03965,0.03999,0.03963,0.03992,14953039,595367.99605,5228,7928169,315739.4845,-0.0007509386733417,ARPA-USDT,0.0396745719671966,0.0396864467307154,
2023-05-07 04:00:00,0.03992,0.04042,0.03961,0.04028,29461723,1179312.47055,6466,17106437,685513.67909,-0.0009920634920634,ARPA-USDT,0.0398753671960279,0.0398461402603298,
2023-05-07 05:00:00,0.04028,0.04028,0.03977,0.04017,31795727,1271383.39637,7169,14849880,593787.71341,-0.0012431626056688,ARPA-USDT,0.0400743129255876,0.0400453964498079,
2023-05-07 06:00:00,0.04018,0.04045,0.0398,0.03991,37472382,1503688.96401,7790,16169991,649571.36452,-0.000751126690035,ARPA-USDT,0.0402036355585479,0.0402825559733786,
2023-05-07 07:00:00,0.03992,0.04002,0.03972,0.03972,12912142,514972.18958,4244,5504221,219624.58645,-0.0012572290671361,ARPA-USDT,0.0399402908249886,0.0399667743475481,
2023-05-07 08:00:00,0.03973,0.04024,0.03972,0.04022,18395023,736356.91763,4562,10741774,430059.16869,-0.0004970178926441,ARPA-USDT,0.0397678598631451,0.0398491655865681,8.514e-05
2023-05-07 09:00:00,0.04021,0.04031,0.0399,0.03998,35083768,1406487.24752,9276,17056551,683910.69398,-0.0004999999999999,ARPA-USDT,0.0401908692944493,0.0401842812736949,
2023-05-07 10:00:00,0.03998,0.04014,0.03982,0.04001,17312863,692478.9603800001,4214,8818795,352877.64276,-0.0007492507492508,ARPA-USDT,0.0400005071041544,0.0400824992036596,
2023-05-07 11:00:00,0.04004,0.0402,0.03993,0.03997,14769811,591537.14055,3598,6571986,263233.57907,-0.0009997500624843,ARPA-USDT,0.0400586196600512,0.040071250116466,
2023-05-07 12:00:00,0.03998,0.04012,0.03986,0.03994,17147671,685581.9109,3850,8532001,341211.04755,-0.0010005002501249,ARPA-USDT,0.0399401992145371,0.039959991977919,
2023-05-07 13:00:00,0.03995,0.04007,0.03976,0.03985,15358497,613117.2938699999,4019,7125503,284509.13375,-0.0012531328320802,ARPA-USDT,0.0399668970238473,0.0399626591431433,
2023-05-07 14:00:00,0.03986,0.04019,0.03967,0.04009,18895859,754750.68467,5402,9705356,387868.50876,-0.0012456402590932,ARPA-USDT,0.039859303049494,0.0398549099782789,
2023-05-07 15:00:00,0.04008,0.04036,0.03984,0.04025,25386731,1018304.39472,5950,14407794,578084.01773,-0.001488464400893,ARPA-USDT,0.040071595393884,0.0400822628348404,
2023-05-07 16:00:00,0.04026,0.04194,0.04021,0.04136,182028475,7479480.54014,30444,99056359,4069372.29659,-0.0055301755229623,ARPA-USDT,0.0403420217575595,0.0403780272819768,-3.55e-06
2023-05-07 17:00:00,0.0414,0.04209,0.04117,0.0417,243254552,10129800.4085,39128,121146722,5045642.2459,-0.0016758439071103,ARPA-USDT,0.0414286434033356,0.0417783809615619,
2023-05-07 18:00:00,0.04171,0.04194,0.04107,0.04129,132159407,5481888.66713,21433,64763238,2686939.94131,-0.0007260406582769,ARPA-USDT,0.0416029647155597,0.0416006979196305,
2023-05-07 19:00:00,0.04128,0.04148,0.04102,0.0411,43859628,1810599.93714,8788,21641411,893731.75318,-0.0002432498175627,ARPA-USDT,0.0412661403184507,0.0412985125664511,
2023-05-07 20:00:00,0.0411,0.04191,0.04086,0.04177,91349235,3792231.62256,14865,50057065,2078634.53205,-0.0023883448770001,ARPA-USDT,0.0410418630223528,0.0411046011027343,
2023-05-07 21:00:00,0.04177,0.04181,0.04134,0.04152,68831516,2863675.66014,11495,32483732,1351840.3402,-0.0014430014430013,ARPA-USDT,0.0416992000017832,0.0416337420677543,
2023-05-07 22:00:00,0.04152,0.04305,0.04119,0.04219,151312512,6356945.108630001,24122,84972111,3572558.13338,-0.0018925952211971,ARPA-USDT,0.041384778175488,0.0414059284412856,
2023-05-07 23:00:00,0.04219,0.04295,0.04187,0.04264,150399883,6393023.78813,24562,76061743,3233814.49828,-0.0014051522248245,ARPA-USDT,0.0419817413704124,0.0420605867162636,
2023-05-08 00:00:00,0.04264,0.044,0.04213,0.04296,336307718,14459737.02644,48145,173689796,7471401.16746,-0.0016267720195213,ARPA-USDT,0.0423733241083053,0.0424111680418696,-0.00061756
2023-05-08 01:00:00,0.04297,0.04309,0.0405,0.04198,184169249,7766106.947910001,34754,89419618,3771627.25252,-0.0014272121788772,ARPA-USDT,0.0430295409205255,0.042956141770858,
2023-05-08 02:00:00,0.04197,0.04225,0.04146,0.04184,129549606,5422028.13469,21499,63589790,2662675.97316,-0.0004777830864787,ARPA-USDT,0.0418723110150708,0.0416583424714671,
2023-05-08 03:00:00,0.04185,0.04208,0.04136,0.0418,102601432,4284186.10682,19267,55720554,2327382.44643,-0.0019102196752627,ARPA-USDT,0.0418333597211048,0.0416855011693532,
2023-05-08 04:00:00,0.04181,0.04217,0.04151,0.04197,94489440,3956156.42108,15967,50569467,2117900.87567,-0.0033246259795772,ARPA-USDT,0.0417969657748885,0.041751336183053,
2023-05-08 05:00:00,0.04196,0.04265,0.04183,0.0421,122135645,5165393.79797,21171,66310061,2805097.2056,-0.0035502958579882,ARPA-USDT,0.0419606674750308,0.0419051071330708,
2023-05-08 06:00:00,0.04209,0.04219,0.04162,0.04183,95414346,3997690.84252,18247,47189553,1977287.58455,-0.0033357159876101,ARPA-USDT,0.0420889378316212,0.0419605934923677,
2023-05-08 07:00:00,0.04183,0.04225,0.04066,0.04117,126364387,5255020.75265,21628,60476717,2517413.81683,-0.0009706381946129,ARPA-USDT,0.0419157905549215,0.0420827971192798,
2023-05-08 08:00:00,0.04117,0.04178,0.04087,0.04166,126354793,5224944.14109,22298,64225051,2656484.6711,-0.0004798464491362,ARPA-USDT,0.0411201397994761,0.0412056173074846,-0.00133877
2023-05-08 09:00:00,0.04164,0.0428,0.04147,0.04263,174231555,7357678.8763,30434,91842011,3880289.36226,-0.001639344262295,ARPA-USDT,0.0417288945146667,0.0416852553954456,
2023-05-08 10:00:00,0.04263,0.04277,0.04212,0.04239,90542316,3840057.8297,16830,40471737,1717122.75642,-0.0009427292010371,ARPA-USDT,0.042677989246365,0.0425716487336386,
2023-05-08 11:00:00,0.04239,0.04249,0.04173,0.04233,107097001,4505062.0008,18652,52057763,2189802.07564,-0.0011798017932987,ARPA-USDT,0.0424521145959107,0.0422625799392045,
2023-05-08 12:00:00,0.04234,0.04408,0.04233,0.04313,386939618,16725237.48936,65826,205002152,8862092.47335,-0.0030050855293572,ARPA-USDT,0.0424722139339511,0.0429868768174234,
2023-05-08 13:00:00,0.04314,0.04484,0.04305,0.04357,319254342,14047205.04416,53195,162639555,7158868.79607,-0.0009172208209127,ARPA-USDT,0.0433304231141333,0.0435543290668507,
2023-05-08 14:00:00,0.04356,0.0442,0.04313,0.04387,231161578,10109848.98905,37815,116351947,5089621.98112,0.0,ARPA-USDT,0.0435340997603663,0.0435887837810398,
2023-05-08 15:00:00,0.04387,0.04409,0.04295,0.04316,168329538,7299706.57601,30918,79587709,3452624.34207,-0.0002316423442205,ARPA-USDT,0.0439515209501746,0.0438802319473806,
2023-05-08 16:00:00,0.04316,0.04324,0.04234,0.04256,154349863,6584430.58934,25882,77327842,3299038.0615,-0.0007043907020427,ARPA-USDT,0.0430803575423278,0.0430266511379403,-0.00074553
2023-05-08 17:00:00,0.04257,0.04266,0.0407,0.04076,161867247,6758146.8623,28591,79285021,3308825.75984,-0.0009803921568628,ARPA-USDT,0.0426057219568418,0.0424668847720749,
2023-05-08 18:00:00,0.04076,0.04091,0.03934,0.03997,246015435,9863678.35343,42460,121895334,4889074.5699,-0.00075,ARPA-USDT,0.0405932059609789,0.0402128218509957,
2023-05-08 19:00:00,0.03997,0.03999,0.03885,0.03902,98454789,3878425.66341,17918,46944419,1849431.02715,-0.0010240655401945,ARPA-USDT,0.0398924690606941,0.0398327823535286,
2023-05-08 20:00:00,0.03903,0.03963,0.03883,0.03951,77287998,3035023.41689,13886,42499752,1669238.3982,-0.0007587253414262,ARPA-USDT,0.0389913642933438,0.0389457557449171,
2023-05-08 21:00:00,0.0395,0.04008,0.03949,0.03965,64106255,2550105.69259,11486,33161209,1319244.07484,-0.0007560483870968,ARPA-USDT,0.0396449023337639,0.039631146458605,
2023-05-08 22:00:00,0.03965,0.0399,0.03931,0.03953,48280786,1911707.45857,8043,24630310,974992.30322,-0.0010108668182966,ARPA-USDT,0.0397883863624868,0.0398180909594076,
2023-05-08 23:00:00,0.03952,0.03957,0.03908,0.03916,38391696,1509363.37393,7134,18577732,730228.1471599999,-0.0012751849018107,ARPA-USDT,0.0394821407030273,0.0394427962066612,
2023-05-09 00:00:00,0.03915,0.03979,0.039,0.03972,63019572,2485447.00244,10621,35298871,1391952.33019,-0.001759235988942,ARPA-USDT,0.0390941188196617,0.0392446556838064,-0.00027459
2023-05-09 01:00:00,0.03972,0.0402,0.03901,0.03909,60700312,2408419.28849,9599,31012073,1230802.90667,-0.0007668711656442,ARPA-USDT,0.0398346939280745,0.0398131806327468,
2023-05-09 02:00:00,0.03909,0.03909,0.03839,0.03849,63997029,2473761.09842,10368,29086718,1123712.55973,-0.0015564202334629,ARPA-USDT,0.0390477303713521,0.0389281201970746,
2023-05-09 03:00:00,0.0385,0.03896,0.03838,0.0387,40694276,1573466.90183,6768,21087172,815178.35428,-0.0018055197317513,ARPA-USDT,0.0384432399913538,0.0384528954266536,
2023-05-09 04:00:00,0.03871,0.03913,0.03871,0.03891,32175668,1252199.85452,6270,16839379,655318.53131,-0.0010269576379974,ARPA-USDT,0.0387632540477454,0.0387949506693486,
2023-05-09 05:00:00,0.03892,0.03941,0.03882,0.03887,37151896,1451773.65787,7010,18538142,724591.02413,-0.0010280133641736,ARPA-USDT,0.0390000497179803,0.0390847412693745,
2023-05-09 06:00:00,0.03888,0.03946,0.03862,0.03907,45402459,1772525.9504,7740,22786694,889744.10496,-0.0012781186094069,ARPA-USDT,0.0389508370582734,0.0389766106013594,
2023-05-09 07:00:00,0.03908,0.03941,0.039,0.03936,25124979,983454.38988,5532,12863203,503356.63314,-0.0015220700152206,ARPA-USDT,0.0390909865881767,0.0390989882224783,
2023-05-09 08:00:00,0.03936,0.03974,0.03921,0.03926,42833135,1692419.94712,8207,23046760,910454.0281,-0.0007635530669379,ARPA-USDT,0.0394798560613208,0.0395642341739659,-0.00044207
2023-05-09 09:00:00,0.03925,0.03935,0.03894,0.039,27187380,1064051.20925,6468,13385152,523832.6003,-0.0007686395080708,ARPA-USDT,0.0392495220573988,0.0392311254049767,
2023-05-09 10:00:00,0.03899,0.03912,0.03875,0.03877,25853737,1006814.70633,5310,13033416,507538.16706,-0.0018022657054582,ARPA-USDT,0.038993261918303,0.0389161830679574,
2023-05-09 11:00:00,0.03878,0.03889,0.03855,0.0386,27461987,1063150.09987,6022,12323834,477086.01561,-0.0012936610608019,ARPA-USDT,0.0388227847842335,0.0387970657583145,
2023-05-09 12:00:00,0.0386,0.03935,0.03854,0.03919,50963803,1978747.46543,10491,26404704,1024931.45012,-0.0020371785077666,ARPA-USDT,0.0387122377628667,0.0388335832692752,
2023-05-09 13:00:00,0.0392,0.03934,0.03888,0.03905,34844912,1362830.92864,6988,17771239,695002.87244,-0.0012787723785167,ARPA-USDT,0.0391542364990629,0.0391315900380449,
2023-05-09 14:00:00,0.03905,0.0393,0.03882,0.03909,36564562,1427598.89771,7547,18554304,724142.38573,-0.0007668711656442,ARPA-USDT,0.0391560341840801,0.0391094924971751,
2023-05-09 15:00:00,0.03909,0.03943,0.03862,0.03903,57872704,2259111.63843,10712,29594314,1155077.30918,-0.0012794268167859,ARPA-USDT,0.0390552400586642,0.039200847312447,
2023-05-09 16:00:00,0.03903,0.03934,0.0387,0.03924,45913318,1788953.31366,8908,24789115,965788.27451,-0.000509424350484,ARPA-USDT,0.0390930727495664,0.0390498711741653,-0.00041118
2023-05-09 17:00:00,0.03925,0.03971,0.03911,0.03934,46693512,1837648.07208,8525,20894056,822363.26667,-0.0002541296060991,ARPA-USDT,0.0393586389734662,0.0393418596069372,
2023-05-09 18:00:00,0.03934,0.03955,0.03879,0.03883,39557953,1544673.44536,7821,19824837,773943.42688,-0.0017994858611823,ARPA-USDT,0.0393890902637075,0.0393983057042545,
2023-05-09 19:00:00,0.03882,0.0393,0.03881,0.03917,25376874,992140.4887,5655,12217970,477496.98166,-0.0012748597654256,ARPA-USDT,0.0388719429819812,0.0389983863255138,
2023-05-09 20:00:00,0.03916,0.03943,0.03873,0.03891,29092314,1136988.37825,5980,14302260,558656.91933,-0.0010269576379974,ARPA-USDT,0.039204713644107,0.0393152212799328,
2023-05-09 21:00:00,0.0389,0.03932,0.0389,0.03914,22274702,871630.17632,5065,12001692,469594.16635,-0.0007658922644881,ARPA-USDT,0.0390233651620933,0.0390716981416517,
2023-05-09 22:00:00,0.03915,0.03945,0.03896,0.03926,21247894,833697.89286,4720,11684854,458369.04375,-0.0007635530669379,ARPA-USDT,0.0391286376950684,0.0390722685966592,
2023-05-09 23:00:00,0.03926,0.03949,0.0392,0.03928,16049039,631643.66047,4342,8654545,340557.24511,-0.0005089058524172,ARPA-USDT,0.0393121744504741,0.0393205982812618,
2023-05-10 00:00:00,0.03929,0.03953,0.0389,0.03905,25718297,1009741.13564,5589,12688007,498183.95632,-0.0012787723785167,ARPA-USDT,0.0394479367925256,0.0394074086536943,-0.0002467
2023-05-10 01:00:00,0.03904,0.03944,0.03895,0.03929,17118862,670966.69462,4343,8815783,345498.94739,-0.001017035341978,ARPA-USDT,0.0390861625743998,0.0390547886089412,
2023-05-10 02:00:00,0.03931,0.03958,0.03914,0.03915,21467678,845126.80876,5260,12761429,502341.08943,-0.0010206685378923,ARPA-USDT,0.0394044110701764,0.0394772542937504,
2023-05-10 03:00:00,0.03915,0.03949,0.03914,0.03937,15859023,624139.62418,4447,8982961,353478.3524,-0.0010149708195889,ARPA-USDT,0.0391718056097377,0.0392139035003564,
2023-05-10 04:00:00,0.03937,0.04066,0.03936,0.04056,49917959,1997711.84712,11138,28445080,1138646.01785,-0.0017228648781688,ARPA-USDT,0.0394646199504534,0.0395068963504986,
2023-05-10 05:00:00,0.04057,0.04194,0.04052,0.04173,85633340,3541577.44884,16861,43573486,1801758.83029,-0.0021520803443328,ARPA-USDT,0.0406022838912391,0.0407421812471554,
2023-05-10 06:00:00,0.04172,0.04259,0.04139,0.04183,131506254,5522148.65822,23565,70812834,2974240.96479,-0.0016706443914081,ARPA-USDT,0.0417798763610745,0.0416948099737326,
2023-05-10 07:00:00,0.04183,0.04293,0.04182,0.04201,132617144,5618466.3254700005,21383,67749674,2870389.5246,-0.0014261944378417,ARPA-USDT,0.0419219680021834,0.0420784411858651,
2023-05-10 08:00:00,0.04199,0.04233,0.04137,0.04143,132432774,5537436.49635,20911,68511727,2865168.46289,-0.0009645526886905,ARPA-USDT,0.0419196550069088,0.041934932046824,-0.00058683
2023-05-10 09:00:00,0.04143,0.04201,0.04122,0.04178,86481647,3598045.4178,14463,44309186,1843944.42271,-0.0016726403823178,ARPA-USDT,0.0414495827551071,0.0413757347195988,
2023-05-10 10:00:00,0.04178,0.04265,0.04177,0.0423,122312225,5161073.48018,21528,64606371,2726268.77011,-0.0016521123436393,ARPA-USDT,0.0418737428220908,0.0418833763861366,
2023-05-10 11:00:00,0.04231,0.04289,0.0422,0.0427,161034823,6845663.73024,27044,82154449,3493268.56723,-0.0018700327255726,ARPA-USDT,0.0424198170841198,0.0425121174351022,
2023-05-10 12:00:00,0.0427,0.04444,0.04223,0.04317,278473265,12036302.15396,42020,144993503,6270896.21562,-0.0006944444444444,ARPA-USDT,0.0428052154397122,0.0425956806894899,
2023-05-10 13:00:00,0.04318,0.04477,0.04306,0.04402,227827695,10013113.2671,33270,117439216,5163268.82823,-0.0018140589569162,ARPA-USDT,0.0434342260689273,0.0435272179877403,
2023-05-10 14:00:00,0.04403,0.04534,0.0438,0.04393,234334701,10413432.06986,34388,125482434,5578467.9518,-0.0009097111667046,ARPA-USDT,0.0442983830029571,0.0445087703866951,
2023-05-10 15:00:00,0.04394,0.04473,0.04372,0.04451,146631082,6478960.65211,22387,75808811,3350296.98859,-0.0008978675645342,ARPA-USDT,0.0440873339586982,0.0440596141948076,
2023-05-10 16:00:00,0.04451,0.04496,0.04418,0.0448,126477696,5642319.22853,19825,69404218,3096845.00909,-0.0013374944271065,ARPA-USDT,0.0447087088501416,0.0445318905323674,-0.00015524
2023-05-10 17:00:00,0.04481,0.0459,0.04331,0.04363,390909893,17343686.18675,57879,205735623,9136102.62257,-0.0009159606136935,ARPA-USDT,0.0449705907354996,0.0452485448883895,
2023-05-10 18:00:00,0.04363,0.04462,0.0436,0.04375,113131173,4976812.59551,19638,60978261,2683058.18559,-0.0009134505594885,ARPA-USDT,0.0438535568350454,0.0438564874998927,
2023-05-10 19:00:00,0.04375,0.04466,0.04361,0.04422,101471695,4486266.85097,17922,53143665,2349797.44139,-0.0013550135501354,ARPA-USDT,0.0436725170496885,0.0438572337735132,
2023-05-10 20:00:00,0.04421,0.04556,0.04419,0.04516,116073576,5221007.88576,22589,61695229,2775429.3674,-0.001326846528085,ARPA-USDT,0.0442820864378687,0.0444976196896312,
2023-05-10 21:00:00,0.04516,0.04549,0.04435,0.04461,73470081,3297891.96173,14774,38429756,1724491.14686,-0.0006720430107527,ARPA-USDT,0.0452702490686055,0.0453036825302651,
2023-05-10 22:00:00,0.04461,0.04461,0.04393,0.04417,51007802,2253464.28195,11080,24111199,1065276.87734,-0.0004525910839556,ARPA-USDT,0.044436750232732,0.0444366124216377,
2023-05-10 23:00:00,0.04416,0.04478,0.04388,0.04442,73234839,3244310.03727,12745,36932106,1636617.34765,-0.0024702447788007,ARPA-USDT,0.044110915365125,0.0441328199810075,
2023-05-11 00:00:00,0.04442,0.04522,0.04412,0.04476,120767353,5401864.38732,22860,59487086,2660814.98773,-0.002895967921586,ARPA-USDT,0.04439843520121,0.0447905499253572,7.451e-05
2023-05-11 01:00:00,0.04475,0.0453,0.04442,0.04521,109946262,4939706.85282,20230,55362907,2487885.49784,-0.0024271844660194,ARPA-USDT,0.0445365428557513,0.0446127596113783,
2023-05-11 02:00:00,0.04521,0.04548,0.04462,0.04501,122727825,5534149.54008,24644,60137597,2712519.67356,-0.0017742293191393,ARPA-USDT,0.0450252272253193,0.0449491722882528,
2023-05-11 03:00:00,0.04501,0.04761,0.04464,0.0458,324705160,14871662.70565,67454,184407249,8453405.64342,-0.0056448111159356,ARPA-USDT,0.0448623744421153,0.0449027190279498,
2023-05-11 04:00:00,0.04581,0.04597,0.04442,0.04557,292219046,13168056.93402,52238,144981398,6532187.91363,-0.003062787136294,ARPA-USDT,0.0453014763613951,0.044975847862857,
2023-05-11 05:00:00,0.04558,0.04668,0.04556,0.04652,285187186,13182617.30892,55480,146702623,6783046.48871,-0.0049197860962567,ARPA-USDT,0.0459945148644537,0.0460283237830077,
2023-05-11 06:00:00,0.04652,0.047,0.04621,0.04641,223361767,10401128.88107,43287,114828395,5348944.99343,-0.0023645743766121,ARPA-USDT,0.0465356467568289,0.0463597499546089,
2023-05-11 07:00:00,0.04641,0.04699,0.04613,0.04656,201975527,9416058.22618,37427,101879434,4750651.64659,-0.0023569745018213,ARPA-USDT,0.0466814265535937,0.0466878524221924,
2023-05-11 08:00:00,0.04655,0.0478,0.04626,0.04671,456232612,21427366.3833,85691,244729195,11498702.69393,-0.004051172707889,ARPA-USDT,0.0466429992021239,0.0466678002227595,-0.00189226
2023-05-11 09:00:00,0.04672,0.0472,0.04637,0.0469,188929957,8821111.61959,38750,95220287,4447298.27013,-0.0042462845010616,ARPA-USDT,0.0468401666932201,0.0467828012323426,
2023-05-11 10:00:00,0.0469,0.04792,0.04677,0.04715,295200578,13955252.04566,55196,152158827,7196276.21058,-0.0029604567561852,ARPA-USDT,0.046852318072424,0.0470728062793685,
2023-05-11 11:00:00,0.04715,0.04754,0.04653,0.04684,223181824,10480051.50878,43762,109578901,5146772.67964,-0.0019177498401875,ARPA-USDT,0.0471595818225282,0.0472611943947691,
2023-05-11 12:00:00,0.04684,0.04758,0.0459,0.04617,362428969,16989302.21391,61905,182654582,8567030.30705,-0.0015138408304498,ARPA-USDT,0.0471151642812732,0.0470678476869163,
2023-05-11 13:00:00,0.04616,0.04682,0.04606,0.04649,292738326,13583119.37982,54127,151878244,7048547.09375,-0.0015034364261168,ARPA-USDT,0.0461710958082972,0.0462597797273478,
2023-05-11 14:00:00,0.04649,0.04712,0.04623,0.04653,300251758,14007129.74456,53377,152197840,7103101.70338,-0.0015021459227467,ARPA-USDT,0.0467641037045862,0.0465757974236058,
2023-05-11 15:00:00,0.04654,0.04684,0.04608,0.04655,206427657,9606778.33097,38028,100026720,4656351.34289,-0.0025712449110778,ARPA-USDT,0.0465841486554422,0.0467141166647855,
2023-05-11 16:00:00,0.04655,0.04741,0.04655,0.04707,302251004,14210352.61796,52516,156589395,7364972.13824,-0.0033876773237349,ARPA-USDT,0.0467007236538625,0.0467768131253192,-0.00083709
2023-05-11 17:00:00,0.04706,0.04723,0.04519,0.04607,507927154,23410116.28221,89371,262730002,12108205.84871,-0.0013006720138737,ARPA-USDT,0.0470091551151091,0.0469778680840696,
2023-05-11 18:00:00,0.04606,0.04606,0.045,0.04544,247037576,11246547.94217,46972,127942503,5825905.54587,-0.0013186813186812,ARPA-USDT,0.0458029619566396,0.0458182877756203,
2023-05-11 19:00:00,0.04543,0.04554,0.04482,0.04516,193115721,8714288.18166,39853,98099057,4427689.77645,-0.0011059500110595,ARPA-USDT,0.045340071071474,0.0453348719127012,
2023-05-11 20:00:00,0.04517,0.04795,0.04426,0.04552,423621264,19399320.83388,77572,234041481,10731801.42318,-0.0024106947183869,ARPA-USDT,0.0452325743215856,0.0451399469555125,
2023-05-11 21:00:00,0.04553,0.046,0.04484,0.04523,219689306,9972020.746,40516,113692780,5161593.27193,-0.0013247957606534,ARPA-USDT,0.0456634861144351,0.045657948657756,
2023-05-11 22:00:00,0.04523,0.04562,0.04477,0.04505,109290538,4943721.27883,21407,55798281,2524718.69549,-0.0019937970757643,ARPA-USDT,0.0451510522330722,0.0451344060892325,
2023-05-11 23:00:00,0.04505,0.04685,0.04483,0.04592,217460295,9970388.97,41288,122303405,5609025.74312,-0.0030395136778114,ARPA-USDT,0.0451213020050019,0.0451244372225022,
2023-05-12 00:00:00,0.04593,0.04675,0.04544,0.04637,204206194,9371305.3521,36508,105067910,4824897.45693,-0.0027956989247311,ARPA-USDT,0.0458580497738275,0.0457994838816308,-0.00041856
2023-05-12 01:00:00,0.04637,0.04775,0.04613,0.04751,288588408,13520103.24885,55209,164126339,7696251.37233,-0.0033564086427522,ARPA-USDT,0.0465997653464091,0.0466733447213627,
2023-05-12 02:00:00,0.04752,0.048,0.04628,0.04681,311298448,14700478.37398,53353,156573143,7398953.31851,-0.0021317416329141,ARPA-USDT,0.0473489378013059,0.047208750329172,
2023-05-12 03:00:00,0.04681,0.04745,0.04631,0.04729,244811481,11487367.83387,41987,127733994,5995441.76508,-0.0050494424573954,ARPA-USDT,0.0464871682622107,0.04651023885288,
2023-05-12 04:00:00,0.04729,0.05114,0.04681,0.04783,741578197,35836932.76871,115685,405061564,19604576.66249,-0.004992718951529,ARPA-USDT,0.0470694856759901,0.0472275813394961,
2023-05-12 05:00:00,0.04784,0.04929,0.04774,0.04824,299035074,14527366.23614,51655,155848124,7573436.75115,-0.0022750775594622,ARPA-USDT,0.0480457387973629,0.0482624907465226,
2023-05-12 06:00:00,0.04823,0.0499,0.04783,0.04949,312069301,15208596.83273,52399,166768180,8132504.41291,-0.0062248995983935,ARPA-USDT,0.0485270790483411,0.0484839089759417,
2023-05-12 07:00:00,0.04949,0.05362,0.049,0.05209,998993985,50982017.54823,163008,550318731,28099501.07692,-0.0252619760479042,ARPA-USDT,0.049600702051499,0.0494817939092679,
2023-05-12 08:00:00,0.05213,0.05231,0.05034,0.05052,635744003,32663998.30727,104329,312928747,16082599.76838,-0.0029603315571343,ARPA-USDT,0.0515182818364993,0.0514917533308733,-0.00440142
2023-05-12 09:00:00,0.05052,0.05174,0.05026,0.05136,317339145,16198055.62411,53041,165210626,8433036.5474,-0.0031055900621118,ARPA-USDT,0.050698292889901,0.0504577292224678,
2023-05-12 10:00:00,0.05136,0.05271,0.05136,0.05203,404847168,21039200.2246,67154,209756340,10904760.67393,-0.009895337773549,ARPA-USDT,0.05176603911177,0.0518661272246183,
2023-05-12 11:00:00,0.05203,0.05226,0.05085,0.05135,344336559,17739913.68368,60145,171947128,8859710.65511,-0.0054232035638195,ARPA-USDT,0.0520559102128087,0.0519011710900795,
2023-05-12 12:00:00,0.05135,0.05236,0.05056,0.05202,475434470,24452756.98171,77681,247482726,12732772.50203,-0.0157048249763482,ARPA-USDT,0.0512520134457203,0.0511642512989046,
2023-05-12 13:00:00,0.05203,0.05338,0.05173,0.05233,551974031,28931999.54234,89337,284561465,14922977.00641,-0.0118957703927492,ARPA-USDT,0.0526595162641277,0.0524498330558416,
2023-05-12 14:00:00,0.05233,0.05368,0.05205,0.05273,570115344,30062834.92896,86205,292448159,15431443.83804,-0.0292709867452135,ARPA-USDT,0.0524496169117255,0.0523663467471649,
2023-05-12 15:00:00,0.05273,0.05998,0.05264,0.05895,2324087522,131495178.48452,343308,1266658713,71653817.73705,-0.0145436308926779,ARPA-USDT,0.0528097370667391,0.0532972991790013,
2023-05-12 16:00:00,0.05894,0.05903,0.05453,0.05487,1434512423,80519524.81756,203688,698404262,39192084.35688,-0.0200035720664403,ARPA-USDT,0.0578851701933742,0.0573602340470037,-0.0114193
2023-05-12 17:00:00,0.05487,0.05667,0.05401,0.05457,701734476,38839256.78583,106543,355393097,19678626.86028,-0.0052861830113014,ARPA-USDT,0.0550602099104214,0.0549396762709248,
2023-05-12 18:00:00,0.05456,0.0558,0.05395,0.05479,443991637,24379098.22911,73399,229031228,12580399.49864,-0.0032745133709295,ARPA-USDT,0.0547525034452346,0.0544087080700395,
2023-05-12 19:00:00,0.05478,0.0552,0.05276,0.05365,581127507,31322033.23356,93478,291669578,15729343.94142,-0.0020461309523809,ARPA-USDT,0.0548466593241239,0.0549718583449944,
2023-05-12 20:00:00,0.05364,0.05411,0.05306,0.05371,337288683,18042834.7114,49719,178415199,9546975.20708,-0.0016728624535315,ARPA-USDT,0.0537912008798176,0.0538122685823502,
2023-05-12 21:00:00,0.05371,0.055,0.0536,0.05478,306567836,16651701.40313,50363,163816216,8899326.25881,-0.0012762078395625,ARPA-USDT,0.0542169464928803,0.0543283328216873,
2023-05-12 22:00:00,0.05477,0.05632,0.0542,0.05479,314499069,17261673.63075,48573,159945801,8784547.71491,-0.0025486983433461,ARPA-USDT,0.0544971192458074,0.054393351303428,
2023-05-12 23:00:00,0.05481,0.05563,0.0543,0.05516,230338573,12653462.59802,38150,123315846,6776333.67161,-0.0025316455696202,ARPA-USDT,0.0548909239592472,0.0547193837942284,
2023-05-13 00:00:00,0.05517,0.05686,0.05456,0.05487,459494667,25457972.31261,77403,235833061,13074672.75896,-0.0056179775280899,ARPA-USDT,0.0549069034550454,0.0554341551956031,-0.00231996
2023-05-13 01:00:00,0.05486,0.05553,0.05431,0.05533,241270946,13226496.0221,42480,121114548,6641694.05563,-0.0036016567621106,ARPA-USDT,0.0551137582385391,0.0550245944472989,
2023-05-13 02:00:00,0.05532,0.05599,0.05461,0.05551,203146786,11223838.47464,38788,107445411,5937699.98987,-0.0069767441860465,ARPA-USDT,0.0553404572104406,0.055188729466776,
2023-05-13 03:00:00,0.05552,0.05621,0.05515,0.05576,200503870,11148775.30804,37448,100353903,5581806.99832,-0.0046411995715816,ARPA-USDT,0.0554459103582143,0.0553867617241165,
2023-05-13 04:00:00,0.05576,0.05597,0.05271,0.05292,395956006,21333721.10355,73763,184182152,9925701.49792,-0.0022624434389139,ARPA-USDT,0.0558721826673113,0.0555160261501683,
2023-05-13 05:00:00,0.05291,0.05317,0.05232,0.05258,242337588,12782460.56863,40281,123155910,6498720.63551,-0.0020876826722338,ARPA-USDT,0.0529925602448986,0.0529502047543857,
2023-05-13 06:00:00,0.05259,0.05285,0.05174,0.05193,246897170,12873407.82635,38846,122329420,6380067.85724,-0.0007696748123918,ARPA-USDT,0.0527172547591025,0.0525313015911572,
2023-05-13 07:00:00,0.05193,0.05278,0.05178,0.05201,206286319,10749503.63948,32738,110261484,5747808.50395,-0.0019190174630587,ARPA-USDT,0.052005479347539,0.0519766313102029,
2023-05-13 08:00:00,0.05201,0.05214,0.05139,0.05165,192387028,9957340.71298,31734,89579234,4637932.95506,-0.0021251931993817,ARPA-USDT,0.0519918518331152,0.052042906562955,-0.00158517
2023-05-13 09:00:00,0.05165,0.05228,0.05144,0.05166,177500130,9194299.14481,29140,97522418,5052601.0744900005,-0.0023174971031286,ARPA-USDT,0.051575747421432,0.051807093343795,
2023-05-13 10:00:00,0.05166,0.05228,0.05124,0.05193,168782451,8731612.77708,27995,93106962,4818478.27319,-0.0024971187091817,ARPA-USDT,0.0516683512272671,0.051798503421608,
2023-05-13 11:00:00,0.05192,0.05275,0.05186,0.05236,158083047,8249424.61495,27521,94339667,4924213.15183,-0.0045627376425856,ARPA-USDT,0.0519845840984969,0.0520079639565538,
2023-05-13 12:00:00,0.05236,0.05289,0.05147,0.0517,207017182,10785787.03072,32482,105642253,5506063.44721,-0.0027006172839505,ARPA-USDT,0.0524479751897245,0.0526282696601599,
2023-05-13 13:00:00,0.0517,0.05213,0.05122,0.0521,121349112,6261485.17036,22804,62100132,3206054.47277,-0.0015331544653123,ARPA-USDT,0.0517539028071308,0.0517260133567567,
2023-05-13 14:00:00,0.0521,0.05232,0.05141,0.05165,117380656,6087088.30968,22581,59064191,3063333.95997,-0.0015464913976415,ARPA-USDT,0.0520659264897528,0.0520401739576575,
2023-05-13 15:00:00,0.05165,0.05226,0.05155,0.0522,92911918,4828437.74699,19633,49089714,2551664.93378,-0.0011481056257175,ARPA-USDT,0.0516427726070937,0.0517312429400979,
2023-05-13 16:00:00,0.05218,0.05254,0.05191,0.05204,112163088,5853205.91049,20991,59473912,3104485.4888,-0.0017264530980242,ARPA-USDT,0.0522431573129642,0.0522150350255002,-0.00125953
2023-05-13 17:00:00,0.05204,0.05742,0.05191,0.0558,517136258,28409023.3564,96345,290137762,15925402.70889,-0.002145922746781,ARPA-USDT,0.0520175654918206,0.0520501770192933,
2023-05-13 18:00:00,0.05581,0.0585,0.05378,0.05391,701121751,39500925.23612,140555,351850083,19835534.65797,-0.0016666666666667,ARPA-USDT,0.056782376549191,0.0575841318500608,
2023-05-13 19:00:00,0.05391,0.05566,0.0537,0.05546,256524456,14097324.83105,46081,131061476,7198270.43,-0.0016201620162016,ARPA-USDT,0.0538229807079939,0.0539618699640399,
2023-05-13 20:00:00,0.05546,0.05583,0.05401,0.05422,178672369,9778757.36107,31966,87058635,4766228.87336,-0.0022083179977917,ARPA-USDT,0.0553352290182876,0.0555777241446064,
2023-05-13 21:00:00,0.05422,0.05495,0.05401,0.05454,95617010,5212190.87992,17652,44438509,2422440.66401,-0.0025603511338697,ARPA-USDT,0.0541117057284935,0.0542973564846442,
2023-05-13 22:00:00,0.05455,0.05466,0.05412,0.05453,77900657,4234764.93484,14975,37219382,2023252.89447,-0.0021957913998169,ARPA-USDT,0.0545908948333497,0.0544530928215886,
2023-05-13 23:00:00,0.05454,0.05474,0.05412,0.05421,76121834,4144327.46014,13454,36725468,1999567.13792,-0.0022087244616234,ARPA-USDT,0.054471361490917,0.0544324050160202,
2023-05-14 00:00:00,0.05421,0.05523,0.05386,0.05482,198961545,10867706.32336,31929,97134319,5309064.55892,-0.0020025486983433,ARPA-USDT,0.0542331573380951,0.0544577150909755,-0.00076412
2023-05-14 01:00:00,0.05481,0.0563,0.05443,0.05613,219629830,12182357.4261,43626,121122126,6719810.61414,-0.0053163211057948,ARPA-USDT,0.0546976257491752,0.0545952667028045,
2023-05-14 02:00:00,0.05613,0.05737,0.05574,0.05651,232776453,13193053.59062,46229,117079254,6636776.09716,-0.0026473702788564,ARPA-USDT,0.0558574321351156,0.0560715099104035,
2023-05-14 03:00:00,0.05651,0.0578,0.05631,0.05687,205036629,11729553.09768,45145,103082765,5896280.12631,-0.0031551270815074,ARPA-USDT,0.0566207455843662,0.0570340646055243,
2023-05-14 04:00:00,0.05687,0.06359,0.05657,0.0589,790383951,47183980.60695,150277,422547410,25246855.97303,-0.0030467163168584,ARPA-USDT,0.0567093731730524,0.0568001851174888,
2023-05-14 05:00:00,0.05891,0.05935,0.0576,0.05825,391474150,22889539.92027,71762,195285427,11418158.61571,-0.0032511978097192,ARPA-USDT,0.0584899679861651,0.0581048010561903,
2023-05-14 06:00:00,0.05825,0.0592,0.05756,0.05823,302561189,17679446.97593,51364,156834013,9166394.31806,-0.0042749658002736,ARPA-USDT,0.0579074976550236,0.0578134481991062,
2023-05-14 07:00:00,0.05823,0.05924,0.05823,0.05848,204301750,12016225.75536,39165,102398546,6023526.95814,-0.0025584171925635,ARPA-USDT,0.0584557028383678,0.0586234472183446,
2023-05-14 08:00:00,0.05848,0.05859,0.05761,0.05789,206522483,11990211.73476,40990,99338211,5768736.15047,-0.0025844245348036,ARPA-USDT,0.058328943927882,0.0583105306683571,-0.0023407
2023-05-14 09:00:00,0.0579,0.05793,0.05565,0.0558,355408697,20121029.12861,58122,159874003,9049082.60606,-0.0023243339889146,ARPA-USDT,0.057811540746016,0.0575661989013304,
2023-05-14 10:00:00,0.0558,0.05621,0.05468,0.05479,259562379,14374036.26943,41504,128617790,7127393.89207,-0.0032745133709295,ARPA-USDT,0.0557747045669444,0.0559416438468856,
2023-05-14 11:00:00,0.05479,0.0559,0.05451,0.05511,269461583,14821101.60555,43837,145003706,7979033.49651,-0.002172732210755,ARPA-USDT,0.0547996904144493,0.0547157153557835,
2023-05-14 12:00:00,0.05512,0.05642,0.05477,0.05538,287016302,15957786.86323,46547,145671786,8099223.72042,-0.0023419203747072,ARPA-USDT,0.0549859027458771,0.0549021306621141,
2023-05-14 13:00:00,0.05537,0.05552,0.05417,0.05449,257118379,14060617.13662,41199,121388580,6638187.0049,-0.0021973997436367,ARPA-USDT,0.0554238494861554,0.0552125272076236,
2023-05-14 14:00:00,0.0545,0.05517,0.05414,0.05478,138472280,7561632.19564,26020,71239137,3891928.29772,-0.0010940919037198,ARPA-USDT,0.0546645061475889,0.0543388826487403,
2023-05-14 15:00:00,0.05477,0.05551,0.0541,0.05414,139722034,7634595.41874,27656,68747933,3759608.88612,-0.00147547030616,ARPA-USDT,0.0548738763768524,0.0548034367595943,
2023-05-14 16:00:00,0.05413,0.05492,0.05378,0.05449,148976557,8095757.58742,29831,74883167,4071877.07867,-0.0016489556614144,ARPA-USDT,0.0543280299651349,0.0541190273718348,-0.0008211
2023-05-14 17:00:00,0.05448,0.05467,0.05403,0.05436,96717233,5253981.66677,19035,51562281,2800909.99916,-0.0011025358324145,ARPA-USDT,0.0544570546462327,0.0544929815983871,
2023-05-14 18:00:00,0.05435,0.05487,0.05387,0.05388,103423353,5622143.35258,19279,50804960,2763389.30409,-0.0009271277582051,ARPA-USDT,0.0545328221177342,0.0545404948769544,
2023-05-14 19:00:00,0.05388,0.05403,0.05318,0.05321,122147695,6538636.94397,23029,56103556,3003854.57455,-0.0015012197410395,ARPA-USDT,0.0539583461743626,0.0536885181500631,
2023-05-14 20:00:00,0.05321,0.05351,0.05307,0.05313,71253609,3795958.69507,14011,38170192,2033782.33084,-0.0007523039307881,ARPA-USDT,0.0532899456384066,0.0531724929697004,
2023-05-14 21:00:00,0.05312,0.05318,0.05204,0.05228,121398636,6384886.01576,19535,56293212,2960787.42544,-0.001527883880825,ARPA-USDT,0.0531401958129983,0.053102376661878,
2023-05-14 22:00:00,0.05227,0.0524,0.05201,0.05209,65323782,3410335.66326,13315,34538350,1803495.58334,-0.0007673124880108,ARPA-USDT,0.0523186624164208,0.0523361502375087,
2023-05-14 23:00:00,0.05209,0.05258,0.0517,0.05181,109153464,5681008.552,19260,59762150,3111474.44813,-0.0017341040462427,ARPA-USDT,0.0520359752107156,0.0520627924577842,
2023-05-15 00:00:00,0.05181,0.05182,0.05033,0.0508,206917084,10558863.58793,34849,90886680,4638039.63732,-0.0021606757022195,ARPA-USDT,0.0516376570712147,0.0516270702330001,-0.00045286
2023-05-15 01:00:00,0.05081,0.05195,0.05037,0.05135,183948654,9422360.73903,31407,104696267,5362849.66603,-0.0027189745581666,ARPA-USDT,0.050645280101204,0.0504746883104279,
2023-05-15 02:00:00,0.05135,0.05187,0.05096,0.05151,149110513,7663331.63263,23221,74363583,3824013.16721,-0.0017441860465116,ARPA-USDT,0.0514086091085706,0.0514928090954571,
2023-05-15 03:00:00,0.0515,0.05174,0.05107,0.05111,101252503,5205862.2936,17868,50995585,2622530.57588,-0.0023423775131757,ARPA-USDT,0.0513196250764219,0.0513839827539045,
2023-05-15 04:00:00,0.05111,0.05152,0.05085,0.05149,92561579,4739397.53469,15817,47311037,2423256.63579,-0.0015512895094046,ARPA-USDT,0.0511285737380327,0.0511801248489678,
2023-05-15 05:00:00,0.05149,0.05164,0.05098,0.0511,85329112,4372493.01843,16405,43175952,2212769.99873,-0.0009775171065493,ARPA-USDT,0.0515129881121911,0.0514504467913973,
2023-05-15 06:00:00,0.05109,0.05145,0.05074,0.05138,106526638,5436304.15419,19356,56322080,2874347.50037,-0.0009721952167994,ARPA-USDT,0.051058868452515,0.0509930100113502,
2023-05-15 07:00:00,0.05138,0.05146,0.05096,0.05134,91575857,4688047.57664,15384,46472648,2379062.54853,-0.0023319082782744,ARPA-USDT,0.0513853153093838,0.0512839939329433,
2023-05-15 08:00:00,0.05135,0.05223,0.05126,0.05143,181087821,9361007.56772,32536,96714997,5000949.40087,-0.001746894409938,ARPA-USDT,0.05144548449446,0.0515131775729683,-0.00031716
2023-05-15 09:00:00,0.05143,0.05154,0.05045,0.05049,138266950,7044252.29512,22906,64699207,3296994.4631,-0.001779359430605,ARPA-USDT,0.0514393096744151,0.0513200269689691,
2023-05-15 10:00:00,0.05048,0.05107,0.05032,0.05054,143662145,7280693.80177,23833,79249320,4017303.75694,-0.0015804030027656,ARPA-USDT,0.0505781499092669,0.0504987946657117,
2023-05-15 11:00:00,0.05054,0.05077,0.05005,0.05012,117307200,5911900.82407,22122,57234326,2886018.73719,-0.00139470013947,ARPA-USDT,0.0505462616284576,0.0505150811341919,
2023-05-15 12:00:00,0.05012,0.0505,0.04972,0.05027,187275556,9383078.08152,34408,100367968,5032170.07074,-0.0017871326449563,ARPA-USDT,0.0500963974777563,0.0499787609857378,
2023-05-15 13:00:00,0.05027,0.05051,0.04953,0.04991,123818996,6183405.81258,22499,54752637,2736328.89715,-0.0014005602240895,ARPA-USDT,0.0501176556511113,0.0502649473908951,
2023-05-15 14:00:00,0.04991,0.04993,0.04936,0.04942,107842510,5353320.80486,20324,50630900,2513859.94962,-0.0020193861066236,ARPA-USDT,0.0498646446076732,0.0498251589215446,
2023-05-15 15:00:00,0.04943,0.04977,0.04928,0.04944,94092942,4657502.37758,17342,50058478,2478172.25443,-0.0022199798183653,ARPA-USDT,0.0493464887868595,0.0494501833069966,
2023-05-15 16:00:00,0.04945,0.04975,0.04924,0.04939,89670350,4439449.78073,18261,45149581,2235395.54117,-0.0016171417020415,ARPA-USDT,0.0494631323180876,0.0494043919833098,-0.00037389
2023-05-15 17:00:00,0.04939,0.04988,0.04921,0.04979,103292533,5121258.19266,20430,55505829,2752564.72822,-0.0020044097013428,ARPA-USDT,0.0493122770566218,0.0493229794919447,
2023-05-15 18:00:00,0.04979,0.05058,0.04966,0.04973,152521716,7650710.13678,26257,81054233,4066335.48569,-0.0020068231988761,ARPA-USDT,0.0500451284831392,0.0502235325238424,
2023-05-15 19:00:00,0.04973,0.04995,0.04935,0.04972,83808174,4158850.20899,15881,42187194,2094118.68999,-0.0014059048001606,ARPA-USDT,0.0497512503753169,0.049722643560909,
2023-05-15 20:00:00,0.04972,0.05009,0.04923,0.04924,96920350,4813615.55821,17897,47379106,2353983.56776,-0.0018244475978106,ARPA-USDT,0.0499615584897314,0.0498798133827519,
2023-05-15 21:00:00,0.04924,0.04986,0.04911,0.04961,61809292,3059969.90763,13538,32286264,1598678.55707,-0.0018108651911469,ARPA-USDT,0.0493215006128365,0.0492712514451812,
2023-05-15 22:00:00,0.04962,0.04997,0.04939,0.04945,54419585,2704600.47731,11545,27096543,1346792.29384,-0.0018167137666531,ARPA-USDT,0.0496084117415126,0.0496094432148862,
2023-05-15 23:00:00,0.04945,0.04977,0.04929,0.0497,50714828,2511428.02332,11848,25819171,1278639.15201,-0.0020080321285139,ARPA-USDT,0.0494665898305467,0.0494186177307497,
2023-05-16 00:00:00,0.04971,0.05059,0.04938,0.05022,140945755,7040944.5164,24534,72024668,3599518.49656,-0.001987281399046,ARPA-USDT,0.0498075652916076,0.0497193912326918,-0.0003687
2023-05-16 01:00:00,0.05022,0.05049,0.0498,0.05015,134303625,6731820.37826,23094,64109529,3213799.37742,-0.0019900497512438,ARPA-USDT,0.050268232982926,0.0501264941640781,
2023-05-16 02:00:00,0.05015,0.051,0.04951,0.0501,119896950,6028120.79377,22294,63584063,3198283.38059,-0.0013952561291609,ARPA-USDT,0.0501707319263478,0.0501720831223597,
2023-05-16 03:00:00,0.05009,0.05078,0.04989,0.05024,78266846,3942339.67633,15452,35041319,1764906.15618,-0.0013913734843967,ARPA-USDT,0.0500242416132394,0.0499933113937664,
2023-05-16 04:00:00,0.05025,0.05037,0.04932,0.0495,110763242,5521463.10557,20424,56088544,2796648.08198,-0.0010090817356204,ARPA-USDT,0.0502749788519437,0.0502021636612452,
2023-05-16 05:00:00,0.0495,0.0495,0.04867,0.04879,124015690,6079439.75364,22628,58846557,2884899.16036,-0.0012282497441146,ARPA-USDT,0.0493515166631333,0.0492375406731793,
2023-05-16 06:00:00,0.04878,0.04935,0.04842,0.04933,89319940,4361101.11006,16277,43952524,2146534.81639,-0.001012555690563,ARPA-USDT,0.0488188575465931,0.048634352325112,
2023-05-16 07:00:00,0.04933,0.04946,0.04893,0.04928,67987561,3342431.78435,19279,32920149,1618297.70775,-0.0016207455429498,ARPA-USDT,0.0493657694607677,0.0493677383784051,
2023-05-16 08:00:00,0.04928,0.04942,0.04882,0.04927,74277358,3647691.74297,15275,37759369,1854296.35043,-0.0018233387358185,ARPA-USDT,0.0492288076932097,0.0490556917710994,-0.00026772
2023-05-16 09:00:00,0.04927,0.04949,0.04857,0.04871,77085720,3775133.3617,15916,39004517,1909995.29779,-0.0014350143501433,ARPA-USDT,0.0493741408901876,0.0493918982077533,
2023-05-16 10:00:00,0.04872,0.04906,0.04841,0.04867,66352890,3230135.0822,13977,35434713,1725366.0336,-0.0012312743689719,ARPA-USDT,0.0487868835081887,0.0488006925266857,
2023-05-16 11:00:00,0.04868,0.0489,0.0484,0.04851,62374848,3033930.53443,12171,33045165,1607440.69289,-0.0010296540362438,ARPA-USDT,0.048779851591052,0.0487546646171187,
2023-05-16 12:00:00,0.04851,0.04874,0.04811,0.04822,68268450,3305967.54257,15337,33509456,1622839.38853,-0.0012427506213753,ARPA-USDT,0.0486539175409988,0.0486519553605987,
2023-05-16 13:00:00,0.04822,0.0485,0.04808,0.04839,57584805,2780445.12982,13349,30868156,1490565.07105,-0.0010322047894301,ARPA-USDT,0.0482753646180391,0.0482076949779794,
2023-05-16 14:00:00,0.04839,0.0488,0.0482,0.04825,54455754,2640523.73911,12636,26627457,1291220.30321,-0.0016552865714876,ARPA-USDT,0.0483865938242657,0.0485481692011834,
2023-05-16 15:00:00,0.04826,0.04899,0.04807,0.04881,62799079,3045589.78638,14634,29926127,1450898.9385900002,-0.001840490797546,ARPA-USDT,0.0482779895692421,0.0483385405333026,
2023-05-16 16:00:00,0.04881,0.04969,0.04879,0.04885,101893377,5011001.69588,22742,49476806,2433476.36599,-0.0016349887594523,ARPA-USDT,0.0488832560086906,0.0490395208434926,-0.00012965
2023-05-16 17:00:00,0.04885,0.04904,0.04833,0.04877,75493027,3671468.1382,15183,36141264,1757739.16346,-0.0016376663254861,ARPA-USDT,0.0488198321147716,0.048734472224324,
2023-05-16 18:00:00,0.04877,0.04937,0.04876,0.0491,44631700,2188891.75612,10222,22433012,1100120.60309,-0.0020325203252032,ARPA-USDT,0.0488419704413352,0.0488172774284666,
2023-05-16 19:00:00,0.04911,0.04922,0.04856,0.04879,39755081,1943080.23994,8978,18630257,910504.92527,-0.0014326647564469,ARPA-USDT,0.0491603100761533,0.0490850144671619,
2023-05-16 20:00:00,0.0488,0.04893,0.04833,0.04835,38880326,1891224.06132,9140,18847688,916765.83661,-0.0016518686764402,ARPA-USDT,0.0487368952168215,0.0486566276592478,
2023-05-16 21:00:00,0.04835,0.04867,0.0482,0.04862,32330245,1564272.17512,7889,15890094,768815.20401,-0.0010273268954181,ARPA-USDT,0.0483496735004575,0.0483422884182896,
2023-05-16 22:00:00,0.04863,0.04888,0.0485,0.04872,34469854,1679545.69842,7889,17662496,860406.94554,-0.0014347202295552,ARPA-USDT,0.0486674037078858,0.0487050991363064,
2023-05-16 23:00:00,0.04871,0.04907,0.04859,0.0488,32447224,1585519.39141,8441,17374937,848935.98702,-0.0016366612111292,ARPA-USDT,0.0486663445574851,0.0486948950797456,
2023-05-17 00:00:00,0.04879,0.04904,0.04811,0.04895,53295807,2590173.99286,13780,25870322,1257181.03905,-0.0012242399510303,ARPA-USDT,0.048802042260033,0.0487075065811828,-0.00035068
2023-05-17 01:00:00,0.04895,0.0499,0.04864,0.0491,76635632,3768466.99429,17952,39380456,1938622.32425,-0.0016266775111835,ARPA-USDT,0.0490365598680911,0.0491561831893034,
2023-05-17 02:00:00,0.04911,0.04948,0.04883,0.04906,32816154,1613619.14239,9962,15786607,776399.79641,-0.0020341741253051,ARPA-USDT,0.0491114530924218,0.0492172143149269,
2023-05-17 03:00:00,0.04907,0.04941,0.04876,0.04891,29457738,1446153.66198,8387,14980618,735532.62308,-0.0010212418300652,ARPA-USDT,0.049169246847107,0.0492136311361434,
2023-05-17 04:00:00,0.04892,0.04923,0.04863,0.04922,32707041,1600871.65641,8761,16429685,804213.29917,-0.0010148163182464,ARPA-USDT,0.0489295457104601,0.0487992784194975,
2023-05-17 05:00:00,0.04922,0.04928,0.04825,0.04829,33813974,1646635.32138,8848,15210298,740582.91149,-0.0008276432857438,ARPA-USDT,0.0492289111579508,0.0490705940625868,
2023-05-17 06:00:00,0.04828,0.04837,0.04801,0.0481,42592682,2052887.3319,10999,21507706,1036728.85809,-0.0016604400166044,ARPA-USDT,0.0482790596902135,0.0482092652112459,
2023-05-17 07:00:00,0.04809,0.04811,0.04756,0.0478,78471303,3752337.87687,16913,38442349,1838488.26493,-0.0018793067446231,ARPA-USDT,0.0480563806579333,0.047931102158377,
2023-05-17 08:00:00,0.0478,0.04799,0.04729,0.04762,55138543,2627518.0308,13872,26433998,1260406.26422,-0.0014678129586915,ARPA-USDT,0.0477299859706823,0.0476506524184665,-6.156e-05
2023-05-17 09:00:00,0.04762,0.04795,0.04743,0.04781,42425276,2021961.47335,10749,23183844,1105133.36859,-0.0012533946104033,ARPA-USDT,0.0475805233636763,0.0475537188308665,
2023-05-17 10:00:00,0.04781,0.04787,0.04736,0.04754,36676217,1743566.18764,8373,19972453,949482.45894,-0.001679966400672,ARPA-USDT,0.0478129094178805,0.0477101750194314,
2023-05-17 11:00:00,0.04754,0.04793,0.04733,0.04767,53202572,2533594.78402,11093,28177284,1341921.2836,-0.001466275659824,ARPA-USDT,0.0474758519012906,0.0474409558841617,
2023-05-17 12:00:00,0.04767,0.04808,0.0475,0.04767,39538914,1891132.83717,8851,21388754,1023100.7779,-0.001257071024513,ARPA-USDT,0.0477870126696787,0.0478870820563487,
2023-05-17 13:00:00,0.04768,0.04998,0.04765,0.04908,155822773,7632239.18524,31912,76040396,3724061.08958,-0.0024390243902439,ARPA-USDT,0.0476964043756599,0.0477087235012093,
2023-05-17 14:00:00,0.04909,0.04936,0.04824,0.04901,117654489,5746034.4443500005,23488,60837541,2971409.05343,-0.001629659808515,ARPA-USDT,0.0490676852800027,0.0489956337244411,
2023-05-17 15:00:00,0.04901,0.04941,0.04806,0.04821,65425858,3187790.09611,14366,29958362,1460112.25051,-0.0008290155440414,ARPA-USDT,0.049203128324543,0.0491966752813778,
2023-05-17 16:00:00,0.0482,0.04988,0.04765,0.04933,104884661,5094357.97482,22597,55876072,2715144.01843,-0.001417004048583,ARPA-USDT,0.0481349653766162,0.0480008020014888,-0.00023106
2023-05-17 17:00:00,0.04933,0.0505,0.04915,0.0496,123646469,6152198.73394,26270,65219726,3245346.13623,-0.0016103059581321,ARPA-USDT,0.0495285605416774,0.0501031009681778,
2023-05-17 18:00:00,0.04959,0.04968,0.04903,0.04919,62972885,3106625.19705,12647,29562781,1458326.94904,-0.0010154346060113,ARPA-USDT,0.0494897882406998,0.0495552561904499,
2023-05-17 19:00:00,0.04918,0.0506,0.04904,0.0498,81800116,4095476.83639,18827,37116524,1857526.35541,-0.0006020469596629,ARPA-USDT,0.0491065256357306,0.0491831044850722,
2023-05-17 20:00:00,0.04979,0.05075,0.04974,0.04984,56683753,2844918.61491,12982,29380488,1474236.4504,0.0,ARPA-USDT,0.0498328195904847,0.0500390185347875,
2023-05-17 21:00:00,0.04983,0.05054,0.04946,0.05024,44005349,2200585.25798,10556,21236549,1062140.52732,-0.0013913734843967,ARPA-USDT,0.0498121665076028,0.0497101893820712,
2023-05-17 22:00:00,0.05024,0.05055,0.04984,0.05019,51624048,2591534.56694,9672,26332803,1322449.8935,-0.0007963368504877,ARPA-USDT,0.0503597189400601,0.0502889703802374,
2023-05-17 23:00:00,0.05019,0.05036,0.04974,0.05021,30632469,1532756.51044,6577,14791344,740044.63034,-0.0005971337579617,ARPA-USDT,0.0501336552010572,0.0501737800699635,
2023-05-18 00:00:00,0.05021,0.05032,0.04943,0.04948,41079637,2045397.48328,10289,18611217,926821.59304,-0.0008077544426493,ARPA-USDT,0.0502620683001942,0.0499996455039272,-0.00022511
2023-05-18 01:00:00,0.04949,0.04964,0.04885,0.04898,37535549,1848018.1316,8721,14815312,729590.11478,-0.001427115188583,ARPA-USDT,0.0495545114366898,0.0494851083200728,
2023-05-18 02:00:00,0.04898,0.04917,0.04877,0.04888,27555495,1348996.27164,6774,13584965,665127.67895,-0.0014300306435137,ARPA-USDT,0.0490154169479442,0.0490021706872284,
2023-05-18 03:00:00,0.04889,0.04903,0.04863,0.0489,27472056,1341989.86989,7047,13046189,637368.90547,-0.0010214504596527,ARPA-USDT,0.0489198092962152,0.0489132305586189,
2023-05-18 04:00:00,0.04891,0.04902,0.04866,0.04871,18334421,894335.99883,5315,9306047,453893.97776,-0.0012302645068689,ARPA-USDT,0.0489539030468188,0.0488647335868894,
2023-05-18 05:00:00,0.0487,0.04877,0.04841,0.04844,25161089,1223424.33074,6825,13416757,652452.64387,-0.0014430014430014,ARPA-USDT,0.048681681943967,0.048657403013809,
2023-05-18 06:00:00,0.04845,0.04853,0.04782,0.04803,40277884,1938190.45914,9814,20822390,1001897.59677,-0.0010399334442594,ARPA-USDT,0.0484981429149297,0.0484545618264313,
2023-05-18 07:00:00,0.04803,0.04821,0.0478,0.04797,31885439,1530603.81067,8547,15153137,727550.05968,-0.0014571190674438,ARPA-USDT,0.0480277646127094,0.0480245274279782,
2023-05-18 08:00:00,0.04797,0.04828,0.04771,0.0481,32077621,1539389.69674,8729,16505187,792372.64582,-0.0010384215991693,ARPA-USDT,0.0479586034383456,0.0478589278124676,-0.00043088
2023-05-18 09:00:00,0.0481,0.04814,0.0478,0.04794,23125723,1110213.98779,6664,10217546,490563.4125,-0.0016659725114535,ARPA-USDT,0.0480771968482436,0.048049490523899,
2023-05-18 10:00:00,0.04795,0.0488,0.0478,0.04816,40120121,1933275.22126,9356,23673182,1141159.66568,-0.0014513788098693,ARPA-USDT,0.0479557527059147,0.0479693284238118,
2023-05-18 11:00:00,0.04816,0.04823,0.04795,0.04819,22647891,1089391.21819,5970,11307354,543929.22296,-0.0014504765851637,ARPA-USDT,0.0481093805133884,0.0481342825275615,
2023-05-18 12:00:00,0.04818,0.04847,0.04806,0.04821,29722357,1434247.00505,8486,14467460,698182.17169,-0.0010360547036882,ARPA-USDT,0.0481038980780584,0.0481894608244173,
2023-05-18 13:00:00,0.0482,0.04839,0.04786,0.04829,33813994,1628923.2502,8599,18514741,892044.86575,-0.0014474772539289,ARPA-USDT,0.0481687645109678,0.0482492332777672,
2023-05-18 14:00:00,0.04829,0.04899,0.04816,0.04884,56900065,2766651.3077,13250,28832350,1401918.39544,-0.0006138735420502,ARPA-USDT,0.048297087207974,0.0482390712853769,
2023-05-18 15:00:00,0.04884,0.04913,0.04851,0.04878,48549525,2367975.30873,11894,24169463,1178819.78414,-0.0010239606799099,ARPA-USDT,0.0489694073711102,0.0489260969720348,
2023-05-18 16:00:00,0.04879,0.04923,0.04865,0.04906,35933603,1758708.30282,9495,16515981,808273.86793,-0.0008146639511201,ARPA-USDT,0.0487366258332716,0.0488014392221519,-0.00034241
2023-05-18 17:00:00,0.04906,0.04948,0.04813,0.04855,72078641,3525485.89178,17646,35611442,1742641.0407,-0.0012343139271754,ARPA-USDT,0.0491465812821737,0.0491778193639849,
2023-05-18 18:00:00,0.04855,0.04926,0.04793,0.04819,99663748,4848198.25653,20531,48291322,2348922.99828,-0.0010364842454394,ARPA-USDT,0.0485115785886535,0.0487341856417956,
2023-05-18 19:00:00,0.0482,0.04878,0.04802,0.04854,69437366,3361506.082,12391,34580190,1673599.26425,-0.0008233841086866,ARPA-USDT,0.0481094659983816,0.0482478576053478,
2023-05-18 20:00:00,0.04853,0.04859,0.04789,0.04829,42286348,2038745.05961,8323,20752092,1000224.6163,-0.0016539177175936,ARPA-USDT,0.0483785772164383,0.0483567840905554,
2023-05-18 21:00:00,0.0483,0.04884,0.04811,0.04873,28481535,1380368.4461,6945,11992065,580509.77563,-0.0010250102501023,ARPA-USDT,0.0482720728472389,0.0482479596339254,
2023-05-18 22:00:00,0.04873,0.04899,0.04851,0.04861,19056034,928220.04267,6356,9330078,454486.78539,-0.0012327922745016,ARPA-USDT,0.048751335796598,0.0487541705310042,
2023-05-18 23:00:00,0.04861,0.04898,0.0482,0.0489,43670098,2123687.54214,11143,22173120,1078735.47603,-0.0016333197223357,ARPA-USDT,0.0486249018230786,0.0485943190085431,
2023-05-19 00:00:00,0.04889,0.04991,0.04862,0.04941,60852278,3002740.17953,15770,31614587,1560025.27073,-0.0014147130153597,ARPA-USDT,0.0487276508550136,0.0488777995981237,-0.0004279
2023-05-19 01:00:00,0.04942,0.04968,0.04875,0.04909,48357851,2377205.41591,12965,23834145,1171554.69973,-0.0014239218877135,ARPA-USDT,0.0495719186454226,0.0495256104571457,
2023-05-19 02:00:00,0.0491,0.04998,0.04898,0.04973,51921348,2569879.87311,14631,29311815,1451385.43196,-0.0014056224899596,ARPA-USDT,0.0490834923720085,0.0491001756937194,
2023-05-19 03:00:00,0.04973,0.05089,0.04952,0.05032,112664392,5670105.55959,26241,56012804,2819400.18341,-0.0013891645167691,ARPA-USDT,0.0496833601152839,0.0497555857567749,
2023-05-19 04:00:00,0.05033,0.0535,0.05018,0.05225,421431137,22020746.93561,98461,223393154,11668864.81685,-0.0049514378213674,ARPA-USDT,0.0502470513432482,0.0502598890298093,
2023-05-19 05:00:00,0.05224,0.05369,0.05191,0.05254,398181613,21020219.06242,80164,194996452,10298915.30952,-0.0034142640364187,ARPA-USDT,0.0521126946268225,0.0522882527863914,
2023-05-19 06:00:00,0.05254,0.0535,0.05211,0.0532,305061970,16128573.51468,51982,151377731,8003462.08424,-0.00374531835206,ARPA-USDT,0.0522675186852299,0.0523187463495071,
2023-05-19 07:00:00,0.05321,0.05358,0.05236,0.05338,320297405,16985878.62738,54323,165764602,8792874.3017,-0.005403391093721,ARPA-USDT,0.053256006292474,0.0533370010424016,
2023-05-19 08:00:00,0.05339,0.0534,0.0522,0.05229,354387788,18656930.52195,62269,171745285,9044197.87235,-0.0026702269692923,ARPA-USDT,0.0529811830546488,0.0529014579340519,-0.00255669
2023-05-19 09:00:00,0.0523,0.05312,0.05226,0.05241,239409818,12586122.3,45532,121435298,6385511.29153,-0.0030435609663306,ARPA-USDT,0.0524143250620527,0.0523624372286301,
2023-05-19 10:00:00,0.05242,0.05259,0.05153,0.05208,233176659,12115511.71974,42450,114086795,5929001.12146,-0.0032535885167463,ARPA-USDT,0.0525242334680411,0.0524004132890614,
2023-05-19 11:00:00,0.05208,0.05237,0.05132,0.05165,177994613,9201177.07866,33758,83802299,4332459.65264,-0.0025106218617226,ARPA-USDT,0.0522321835915217,0.0519736431898956,
2023-05-19 12:00:00,0.05164,0.05252,0.05143,0.05216,174305730,9050989.71194,35588,91334641,4743717.48085,-0.002104457623876,ARPA-USDT,0.0517449371173889,0.0515947416685855,
2023-05-19 13:00:00,0.05217,0.05272,0.05172,0.05184,181589492,9479226.99944,38635,87260532,4556220.28831,-0.0021174205967277,ARPA-USDT,0.0523026599435032,0.0522533200704814,
2023-05-19 14:00:00,0.05184,0.05232,0.05168,0.05222,142348891,7413121.18928,30265,72318952,3766461.14878,-0.001338688085676,ARPA-USDT,0.05196071625638,0.0518695842999965,
2023-05-19 15:00:00,0.05221,0.05255,0.05101,0.05119,241332005,12497140.42165,53899,124478110,6447699.82009,-0.000975800156128,ARPA-USDT,0.0523200516227821,0.052348193833604,
2023-05-19 16:00:00,0.0512,0.05143,0.05044,0.05047,132169677,6727477.01789,29586,63986227,3257692.66958,-0.0011874134177716,ARPA-USDT,0.0512812725961613,0.0511907517993204,-0.00114452
2023-05-19 17:00:00,0.05046,0.05088,0.05033,0.05036,81261020,4110719.94433,18650,40318408,2039972.69816,-0.0007936507936507,ARPA-USDT,0.0504571006267869,0.0504499309353045,
2023-05-19 18:00:00,0.05036,0.05047,0.04954,0.04954,81305875,4066756.92822,20569,35087719,1755624.6133,-0.0020145044319096,ARPA-USDT,0.0503868122944506,0.0504013417705649,
2023-05-19 19:00:00,0.04955,0.04975,0.04932,0.04949,70889059,3510474.03668,16230,38502352,1906761.26266,-0.0012108980827446,ARPA-USDT,0.0496600892222,0.0496524349890974,
2023-05-19 20:00:00,0.04949,0.05054,0.04949,0.04981,138224346,6916391.48758,27877,69199731,3461697.94192,-0.0010028078620136,ARPA-USDT,0.0495793551200357,0.0497853976921438,
2023-05-19 21:00:00,0.04981,0.05017,0.04981,0.04996,35776009,1788365.92649,9242,16721196,835788.63752,-0.000999800039992,ARPA-USDT,0.0498948174067757,0.0499205665007367,
2023-05-19 22:00:00,0.04997,0.05019,0.04981,0.04989,38430030,1921953.43565,9938,18289967,914794.65744,-0.0008011215701984,ARPA-USDT,0.050065823632035,0.0501081820856706,
2023-05-19 23:00:00,0.04989,0.05005,0.04975,0.04985,33145880,1654462.76525,7840,15846209,791008.34915,-0.0014022435897436,ARPA-USDT,0.0499817671698388,0.0499664392822691,
2023-05-20 00:00:00,0.04985,0.05006,0.0491,0.04914,49418194,2449488.48972,13520,21043478,1044081.72789,-0.0014224751066854,ARPA-USDT,0.049859047771023,0.0499119939660292,-0.00059187
2023-05-20 01:00:00,0.04914,0.0499,0.0489,0.04937,91573403,4512341.25993,18617,52539184,2590499.80071,-0.0016177957532862,ARPA-USDT,0.0491652516315786,0.0490962397999925,
2023-05-20 02:00:00,0.04937,0.04955,0.04893,0.04895,34215115,1683931.78095,9691,15426583,759658.34481,-0.0018352365415986,ARPA-USDT,0.0493656303652372,0.0494404234876956,
2023-05-20 03:00:00,0.04896,0.04907,0.04892,0.04893,17582823,861229.92943,6181,8765963,429393.40968,-0.0012247397428045,ARPA-USDT,0.049020179512367,0.0490112496972349,
2023-05-20 04:00:00,0.04894,0.04927,0.04869,0.04924,44322331,2167816.96998,11010,21544847,1054286.51414,-0.0012170385395536,ARPA-USDT,0.0489749358919695,0.0489669252056105,
2023-05-20 05:00:00,0.04924,0.04926,0.04863,0.04891,38505007,1880107.68915,10286,18171518,887293.4334,-0.0014291547570437,ARPA-USDT,0.0490699198524808,0.0489817156350736,
2023-05-20 06:00:00,0.04891,0.04922,0.04882,0.04912,37043631,1816134.28812,11079,19969061,979116.36919,-0.0018288965657387,ARPA-USDT,0.0488802885866056,0.0489240936698431,
2023-05-20 07:00:00,0.04911,0.04968,0.04906,0.04933,47601782,2350613.2995,13765,26445749,1306029.48701,-0.0016191054442421,ARPA-USDT,0.0490875740210723,0.0491390157705929,
2023-05-20 08:00:00,0.04934,0.04975,0.04932,0.04954,36375921,1802859.65503,11175,18280115,906042.00546,-0.0012096774193547,ARPA-USDT,0.0493488072140168,0.0494727643849238,-0.00069683
2023-05-20 09:00:00,0.04954,0.04997,0.04919,0.04956,66985426,3318270.29543,15552,28531766,1414107.77628,-0.0012091898428052,ARPA-USDT,0.0495011184514207,0.0495085449975687,
2023-05-20 10:00:00,0.04956,0.04987,0.04955,0.04983,24538757,1219726.47881,7765,12915958,642037.76237,-0.0014028056112224,ARPA-USDT,0.0495734138892129,0.0495843710842402,
2023-05-20 11:00:00,0.04984,0.05176,0.04966,0.0515,141016980,7160065.46787,32322,76134220,3862939.02983,-0.0017445241325838,ARPA-USDT,0.0498745841572702,0.0498571512800395,
2023-05-20 12:00:00,0.05151,0.05449,0.0515,0.05268,622402900,33181059.95284,141107,310140881,16533184.179,-0.0013270142180095,ARPA-USDT,0.0519155094909293,0.0522696044054886,
2023-05-20 13:00:00,0.05268,0.05374,0.0526,0.05307,212517833,11318491.09114,45062,108210954,5762433.51823,-0.0011293054771315,ARPA-USDT,0.0527452330751506,0.0530143263099951,
2023-05-20 14:00:00,0.05307,0.05375,0.05276,0.05343,139680250,7439721.76586,30344,74218597,3953784.36196,-0.0005611672278339,ARPA-USDT,0.0532413189553773,0.0530224961221218,
2023-05-20 15:00:00,0.05342,0.05685,0.05338,0.05552,649325154,36051367.23043,133676,338082274,18758491.10377,-0.0016184139543247,ARPA-USDT,0.0535346628192726,0.0534926848647588,
2023-05-20 16:00:00,0.05552,0.05658,0.05481,0.05514,553487907,30868487.16242,118457,282851384,15778219.92826,-0.0019909502262442,ARPA-USDT,0.0558455979130413,0.0560935179225577,-0.00069295
2023-05-20 17:00:00,0.05514,0.05567,0.05487,0.05533,258077928,14251136.3043,57736,132528236,7319822.51223,-0.0010832280194982,ARPA-USDT,0.0553344692890896,0.0552668454512162,
2023-05-20 18:00:00,0.05534,0.0568,0.05533,0.05614,343597750,19315477.02239,84482,177498324,9976970.98544,-0.0012453300124533,ARPA-USDT,0.0556626068170209,0.0557853421850009,
2023-05-20 19:00:00,0.05613,0.05614,0.05495,0.05513,221685266,12298633.90191,51848,107290438,5953491.8278,-0.0009061254077564,ARPA-USDT,0.055847407680775,0.0556839969933587,
2023-05-20 20:00:00,0.05513,0.05515,0.05441,0.05459,170078305,9326407.57777,38191,86288425,4733158.32578,-0.0003662332906061,ARPA-USDT,0.0550107789434163,0.0549733356293409,
2023-05-20 21:00:00,0.05458,0.05472,0.05415,0.05456,158975497,8652639.298109999,32904,83062388,4521906.13063,-0.0012813472451034,ARPA-USDT,0.0544676639407537,0.0544074591799099,
2023-05-20 22:00:00,0.05457,0.05509,0.05435,0.05454,100705724,5500814.10513,22715,51184842,2796931.06743,-0.00164744645799,ARPA-USDT,0.0547170978655931,0.0546712903899953,
2023-05-20 23:00:00,0.05454,0.05476,0.05419,0.05456,109266082,5947499.4977400005,23714,57434551,3127007.55886,-0.0010984987184182,ARPA-USDT,0.0543173987797249,0.0543496605372916,
2023-05-21 00:00:00,0.05456,0.05611,0.05402,0.05526,215812386,11830287.48219,44169,116922594,6414501.95428,-0.0009039956608208,ARPA-USDT,0.054339314231409,0.0544011593826007,-0.00065306
2023-05-21 01:00:00,0.05525,0.05625,0.05499,0.05514,184539801,10252138.13063,43303,90722997,5042881.53964,-0.0016295491580662,ARPA-USDT,0.0550986803492882,0.0552441403843481,
2023-05-21 02:00:00,0.05514,0.05588,0.05502,0.05545,122047175,6779884.32583,28030,61694673,3427441.27748,-0.0019798416126709,ARPA-USDT,0.0551147558312594,0.0552016822186065,
2023-05-21 03:00:00,0.05545,0.05591,0.05519,0.05531,115480852,6409424.09911,26709,55115965,3059814.46816,-0.0018047283883776,ARPA-USDT,0.0553562378014233,0.0553610869383202,
2023-05-21 04:00:00,0.05532,0.05532,0.05442,0.05452,148640314,8138758.4753,31890,69988868,3831113.59842,-0.0016480498077274,ARPA-USDT,0.05526010148508,0.0551677861497793,
2023-05-21 05:00:00,0.05452,0.05462,0.054,0.05421,113313337,6150460.3042,25343,57311379,3111210.97694,-0.0014735678762202,ARPA-USDT,0.054562114336975,0.0544618547854029,
2023-05-21 06:00:00,0.05422,0.05467,0.05381,0.05396,137989083,7481843.79586,28164,73552821,3990399.1203,-0.0014803849000739,ARPA-USDT,0.0542644244095397,0.054265308204525,
2023-05-21 07:00:00,0.05397,0.05421,0.0536,0.05391,99674486,5372257.06822,20018,47237063,2547108.89669,-0.00129677658392,ARPA-USDT,0.0541274392289853,0.0541287372345021,
2023-05-21 08:00:00,0.05392,0.05475,0.05391,0.05444,153300689,8334299.129050001,30600,84205249,4577646.7169,-0.0020164986251145,ARPA-USDT,0.0540065588714621,0.0540711269510631,-0.00070506
2023-05-21 09:00:00,0.05444,0.05478,0.05419,0.05447,116261897,6332707.12017,22206,60259051,3282937.97187,-0.0014665444546287,ARPA-USDT,0.0544394590075335,0.0545013717530333,
2023-05-21 10:00:00,0.05448,0.05473,0.05434,0.05455,115916450,6322969.4835,23782,60181612,3283137.27325,-0.0009157509157509,ARPA-USDT,0.0545228170712899,0.0545944563859601,
2023-05-21 11:00:00,0.05455,0.05472,0.0538,0.05417,153226348,8317118.72078,30738,75913730,4121395.02685,-0.00147465437788,ARPA-USDT,0.0546593589273776,0.0545850797156179,
2023-05-21 12:00:00,0.05416,0.05565,0.054,0.0549,186321591,10207772.90882,36762,106223298,5821648.60251,-0.0014550745725718,ARPA-USDT,0.0542622373046679,0.0543097234313476,
2023-05-21 13:00:00,0.05489,0.05594,0.05465,0.05569,161644171,8962665.58199,37738,84475855,4684062.38598,-0.0007177462766911,ARPA-USDT,0.0547880069554926,0.0547662048175534,
2023-05-21 14:00:00,0.05568,0.05875,0.05563,0.05741,596130324,34190953.18942,131624,321783188,18451113.93065,-0.0017388280299077,ARPA-USDT,0.055706239400963,0.0561076376616304,
2023-05-21 15:00:00,0.05741,0.0587,0.05727,0.05745,435854196,25220330.28029,99463,224087403,12969577.56186,-0.0005219206680584,ARPA-USDT,0.0575192354865792,0.0578292446356531,
2023-05-21 16:00:00,0.05743,0.0579,0.05636,0.05646,279634667,15930433.36816,58726,139526407,7950430.51592,-0.0010615711252653,ARPA-USDT,0.0572224798650495,0.0571643957713777,-0.00094952
2023-05-21 17:00:00,0.05645,0.05666,0.05606,0.05621,149034159,8396131.47434,35439,76318720,4300820.39416,-0.0012437810945272,ARPA-USDT,0.0563669783008608,0.0563534282658078,
2023-05-21 18:00:00,0.05622,0.05811,0.05605,0.05672,173264403,9812236.96602,38611,96399424,5462467.84148,-0.0021111893033075,ARPA-USDT,0.0561382336987404,0.056241879886873,
2023-05-21 19:00:00,0.05671,0.05715,0.05631,0.05692,129205851,7328699.52483,27932,64622578,3666059.92401,-0.0015786704087001,ARPA-USDT,0.0565345329582693,0.0564933399279233,
2023-05-21 20:00:00,0.05692,0.057,0.05613,0.05614,96676295,5472376.23344,19571,43733776,2476321.91183,-0.0016005690912324,ARPA-USDT,0.0567818822979497,0.0568220858482364,
2023-05-21 21:00:00,0.05613,0.05634,0.0558,0.05614,101467292,5684737.20754,22173,54931254,3077970.24806,-0.0012453300124533,ARPA-USDT,0.0561886119915695,0.0561268550139993,
2023-05-21 22:00:00,0.05614,0.0565,0.05588,0.05629,65587681,3687122.17662,16051,34344016,1930914.89585,-0.0014191946070605,ARPA-USDT,0.0560455996685967,0.0560073284388315,
2023-05-21 23:00:00,0.05629,0.05629,0.05572,0.05591,63890023,3574027.73472,14632,30195889,1689501.71022,-0.0012504465880671,ARPA-USDT,0.0560897274018593,0.0560217617512557,
2023-05-22 00:00:00,0.0559,0.05637,0.0551,0.05565,141530501,7883974.46686,29013,73710714,4106627.76703,-0.0017937219730942,ARPA-USDT,0.0557894457841401,0.0559653766481028,-0.0008732
2023-05-22 01:00:00,0.05565,0.05588,0.05503,0.05557,108285308,5998744.20983,24524,57023405,3159383.70185,-0.0019755747126436,ARPA-USDT,0.0555508040392381,0.0555117789527038,
2023-05-22 02:00:00,0.05557,0.057,0.05547,0.05659,133527977,7521246.36348,36873,73873063,4162069.28854,-0.0021160289190619,ARPA-USDT,0.0555480468009595,0.0556612625514195,
2023-05-22 03:00:00,0.05659,0.05765,0.05618,0.05743,185206835,10553202.65186,49567,102111022,5820892.83347,-0.0048518454340668,ARPA-USDT,0.0563954727667143,0.0564883512765217,
2023-05-22 04:00:00,0.05743,0.05785,0.05661,0.05666,265032917,15205044.1539,65044,129041425,7406974.15881,-0.0031667839549612,ARPA-USDT,0.0571620801705373,0.0575132738689987,
2023-05-22 05:00:00,0.05667,0.05776,0.05654,0.05758,183489101,10495226.04129,42717,98066610,5609931.57848,-0.0051831375259157,ARPA-USDT,0.0566097052760082,0.0567338349031891,
2023-05-22 06:00:00,0.05758,0.05996,0.05753,0.05868,823507512,48542869.61153,175967,433280992,25543271.84158,-0.0193850267379678,ARPA-USDT,0.0575637683120508,0.057794383300461,
2023-05-22 07:00:00,0.05867,0.0606,0.0586,0.05982,764231834,45542052.10036,157633,416289416,24815981.66365,-0.0038301415487094,ARPA-USDT,0.0588598667998162,0.0589581233022201,
2023-05-22 08:00:00,0.05987,0.06017,0.0586,0.05939,657296022,39018615.67089,132632,311415139,18494497.09889,-0.0116491928773506,ARPA-USDT,0.0594272324956555,0.059675418773845,-0.00644852
2023-05-22 09:00:00,0.0594,0.06097,0.0594,0.05977,556420489,33459003.67534,102956,269573069,16215283.88355,-0.0058216899534265,ARPA-USDT,0.0597296718775183,0.0597975940036225,
2023-05-22 10:00:00,0.05976,0.06,0.05902,0.05941,339673893,20211135.95216,72791,173191315,10307615.65525,-0.0065217391304348,ARPA-USDT,0.0598491949864468,0.0597972287920265,
2023-05-22 11:00:00,0.05942,0.05994,0.05919,0.05939,226642806,13498687.14778,49141,114285388,6806898.83435,-0.0040248197216167,ARPA-USDT,0.0595779721334439,0.0595501665870012,
2023-05-22 12:00:00,0.05938,0.05951,0.05864,0.0587,316033997,18644843.70891,60258,158684826,9363725.22633,-0.0023793337865397,ARPA-USDT,0.0594076150762582,0.0592950152151462,
2023-05-22 13:00:00,0.0587,0.06095,0.05854,0.06,544867776,32550291.53122,112752,284029943,16966634.0096,-0.0092470277410833,ARPA-USDT,0.0588265314852071,0.0588319865978001,
2023-05-22 14:00:00,0.06001,0.06069,0.05944,0.05998,367350038,22016237.38731,80906,189935210,11384981.86568,-0.0019966722129783,ARPA-USDT,0.06037660810369,0.0602582001420848,
2023-05-22 15:00:00,0.05998,0.06263,0.05969,0.06233,806112508,49435531.30083,163277,449856159,27595907.20082,-0.0063765343535786,ARPA-USDT,0.0601122297801178,0.059888317325993,
2023-05-22 16:00:00,0.06234,0.06385,0.06184,0.06214,1046051719,65538674.06373,171684,535101638,33546262.63845,-0.0062370062370062,ARPA-USDT,0.0623376580957893,0.0624598064644177,-0.00366142
2023-05-22 17:00:00,0.06213,0.06335,0.06195,0.06238,498727457,31223379.9738,101122,257108502,16097992.56256,-0.0084247337466221,ARPA-USDT,0.0622881535892824,0.0622953855445325,
2023-05-22 18:00:00,0.06237,0.0633,0.06187,0.0625,325232482,20313878.60049,72080,168227509,10509855.03693,-0.0044600191143676,ARPA-USDT,0.0627700616727412,0.0629257723673537,
2023-05-22 19:00:00,0.0625,0.06257,0.06189,0.06212,166058499,10326666.213,36235,83471447,5191427.25712,-0.0030492697801315,ARPA-USDT,0.0623624145565962,0.0623452746472243,
2023-05-22 20:00:00,0.06211,0.0622,0.06154,0.06189,181246806,11200271.65491,37029,94051945,5812892.54119,-0.0028999516674722,ARPA-USDT,0.0619799502647097,0.0620431022951503,
2023-05-22 21:00:00,0.06188,0.06368,0.06167,0.06205,353664101,22111092.05704,76185,189822246,11868022.506,-0.0043324775353016,ARPA-USDT,0.0617588296452765,0.0618024959503491,
2023-05-22 22:00:00,0.06206,0.06232,0.06171,0.06209,186172524,11530158.73514,38807,100069941,6198689.06936,-0.0032107882485149,ARPA-USDT,0.0619081144046625,0.0618643591180926,
2023-05-22 23:00:00,0.0621,0.06287,0.06199,0.06284,231068580,14419855.04355,47567,130720188,8158056.26911,-0.0039625931209383,ARPA-USDT,0.0621628053557485,0.0622174162777105,
2023-05-23 00:00:00,0.06285,0.0632,0.06157,0.0625,421247465,26204369.40033,75750,211580414,13165349.87084,-0.0126382306477091,ARPA-USDT,0.0622264211422649,0.0621707809760344,-0.00412847
2023-05-23 01:00:00,0.0625,0.06342,0.06202,0.06206,296528769,18572952.1631,63627,149215462,9347478.13542,-0.0106806950422444,ARPA-USDT,0.0624266208558555,0.0623678354945898,
2023-05-23 02:00:00,0.06205,0.06217,0.0611,0.06158,226876462,13969439.80452,46283,112364402,6919475.90057,-0.0062933677585927,ARPA-USDT,0.0620537375949402,0.0620046282375819,
2023-05-23 03:00:00,0.06158,0.0651,0.06149,0.06353,557249250,35410848.46857,109450,315735317,20075067.92357,-0.0032946344524631,ARPA-USDT,0.0617755801642809,0.0616316005570299,
2023-05-23 04:00:00,0.06355,0.0686,0.06341,0.06534,652327709,43237003.65243,144234,363348568,24087273.53595,-0.0028994353731116,ARPA-USDT,0.0638322807473868,0.0647452832351001,
2023-05-23 05:00:00,0.06534,0.06537,0.06437,0.06462,140673577,9122239.94909,35735,68005441,4410238.66253,-0.002315886984715,ARPA-USDT,0.0650313072337694,0.0650089254334799,
2023-05-23 06:00:00,0.06461,0.06566,0.06436,0.06508,234491402,15262379.18271,60793,125841091,8191904.366,-0.0024524831391785,ARPA-USDT,0.0646189505343254,0.0650203768400164,
2023-05-23 07:00:00,0.06509,0.06674,0.06509,0.06632,284129195,18732554.76061,73334,154995203,10219583.85404,-0.0027067669172932,ARPA-USDT,0.0652153604876241,0.0652272711333702,
2023-05-23 08:00:00,0.06632,0.06915,0.06597,0.06784,752532654,50939742.17882,172242,395764355,26805274.86593,-0.008187134502924,ARPA-USDT,0.0664072573931556,0.0667477303066406,-0.00304796
2023-05-23 09:00:00,0.06784,0.0683,0.06641,0.06715,305273626,20444395.28732,73575,155512925,10415078.54514,-0.0069506063294882,ARPA-USDT,0.067943268751833,0.0674915704663889,
2023-05-23 10:00:00,0.06715,0.06767,0.06614,0.06651,228646281,15244771.55831,56809,113511367,7568218.02369,-0.0041922443479562,ARPA-USDT,0.0673315757310206,0.0674571816502798,
2023-05-23 11:00:00,0.06651,0.06725,0.06625,0.06636,178969552,11944309.70889,48624,90584497,6047238.34849,-0.003154574132492,ARPA-USDT,0.0663043722149557,0.0663066681633726,
2023-05-23 12:00:00,0.06636,0.06669,0.06568,0.06592,212250835,14027851.31821,52614,103182417,6820508.55239,-0.0015146925174187,ARPA-USDT,0.0664692004831576,0.0664690023452831,
2023-05-23 13:00:00,0.06592,0.06644,0.06531,0.06537,192662024,12707758.83997,50328,96385437,6359804.94765,-0.0006115272894052,ARPA-USDT,0.0659453621285576,0.0660058650989096,
2023-05-23 14:00:00,0.06538,0.06571,0.0652,0.06532,142927357,9356142.11542,41651,75633392,4952176.62783,-0.0021387106630003,ARPA-USDT,0.0654529242094046,0.0654519819130033,
2023-05-23 15:00:00,0.06533,0.06542,0.06426,0.06477,189349219,12265796.14228,45628,94366474,6112900.11572,-0.0004629629629629,ARPA-USDT,0.0653628925757816,0.0652426222498078,
2023-05-23 16:00:00,0.06478,0.0669,0.06458,0.06619,246181127,16150677.15209,61645,136225498,8938082.82503,-0.0048113065704405,ARPA-USDT,0.064725214436957,0.0648452534668023,-0.00150956
2023-05-23 17:00:00,0.06619,0.0669,0.06571,0.06657,154174906,10204328.63012,40035,76209198,5046433.4929100005,-0.0016496700659868,ARPA-USDT,0.0660733094493905,0.066323831294325,
2023-05-23 18:00:00,0.06656,0.0685,0.06635,0.06723,349762503,23554331.45769,92022,179229308,12073968.29088,-0.003852422581123,ARPA-USDT,0.0664975210873374,0.0666986746113159,
2023-05-23 19:00:00,0.06724,0.06942,0.06722,0.06801,420167949,28693964.99687,107284,217199437,14840773.17381,-0.0027859237536655,ARPA-USDT,0.067536186839459,0.0675753957799176,
2023-05-23 20:00:00,0.068,0.06816,0.06729,0.06748,178833140,12099086.00097,47170,89512680,6056724.02271,-0.0013319520497263,ARPA-USDT,0.0679868558284141,0.0678961334755441,
2023-05-23 21:00:00,0.06748,0.06801,0.06667,0.06689,145390599,9771738.76822,33382,67709097,4552321.132259999,-0.0016417910447761,ARPA-USDT,0.067418721717411,0.0674503789071777,
2023-05-23 22:00:00,0.06689,0.0678,0.0664,0.0666,123254167,8245036.79875,27899,61554487,4119264.798,-0.001349527665317,ARPA-USDT,0.066801047992721,0.0668953527621251,
2023-05-23 23:00:00,0.06659,0.06876,0.06623,0.06802,208679053,14074451.51293,56790,112197058,7569990.32276,-0.0023467292461133,ARPA-USDT,0.0664237566668583,0.0663960855343598,
2023-05-24 00:00:00,0.068,0.08968,0.06745,0.0772,1767059021,133287154.89346,377214,984057770,74236494.67035,-0.0012936610608019,ARPA-USDT,0.0676746865344273,0.0677420554607734,-0.00143528
2023-05-24 01:00:00,0.07719,0.0802,0.07551,0.07915,881080708,68473110.26405,252045,458483443,35648968.29124,-0.0081453634085212,ARPA-USDT,0.0763504543398482,0.0762883519976118,
2023-05-24 02:00:00,0.07914,0.084,0.07848,0.08302,848339987,68925574.20284,252140,447073472,36345888.10965,-0.0080057354522643,ARPA-USDT,0.0788209673997687,0.0803513339079257,
2023-05-24 03:00:00,0.08303,0.08555,0.08,0.08314,1330157103,109832610.69067,331466,660206371,54586074.73137,-0.0050263283867878,ARPA-USDT,0.082867464238389,0.0832217432070194,
2023-05-24 04:00:00,0.08315,0.089,0.08026,0.08835,1748516432,148112713.83738,442272,914231736,77516225.59006,-0.0120764844012076,ARPA-USDT,0.0818960078397326,0.0809898053401486,
2023-05-24 05:00:00,0.0884,0.10965,0.087,0.09962,3983137588,386959469.58599,877700,2122196493,206287436.44686,-0.0016035277610743,ARPA-USDT,0.0877120673248998,0.0880648289564648,
2023-05-24 06:00:00,0.09962,0.09963,0.09412,0.09602,1187397127,114240432.97759,339065,591868034,56954484.98257,-0.0025968629895086,ARPA-USDT,0.0982331230042473,0.0967016640420857,
2023-05-24 07:00:00,0.09603,0.0979,0.09551,0.096,825096092,79814727.2506,248810,420636929,40699222.14435,0.0030299864173022,ARPA-USDT,0.0968290142515665,0.0972227007605373,
2023-05-24 08:00:00,0.09593,0.09599,0.08976,0.09075,1350844858,124749306.80365,348769,639275100,59022381.72917,-0.000990752972259,ARPA-USDT,0.0949231464923857,0.0940713382757189,-0.00575414
2023-05-24 09:00:00,0.09076,0.09424,0.08958,0.0916,839807053,77482835.95608,227636,443101583,40888723.37624,-0.0019612115929396,ARPA-USDT,0.0904136455866375,0.0909406034693012,
2023-05-24 10:00:00,0.09161,0.09369,0.09082,0.09294,660171781,60697598.0409,190600,350837122,32274849.45796,-0.0033243967828419,ARPA-USDT,0.092071202819135,0.0921735499527714,
2023-05-24 11:00:00,0.09293,0.09328,0.09121,0.09263,528765180,48808649.74156,158501,272822387,25188543.22921,-0.005475628086751,ARPA-USDT,0.0926864291887862,0.0928488590109423,
2023-05-24 12:00:00,0.09263,0.0987,0.09232,0.09426,1560634550,148807378.27263,410998,827791810,78954758.59749,-0.0067439409905163,ARPA-USDT,0.0930056827005761,0.0938768178886028,
2023-05-24 13:00:00,0.09427,0.105,0.0942,0.10294,1938252439,190509496.36233,574606,1035912071,101947063.16418,-0.0052183996907614,ARPA-USDT,0.0947924360791301,0.095541614661927,
2023-05-24 14:00:00,0.10292,0.10847,0.09721,0.09949,2142314195,215982874.97053,643351,1064877777,107418230.86837,-0.0033059507112803,ARPA-USDT,0.1062948962044035,0.1025534136177665,
2023-05-24 15:00:00,0.09948,0.11201,0.099,0.10592,3125769481,331077195.05672,881208,1619952333,171706270.63412,-0.0044177084312435,ARPA-USDT,0.0997026969128736,0.1000916253944507,
2023-05-24 16:00:00,0.10594,0.11777,0.10368,0.11023,3872377899,429606417.7013,1068017,1954659884,217060552.37018,-0.0311154082798629,ARPA-USDT,0.1044241246334544,0.1069094482387929,-0.00538163
2023-05-24 17:00:00,0.11027,0.1148,0.1068,0.11062,2331186456,257976045.97198,652217,1133898182,125562791.82216,-0.0203684024087851,ARPA-USDT,0.1106328316913504,0.1115959833715384,
2023-05-24 18:00:00,0.11063,0.11275,0.10763,0.10805,1391256291,152958521.29203,418734,669871086,73689817.37879,-0.0044227402561504,ARPA-USDT,0.111270492786219,0.1110107608859623,
2023-05-24 19:00:00,0.10806,0.11578,0.10757,0.11122,1333871600,149064576.95276,399203,671570337,75084117.48255,-0.0072302061947693,ARPA-USDT,0.108050866572757,0.1086613000837503,
2023-05-24 20:00:00,0.11123,0.1117,0.10297,0.10421,1310552505,140499853.46104,398855,625783240,67096250.07469,-0.001628664495114,ARPA-USDT,0.1110394271825564,0.1098314420794842,
2023-05-24 21:00:00,0.10421,0.11124,0.10419,0.10729,829841971,88979371.71413,266823,425476665,45634819.06259,-0.0083186985858212,ARPA-USDT,0.1051481666234806,0.1050389080433326,
2023-05-24 22:00:00,0.10731,0.11,0.1065,0.1094,619885051,67057412.42989,228341,316987322,34299266.96129,-0.0020979658852504,ARPA-USDT,0.1075743364111045,0.1077788514902631,
2023-05-24 23:00:00,0.1094,0.115,0.10818,0.10947,828297935,91823400.09355,303999,431490621,47870667.80101,-0.0132504056246619,ARPA-USDT,0.1126220366124217,0.1117357832590591,
2023-05-25 00:00:00,0.10957,0.11899,0.10683,0.11303,1924648906,216839106.84659,625200,951894341,107317191.06224,-0.0059801248790783,ARPA-USDT,0.1092141149578687,0.1105092020267377,-0.0058675
2023-05-25 01:00:00,0.11304,0.1131,0.10506,0.10608,1240967151,136105910.58297,431684,589214730,64636669.51558,-0.0070204998595899,ARPA-USDT,0.1123139940090931,0.1115904074317896,
2023-05-25 02:00:00,0.10613,0.11069,0.1052,0.10857,777825671,84431075.75674,267770,396271263,43034610.39288,-0.009126585744273,ARPA-USDT,0.1059702294304241,0.1065651300823139,
2023-05-25 03:00:00,0.10858,0.11083,0.10608,0.10923,679097810,73535967.56362,238485,342841154,37147484.61006,-0.0056440600819299,ARPA-USDT,0.107794993668258,0.1077714105969099,
2023-05-25 04:00:00,0.10924,0.10949,0.10254,0.10424,807175366,85262696.42287,269722,386200797,40815634.4022,-0.0017238076996743,ARPA-USDT,0.1090306175344286,0.1082521829734418,
2023-05-25 05:00:00,0.10423,0.10481,0.10123,0.10323,725173118,74617071.46765,224688,367318247,37808806.61597,-0.0011611030478954,ARPA-USDT,0.1043533430766417,0.104025712159072,
2023-05-25 06:00:00,0.10323,0.1098,0.10237,0.10677,848226697,89484660.43559,248574,462268866,48804944.18409,-0.0037323877950918,ARPA-USDT,0.1038135374423006,0.1039513050457094,
2023-05-25 07:00:00,0.10676,0.10711,0.10413,0.10481,532488612,56176744.17614,167641,254337039,26839488.58081,0.000955018622863,ARPA-USDT,0.1065707861173284,0.1062098615647283,
2023-05-25 08:00:00,0.10481,0.10843,0.10422,0.10782,819488510,87582829.9517,279829,427660881,45724641.93636,-0.0124564938633449,ARPA-USDT,0.1048210010969562,0.1051777706146586,-0.00279714
2023-05-25 09:00:00,0.10782,0.11599,0.10691,0.11183,1664909024,186022165.45101,539912,870579464,97268712.36464,-0.0163602779488081,ARPA-USDT,0.1079539679551491,0.1082428670333396,
2023-05-25 10:00:00,0.11183,0.11445,0.10975,0.11266,1108190457,123689972.77335,328068,566316647,63218106.60064,-0.0405382388008856,ARPA-USDT,0.1111989648218219,0.1106769592494075,
2023-05-25 11:00:00,0.11267,0.11779,0.11121,0.11683,1247096113,142626561.10439,365520,626743246,71728819.97376,-0.0304564315352696,ARPA-USDT,0.1128897367812644,0.1124495808280777,
2023-05-25 12:00:00,0.11684,0.11822,0.11284,0.11479,1167615246,134144484.49406,305225,567580590,65242038.73442,-0.0058889754914696,ARPA-USDT,0.1172651876773779,0.1155113835758924,
2023-05-25 13:00:00,0.11478,0.11526,0.11131,0.11287,799531927,90531219.29587,230858,397117657,44973410.7719,-0.002121828308726,ARPA-USDT,0.1147108407591027,0.1143104058691489,
2023-05-25 14:00:00,0.11287,0.11334,0.10921,0.11021,808461397,89772487.28298,228725,395195590,43896216.16798,0.0021824133854688,ARPA-USDT,0.1123036226525068,0.1123145082659093,
2023-05-25 15:00:00,0.11021,0.11227,0.1084,0.11083,833573434,91778997.66567,232524,425927557,46911956.42535,0.0028049221860297,ARPA-USDT,0.1099913235229022,0.1102751919212015,
2023-05-25 16:00:00,0.11079,0.1114,0.10755,0.10866,812744498,88888898.36984,239644,404558091,44255486.07944,-0.0037590538186484,ARPA-USDT,0.1100947811829225,0.1105284160401438,-0.00722403
2023-05-25 17:00:00,0.10866,0.10968,0.10689,0.10876,495153179,53498700.31118,158710,253341635,27387177.20638,-0.0027507793874932,ARPA-USDT,0.108576301930939,0.1082839590796384,
2023-05-25 18:00:00,0.10876,0.11125,0.10875,0.11092,417930886,45891958.98694,140761,222254741,24414935.78122,-0.0066272613290344,ARPA-USDT,0.109000770977966,0.1093719404280077,
2023-05-25 19:00:00,0.11093,0.11286,0.11033,0.11055,454889194,50728220.76566,145785,227378527,25364659.51683,-0.0052191127508324,ARPA-USDT,0.110951870328831,0.1118987560469084,
2023-05-25 20:00:00,0.11055,0.1146,0.11054,0.11399,526812149,59330415.43628,163660,279888960,31530470.80673,-0.0079199303742385,ARPA-USDT,0.1119325735689708,0.1120315657302493,
2023-05-25 21:00:00,0.11399,0.11639,0.11333,0.11386,646604736,74129470.34315,204030,325103005,37283180.82695,-0.0034135667396061,ARPA-USDT,0.1145880930223225,0.1148194759269092,
2023-05-25 22:00:00,0.11386,0.11525,0.11263,0.11429,439444471,50003063.65253,138404,217135832,24711571.68001,-0.0006121021336131,ARPA-USDT,0.1146520479038518,0.1142663693593233,
2023-05-25 23:00:00,0.11428,0.11598,0.11325,0.1143,491272479,56239007.02478,151027,250714829,28704956.81001,0.0006127987393853,ARPA-USDT,0.1148332535021064,0.1144799346016093,
2023-05-26 00:00:00,0.11431,0.11887,0.11229,0.11545,1350750600,156153578.58742002,387612,686969399,79458934.16579,-0.0054272915230875,ARPA-USDT,0.114644725267443,0.1135665427145907,-0.00320989
2023-05-26 01:00:00,0.11545,0.11564,0.11059,0.11175,647720809,72884625.2772,198760,305048009,34320115.83985,-0.001518942101501,ARPA-USDT,0.1150559577273459,0.1146866229185446,
2023-05-26 02:00:00,0.11175,0.11231,0.10812,0.10849,510831339,56104469.93717,149189,239303880,26293843.92451,-0.0018400956849755,ARPA-USDT,0.1117546842422523,0.1111300141347966,
2023-05-26 03:00:00,0.1085,0.10932,0.10723,0.10774,395520688,42770467.09277,117925,208504630,22555653.20156,-0.0010199350950393,ARPA-USDT,0.1080944577972426,0.1079055162331452,
2023-05-26 04:00:00,0.10774,0.10858,0.1052,0.10622,600905615,64094845.42517,173579,290120159,30958889.83274,-0.0022543678376855,ARPA-USDT,0.1070005301590281,0.1070714951254687,
2023-05-26 05:00:00,0.10622,0.1075,0.10419,0.10509,494136421,52154823.08202,141682,241144011,25465519.4584,-0.0012355065576885,ARPA-USDT,0.1061702301252832,0.1064882744933258,
2023-05-26 06:00:00,0.1051,0.106,0.10358,0.10433,516894920,54032308.18474,141591,264707789,27679439.34741,-0.0007662101331289,ARPA-USDT,0.104930351931107,0.104704912602695,
2023-05-26 07:00:00,0.10434,0.107,0.10326,0.1049,715440637,74859042.62701,185181,378814587,39655497.87767,-9.531979792209988e-05,ARPA-USDT,0.1041206621369833,0.1040005167845589,
2023-05-26 08:00:00,0.10489,0.10644,0.10418,0.10528,532546085,56129460.59021,150428,270172328,28482821.60042,-0.0017068082685378,ARPA-USDT,0.1044768960941282,0.1050807030438002,-0.00077784
2023-05-26 09:00:00,0.10529,0.10562,0.10355,0.10489,424728139,44391607.07849,123807,209983029,21952521.11591,-0.0014280274181264,ARPA-USDT,0.1054468717521394,0.1050743952868634,
2023-05-26 10:00:00,0.10489,0.1058,0.10412,0.10522,294391991,30889001.48455,96972,148038199,15535056.76926,-0.0013287775246773,ARPA-USDT,0.1050931483855097,0.1052272505281056,
2023-05-26 11:00:00,0.10523,0.10622,0.10452,0.10522,362975220,38249153.71826,109256,185096258,19510136.76597,-0.0006648304682306,ARPA-USDT,0.1053564708627083,0.1055119502520775,
2023-05-26 12:00:00,0.10521,0.10641,0.10455,0.10549,420852723,44361188.49213,121840,212096925,22360026.74301,-0.0011362560363601,ARPA-USDT,0.1056173028591914,0.1055457162798771,
2023-05-26 13:00:00,0.10548,0.1062,0.10423,0.10456,341530706,35930472.33072,102058,167546261,17630534.175,-0.0012417613907728,ARPA-USDT,0.1057536568413747,0.1059237328641993,
2023-05-26 14:00:00,0.10455,0.11448,0.10455,0.10821,1511695163,166668838.53961998,406472,783612727,86370077.71134,-0.0011999261583902,ARPA-USDT,0.1047922340717558,0.1046598350848696,
2023-05-26 15:00:00,0.10819,0.10887,0.10642,0.10688,569238563,61271548.3693,153917,288826792,31100993.98328,-0.0006545114539504,ARPA-USDT,0.1079879470701355,0.1083493313767849,
2023-05-26 16:00:00,0.10689,0.10775,0.10529,0.10594,400887245,42664770.89012,109739,199852649,21277549.89569,-0.0009430403621274,ARPA-USDT,0.1067525112606948,0.1066913616328051,-0.0006621
2023-05-26 17:00:00,0.10593,0.10674,0.10547,0.10598,219276291,23263707.7047,61609,107361539,11392177.46733,-0.0010368555000471,ARPA-USDT,0.106014199261087,0.1058677684028008,
2023-05-26 18:00:00,0.10599,0.10784,0.10578,0.10684,300714682,32152235.18225,89679,156263213,16710533.05723,-0.0014020001869333,ARPA-USDT,0.1062303900344706,0.1062725977927335,
2023-05-26 19:00:00,0.10684,0.10835,0.10683,0.10774,215339852,23149072.0995,63717,108651190,11680797.71719,-0.0004638649225344,ARPA-USDT,0.1071780438237824,0.107286485125247,
2023-05-26 20:00:00,0.10774,0.1109,0.10774,0.10983,322812613,35274537.179120004,103590,173970418,19013174.78165,-0.0009096697898662,ARPA-USDT,0.1083766617988493,0.1084099555773972,
2023-05-26 21:00:00,0.10983,0.11097,0.10887,0.10966,187326435,20536797.01981,66766,90678249,9942452.90584,-9.1182638825682e-05,ARPA-USDT,0.1105087116203573,0.1099748749716545,
2023-05-26 22:00:00,0.10966,0.1104,0.10881,0.10897,153872705,16859003.81543,50238,73665610,8071668.02058,-9.175995595522846e-05,ARPA-USDT,0.1100023592602257,0.1100675810547412,
2023-05-26 23:00:00,0.10896,0.10967,0.10642,0.10712,326341606,35103303.34894,96748,154154711,16579953.48252,-0.0007462686567163,ARPA-USDT,0.1092981781957084,0.1091662450740086,
2023-05-27 00:00:00,0.10713,0.10766,0.10148,0.10331,775077459,80370650.57887,202693,377682200,39150196.40895,-0.0012567672080433,ARPA-USDT,0.1073212128877015,0.1065460537092252,-0.0005335
2023-05-27 01:00:00,0.10331,0.10475,0.10252,0.10377,406023648,42039494.5113,107250,200048185,20716402.06089,-0.0018276260100038,ARPA-USDT,0.1028655784847356,0.1030034307310638,
2023-05-27 02:00:00,0.10377,0.10449,0.1023,0.10374,288534728,29787607.09902,76421,149499832,15443494.82558,-0.0010592200288878,ARPA-USDT,0.1035208104728126,0.1034864905742015,
2023-05-27 03:00:00,0.10373,0.10434,0.10277,0.10401,199254174,20637430.64877,59077,103607949,10732487.59223,-0.0004804920238323,ARPA-USDT,0.1035238396418683,0.1031757755711294,
2023-05-27 04:00:00,0.10401,0.10686,0.10351,0.10563,425062280,44788861.1229,118419,220480532,23231758.26793,-0.0023611635814129,ARPA-USDT,0.1038579472770249,0.1039345173882844,
2023-05-27 05:00:00,0.10563,0.11345,0.10558,0.11136,956574431,104873707.3385,259759,503355239,55171473.92992,-0.0067784516589368,ARPA-USDT,0.1058833737346167,0.1059950140223192,
2023-05-27 06:00:00,0.11137,0.13,0.11076,0.12445,2125151199,250005304.03194,587071,1155665931,136098846.73457,-0.0133978119549706,ARPA-USDT,0.1117315979675254,0.1117843379956931,
2023-05-27 07:00:00,0.12445,0.12595,0.11715,0.11867,1466055273,177799645.70263,445889,719171676,87255471.4968,0.0012656091798852,ARPA-USDT,0.1248645982525479,0.1235819616793116,
2023-05-27 08:00:00,0.11869,0.11869,0.09807,0.09968,2398612483,264135905.60897,696536,1091523051,120351022.50039,-0.0055865921787708,ARPA-USDT,0.1179009908396803,0.1180392715873824,-0.00351597
2023-05-27 09:00:00,0.09967,0.10236,0.08945,0.09306,3153330704,300486309.00208,874657,1529767772,145900916.68156,-0.0020375335120642,ARPA-USDT,0.0989053133065868,0.100800022746624,
2023-05-27 10:00:00,0.09307,0.0933,0.0903,0.09218,829346408,76410047.9669,278609,408999489,37699641.02197,-0.0013001083423618,ARPA-USDT,0.0926707463736883,0.092666943284087,
2023-05-27 11:00:00,0.09217,0.09225,0.08558,0.0862,1424015703,125503989.30369,380269,667424449,58816991.90847,-0.0018527095877721,ARPA-USDT,0.0920030611685849,0.0918992211312373,
2023-05-27 12:00:00,0.08621,0.0878,0.08053,0.08197,1984697627,165647791.79284,509236,968494129,80878501.37977,-0.000853242320819,ARPA-USDT,0.0871456916599877,0.0871053651303341,
2023-05-27 13:00:00,0.08197,0.08659,0.08113,0.08484,1822501310,152580957.15903,503951,950975083,79665446.05399,-0.0010596962204169,ARPA-USDT,0.084437896739748,0.0848559557038081,
2023-05-27 14:00:00,0.08485,0.0863,0.08215,0.08356,743186980,62368317.09674,234517,367915907,30888319.65587,-0.000717531690983,ARPA-USDT,0.0855648794927951,0.0846355778971824,
2023-05-27 15:00:00,0.08356,0.08416,0.08265,0.08387,463575821,38690124.71523,160652,232034371,19372376.72538,-0.0010719390185803,ARPA-USDT,0.0833484725169173,0.0833931863285671,
2023-05-27 16:00:00,0.08387,0.08482,0.08289,0.08338,476485851,39873721.13148,146427,232127174,19433327.97326,-0.0005993048064246,ARPA-USDT,0.0841963309240868,0.0840981324767889,-0.00058931
2023-05-27 17:00:00,0.08337,0.08386,0.08165,0.08304,393182101,32650521.28727,123112,188317205,15648515.45684,-0.0010826416456152,ARPA-USDT,0.083088641405274,0.0832956686050299,
2023-05-27 18:00:00,0.08304,0.08422,0.08278,0.08304,254164271,21231468.41165,81586,123885266,10352693.78469,-0.0006017571308218,ARPA-USDT,0.083633456656664,0.0837301479601983,
2023-05-27 19:00:00,0.08304,0.08406,0.08223,0.08307,327695736,27222326.01488,98550,165912693,13789797.85616,-0.0007217610970767,ARPA-USDT,0.0827642999686928,0.0828125007503551,
2023-05-27 20:00:00,0.08308,0.08372,0.08293,0.08339,125450916,10455118.85153,47527,63976994,5332462.49685,-0.0002397794029491,ARPA-USDT,0.0830835586703515,0.0832245241345336,
2023-05-27 21:00:00,0.08339,0.0842,0.0824,0.08351,259844527,21609156.30768,79889,141840421,11802946.4793,-0.0004787552363854,ARPA-USDT,0.0830197744415068,0.0830811550452568,
2023-05-27 22:00:00,0.08352,0.08755,0.08325,0.0837,482885057,41020096.74649,146692,250547974,21302099.73671,-0.0005970149253732,ARPA-USDT,0.0834052646863344,0.0833709467711542,
2023-05-27 23:00:00,0.08371,0.08551,0.08371,0.08414,252947261,21374117.73739,73343,126870542,10723201.29294,-0.0001188354129529,ARPA-USDT,0.0842870540093991,0.0842122355948776,
2023-05-28 00:00:00,0.08415,0.08424,0.07778,0.08274,1352495532,109072443.93516,309134,626447523,50591618.00438,0.0003627130939425,ARPA-USDT,0.084000307799294,0.0817821458154382,6.03e-05
2023-05-28 01:00:00,0.08274,0.08389,0.08037,0.0814,551833917,45233390.26978,158853,273186557,22403886.14399,-0.0003684145892177,ARPA-USDT,0.0833832177444886,0.0834432343223084,
2023-05-28 02:00:00,0.0814,0.0838,0.0809,0.0822,375478416,30944013.15652,108399,202557463,16694393.98322,-0.0004863813229571,ARPA-USDT,0.081639639462394,0.0815313012737581,
2023-05-28 03:00:00,0.0822,0.08349,0.08202,0.08258,274737170,22747860.40773,78986,139028580,11514160.25043,-0.0004841442749938,ARPA-USDT,0.0826246052491485,0.082748223703515,
2023-05-28 04:00:00,0.08258,0.0835,0.0812,0.08173,298953596,24561379.59273,79219,151794920,12473699.54195,-0.0002446483180429,ARPA-USDT,0.0830457418804305,0.083171354057574,
2023-05-28 05:00:00,0.08174,0.08255,0.08,0.08112,362078108,29355033.12669,100563,175920043,14273761.38698,-0.000492853622474,ARPA-USDT,0.0816295645014479,0.081623079147453,
2023-05-28 06:00:00,0.08113,0.08146,0.07941,0.08016,342319835,27447310.19585,99251,174741643,14015313.36959,0.0001247660636305,ARPA-USDT,0.0812922608306113,0.0809135272597099,
2023-05-28 07:00:00,0.08016,0.08107,0.0796,0.08008,332010181,26637812.32526,89684,178523404,14323136.70815,-0.0002496878901373,ARPA-USDT,0.0800932205600086,0.0801482526683393,
2023-05-28 08:00:00,0.08009,0.08244,0.0793,0.08164,445993121,35948612.59588,131243,236115479,19045142.39099,-0.0003673319456348,ARPA-USDT,0.0798338907835078,0.0799981233326451,0.0001
2023-05-28 09:00:00,0.08164,0.08168,0.07968,0.0801,328021521,26394342.83373,100069,157749621,12694274.73555,-0.0004991265285749,ARPA-USDT,0.0814702702646447,0.0812694430126159,
2023-05-28 10:00:00,0.08011,0.08125,0.07952,0.08037,326971565,26256999.14409,98090,162058305,13019306.66638,-0.0006217358865955,ARPA-USDT,0.0798529504627349,0.0798823170716222,
2023-05-28 11:00:00,0.08038,0.08055,0.07953,0.08014,233240192,18665139.34296,75654,117128859,9375580.96998,0.0,ARPA-USDT,0.0802478708235678,0.0802448770973594,
2023-05-28 12:00:00,0.08013,0.08122,0.07777,0.08111,594614276,47611564.86982,167029,298360628,23925107.3838,0.0002466395363176,ARPA-USDT,0.0796793729821568,0.0802071046558391,
2023-05-28 13:00:00,0.08111,0.0815,0.0795,0.08011,334907527,26893136.08768,98628,164753139,13234379.23743,0.0004995628824777,ARPA-USDT,0.0809736253572462,0.0810083857657244,
2023-05-28 14:00:00,0.0801,0.08015,0.07744,0.07879,576646119,45547964.34521,151003,285380267,22550723.48107,-0.0001269035532994,ARPA-USDT,0.079948057096743,0.0799379677580501,
2023-05-28 15:00:00,0.0788,0.07912,0.07721,0.07835,363324180,28495340.34938,102271,180484827,14165452.68835,0.0005107904482186,ARPA-USDT,0.0789015166240144,0.0786321547582886,
2023-05-28 16:00:00,0.07834,0.08011,0.07542,0.07926,851175172,66149493.58999,216910,414926765,32286467.40022,0.0,ARPA-USDT,0.0781678580263541,0.0780415055073712,0.0001
2023-05-28 17:00:00,0.07926,0.07936,0.07813,0.07903,205478121,16177594.62792,61785,102059461,8035557.32009,0.0,ARPA-USDT,0.0792014757450308,0.0789886509602128,
2023-05-28 18:00:00,0.07902,0.0798,0.07845,0.07856,207344793,16376122.65166,59464,97657845,7713646.0642,0.0,ARPA-USDT,0.0788073842828635,0.0787255832877894,
2023-05-28 19:00:00,0.07855,0.07928,0.07824,0.07848,142993454,11266778.71871,40389,71179089,5609052.12706,-0.0003821169277798,ARPA-USDT,0.0784682502521741,0.078407720150295,
2023-05-28 20:00:00,0.07848,0.07889,0.07833,0.07844,99955660,7859956.3607,25904,49475773,3890791.16341,0.0001275022312889,ARPA-USDT,0.0784846865693692,0.0785433286167668,
2023-05-28 21:00:00,0.07845,0.0796,0.07807,0.07935,163477076,12889332.52052,47352,85934611,6776719.34215,0.0002521114332536,ARPA-USDT,0.0783183743695236,0.078295573517125,
2023-05-28 22:00:00,0.07934,0.08454,0.0793,0.08023,560911625,45585236.45703,145762,289367487,23532779.67238,-0.0002492211838006,ARPA-USDT,0.0794280227484423,0.0799938999458809,
2023-05-28 23:00:00,0.08024,0.08094,0.07915,0.07965,205862508,16507927.59645,52326,96790393,7766832.21482,0.0007538635506973,ARPA-USDT,0.0805651411316879,0.0804554209222968,
2023-05-29 00:00:00,0.07964,0.08106,0.07901,0.08038,230806670,18472409.869,52588,119616563,9575780.38654,-0.0004973887092764,ARPA-USDT,0.0798341913999801,0.0796392664827989,0.0001
2023-05-29 01:00:00,0.08039,0.08116,0.07941,0.08028,159707592,12820928.14416,42673,80927780,6500043.08286,0.0,ARPA-USDT,0.0806292058440573,0.0807463143714257,
2023-05-29 02:00:00,0.08029,0.08039,0.07815,0.07833,180318360,14234761.71833,45706,77522525,6118641.65649,0.0007665772326561,ARPA-USDT,0.0803152340597408,0.0801363589618655,
2023-05-29 03:00:00,0.07833,0.07875,0.07695,0.07786,216585668,16836616.92337,51792,104255097,8105576.11038,0.0002569373072969,ARPA-USDT,0.0784805862416951,0.0783514301874692,
2023-05-29 04:00:00,0.07786,0.07793,0.07581,0.0771,239882123,18389238.57742,54968,119194023,9138478.83654,0.0002594706798133,ARPA-USDT,0.0778038231469734,0.0774705011782342,
2023-05-29 05:00:00,0.0771,0.07917,0.07709,0.07818,235106707,18344379.60118,57093,121228286,9460895.04584,0.0003838771593089,ARPA-USDT,0.0773518507201758,0.0774164361309844,
2023-05-29 06:00:00,0.07817,0.07826,0.07707,0.078,146847707,11398798.83979,37046,68129470,5289343.88066,0.0005130836326321,ARPA-USDT,0.0780982901668409,0.0780920835175774,
2023-05-29 07:00:00,0.07799,0.07799,0.07669,0.07719,132939107,10265415.21351,34394,61110347,4719494.76976,0.0003888024883358,ARPA-USDT,0.0778124942439284,0.0775680363367497,
2023-05-29 08:00:00,0.07719,0.07756,0.07653,0.07738,125321619,9647119.38338,32819,65711136,5059538.18456,0.0005171967933799,ARPA-USDT,0.0770014469146046,0.0769669556034794,0.0001
2023-05-29 09:00:00,0.07738,0.07738,0.0762,0.07669,145664906,11173264.14992,36522,68064530,5222062.79346,0.000521852576647,ARPA-USDT,0.0770240219233929,0.0770022202068923,
2023-05-29 10:00:00,0.07669,0.07705,0.07503,0.07579,233109000,17723262.318889998,52097,108116751,8226002.227829999,0.0005280528052804,ARPA-USDT,0.0764807022710781,0.0764554152702891,
2023-05-29 11:00:00,0.0758,0.07664,0.07365,0.07647,283051129,21310365.75747,65880,138175732,10415221.19995,0.0003924646781789,ARPA-USDT,0.0757656307567747,0.0755893483844875,
2023-05-29 12:00:00,0.07646,0.07647,0.07545,0.07595,143762938,10918183.86433,35762,70149598,5326677.83738,0.0001316829075588,ARPA-USDT,0.0762184207383481,0.0760254132351238,
2023-05-29 13:00:00,0.07595,0.07648,0.07545,0.07626,139787597,10618621.49893,37318,70020505,5319411.21321,0.0001311475409835,ARPA-USDT,0.0758934475119504,0.0759245995812794,
2023-05-29 14:00:00,0.07626,0.0772,0.07558,0.0768,175212967,13363588.59054,43452,88734627,6770134.3977,0.0,ARPA-USDT,0.0761269665033989,0.0760657152749203,
2023-05-29 15:00:00,0.07679,0.07763,0.07431,0.07462,314329954,23787785.25798,78298,150151406,11371372.50544,-0.0006696129637069,ARPA-USDT,0.0766604343597646,0.0770004795132737,
2023-05-29 16:00:00,0.07463,0.07521,0.06906,0.06991,862969612,61809141.87956,168973,401931207,28767894.58487,-0.0004289390906491,ARPA-USDT,0.0745502724709248,0.0746142963991732,0.0001
2023-05-29 17:00:00,0.06991,0.07141,0.0699,0.07094,366106165,25920254.8741,72058,189355629,13407888.03142,-0.0008450704225351,ARPA-USDT,0.0703968872469295,0.0704329027760795,
2023-05-29 18:00:00,0.07094,0.07175,0.07053,0.07099,172376524,12265456.33206,37506,88587942,6304636.22868,0.0001408847562693,ARPA-USDT,0.0712496600281935,0.0714099256547464,
2023-05-29 19:00:00,0.07098,0.07167,0.07046,0.0709,140969837,10001838.63645,33680,71709494,5088846.87188,-0.0005638567803777,ARPA-USDT,0.0706485277792625,0.070631819781648,
2023-05-29 20:00:00,0.07089,0.0718,0.07079,0.0716,113436717,8105943.12647,29411,58706175,4194981.9908300005,-0.0004188189306156,ARPA-USDT,0.0709341958447773,0.0712148645537744,
2023-05-29 21:00:00,0.07161,0.07163,0.07095,0.07113,78231375,5575220.56932,20204,36075341,2570873.48312,-0.0005620345651257,ARPA-USDT,0.0714973395785364,0.0714674839164574,
2023-05-29 22:00:00,0.07112,0.07167,0.071,0.07116,79923092,5695062.40572,23044,40571318,2890774.79396,-0.0004214075010535,ARPA-USDT,0.071316397170316,0.0713812249059038,
2023-05-29 23:00:00,0.07117,0.0714,0.07083,0.07094,92702815,6591482.32132,20537,45684846,3249355.44198,0.0001409840688002,ARPA-USDT,0.0712511889890413,0.0712291387865793,
2023-05-30 00:00:00,0.07095,0.07096,0.06961,0.06982,199964974,14032764.70855,42800,94148187,6607005.10111,0.0002865329512893,ARPA-USDT,0.0708347180227994,0.0706988117442076,0.0001
2023-05-30 01:00:00,0.06983,0.07113,0.06953,0.07107,166066513,11700752.16682,38564,92829376,6541910.53212,-0.0002813335208891,ARPA-USDT,0.0697771096164129,0.0697346022935363,
2023-05-30 02:00:00,0.07107,0.07293,0.07076,0.07244,222275409,16008688.5799,56656,122060046,8791201.58525,-0.0008275862068963,ARPA-USDT,0.070982591916619,0.0708924415503733,
2023-05-30 03:00:00,0.07244,0.07317,0.07179,0.07193,130952570,9490926.3669,35324,59536610,4316952.73499,-0.0001390047261607,ARPA-USDT,0.0723152202513462,0.0722531476475647,
2023-05-30 04:00:00,0.07194,0.07201,0.07063,0.07068,134118330,9558465.16686,33599,58193987,4147860.16526,0.0001415027593039,ARPA-USDT,0.0717867185885863,0.071785314717948,
2023-05-30 05:00:00,0.07068,0.07082,0.06963,0.07021,162563897,11428041.67537,40739,77337301,5439455.00072,0.0,ARPA-USDT,0.0707538328609425,0.0706682083127673,
2023-05-30 06:00:00,0.07021,0.07068,0.06982,0.07034,107814271,7567208.16044,29460,55713004,3910924.64974,0.0004266818375764,ARPA-USDT,0.0703173776847211,0.0703570963449384,
2023-05-30 07:00:00,0.07033,0.07057,0.06791,0.06908,284820754,19685488.17787,64068,125640587,8692081.00993,0.000144780657304,ARPA-USDT,0.0701695272889943,0.0702857724644375,
2023-05-30 08:00:00,0.06908,0.06984,0.06853,0.06891,162513818,11241435.18123,41569,77903155,5390755.51163,-0.0001450957632036,ARPA-USDT,0.0694665593447229,0.0695247093511571,0.0001
2023-05-30 09:00:00,0.06891,0.0699,0.06841,0.06975,141262022,9771806.71107,37168,75711211,5240053.95634,-0.0002866561559408,ARPA-USDT,0.0687462247206915,0.0686479829430596,
2023-05-30 10:00:00,0.06975,0.07065,0.06926,0.06963,209791300,14680224.51726,49408,102265415,7156465.00543,-0.0005741352088416,ARPA-USDT,0.0694821866128832,0.0694979139939996,
2023-05-30 11:00:00,0.06963,0.07027,0.06946,0.06996,114473050,8001885.78851,29092,54558880,3813975.11887,-0.0002857959416977,ARPA-USDT,0.0696596070176539,0.0696093682646318,
2023-05-30 12:00:00,0.06996,0.06998,0.069,0.06903,143884944,9980645.21823,34994,67874388,4708245.30587,-0.0002896451846489,ARPA-USDT,0.0698000698359121,0.0696492264746146,
2023-05-30 13:00:00,0.06902,0.0724,0.06863,0.07216,342971570,24257810.43623,77707,180634686,12770624.70611,-0.0009691264017721,ARPA-USDT,0.0688504831362554,0.0689391828410608,
2023-05-30 14:00:00,0.07217,0.0722,0.0703,0.07116,347494958,24728689.59907,74934,166951536,11880046.78847,0.0,ARPA-USDT,0.071500319009199,0.0714552711726289,
2023-05-30 15:00:00,0.07115,0.07122,0.06925,0.07011,212619188,14918791.05931,49138,107101915,7514054.14698,-0.0001426126640045,ARPA-USDT,0.0710530515100039,0.0710729434507261,
2023-05-30 16:00:00,0.07011,0.07175,0.06983,0.07117,200760719,14250278.87955,52114,101510061,7204747.34511,-0.0002809383340357,ARPA-USDT,0.0700428806488986,0.0700095777310362,0.0001
2023-05-30 17:00:00,0.07117,0.07174,0.06979,0.06985,137886694,9761386.47672,32334,64606803,4575589.41623,-0.000429307384087,ARPA-USDT,0.0711537715740288,0.0714031913608987,
2023-05-30 18:00:00,0.06984,0.07115,0.06937,0.07008,178285221,12522193.78308,40351,89909755,6310204.4907,-0.000142673705236,ARPA-USDT,0.0696944000084543,0.0695445220624157,
2023-05-30 19:00:00,0.07007,0.07019,0.06925,0.07016,91586992,6388230.97647,24364,41173706,2872583.74524,-0.0001425110446059,ARPA-USDT,0.070026339984339,0.0699522359252391,
2023-05-30 20:00:00,0.07015,0.07028,0.06939,0.07004,77939276,5444481.67189,21350,39732758,2775350.39432,-0.0002854695974877,ARPA-USDT,0.0701847027038644,0.0699409762307933,
2023-05-30 21:00:00,0.07005,0.07069,0.06925,0.06996,109851930,7695440.50656,29136,53214211,3728410.53223,-0.0007141836880446,ARPA-USDT,0.0701533575760823,0.0698706172542169,
2023-05-30 22:00:00,0.06996,0.07081,0.0698,0.07036,68696016,4835100.71379,18719,35277564,2483057.58224,-0.0007101264024995,ARPA-USDT,0.0700343183904398,0.0700125259811513,
2023-05-30 23:00:00,0.07036,0.07087,0.07008,0.0704,73764261,5199638.25845,17628,39079226,2754613.99493,-0.000851546977008,ARPA-USDT,0.0705254458354999,0.0705934121469711,
2023-05-31 00:00:00,0.0704,0.07094,0.0698,0.07066,129859919,9143920.49642,30021,69668066,4903949.58472,-0.0005657708628005,ARPA-USDT,0.070203636802643,0.0701074462819101,0.0001
2023-05-31 01:00:00,0.07065,0.07068,0.06946,0.06965,112017035,7826911.70761,26401,52904864,3696145.03275,-0.0001435544071202,ARPA-USDT,0.0705972032139647,0.070500080900053,
2023-05-31 02:00:00,0.06965,0.07055,0.06824,0.06982,221547949,15351544.0614,49630,101574384,7042033.72899,-0.0002863688430699,ARPA-USDT,0.0694383042720711,0.0690838833231129,
2023-05-31 03:00:00,0.06982,0.07017,0.06954,0.06985,73115914,5105854.20819,20107,37464550,2616423.83268,-0.0005723279439118,ARPA-USDT,0.0699694358861101,0.0698263672703503,
2023-05-31 04:00:00,0.06985,0.0699,0.06811,0.06902,161522728,11158603.59133,37741,77120180,5327733.96524,-0.0002896871378911,ARPA-USDT,0.0697363239465469,0.0696367590917231,
2023-05-31 05:00:00,0.06903,0.07225,0.067,0.0719,535354477,37596846.55739,121222,271040839,19060197.21974,-0.0006949270326614,ARPA-USDT,0.0687775473270659,0.0686143623439424,
2023-05-31 06:00:00,0.0719,0.0745,0.0707,0.07188,651343131,47387854.26041,147247,315112598,22938795.64449,-0.0006951202558042,ARPA-USDT,0.0712561830113557,0.0713325946041078,
2023-05-31 07:00:00,0.07188,0.07246,0.07068,0.0715,214805742,15350935.27471,51898,104806651,7491951.15155,-0.0008384572386809,ARPA-USDT,0.0716170191087518,0.0714598065298855,
2023-05-31 08:00:00,0.07151,0.07175,0.06961,0.06978,250648566,17767916.19685,54933,114602248,8131237.04782,-0.0002865329512894,ARPA-USDT,0.0711947701067528,0.0709926000780352,0.0001
2023-05-31 09:00:00,0.06979,0.07071,0.06889,0.0692,244494628,17016832.43688,56214,115968242,8074855.89761,-0.0008663008951776,ARPA-USDT,0.069715235646088,0.0694492466446467,
2023-05-31 10:00:00,0.0692,0.0693,0.06811,0.06886,175755675,12079613.40787,43147,86581349,5951969.6739,-0.0004354768471476,ARPA-USDT,0.0689253954283096,0.0688367331015413,
2023-05-31 11:00:00,0.06885,0.06923,0.06768,0.06859,145478769,9961479.69718,38389,68261775,4676718.14707,0.000145815106445,ARPA-USDT,0.0688527871475434,0.0690300825218437,
2023-05-31 12:00:00,0.06859,0.0686,0.06706,0.06734,140287538,9496527.31448,37930,63922830,4328697.24534,0.0,ARPA-USDT,0.0684876539617596,0.0684270488359423,
2023-05-31 13:00:00,0.06734,0.06874,0.06731,0.06785,194449495,13224852.10949,40561,100497749,6835474.60625,-0.0001473622163278,ARPA-USDT,0.0674768921482616,0.0675502786739057,
2023-05-31 14:00:00,0.06784,0.06843,0.06751,0.06775,116498517,7916629.68146,31223,58066118,3945977.26854,-0.0010321439103508,ARPA-USDT,0.0677605979845811,0.0678767025625383,
2023-05-31 15:00:00,0.06776,0.06824,0.06711,0.06767,120656457,8165215.9578,31180,58770376,3976845.98391,-0.0005907546891155,ARPA-USDT,0.067893454909277,0.0676798233357192,
2023-05-31 16:00:00,0.06766,0.06854,0.06603,0.06676,311098785,20825166.83695,66656,137467556,9211177.61352,-0.0007483909594371,ARPA-USDT,0.0677978293990849,0.0680078942100378,0.0001
2023-05-31 17:00:00,0.06676,0.06964,0.06663,0.06919,251166300,17199566.40076,56869,132958646,9102817.47391,-0.0002889755815632,ARPA-USDT,0.0669335473492651,0.0669276075702528,
2023-05-31 18:00:00,0.06919,0.06964,0.068,0.06805,211149439,14536283.04111,45288,100524832,6919518.83764,-0.0004406580493537,ARPA-USDT,0.0694501253362986,0.0693927530876753,
2023-05-31 19:00:00,0.06805,0.06824,0.06741,0.06757,64714751,4388304.1061,17289,35138513,2383195.36169,-0.0005916284573287,ARPA-USDT,0.0681427228972405,0.0680562757851123,
2023-05-31 20:00:00,0.06758,0.06784,0.06726,0.06741,48241516,3258989.46081,14004,26362717,1781156.75345,-0.0001483239394838,ARPA-USDT,0.0676167997002436,0.0676932571237439,
2023-05-31 21:00:00,0.0674,0.0676,0.0672,0.06733,36071242,2430539.45246,10754,18233762,1228721.6031,-0.0004453681710213,ARPA-USDT,0.0674659692349442,0.0674812240912265,
2023-05-31 22:00:00,0.06734,0.0691,0.06731,0.06824,80759278,5486534.53409,18605,45046381,3061535.25211,-0.0008784773060029,ARPA-USDT,0.0673789108887203,0.0673773098122033,
2023-05-31 23:00:00,0.06824,0.06915,0.06823,0.06867,95902037,6590069.98228,25425,48892756,3359536.25817,0.0002913328477784,ARPA-USDT,0.0688344893921018,0.0688530466961647,
2023-06-01 00:00:00,0.06866,0.06914,0.06713,0.06804,186848184,12703709.68086,44206,89073298,6058698.18192,0.0,ARPA-USDT,0.0684872804827531,0.0682283263184085,0.0001
2023-06-01 01:00:00,0.06804,0.06809,0.0668,0.06705,86433992,5823604.34001,20856,40403897,2723581.11019,-0.0001491201908737,ARPA-USDT,0.06791106766813,0.0677906592888595,
2023-06-01 02:00:00,0.06705,0.06744,0.0664,0.06674,88851893,5947306.68419,23177,41908197,2806310.88549,-0.000299580587178,ARPA-USDT,0.0671789365429057,0.0671195860381816,
2023-06-01 03:00:00,0.06674,0.0671,0.06614,0.06672,106212988,7064709.61778,27059,54546044,3628316.94513,-0.000299670362601,ARPA-USDT,0.0666139558515686,0.0664926817968574,
2023-06-01 04:00:00,0.06671,0.06676,0.06539,0.06565,140245531,9267992.88755,33503,60290159,3985699.83976,-0.0001522997258603,ARPA-USDT,0.0666267667767756,0.0665283653288271,
2023-06-01 05:00:00,0.06565,0.06624,0.06548,0.06618,50084772,3298309.11319,14001,28798607,1897155.15404,-0.0006040471156749,ARPA-USDT,0.0657421369161325,0.0655783973666241,
2023-06-01 06:00:00,0.06617,0.06634,0.06558,0.06587,68867596,4537944.57668,18802,34150407,2250458.4094,-0.0001517911353976,ARPA-USDT,0.0662505387978919,0.0660625323339208,
2023-06-01 07:00:00,0.06586,0.06586,0.06506,0.06518,98393654,6432136.05143,24649,46516245,3041556.85056,-0.0001533977603926,ARPA-USDT,0.0657674504529808,0.0657209136709269,
2023-06-01 08:00:00,0.06517,0.0656,0.0646,0.06548,117958341,7683032.02148,28564,56588638,3687458.44454,0.0,ARPA-USDT,0.065218949962082,0.0651841500600225,0.0001
2023-06-01 09:00:00,0.06548,0.06568,0.06516,0.06549,52652323,3447202.91344,15239,27288205,1786814.63849,-0.0006104074469708,ARPA-USDT,0.0653929859568226,0.065430286026243,
2023-06-01 10:00:00,0.06549,0.06575,0.06507,0.06565,113019473,7387006.85922,21775,56580380,3698986.62778,-0.000456760048721,ARPA-USDT,0.0654317045922283,0.0654071893495312,
2023-06-01 11:00:00,0.06564,0.06638,0.06547,0.06608,85784066,5654113.23481,21102,42926054,2829454.29587,0.0,ARPA-USDT,0.0656547422253897,0.0656819202762497,
2023-06-01 12:00:00,0.06608,0.06625,0.06525,0.06553,86133943,5648557.02344,21912,38833778,2546185.91827,-0.0003051106025933,ARPA-USDT,0.0660748557896512,0.0659671648420899,
2023-06-01 13:00:00,0.06553,0.06587,0.06482,0.06509,83644306,5461636.26927,21452,41739269,2726878.26829,-0.0003071724773461,ARPA-USDT,0.065485888520099,0.0655265962502924,
2023-06-01 14:00:00,0.0651,0.06532,0.06461,0.06501,76817687,4985233.45003,19870,38120207,2474454.57984,0.0,ARPA-USDT,0.0651434022809055,0.0650263407658877,
2023-06-01 15:00:00,0.06502,0.06503,0.06456,0.06484,71123864,4608499.86417,18776,33297831,2157857.23974,-0.0004624633883151,ARPA-USDT,0.0649732037691456,0.0648379623194705,
2023-06-01 16:00:00,0.06484,0.06499,0.06344,0.06448,243335177,15651001.48555,48326,104023790,6694870.33701,-0.0006199628022318,ARPA-USDT,0.0647805145378392,0.0646865669006179,0.0001
2023-06-01 17:00:00,0.0645,0.06481,0.06358,0.0642,138209609,8868471.44739,29260,71276064,4574844.67146,-0.0004670714619336,ARPA-USDT,0.0646870823515595,0.0645138507512727,
2023-06-01 18:00:00,0.06419,0.06484,0.06397,0.06465,81653381,5260813.57582,19435,38929443,2509037.18461,-0.0006183335909722,ARPA-USDT,0.0641038577096479,0.0640708570479394,
2023-06-01 19:00:00,0.06466,0.06496,0.0638,0.06443,99773212,6417494.55413,21585,45923373,2953018.70169,-0.0001551831160768,ARPA-USDT,0.0647691099198155,0.0647977810545362,
2023-06-01 20:00:00,0.06443,0.06453,0.0636,0.06409,90549337,5793048.99839,21236,39823481,2548230.72633,-0.0007795447458684,ARPA-USDT,0.0644742035483831,0.0643510534833397,
2023-06-01 21:00:00,0.06409,0.06462,0.06409,0.06444,45169619,2906195.45963,11146,22994450,1479388.19874,-0.0001551590380138,ARPA-USDT,0.0642154017440277,0.0641950142713499,
2023-06-01 22:00:00,0.06444,0.06528,0.06416,0.06516,74433551,4820852.64944,15926,40080227,2596351.143,-0.0006134969325153,ARPA-USDT,0.0643986214755556,0.0644807155709269,
2023-06-01 23:00:00,0.06516,0.06564,0.06505,0.06537,120272455,7858801.95347,25106,61499572,4018765.75449,-0.0003058571647042,ARPA-USDT,0.0652817831176823,0.0652715519954037,
2023-06-02 00:00:00,0.06536,0.06542,0.06366,0.06388,181234740,11662559.31497,36802,78880367,5076417.0328,-0.0001565190170604,ARPA-USDT,0.0652910019448072,0.0649782164708226,0.0001
2023-06-02 01:00:00,0.06388,0.06515,0.06303,0.06429,199684079,12772390.65265,38348,94868380,6070263.77397,-0.0003109936246308,ARPA-USDT,0.06399879340566,0.0640831542257444,
2023-06-02 02:00:00,0.06429,0.06481,0.06357,0.06475,180903373,11580620.03949,30777,87471588,5599319.11238,0.0,ARPA-USDT,0.064181309110172,0.0640014630127754,
2023-06-02 03:00:00,0.06475,0.06495,0.06411,0.06425,54504824,3510099.01275,12640,25825744,1663191.53964,-0.000311187179088,ARPA-USDT,0.0648530311296638,0.0646269765608247,
2023-06-02 04:00:00,0.06426,0.06546,0.064,0.06517,96067788,6218683.97067,23359,50229132,3250669.15351,-0.0007666360012265,ARPA-USDT,0.0643324377454487,0.0644453620557621,
2023-06-02 05:00:00,0.06517,0.06553,0.06466,0.06496,87669037,5698617.52031,21284,43573778,2832659.49894,-0.0004616094783813,ARPA-USDT,0.0652180784292018,0.0652962809570292,
2023-06-02 06:00:00,0.06497,0.06505,0.06456,0.06459,61287499,3973266.2882,14936,29826976,1933908.00588,-0.00015479876161,ARPA-USDT,0.064866380635614,0.0648368699103523,
2023-06-02 07:00:00,0.06459,0.06475,0.06423,0.0643,72410241,4669764.18037,16567,34529280,2227137.49042,0.0004667807686322,ARPA-USDT,0.0645018951309006,0.0645831651581681,
2023-06-02 08:00:00,0.0643,0.06441,0.06385,0.06405,95909488,6150574.42233,20047,40963474,2627577.62162,-0.0003121585765569,ARPA-USDT,0.0642817079417792,0.0642681166119364,0.0001
2023-06-02 09:00:00,0.06405,0.06441,0.0639,0.06431,54112902,3472301.03404,14432,27571834,1769252.3407,-0.0004662729250852,ARPA-USDT,0.0640430125224702,0.0640550371258312,
2023-06-02 10:00:00,0.0643,0.06449,0.06391,0.06449,52468181,3366096.97627,13039,25453686,1632877.38825,0.0004654049022649,ARPA-USDT,0.0642677591401181,0.064262075109241,
2023-06-02 11:00:00,0.06448,0.06466,0.06403,0.06433,74434545,4792374.60201,16459,36161611,2328261.62476,-0.0001554243083617,ARPA-USDT,0.0645271611803503,0.0644920405885302,
2023-06-02 12:00:00,0.06433,0.0648,0.06382,0.06411,80687003,5175813.22193,20478,38572042,2475198.08344,-0.0001559575795383,ARPA-USDT,0.0642911805899302,0.0642133323700023,
2023-06-02 13:00:00,0.0641,0.06443,0.06356,0.06372,85732976,5494273.35253,18003,41091595,2633930.99035,0.0,ARPA-USDT,0.0640826987599367,0.0641252708086558,
2023-06-02 14:00:00,0.06371,0.06399,0.06353,0.06394,67410105,4301217.63501,14376,32669339,2084638.68347,0.0003128911138923,ARPA-USDT,0.0636270164480955,0.0638239931201605,
2023-06-02 15:00:00,0.06393,0.06445,0.06381,0.06441,73014915,4685263.68418,15956,35886697,2303164.11359,0.0001552795031054,ARPA-USDT,0.0639416566915076,0.0639085717699109,
2023-06-02 16:00:00,0.0644,0.06444,0.06388,0.06397,70423319,4515627.8517,15156,31599187,2026109.63876,0.0004691898654989,ARPA-USDT,0.0643850012156658,0.0641860592852066,0.0001
2023-06-02 17:00:00,0.06397,0.06415,0.06361,0.06373,56096169,3581766.83489,12414,26315973,1680300.52575,-0.0001568873548793,ARPA-USDT,0.0640287781921437,0.0639268156419748,
2023-06-02 18:00:00,0.06373,0.06419,0.06356,0.06398,57947166,3701570.82015,12911,23112722,1475515.93902,0.0,ARPA-USDT,0.0638131302884709,0.0637570326572113,
2023-06-02 19:00:00,0.06399,0.06424,0.06387,0.06408,42294463,2709163.43499,9775,17767302,1138131.27933,0.0004683840749415,ARPA-USDT,0.064038374075218,0.0639450147865155,
2023-06-02 20:00:00,0.06408,0.06422,0.06377,0.06381,34154482,2185507.6393,8266,17138284,1096510.59673,0.0,ARPA-USDT,0.0641170574548485,0.0641267412429807,
2023-06-02 21:00:00,0.06381,0.06402,0.06337,0.06382,69496545,4423366.85498,13173,35697683,2272880.19147,-0.0004698512137822,ARPA-USDT,0.0637733269019553,0.0637769871883207,
2023-06-02 22:00:00,0.06383,0.06411,0.06346,0.06352,45355745,2893943.03682,10521,22241912,1419173.33793,-0.0006293266205162,ARPA-USDT,0.0638745938200397,0.0639129472622689,
2023-06-02 23:00:00,0.06352,0.06407,0.06352,0.06395,41367985,2640434.19964,10264,23041833,1470754.0143,-0.0004688965301654,ARPA-USDT,0.0636045957789406,0.063636137050265,
2023-06-03 00:00:00,0.06396,0.06431,0.06306,0.06328,107798022,6847312.42113,22843,51284806,3259120.96236,-0.0003159557661925,ARPA-USDT,0.0638613965041152,0.0637910739736711,0.0001
2023-06-03 01:00:00,0.06328,0.06419,0.06307,0.06376,106281728,6774319.23237,21536,48453820,3087950.78773,-0.0006269592476488,ARPA-USDT,0.0632037894009239,0.0631475158194461,
2023-06-03 02:00:00,0.06377,0.06698,0.06358,0.06675,341397164,22397538.74066,69318,181196332,11883929.4204,-0.0013464991023338,ARPA-USDT,0.0636856981154641,0.0637218735324733,
2023-06-03 03:00:00,0.06676,0.06959,0.06521,0.0666,603403997,40499126.38252,121329,281599678,18908336.20232,-0.0007501875468866,ARPA-USDT,0.0666136222868274,0.0672868973656524,
2023-06-03 04:00:00,0.06661,0.06661,0.06523,0.06616,163352979,10758761.56803,37421,71257665,4693395.41052,-0.0006042296072507,ARPA-USDT,0.0661040737721775,0.0657284148875453,
2023-06-03 05:00:00,0.06616,0.06761,0.06591,0.06751,139668811,9291547.37317,32449,75788609,5046165.49136,-0.0011836070424618,ARPA-USDT,0.0660893214022165,0.0660815202461426,
2023-06-03 06:00:00,0.06752,0.06752,0.0653,0.06537,168215896,11162944.53655,41551,71967934,4778664.63015,0.0001529987760098,ARPA-USDT,0.0673499945765354,0.0672183669143608,
2023-06-03 07:00:00,0.06537,0.06574,0.06512,0.06561,90821267,5940235.38859,22538,47468904,3105569.48942,-0.0010657734470158,ARPA-USDT,0.0654376702343065,0.0653715484077861,
2023-06-03 08:00:00,0.06562,0.06586,0.06505,0.06567,79431189,5199293.81899,20821,37557649,2458440.12448,-0.000456621004566,ARPA-USDT,0.0657212736491984,0.0657408401733865,0.0001
2023-06-03 09:00:00,0.06567,0.06582,0.06452,0.06472,98313329,6392420.83418,22371,41659000,2709704.49858,0.0,ARPA-USDT,0.065755255239115,0.0655971121742133,
2023-06-03 10:00:00,0.06472,0.06492,0.06448,0.06462,61789514,3994767.03533,14354,29746969,1923503.80609,0.0,ARPA-USDT,0.0647940286871421,0.0647132008364129,
2023-06-03 11:00:00,0.06463,0.06486,0.06433,0.06455,50342143,3252610.28995,11621,23970770,1549341.91102,-0.0009286488159728,ARPA-USDT,0.0647005080543755,0.064650508794733,
2023-06-03 12:00:00,0.06454,0.06486,0.06403,0.06415,59050483,3802584.36299,13868,24163916,1556602.04106,0.0,ARPA-USDT,0.0646126474755668,0.0646529569911719,
2023-06-03 13:00:00,0.06415,0.06433,0.0638,0.06407,49701822,3186438.34033,11962,22356507,1433964.95749,-0.0001560549313357,ARPA-USDT,0.0642271532684093,0.0642241941079449,
2023-06-03 14:00:00,0.06407,0.06464,0.06406,0.06441,55086834,3545992.83056,13121,31686251,2039536.75586,-0.0004655493482309,ARPA-USDT,0.0641439335759368,0.064160868584546,
2023-06-03 15:00:00,0.0644,0.06455,0.06417,0.06425,38936143,2505404.3597,10970,17625832,1134352.06209,0.0,ARPA-USDT,0.0644894340899513,0.0644148386575372,
2023-06-03 16:00:00,0.06426,0.06449,0.06388,0.06399,46641187,2991594.221,12031,20676082,1326483.05364,-0.0004686035613868,ARPA-USDT,0.0643900856976009,0.0643290312926916,0.0001
2023-06-03 17:00:00,0.06399,0.064,0.0632,0.0634,90888318,5774286.7517,18277,40287656,2559293.30152,-0.000315357931252,ARPA-USDT,0.0639044201923456,0.0639291792005394,
2023-06-03 18:00:00,0.0634,0.06345,0.06073,0.06157,301208993,18617244.40353,54032,117382399,7247798.1249,-0.0009735518416355,ARPA-USDT,0.0634011747053924,0.0632554349414455,
2023-06-03 19:00:00,0.06158,0.06163,0.05733,0.05842,499298378,29515069.82442,83520,217233875,12828842.01384,-0.0005132591958939,ARPA-USDT,0.0615738701009238,0.0615603411145877,
2023-06-03 20:00:00,0.05842,0.0595,0.05842,0.05937,166768963,9853919.63773,29590,94107820,5559639.09416,-0.0013456686291001,ARPA-USDT,0.0587212318444302,0.058739395317376,
2023-06-03 21:00:00,0.05936,0.05953,0.059,0.05909,79255032,4698980.01692,14589,40766394,2417567.67571,-0.0003383522246659,ARPA-USDT,0.0594366174524491,0.0594342142078496,
2023-06-03 22:00:00,0.0591,0.05997,0.05909,0.05979,87093616,5191813.32033,16077,48370248,2882791.65364,-0.0008355614973261,ARPA-USDT,0.059290385197413,0.0593734041500217,
2023-06-03 23:00:00,0.05979,0.05997,0.0596,0.05973,41976184,2508061.24951,9908,19650152,1174123.5379,0.0003349522693016,ARPA-USDT,0.0597891984850877,0.0598051677685926,
2023-06-04 00:00:00,0.05973,0.06007,0.05915,0.0592,100873070,6014074.56039,16817,47258471,2819746.81382,-0.000337723741979,ARPA-USDT,0.059715512474574,0.059834986449709,5.927e-05
2023-06-04 01:00:00,0.05919,0.05948,0.05881,0.05897,74875494,4428596.00496,13774,33401781,1975985.89001,-0.0008471704506947,ARPA-USDT,0.0591339395537306,0.0590926567956451,
2023-06-04 02:00:00,0.05897,0.05931,0.0588,0.05894,51916042,3065124.4544,10986,26521883,1566064.77643,-0.0003392130257802,ARPA-USDT,0.058960958598581,0.0590260237562571,
2023-06-04 03:00:00,0.05894,0.05901,0.05855,0.05866,66191359,3889883.53231,15021,29558447,1737318.93407,-0.0005111603339581,ARPA-USDT,0.05889511618847,0.0588529091640705,
2023-06-04 04:00:00,0.05866,0.05906,0.05822,0.05877,93021833,5461839.38859,18811,47217393,2773334.84392,-0.0003401939105289,ARPA-USDT,0.0583770999954361,0.0584410092538177,
2023-06-04 05:00:00,0.05876,0.0588,0.05819,0.0586,87183008,5100897.09193,16922,43441935,2542125.7194,-0.0005116834385127,ARPA-USDT,0.0586107576955236,0.0586110768038447,
2023-06-04 06:00:00,0.05861,0.05879,0.05808,0.05869,91426678,5345405.08084,18371,43627402,2551175.26071,-0.0001703577512777,ARPA-USDT,0.0585090271730874,0.0584571569723633,
2023-06-04 07:00:00,0.05869,0.0587,0.05821,0.05852,74334650,4347882.74199,14856,34832882,2037652.21121,-0.000853679358033,ARPA-USDT,0.0585532090293424,0.0585703421178698,
2023-06-04 08:00:00,0.05852,0.05874,0.05829,0.0587,63753254,3729940.66652,14195,32233644,1886355.12844,-0.0006809669731018,ARPA-USDT,0.0584811202846238,0.0584076543080753,2.677e-05
2023-06-04 09:00:00,0.0587,0.0593,0.05867,0.05902,119024554,7024918.37742,23341,61407397,3624636.48881,-0.0005080440304825,ARPA-USDT,0.0587340997709153,0.0587934680518329,
2023-06-04 10:00:00,0.05902,0.05923,0.05875,0.05896,84727776,4997930.75835,16810,40044744,2362628.7851,-0.000169577751399,ARPA-USDT,0.0589331969099548,0.0588838522140971,
2023-06-04 11:00:00,0.05895,0.05938,0.05877,0.05923,71971836,4251229.19882,16267,36713495,2168992.54993,-0.000337552742616,ARPA-USDT,0.0588814461845952,0.0588628688400326,
2023-06-04 12:00:00,0.05922,0.06045,0.05891,0.06024,144705342,8626043.47685,29243,73651276,4392155.3713,-0.0018227009113503,ARPA-USDT,0.059020492364793,0.0592967643544303,
2023-06-04 13:00:00,0.06026,0.06056,0.05898,0.05901,203561389,12158052.57759,36571,90245783,5393896.10725,-0.0003388107741826,ARPA-USDT,0.0600452380754517,0.0602823415327296,
2023-06-04 14:00:00,0.05902,0.05907,0.0585,0.05886,127771460,7511957.77084,24740,63035659,3706609.45852,-0.0008487523340687,ARPA-USDT,0.0589636899514142,0.0589527683364327,
2023-06-04 15:00:00,0.05887,0.0589,0.05822,0.05861,93356521,5462055.9659,19732,41824267,2447300.17839,-0.0003411222923418,ARPA-USDT,0.0588650504007633,0.058759097634502,
2023-06-04 16:00:00,0.05861,0.05867,0.05762,0.05835,140705618,8171953.57742,26487,63819211,3707934.3455,-0.0003426417680315,ARPA-USDT,0.0586178929860566,0.0585232443916712,9.887e-05
2023-06-04 17:00:00,0.05834,0.05869,0.05822,0.05827,75832840,4437725.3998300005,16003,35606801,2083813.89557,0.0,ARPA-USDT,0.0583474726036012,0.0584914031442874,
2023-06-04 18:00:00,0.05826,0.05864,0.05811,0.05835,66648764,3893724.45908,14938,33926120,1982348.0696,0.0001714089818305,ARPA-USDT,0.0582937047616007,0.0584264823196105,
2023-06-04 19:00:00,0.05835,0.05867,0.05828,0.05839,50852104,2974220.98615,11233,26878376,1571940.04586,-0.0003424071220681,ARPA-USDT,0.058408569460394,0.0583611815913291,
2023-06-04 20:00:00,0.0584,0.05939,0.05813,0.05905,115135253,6771700.43441,21748,55942230,3291256.15535,-0.0005077860528097,ARPA-USDT,0.0584752318726194,0.0584260167107763,
2023-06-04 21:00:00,0.05905,0.05965,0.05886,0.05915,84316306,4995953.40158,16897,40738373,2414151.92446,-0.0001690331304935,ARPA-USDT,0.0591537934170162,0.0590098228746421,
2023-06-04 22:00:00,0.05915,0.06052,0.05915,0.05991,148449982,8903119.13032,28737,74588746,4472520.09669,0.0001669449081802,ARPA-USDT,0.0592489521091198,0.0592954792108994,
2023-06-04 23:00:00,0.05991,0.06064,0.05975,0.06007,122463143,7364499.10462,25616,60932227,3664867.97435,-0.0003328340822099,ARPA-USDT,0.0599603797767873,0.06003708075945,
2023-06-05 00:00:00,0.06007,0.06008,0.05832,0.05916,150654249,8925846.23705,30605,71092958,4211703.30046,-0.0001690045631232,ARPA-USDT,0.0598426899257936,0.0597140987924404,0.0001
2023-06-05 01:00:00,0.05917,0.05961,0.05853,0.05934,90387335,5346636.48315,19877,44790406,2649742.81928,-0.0003369272237198,ARPA-USDT,0.0591550638377511,0.0591966526799341,
2023-06-05 02:00:00,0.05934,0.06102,0.05928,0.05945,274920214,16533274.74028,49068,140295832,8438944.6184,-0.000336304018833,ARPA-USDT,0.0593860642950937,0.0598477192224357,
2023-06-05 03:00:00,0.05944,0.06028,0.05816,0.05861,215050312,12719916.05478,41621,102387555,6057707.7413,-0.000852369587453,ARPA-USDT,0.0595229107777632,0.0594719109352276,
2023-06-05 04:00:00,0.0586,0.05958,0.0584,0.05934,102461313,6050784.52403,22864,49093224,2899892.68343,-0.0008418925745075,ARPA-USDT,0.0585112176535334,0.0586862479849908,
2023-06-05 05:00:00,0.05934,0.05937,0.05749,0.058,147496463,8578030.4523,29777,67519144,3928297.64126,0.0,ARPA-USDT,0.0591573595829187,0.0589495088479838,
2023-06-05 06:00:00,0.058,0.05802,0.05676,0.05755,136470740,7842531.95409,27918,60007811,3449856.43074,-0.0010414858531505,ARPA-USDT,0.0578876843888844,0.0577674289685397,
2023-06-05 07:00:00,0.05755,0.05775,0.05714,0.05737,71010406,4077849.07641,15464,35092981,2015602.08174,-0.0006967427277478,ARPA-USDT,0.0575841794773774,0.0573943943389358,
2023-06-05 08:00:00,0.05737,0.05795,0.05731,0.0577,58772352,3391285.21649,15245,31286075,1805267.80706,-0.0001732801940736,ARPA-USDT,0.0573888045612845,0.0574579072089499,8.294e-05
2023-06-05 09:00:00,0.05769,0.05809,0.0573,0.05751,64513500,3722587.8507,16323,30958780,1786864.63747,-0.0001738525730181,ARPA-USDT,0.0576561445493254,0.057709576760355,
2023-06-05 10:00:00,0.05751,0.0579,0.05714,0.05721,55430236,3187823.86376,14052,26681320,1534690.78281,-0.0006986899563319,ARPA-USDT,0.0575344738333348,0.0575790128429501,
2023-06-05 11:00:00,0.05721,0.05768,0.05714,0.05754,65527317,3762316.02949,14895,34129701,1959833.59075,-0.0001737619461337,ARPA-USDT,0.057274483624862,0.0573529416716142,
2023-06-05 12:00:00,0.05753,0.05788,0.05705,0.05737,80152298,4604191.3162,17485,41400124,2378791.77542,-0.0001742767514814,ARPA-USDT,0.0575135225089837,0.0576033887272775,
2023-06-05 13:00:00,0.05738,0.05745,0.05648,0.057,139578946,7955944.28472,26255,66222589,3775562.42039,-0.0007012622720897,ARPA-USDT,0.057275014720461,0.0569363753108442,
2023-06-05 14:00:00,0.05701,0.05748,0.05664,0.05709,84404352,4809071.34928,18231,41031043,2338203.5575,-0.0003502013657853,ARPA-USDT,0.0570649283163749,0.0572907415968109,
2023-06-05 15:00:00,0.05709,0.05723,0.051,0.05134,491328510,27097208.19659,88597,192276017,10653891.64574,-0.0166634744301857,ARPA-USDT,0.0571323183741037,0.0568203024313594,
2023-06-05 16:00:00,0.05134,0.05359,0.05021,0.05264,447259114,23457585.40479,84979,216353107,11366874.89908,-0.0003797949107481,ARPA-USDT,0.052397644313601,0.0519851216927359,0.0001
2023-06-05 17:00:00,0.05264,0.05267,0.05148,0.05182,125222244,6499811.85237,25575,61422927,3188797.52594,-0.0009639483323694,ARPA-USDT,0.0526013292214493,0.052407444287504,
2023-06-05 18:00:00,0.05182,0.05215,0.05151,0.05201,90331354,4679956.18449,17114,49685033,2574193.62212,-0.0005764796310531,ARPA-USDT,0.0519256859504775,0.0518721290139856,
2023-06-05 19:00:00,0.05201,0.05225,0.05145,0.05181,103327960,5358711.08336,20638,54191829,2810735.30163,0.0,ARPA-USDT,0.0519698797532575,0.0517532918055381,
2023-06-05 20:00:00,0.05181,0.05226,0.05155,0.05215,66701055,3460506.68019,13693,34156528,1772182.6237,-0.000574932924492,ARPA-USDT,0.0518628763723376,0.0518221004974111,
2023-06-05 21:00:00,0.05214,0.05239,0.05128,0.05209,76342813,3953282.59307,15721,38286887,1982289.7955,-0.0009589566551592,ARPA-USDT,0.0522830472173751,0.0522014057863108,
2023-06-05 22:00:00,0.05209,0.05266,0.05208,0.05259,49903804,2615119.68254,12381,25732492,1348532.26202,0.0001901863826549,ARPA-USDT,0.0522563961391955,0.0523170162284991,
2023-06-05 23:00:00,0.05258,0.05384,0.05239,0.05261,140862543,7458173.77474,24024,71561525,3791302.1048,-0.0007597340930675,ARPA-USDT,0.0526607747025359,0.0526041052861424,
2023-06-06 00:00:00,0.05262,0.05317,0.05257,0.05278,68386206,3616874.1646,14434,40517404,2142687.82583,-0.0003787878787878,ARPA-USDT,0.0529392403973561,0.0530278670499878,0.0001
2023-06-06 01:00:00,0.05277,0.05279,0.05208,0.05226,73665638,3861016.19347,15198,35292925,1849590.85707,-0.0001913143294431,ARPA-USDT,0.0526170294480636,0.0526323183921612,
2023-06-06 02:00:00,0.05225,0.05281,0.05203,0.05255,176001295,9236320.54149,26588,90831785,4767560.19209,-0.0003804451207912,ARPA-USDT,0.0522231645682823,0.0522718263228306,
2023-06-06 03:00:00,0.05255,0.05258,0.05211,0.05245,39099209,2046556.72567,10223,19248837,1007658.99528,-0.0001906214258483,ARPA-USDT,0.0524770772586944,0.0524731180199904,
2023-06-06 04:00:00,0.05245,0.05267,0.05226,0.05248,33501183,1756669.07544,8913,17766370,931752.36905,-0.0005713197486193,ARPA-USDT,0.0524779995432795,0.0525518814447002,
2023-06-06 05:00:00,0.05247,0.05248,0.052,0.05221,60627422,3163867.38954,11931,27849818,1453278.69492,-0.0015299292407726,ARPA-USDT,0.0524188018806624,0.052397503523787,
2023-06-06 06:00:00,0.0522,0.0522,0.05154,0.0518,64468045,3341961.81209,11590,30244570,1567968.46098,-0.0001930129318664,ARPA-USDT,0.0520812942643027,0.0520364104628303,
2023-06-06 07:00:00,0.0518,0.05209,0.05162,0.05174,43821548,2272979.19914,9776,23523039,1220142.07719,-0.0003863987635239,ARPA-USDT,0.0517997783639913,0.051829061174223,
2023-06-06 08:00:00,0.05173,0.05213,0.05167,0.05173,58725115,3048179.49818,11893,29740606,1543768.94897,0.0001933488012373,ARPA-USDT,0.0517092806258627,0.0517501540269144,0.0001
2023-06-06 09:00:00,0.05172,0.05195,0.05155,0.05188,35918905,1858312.03704,9013,18801277,972733.44539,0.0001927896664739,ARPA-USDT,0.051705590978153,0.0516468742360186,
2023-06-06 10:00:00,0.05187,0.05207,0.05175,0.05193,41922693,2175352.31426,9181,19417794,1007641.63448,-0.0003849855630414,ARPA-USDT,0.0518424557446312,0.0517921776353402,
2023-06-06 11:00:00,0.05193,0.05261,0.05183,0.05198,72070849,3757545.47459,14465,36517062,1904010.30864,-0.0007689350249903,ARPA-USDT,0.0519342827669404,0.0519169780058932,
2023-06-06 12:00:00,0.05197,0.05227,0.05099,0.05176,137933316,7136143.71361,27869,64975394,3363159.69497,-0.0005792624058699,ARPA-USDT,0.0519669905767617,0.052048335104092,
2023-06-06 13:00:00,0.05176,0.05298,0.05122,0.05261,146277039,7610535.10241,27371,72314499,3761288.2874,-0.0001900418091981,ARPA-USDT,0.0516817867896331,0.0516222113933187,
2023-06-06 14:00:00,0.05261,0.05348,0.05259,0.05309,121393136,6440730.88333,26270,56662595,3006442.97667,-0.0001883239171375,ARPA-USDT,0.0526480512703722,0.0529019233471405,
2023-06-06 15:00:00,0.0531,0.05392,0.05292,0.05388,98274265,5248968.17998,22597,53045474,2833694.37079,-0.0001855631842643,ARPA-USDT,0.053085184381357,0.0530542866716451,
2023-06-06 16:00:00,0.05388,0.05414,0.05318,0.05355,77950426,4177678.81898,20901,37351221,2002132.39963,-0.0001867064973861,ARPA-USDT,0.0537666127404898,0.053710516160594,0.0001
2023-06-06 17:00:00,0.05354,0.055,0.05316,0.05438,133567590,7220654.69384,33045,68142249,3685528.47265,-0.0003676470588235,ARPA-USDT,0.0535495389428825,0.0534172140151084,
2023-06-06 18:00:00,0.05438,0.0546,0.05397,0.05424,56563623,3066656.58955,14700,26757993,1450667.87141,0.0,ARPA-USDT,0.054165524747584,0.0541362775957293,
2023-06-06 19:00:00,0.05425,0.05476,0.05409,0.0545,59172168,3218987.8810900003,16271,26122826,1421154.48907,-0.000916590284143,ARPA-USDT,0.0541831515002268,0.0542377747727264,
2023-06-06 20:00:00,0.05451,0.05464,0.05359,0.05359,64034403,3459198.84825,16838,29360256,1586396.75324,-0.0007458512026849,ARPA-USDT,0.0545070637786592,0.0545051139138313,
2023-06-06 21:00:00,0.0536,0.05411,0.05342,0.05407,42749740,2295190.75653,10807,21197957,1138311.15601,-0.0007392348918868,ARPA-USDT,0.053689639906053,0.0536872902502929,
2023-06-06 22:00:00,0.05408,0.0547,0.05408,0.05457,44793479,2437207.90596,10623,23554198,1281252.73894,-0.0005494505494505,ARPA-USDT,0.0541308592106657,0.0542004718587708,
2023-06-06 23:00:00,0.05456,0.05477,0.05419,0.05444,56713596,3089330.82076,12834,28427292,1548498.39461,-0.0005507618872773,ARPA-USDT,0.0546446388768095,0.0545956105093123,
2023-06-07 00:00:00,0.05445,0.05445,0.05374,0.05377,81722549,4416698.50568,17898,39970364,2160406.12362,-0.0007433562534844,ARPA-USDT,0.0542685764604019,0.0540418814325531,9.244e-05
2023-06-07 01:00:00,0.05377,0.05388,0.05325,0.05355,77653152,4161197.02203,15202,39128902,2097297.27006,-0.0014917024053701,ARPA-USDT,0.0537513477629872,0.0536820182996786,
2023-06-07 02:00:00,0.05356,0.05371,0.05324,0.05337,139751192,7472062.63881,19551,71170659,3806186.39016,-0.0003746019853905,ARPA-USDT,0.0534275731138939,0.0534919423767812,
2023-06-07 03:00:00,0.05338,0.05351,0.05276,0.05318,71357453,3789663.28052,14963,30944024,1643264.32582,-0.0007515971439309,ARPA-USDT,0.0534007801854637,0.0533800862365458,
2023-06-07 04:00:00,0.05318,0.0534,0.05311,0.05319,46939543,2499211.81776,9251,23938335,1274574.70181,-0.0001879699248119,ARPA-USDT,0.0532407513234985,0.0532789003289029,
2023-06-07 05:00:00,0.05319,0.0532,0.05285,0.05288,36338177,1925833.92524,8722,16405482,869461.78019,-0.0005670005670004,ARPA-USDT,0.0531607497407272,0.0531106242387068,
2023-06-07 06:00:00,0.05288,0.05294,0.05223,0.0523,50832167,2673935.34474,10785,22464618,1181984.88653,-0.0001911680367042,ARPA-USDT,0.0528487355335032,0.0528466055853181,
2023-06-07 07:00:00,0.0523,0.05235,0.05185,0.05209,47631924,2482229.36618,10766,23137948,1206033.53067,-0.000575594781274,ARPA-USDT,0.0523040429102333,0.052275542261082,
2023-06-07 08:00:00,0.05209,0.05289,0.05209,0.05288,49720167,2612124.80001,11900,27335190,1435723.52725,0.0,ARPA-USDT,0.05222762204165,0.0523354727937375,0.0001
2023-06-07 09:00:00,0.05288,0.05295,0.0517,0.05174,81737389,4287068.63919,17235,35521741,1862179.09199,-0.0003863987635239,ARPA-USDT,0.0528263347456764,0.0528372036553099,
2023-06-07 10:00:00,0.05173,0.05232,0.05127,0.05189,89640794,4654098.02843,19976,43995639,2284713.67414,-0.00057781201849,ARPA-USDT,0.0517099057827126,0.0516013483543747,
2023-06-07 11:00:00,0.05189,0.05249,0.05189,0.05217,60471146,3151945.03726,14619,31281797,1630402.36465,-0.0005747126436782,ARPA-USDT,0.0519389487445171,0.0520363613313711,
2023-06-07 12:00:00,0.05216,0.05221,0.05141,0.05188,56585162,2926498.2374,14221,26303328,1360270.49592,-0.0003853564547205,ARPA-USDT,0.0520725386192338,0.0519361694921437,
2023-06-07 13:00:00,0.05188,0.0521,0.05119,0.05142,68884106,3559895.18117,15524,32830631,1696645.9222,-0.0007773027594247,ARPA-USDT,0.051911717421616,0.0519336877689531,
2023-06-07 14:00:00,0.05142,0.05143,0.04969,0.05005,166412383,8412894.927960001,34860,69778371,3528672.1743300003,0.0,ARPA-USDT,0.0513626210789809,0.051216586903009,
2023-06-07 15:00:00,0.05004,0.05048,0.04943,0.05007,128633266,6422523.52477,25460,63403829,3167579.57158,-0.0005988023952094,ARPA-USDT,0.0499956040621032,0.0499192252846413,
2023-06-07 16:00:00,0.05007,0.05026,0.04931,0.04937,72797636,3623523.71293,18266,34656660,1726040.42354,-0.0006072874493927,ARPA-USDT,0.0499679121634164,0.0499792808835445,7.087e-05
2023-06-07 17:00:00,0.04938,0.05005,0.04915,0.04961,93069000,4618898.40189,20821,50485992,2505095.95163,-0.0002015316404674,ARPA-USDT,0.0494196150274218,0.0493626616385673,
2023-06-07 18:00:00,0.0496,0.05008,0.04952,0.04963,35162627,1751631.60129,10399,17420807,867972.92359,-0.0004028197381671,ARPA-USDT,0.0496056023932201,0.0496699353291158,
2023-06-07 19:00:00,0.04963,0.05015,0.04943,0.0501,34924725,1738606.60211,9880,18692925,930573.90065,0.0,ARPA-USDT,0.04966518223713,0.0496613513144683,
2023-06-07 20:00:00,0.05009,0.05042,0.04992,0.05011,59334862,2977468.7775600003,13220,29487370,1479959.29731,-0.0003989626969878,ARPA-USDT,0.0501376758010559,0.0502435223891946,
2023-06-07 21:00:00,0.05012,0.05059,0.04967,0.04983,40963752,2056616.8271,9816,20461851,1027336.29361,-0.0006016847172082,ARPA-USDT,0.050135640455545,0.0502347423348591,
2023-06-07 22:00:00,0.04983,0.05007,0.04953,0.04977,38405167,1911771.66377,10407,19217689,956683.48853,-0.0002008838891119,ARPA-USDT,0.0498974958801351,0.0499284938108718,
2023-06-07 23:00:00,0.04977,0.04993,0.04966,0.04979,21158002,1054300.4792,6644,11223346,559252.76368,-0.0006021678040948,ARPA-USDT,0.0497958689187861,0.0498486894994188,
2023-06-08 00:00:00,0.04979,0.04981,0.0495,0.04976,33073596,1641668.48938,9660,18244517,905567.19066,-0.0002009242515572,ARPA-USDT,0.0497256433573396,0.0497039172575178,0.0001
2023-06-08 01:00:00,0.04975,0.05054,0.04974,0.05009,120453511,6038492.55045,18478,60453173,3031127.57361,-0.0005985634477253,ARPA-USDT,0.0497656720241292,0.0498129755573633,
2023-06-08 02:00:00,0.05009,0.0502,0.04951,0.04954,71799353,3582010.93008,14464,35075744,1750156.82879,-0.000201816347124,ARPA-USDT,0.0499377719498007,0.049985624873228,
2023-06-08 03:00:00,0.04953,0.04957,0.04902,0.04935,70834817,3493324.71358,14233,33560002,1655267.00638,-0.0006075334143378,ARPA-USDT,0.049473492894839,0.0494349729299834,
2023-06-08 04:00:00,0.04935,0.04971,0.04903,0.04922,68240467,3365409.15579,12977,33083519,1631980.08922,-0.0012175324675324,ARPA-USDT,0.049316412735462,0.0493816293045275,
2023-06-08 05:00:00,0.04922,0.04934,0.04829,0.04846,87843830,4281373.31944,16657,36197090,1764579.59474,0.0002063983488131,ARPA-USDT,0.0491613593191569,0.0492582937179411,
2023-06-08 06:00:00,0.04846,0.04872,0.04826,0.04863,67817285,3288587.9927000003,13918,35374378,1715359.88814,-0.0002055921052632,ARPA-USDT,0.048443848929122,0.0484233168044847,
2023-06-08 07:00:00,0.04862,0.04918,0.04852,0.04878,60619403,2966131.19815,11540,29984974,1467368.14481,-0.0002049600327936,ARPA-USDT,0.0486425685447386,0.0485732743558035,
2023-06-08 08:00:00,0.04877,0.05096,0.04876,0.05035,136319662,6796468.03914,24408,78316448,3901841.1149,-0.0007938082952966,ARPA-USDT,0.0487889020026906,0.0488734089274763,7.169e-05
2023-06-08 09:00:00,0.05035,0.05151,0.05011,0.0507,128485777,6521335.36072,26438,67603472,3431354.97722,-0.0005913660555882,ARPA-USDT,0.0503240447214086,0.0502676976920284,
2023-06-08 10:00:00,0.0507,0.05136,0.0501,0.051,104100902,5280446.6774,20566,51979327,2638034.21869,-0.0011750881316099,ARPA-USDT,0.0506398397946614,0.0506403521638132,
2023-06-08 11:00:00,0.05101,0.05127,0.05059,0.05076,63588720,3235447.73685,14256,33097894,1684081.7235,-0.0003938558487592,ARPA-USDT,0.0511064363490594,0.0510246214093502,
2023-06-08 12:00:00,0.05076,0.05142,0.05051,0.05122,86253500,4402882.10161,18696,45721777,2333742.82875,-0.000780335544284,ARPA-USDT,0.0506912143867374,0.0506133333354988,
2023-06-08 13:00:00,0.05123,0.05158,0.05024,0.05047,99706985,5065406.09437,21193,45247785,2300619.89219,-0.0001980982567352,ARPA-USDT,0.0513154669497997,0.0510943682664575,
2023-06-08 14:00:00,0.05046,0.05142,0.05035,0.05106,96078818,4896685.38111,18587,46922297,2391351.79091,0.0,ARPA-USDT,0.0504770487861648,0.0504686444626282,
2023-06-08 15:00:00,0.05107,0.05112,0.05014,0.05037,83517767,4224884.67423,17147,40124699,2029649.04713,-0.000595238095238,ARPA-USDT,0.0510732141803459,0.0508327370040969,
2023-06-08 16:00:00,0.05037,0.05134,0.05003,0.05026,91027383,4606108.69425,20527,46645525,2361197.83534,0.0,ARPA-USDT,0.050376975104404,0.0502806923063272,0.0001
2023-06-08 17:00:00,0.05026,0.05026,0.04985,0.05006,42230174,2113936.62019,11636,19830024,992893.58503,-0.0003993610223641,ARPA-USDT,0.0501977807510042,0.0501587986160906,
2023-06-08 18:00:00,0.05007,0.05219,0.04987,0.05166,123589463,6333158.49602,25614,67506745,3461130.08055,-0.0001935359009096,ARPA-USDT,0.0500637104810318,0.0500346901830178,
2023-06-08 19:00:00,0.05165,0.05232,0.05063,0.05073,158905694,8158214.98962,34204,74958357,3850755.78286,-0.0011813349084466,ARPA-USDT,0.0517023217399509,0.0519606045420185,
2023-06-08 20:00:00,0.05072,0.0513,0.05071,0.05099,53496948,2731475.6471,12479,27794390,1418804.04158,-0.0003920799843167,ARPA-USDT,0.050851176670302,0.0509136374364002,
2023-06-08 21:00:00,0.05098,0.05098,0.05056,0.05063,28283318,1435041.3642,7155,13497180,684766.68113,-0.0007894217485691,ARPA-USDT,0.0509249738505739,0.0508700675293277,
2023-06-08 22:00:00,0.05064,0.05114,0.05061,0.05091,33155893,1686302.03548,6912,17934661,912023.20045,-0.0005889281507656,ARPA-USDT,0.0506488350916718,0.0506824250057425,
2023-06-08 23:00:00,0.0509,0.05099,0.05046,0.05055,39723320,2016526.63626,8495,17324250,879767.26512,-0.0001977848101266,ARPA-USDT,0.0508593750506457,0.050837865106867,
2023-06-09 00:00:00,0.05055,0.05072,0.05022,0.05036,45598247,2301076.597,11209,22324742,1127144.08432,-0.0005953562214724,ARPA-USDT,0.0505062866623591,0.0505493858493483,0.0001
2023-06-09 01:00:00,0.05037,0.05065,0.05011,0.05014,146675677,7388675.80141,20687,73589932,3707903.87411,-0.0001994017946161,ARPA-USDT,0.0502899262592313,0.0502348550657051,
2023-06-09 02:00:00,0.05014,0.05015,0.0492,0.04971,75198623,3735829.64242,17311,32204830,1599673.59586,-0.0010048231511253,ARPA-USDT,0.0500870478006716,0.050067361305339,
2023-06-09 03:00:00,0.04972,0.05104,0.04969,0.05101,77122325,3888506.90068,17080,42771758,2157490.37303,-0.001174858037987,ARPA-USDT,0.049730522155704,0.0497756510179071,
2023-06-09 04:00:00,0.05102,0.052,0.05076,0.0515,184429589,9468412.24949,37031,93219444,4787224.81296,-0.0001941370607649,ARPA-USDT,0.0509222393436956,0.0509704882941165,
2023-06-09 05:00:00,0.05149,0.05188,0.05073,0.05103,119777373,6131717.68262,24133,57635116,2950849.26868,-0.0009788566953797,ARPA-USDT,0.0514438901801092,0.0515321115529402,
2023-06-09 06:00:00,0.05103,0.05104,0.05026,0.05038,89120251,4508568.94079,17008,36917547,1868063.10401,-0.0009914733293674,ARPA-USDT,0.0509609748705354,0.0509344451080207,
2023-06-09 07:00:00,0.05038,0.05059,0.05002,0.05018,83618872,4208294.774449999,17304,39381390,1983069.41803,-0.0007964954201512,ARPA-USDT,0.0503359568321865,0.0503976093543067,
2023-06-09 08:00:00,0.05019,0.05063,0.05007,0.05043,69207748,3487881.22238,14245,35104130,1769158.93783,-0.0001982553528944,ARPA-USDT,0.0501255485733914,0.050253205252332,6.222e-05
2023-06-09 09:00:00,0.05043,0.0507,0.05032,0.05051,47836619,2414661.11696,10248,22265777,1124089.18126,-0.0005935892362485,ARPA-USDT,0.0504264104847605,0.0504176768912876,
2023-06-09 10:00:00,0.05052,0.05076,0.05043,0.0507,35978610,1820288.05133,8515,17376981,879358.36716,-0.0001971997633601,ARPA-USDT,0.0504655422091016,0.050514438645336,
2023-06-09 11:00:00,0.05069,0.05126,0.05065,0.05095,67443251,3439554.87893,13787,33713104,1719555.27044,0.0,ARPA-USDT,0.0506828981867207,0.0507364995488996,
2023-06-09 12:00:00,0.05095,0.05196,0.05085,0.05188,92254976,4747737.12184,19979,47227208,2430641.17853,0.0,ARPA-USDT,0.0508870019415818,0.0509714676107566,
2023-06-09 13:00:00,0.05187,0.053,0.05159,0.05257,209230893,10952595.2135,43751,107302850,5617894.12381,-0.0007603117278083,ARPA-USDT,0.0519682966351436,0.0519855397131308,
2023-06-09 14:00:00,0.05257,0.05432,0.0525,0.05328,419700073,22443243.54236,89111,205026120,10965003.85653,-0.0001876524676298,ARPA-USDT,0.0526384603730913,0.0528972231800787,
2023-06-09 15:00:00,0.05329,0.05443,0.05267,0.05378,471710692,25379277.3894,90549,235925841,12697376.5374,-0.0007432181345224,ARPA-USDT,0.053256554004722,0.053038901786557,
2023-06-09 16:00:00,0.05378,0.0549,0.05338,0.05455,527399115,28649707.54064,93022,265095532,14402696.28538,-0.0010986998718183,ARPA-USDT,0.0536137097453803,0.0537148547956485,0.0001
2023-06-09 17:00:00,0.05456,0.0564,0.05418,0.05568,741653181,41091698.66306,133021,373864823,20719430.55581,-0.0007178750897343,ARPA-USDT,0.0543566681251418,0.0544914566231357,
2023-06-09 18:00:00,0.05568,0.0585,0.0553,0.05767,1203320206,68801744.70209,206267,609533478,34852580.04702,-0.0013852813852814,ARPA-USDT,0.0554989823450398,0.0555304389079739,
2023-06-09 19:00:00,0.05767,0.05779,0.0556,0.05606,1011582795,57166431.24977,175420,492171915,27817997.21029,-0.0005348546978071,ARPA-USDT,0.0574974753129266,0.0570827903892951,
2023-06-09 20:00:00,0.05607,0.0566,0.05461,0.0552,638563072,35500090.64564,116806,310157979,17247482.13987,-0.0005431830526887,ARPA-USDT,0.0558129714327254,0.0555801196989235,
2023-06-09 21:00:00,0.05521,0.05584,0.05475,0.05495,304526392,16809665.202,57393,155171439,8568325.78829,0.0001820167455404,ARPA-USDT,0.0552031182008619,0.0550431121535924,
2023-06-09 22:00:00,0.05495,0.05542,0.0538,0.05442,338627101,18450810.59958,56936,157780189,8600595.24474,-0.0003673769287289,ARPA-USDT,0.0550997303533985,0.0549920910940994,
2023-06-09 23:00:00,0.05443,0.05455,0.05404,0.05432,168495019,9144702.62107,29843,84447609,4583934.52031,-0.0001840603718019,ARPA-USDT,0.0543367387943407,0.0542514697872306,
2023-06-10 00:00:00,0.05432,0.055,0.05306,0.0534,451702243,24389114.31694,82049,218145554,11792535.03673,-0.0001872308556449,ARPA-USDT,0.0541130087519832,0.0541495146626939,6.884e-05
2023-06-10 01:00:00,0.0534,0.0543,0.05266,0.05323,325117305,17366312.17342,60790,167280937,8942110.811,-0.00037558685446,ARPA-USDT,0.0532464301073073,0.0531490816128412,
2023-06-10 02:00:00,0.05324,0.0537,0.05197,0.05235,364194082,19218773.89829,66194,177479904,9371455.2135,-0.000381898033225,ARPA-USDT,0.0532752733872829,0.0532671477412917,
2023-06-10 03:00:00,0.05236,0.05263,0.05105,0.05147,327291249,16931586.38956,56171,160239408,8291358.63631,0.0,ARPA-USDT,0.0523160274094397,0.0524248747356854,
2023-06-10 04:00:00,0.05147,0.05229,0.0409,0.04505,1179933056,54470808.4288,206951,548082929,25335197.7439,-0.0008871146595696,ARPA-USDT,0.0514966013722381,0.0516827460594196,
2023-06-10 05:00:00,0.04504,0.04563,0.04235,0.04251,470526690,20800216.33544,118843,222380299,9840302.0121,-0.0007052186177715,ARPA-USDT,0.0447705181050909,0.0451922018773465,
2023-06-10 06:00:00,0.0425,0.04344,0.04126,0.0422,378293610,16043395.5152,82845,189117619,8025654.92201,-0.0004737091425864,ARPA-USDT,0.0423702549514913,0.0424426719502439,
2023-06-10 07:00:00,0.04221,0.04279,0.04181,0.04238,227048149,9616096.92022,46304,114550345,4853295.75827,-0.0016489988221437,ARPA-USDT,0.0423332843543183,0.0422173886629934,
2023-06-10 08:00:00,0.04239,0.04284,0.04172,0.04219,212375820,8998339.33128,44509,106279874,4505106.14412,-0.0004738213693437,ARPA-USDT,0.0423632138642116,0.0423455199126132,0.0001
2023-06-10 09:00:00,0.04218,0.04239,0.04131,0.04171,207835748,8683879.041199999,37478,104068085,4350990.70561,-0.0021531100478469,ARPA-USDT,0.0421500207105058,0.0420346593860538,
2023-06-10 10:00:00,0.04172,0.0423,0.04157,0.04225,159778183,6691844.54279,27976,82928640,3474627.93479,-0.001418104467029,ARPA-USDT,0.0416946700198879,0.0418610283420058,
2023-06-10 11:00:00,0.04225,0.04282,0.04189,0.04272,173415845,7321471.32867,28175,92930227,3925875.78179,-0.0011690437222352,ARPA-USDT,0.042247959657432,0.0422880227476565,
2023-06-10 12:00:00,0.04273,0.04321,0.0425,0.04257,224141793,9587353.29715,35984,114541529,4901416.79081,-0.0014074595355384,ARPA-USDT,0.0427248730409532,0.0427323765147056,
2023-06-10 13:00:00,0.04258,0.04269,0.0418,0.04218,202814624,8557907.48459,31956,101044077,4264044.54733,-0.0014204545454544,ARPA-USDT,0.0426387002201699,0.0424653712244013,
2023-06-10 14:00:00,0.04219,0.0428,0.04208,0.04233,168585203,7156003.53073,29604,88060517,3738319.30448,-0.0009440641963652,ARPA-USDT,0.042232187317408,0.0424101080875835,
2023-06-10 15:00:00,0.04232,0.04241,0.04156,0.04176,163387628,6858411.05731,26447,76698782,3221292.17948,-0.0004786979415988,ARPA-USDT,0.042359229589444,0.042296589024615,
2023-06-10 16:00:00,0.04176,0.04232,0.04164,0.04196,150922191,6333686.66633,28668,79174615,3322885.61005,-0.0004764173415914,ARPA-USDT,0.041777716111615,0.0417385111659247,-0.00025843
2023-06-10 17:00:00,0.04196,0.04422,0.04151,0.04369,419363526,18112482.87408,70743,209888808,9063269.5557,-0.002055733211512,ARPA-USDT,0.0419327922118667,0.0418329641522038,
2023-06-10 18:00:00,0.04369,0.04397,0.0425,0.04313,239605884,10373877.37138,45752,113285478,4905802.72016,-0.0016203703703704,ARPA-USDT,0.0438803662092796,0.0437248137451257,
2023-06-10 19:00:00,0.04312,0.04386,0.04277,0.04368,135096207,5848761.72362,25671,67047563,2903149.85787,-0.0006863417982155,ARPA-USDT,0.0431103781946221,0.0431115328338227,
2023-06-10 20:00:00,0.04368,0.0438,0.04324,0.04339,119622834,5206718.08012,23230,58142101,2531114.64568,0.0,ARPA-USDT,0.0437752174125872,0.0436399858168158,
2023-06-10 21:00:00,0.0434,0.04379,0.04313,0.04353,79325509,3443008.42113,15004,40027667,1737515.93652,-0.001376462491397,ARPA-USDT,0.0433652407858551,0.0432924893411656,
2023-06-10 22:00:00,0.04354,0.04437,0.04326,0.04401,108927846,4773637.39495,19648,59108281,2590359.64527,-0.0006811989100817,ARPA-USDT,0.0435499338676295,0.0434598869460366,
2023-06-10 23:00:00,0.04401,0.04411,0.04344,0.04353,67204055,2939950.26319,13838,32415558,1418599.13621,-0.000459242250287,ARPA-USDT,0.0440393014632145,0.0439236076449041,
2023-06-11 00:00:00,0.04352,0.04377,0.0433,0.04337,122296426,5323167.65325,22000,61949991,2696995.77012,-0.0013815335021875,ARPA-USDT,0.0436176236523923,0.0436068266347199,-0.00011476
2023-06-11 01:00:00,0.04337,0.04419,0.04337,0.04411,87877215,3852114.09096,15734,48360853,2120110.76254,0.0004536176003631,ARPA-USDT,0.0434046324212482,0.0434809707918435,
2023-06-11 02:00:00,0.04411,0.045,0.0439,0.04473,130454974,5797288.85995,24888,68770362,3057278.06337,-0.0008934554389099,ARPA-USDT,0.0442214046569619,0.0442399002705012,
2023-06-11 03:00:00,0.04473,0.04543,0.04455,0.04464,137262656,6167062.81656,23390,65370755,2937544.52876,-0.0004478280340348,ARPA-USDT,0.0447560187831639,0.0448001756720396,
2023-06-11 04:00:00,0.04465,0.04491,0.0441,0.04465,129356202,5755299.46346,22688,63239763,2814346.54849,0.0,ARPA-USDT,0.0446439311214845,0.0446276529872368,
2023-06-11 05:00:00,0.04466,0.04472,0.04389,0.04396,68861585,3050745.23368,14251,32225336,1427910.1973,-0.0004547521600727,ARPA-USDT,0.0446633599343843,0.0446416419602948,
2023-06-11 06:00:00,0.04397,0.04427,0.04395,0.04409,75904802,3347623.77071,14006,40327751,1778773.891,-0.0004534119247338,ARPA-USDT,0.0439941953129771,0.044096447880989,
2023-06-11 07:00:00,0.04408,0.0442,0.04359,0.04367,75315841,3300504.47617,14095,32664332,1431617.54393,0.000229042601924,ARPA-USDT,0.0441050920820996,0.0441399891294044,
2023-06-11 08:00:00,0.04367,0.0444,0.04366,0.04421,94747512,4173523.13001,17798,51056202,2248633.69532,-0.0006781193490055,ARPA-USDT,0.0437006830423042,0.0437681065648,-5.805e-05
2023-06-11 09:00:00,0.04421,0.04661,0.0442,0.04585,398913928,18227533.79416,67147,193991243,8856622.81243,-0.0023933855526544,ARPA-USDT,0.0442881530814395,0.0442896553202948,
2023-06-11 10:00:00,0.04585,0.04718,0.04578,0.04696,433450393,20286051.41448,73950,221605734,10371198.90533,-0.0006384337092997,ARPA-USDT,0.0460001534800558,0.0461920507846076,
2023-06-11 11:00:00,0.04697,0.04708,0.04606,0.04627,201566770,9366415.28202,37227,95200092,4423100.87399,0.0,ARPA-USDT,0.0469848807507105,0.0468089910843031,
2023-06-11 12:00:00,0.04627,0.04714,0.04588,0.04651,206648827,9618765.57273,35764,100894137,4698616.78562,0.0,ARPA-USDT,0.0462566013261251,0.0460794468844873,
2023-06-11 13:00:00,0.04651,0.04802,0.0463,0.04761,440113954,20833023.8403,71315,231989040,10982528.32396,-0.005846732094383,ARPA-USDT,0.0465693134260404,0.0464793893714779,
2023-06-11 14:00:00,0.04764,0.04974,0.04754,0.04887,847351380,41441963.42955,142622,420071075,20545130.16919,-0.0026530612244899,ARPA-USDT,0.0478902413449999,0.0481608273638664,
2023-06-11 15:00:00,0.04888,0.04978,0.04828,0.04845,691529212,33971430.279,101553,338272223,16625285.94048,-0.0002063557573256,ARPA-USDT,0.0489113770250627,0.0491876894034558,
2023-06-11 16:00:00,0.04845,0.04969,0.048,0.04902,634580624,31089232.61626,93476,322299773,15792245.19298,-0.0008153281695881,ARPA-USDT,0.0482163373855504,0.048578997085797,-0.00148078
2023-06-11 17:00:00,0.04901,0.04923,0.04776,0.0479,439537839,21303017.77899,61350,212508405,10302374.62872,-0.0006259127894847,ARPA-USDT,0.0489140410585107,0.0489145473581764,
2023-06-11 18:00:00,0.04791,0.048,0.04701,0.04731,339886590,16147028.80884,48315,163898972,7788566.36885,-0.000211327134404,ARPA-USDT,0.0478467552932258,0.0477496140003259,
2023-06-11 19:00:00,0.04731,0.04773,0.04708,0.04724,219182663,10394643.60767,35591,113666670,5392075.57051,0.0002117298327333,ARPA-USDT,0.0472901204147284,0.0472489794237477,
2023-06-11 20:00:00,0.04723,0.04778,0.04707,0.04765,202013401,9586632.56796,34439,105696872,5015570.61708,0.0,ARPA-USDT,0.0472809816418796,0.0472835026993605,
2023-06-11 21:00:00,0.04764,0.04797,0.04627,0.04674,259427147,12183719.49177,40100,122476791,5755301.67395,-0.0002139037433155,ARPA-USDT,0.0478100887289097,0.0477241966038624,
2023-06-11 22:00:00,0.04675,0.04713,0.04604,0.04651,197095843,9194206.50622,32151,100911068,4709161.36044,-0.0010738831615119,ARPA-USDT,0.0468491607509024,0.0468881491392187,
2023-06-11 23:00:00,0.04651,0.04688,0.04625,0.04646,131041621,6098788.2107,23340,67231301,3129600.92952,-0.0008602150537634,ARPA-USDT,0.0465911419160204,0.04661802583564,
2023-06-12 00:00:00,0.04646,0.04689,0.04574,0.04627,212546717,9836233.62905,33868,105749396,4896842.65744,-0.0004320587599913,ARPA-USDT,0.0464933601143878,0.0464463207268064,7.5e-07
2023-06-12 01:00:00,0.04627,0.04782,0.04626,0.04695,386455007,18219195.15251,55199,204612488,9645834.84632,-0.000851244945733,ARPA-USDT,0.0462885027092443,0.0465477210505942,
2023-06-12 02:00:00,0.04694,0.04758,0.04505,0.04583,345009438,15937417.82307,54480,162382438,7503374.12094,-0.0010897994768961,ARPA-USDT,0.046976755900886,0.0471656982012854,
2023-06-12 03:00:00,0.04582,0.04643,0.04578,0.04599,123902331,5709273.96715,23226,64893798,2990072.71674,0.0004350663476182,ARPA-USDT,0.0459434884504012,0.0460954413918178,
2023-06-12 04:00:00,0.04599,0.04771,0.0459,0.04756,135543147,6320469.94368,26985,74599439,3482172.42728,-0.000630384534566,ARPA-USDT,0.0460734604507326,0.0460917333394426,
2023-06-12 05:00:00,0.04755,0.04941,0.04687,0.04821,427367431,20622014.96756,74520,219594713,10605165.44493,-0.0024829298572314,ARPA-USDT,0.0475380685722281,0.0471864709170621,
2023-06-12 06:00:00,0.04822,0.04886,0.04767,0.04789,285435851,13751171.24133,51190,135430865,6526030.07402,0.0002088554720134,ARPA-USDT,0.0481271755706077,0.0484024595166355,
2023-06-12 07:00:00,0.04789,0.04815,0.04736,0.04749,170900600,8155214.29039,31289,82820481,3953802.90474,-0.0002105263157895,ARPA-USDT,0.0478322671885599,0.0477980489005008,
2023-06-12 08:00:00,0.0475,0.04808,0.04704,0.04759,235927442,11226408.43957,43860,115555707,5500391.84366,-0.0008398068444257,ARPA-USDT,0.0475449881382598,0.047414678846246,-5.091e-05
2023-06-12 09:00:00,0.04758,0.04935,0.04748,0.0487,346348688,16804523.94796,61591,162298062,7874228.45968,-0.0008206811653672,ARPA-USDT,0.047544525554529,0.0479476703092679,
2023-06-12 10:00:00,0.0487,0.04895,0.04805,0.04839,162316254,7865492.51523,31204,82314495,3988662.29881,-0.0002066115702478,ARPA-USDT,0.048770077280482,0.0487176827048357,
2023-06-12 11:00:00,0.04838,0.04997,0.04782,0.04926,243077145,11856905.41746,42858,128418417,6266207.83318,-0.000811359026369,ARPA-USDT,0.0484380631313785,0.0483306825061409,
2023-06-12 12:00:00,0.04926,0.04955,0.04818,0.04832,208105640,10155979.73743,43225,94921077,4632953.93161,-0.001033698573496,ARPA-USDT,0.0493973389403272,0.0492308495386013,
2023-06-12 13:00:00,0.04831,0.04856,0.04771,0.04801,146859943,7061924.71553,27325,68571982,3298164.1985,-0.0014559068219633,ARPA-USDT,0.0483182495789691,0.0484090899943763,
2023-06-12 14:00:00,0.04802,0.0485,0.04761,0.04823,146425391,7027546.55673,27696,70468235,3382851.06546,-0.0008286720530349,ARPA-USDT,0.0480942542198215,0.0480582230901146,
2023-06-12 15:00:00,0.04823,0.04882,0.04772,0.04847,131654434,6362486.53085,25494,65712589,3175712.32778,-0.0004124561765311,ARPA-USDT,0.0481390810616962,0.0479513966353814,
2023-06-12 16:00:00,0.04847,0.04864,0.04767,0.04787,131412725,6306887.09781,24508,65512516,3144369.0435,-0.0008348987685242,ARPA-USDT,0.0485759418518272,0.0483082821519339,8.693e-05
2023-06-12 17:00:00,0.04788,0.04837,0.0473,0.04798,172407908,8237152.76637,30580,80469023,3844673.94852,-0.0004166666666666,ARPA-USDT,0.0479380470273488,0.0479045645558522,
2023-06-12 18:00:00,0.04798,0.04872,0.04743,0.04835,116517652,5609021.77497,23023,58020403,2792528.97468,-0.0004134794293985,ARPA-USDT,0.0479786655725437,0.0478402042083556,
2023-06-12 19:00:00,0.04836,0.0484,0.04774,0.0478,83168587,3994980.0389,17832,42851257,2058463.97987,-0.0006272214091573,ARPA-USDT,0.0483342492747858,0.0482867066219952,
2023-06-12 20:00:00,0.04781,0.04832,0.04762,0.04813,85841039,4120386.34092,17517,46490168,2231905.46303,-0.0008303923603902,ARPA-USDT,0.0478751669174049,0.0478038713467803,
2023-06-12 21:00:00,0.04814,0.04897,0.04764,0.04863,143794551,6944989.8255,25298,75752841,3661182.52497,-0.0008218615163344,ARPA-USDT,0.0480927023085099,0.0480171355718072,
2023-06-12 22:00:00,0.04862,0.05288,0.04853,0.05158,766586147,39260577.76803,155925,403728016,20671317.96471,-0.0011618900077459,ARPA-USDT,0.0487084920872403,0.0486602088810049,
2023-06-12 23:00:00,0.05158,0.05294,0.05072,0.05229,454632524,23676539.29561,91134,226806604,11821328.43817,-0.0007643798968086,ARPA-USDT,0.0515508362674897,0.0519479615142148,
2023-06-13 00:00:00,0.0523,0.05302,0.05066,0.05151,381927779,19841383.39645,69511,189107633,9832565.91863,-0.0007759456838021,ARPA-USDT,0.0517846715497655,0.0513913897867199,9.334e-05
2023-06-13 01:00:00,0.05151,0.05315,0.05117,0.05222,193381013,10106407.47588,37405,95226438,4977135.64249,-0.0011476664116296,ARPA-USDT,0.0516153842161478,0.0516361854359994,
2023-06-13 02:00:00,0.05221,0.05235,0.05123,0.05134,145954370,7550745.91266,25206,70393646,3641756.78951,0.0005846813486649,ARPA-USDT,0.0521918619931987,0.052185304306579,
2023-06-13 03:00:00,0.05134,0.05177,0.05012,0.05058,169380726,8618833.75814,27270,72376531,3685868.24417,-0.0011848341232226,ARPA-USDT,0.0513960079152139,0.0514054716209237,
2023-06-13 04:00:00,0.05058,0.05074,0.04881,0.04964,232680276,11540780.94769,40616,101319601,5021166.39664,-0.0010062386798148,ARPA-USDT,0.0506862178016188,0.0504495038325843,
2023-06-13 05:00:00,0.04963,0.04965,0.04887,0.04937,102623074,5059784.81108,21159,52077847,2568842.14923,-0.0012138377503541,ARPA-USDT,0.0495329411387928,0.0494008059043636,
2023-06-13 06:00:00,0.04936,0.04986,0.04918,0.04934,108968007,5396183.1614,20794,53459183,2648629.51072,-0.0012145748987854,ARPA-USDT,0.0493987821471988,0.0493121237365463,
2023-06-13 07:00:00,0.04935,0.05028,0.04932,0.04978,123391035,6142772.93648,21711,66083913,3288731.59787,-0.0014042126379137,ARPA-USDT,0.0493980594326035,0.049395318468446,
2023-06-13 08:00:00,0.04978,0.05025,0.04933,0.04994,120629035,5999090.64683,23199,56132366,2792315.09511,-0.0015993602558976,ARPA-USDT,0.0498234933386427,0.0497716818281965,-0.00027489
2023-06-13 09:00:00,0.04994,0.05072,0.04958,0.0506,106430823,5339606.91758,21062,54437072,2732319.467,-0.0019723865877712,ARPA-USDT,0.0499475135941767,0.0500817155676232,
2023-06-13 10:00:00,0.05059,0.05183,0.05041,0.05118,173997249,8892847.91572,32448,79339903,4054718.37494,-0.00195007800312,ARPA-USDT,0.0505855184982175,0.0505565407526315,
2023-06-13 11:00:00,0.05118,0.05136,0.04937,0.04967,196563975,9864910.01136,37456,85603173,4295437.72213,-0.001005631536605,ARPA-USDT,0.0512448184199021,0.0511509002463791,
2023-06-13 12:00:00,0.04967,0.05065,0.04901,0.04971,209496078,10452976.61107,42127,100402354,5011082.59523,-0.000201126307321,ARPA-USDT,0.0497981037672365,0.0500380627294426,
2023-06-13 13:00:00,0.04971,0.05032,0.0494,0.04946,150025426,7485510.34217,28252,76293105,3807313.25826,-0.0002021427127553,ARPA-USDT,0.0498973777747324,0.0500608892722546,
2023-06-13 14:00:00,0.04946,0.04965,0.04864,0.04927,129358185,6370774.06257,23990,61346594,3023349.05611,-0.000202922077922,ARPA-USDT,0.0494367613236013,0.0495416214681963,
2023-06-13 15:00:00,0.04927,0.04966,0.04894,0.04934,150241833,7406972.2583,30073,77360049,3814010.79341,-0.0002026342451874,ARPA-USDT,0.0491872045951298,0.0490774994248059,
2023-06-13 16:00:00,0.04935,0.04959,0.04854,0.04882,114196597,5590042.7347,26059,52645924,2577696.39836,-0.0002047921359819,ARPA-USDT,0.0493694637688828,0.0493931439961645,-0.00024828
2023-06-13 17:00:00,0.04881,0.04915,0.0485,0.04904,75839791,3700735.08317,16430,34919622,1704184.59359,-0.0010185373803218,ARPA-USDT,0.0486940743287966,0.0486517490163907,
2023-06-13 18:00:00,0.04903,0.04976,0.04896,0.04926,88170016,4350943.09748,18949,43498035,2146405.61497,-0.0010139931048469,ARPA-USDT,0.0490089353639806,0.0491153529584896,
2023-06-13 19:00:00,0.04925,0.04934,0.04888,0.04906,41064187,2016359.69436,10793,19625902,963896.51527,-0.0002037905033626,ARPA-USDT,0.0492352165849296,0.0492044852532739,
2023-06-13 20:00:00,0.04906,0.04942,0.04856,0.04914,89424057,4376631.9898,17780,42867532,2098643.47398,-0.0010164667615367,ARPA-USDT,0.0490336974703092,0.0489595345994729,
2023-06-13 21:00:00,0.04913,0.04938,0.0491,0.04923,42025608,2069786.83684,10260,19972312,983703.81718,-0.0004060913705583,ARPA-USDT,0.0492062511566607,0.0492374739816305,
2023-06-13 22:00:00,0.04923,0.04928,0.04872,0.04892,37118423,1817560.41392,8632,18034022,882811.48518,-0.0008169934640522,ARPA-USDT,0.0492409758132552,0.049213963734826,
2023-06-13 23:00:00,0.04893,0.04934,0.04892,0.04926,38206145,1879343.64229,9065,18198434,895043.71123,-0.0016214025131739,ARPA-USDT,0.0489898981956968,0.0490727064186174,
2023-06-14 00:00:00,0.04925,0.04926,0.04868,0.04918,68457081,3350577.18654,15189,34857921,1706142.63251,-0.0008126777732628,ARPA-USDT,0.0491633270906006,0.0490836804899698,-9.863e-05
2023-06-14 01:00:00,0.04919,0.04984,0.04881,0.04978,65761098,3237654.64065,14156,35161148,1732427.71046,-0.0016044925792219,ARPA-USDT,0.0492143636494051,0.049124828397985,
2023-06-14 02:00:00,0.04978,0.05034,0.04951,0.05009,79190886,3951524.57495,15812,38842946,1939181.4469,-0.0021912350597609,ARPA-USDT,0.0498786923944569,0.0499205315145811,
2023-06-14 03:00:00,0.05009,0.05045,0.04968,0.04981,74175642,3709750.12248,14664,33663539,1684373.32177,-0.0002007226013649,ARPA-USDT,0.0500796243402029,0.0500524514680678,
2023-06-14 04:00:00,0.04982,0.04984,0.04922,0.04946,74589802,3696620.74258,14226,33203947,1646228.47055,-0.001009896990507,ARPA-USDT,0.0498011695690564,0.0496592448495581,
2023-06-14 05:00:00,0.04946,0.0496,0.04877,0.04889,60152164,2953954.18105,13162,26371902,1295331.10833,-0.0006132461161078,ARPA-USDT,0.0493853961030011,0.0494606069292717,
2023-06-14 06:00:00,0.0489,0.04929,0.04879,0.04904,47692816,2338081.50365,10872,25694471,1259800.99358,-0.000203873598369,ARPA-USDT,0.0489365774160013,0.048997876306118,
2023-06-14 07:00:00,0.04904,0.04907,0.0482,0.04843,92763083,4503411.11954,17723,42638536,2070008.32211,-0.0008252527336496,ARPA-USDT,0.0490060442518302,0.04897548500276,
2023-06-14 08:00:00,0.04842,0.04888,0.0484,0.04883,49922419,2430235.62318,12107,26438511,1287088.0929,-0.0006139991813344,ARPA-USDT,0.0484456278849343,0.048523822393318,-0.0002525
2023-06-14 09:00:00,0.04882,0.0489,0.04847,0.04882,47696826,2320047.63929,10317,24884672,1210423.79273,-0.0010231225700837,ARPA-USDT,0.0487882199069112,0.0487164777116576,
2023-06-14 10:00:00,0.04882,0.04899,0.04847,0.04895,47409535,2310367.93731,10685,25154480,1225998.69563,0.0,ARPA-USDT,0.0488580158250766,0.0488026462827196,
2023-06-14 11:00:00,0.04895,0.04915,0.04866,0.04872,55635999,2721318.88557,12040,27020265,1321863.1822,-0.0004103405826836,ARPA-USDT,0.0489657974248625,0.0490078640739476,
2023-06-14 12:00:00,0.04872,0.04887,0.04852,0.04874,60872895,2963413.3088,12189,31224899,1520076.07463,-0.0006151322534345,ARPA-USDT,0.0487909304999693,0.0487064764518557,
2023-06-14 13:00:00,0.04874,0.04874,0.04736,0.04804,108998583,5244829.408480001,20322,45933259,2213231.47182,0.0,ARPA-USDT,0.0487024646919953,0.0485966137228004,
2023-06-14 14:00:00,0.04803,0.04836,0.04769,0.04827,56525864,2717077.58261,13342,28684790,1379351.7135,-0.0006211180124223,ARPA-USDT,0.0479784858421406,0.0478426218119073,
2023-06-14 15:00:00,0.04826,0.04842,0.04803,0.04807,37226811,1795753.8017,9280,17479728,843255.49178,-0.0006237006237005,ARPA-USDT,0.0482569267162023,0.0482202350917522,
2023-06-14 16:00:00,0.04808,0.04823,0.04786,0.04798,53807395,2584251.16545,11310,24870436,1194604.43221,-0.001248959200666,ARPA-USDT,0.0480918228697923,0.0480598699419617,-5.239e-05
2023-06-14 17:00:00,0.04798,0.0485,0.04765,0.0484,78940456,3792095.34631,15153,42721003,2052596.17518,0.0,ARPA-USDT,0.047965496780842,0.0479286094665549,
2023-06-14 18:00:00,0.04841,0.04852,0.0471,0.04811,126952743,6082766.96801,25017,59599166,2856990.44428,-0.0008307372793353,ARPA-USDT,0.048295796038734,0.048179945136292,
2023-06-14 19:00:00,0.04811,0.04876,0.04776,0.04789,69292743,3343725.22523,14631,34541526,1667200.67298,-0.0008345503859795,ARPA-USDT,0.0481213491164127,0.0482022540013542,
2023-06-14 20:00:00,0.0479,0.04804,0.0445,0.04478,407573907,18677806.00273,72216,178176897,8168768.43674,-0.0006694934166481,ARPA-USDT,0.0479083858151278,0.0478493250283977,
2023-06-14 21:00:00,0.04478,0.04603,0.04452,0.046,102437737,4652336.52332,19696,53631838,2436450.68921,-0.0017361111111111,ARPA-USDT,0.0447000971863897,0.045128006470152,
2023-06-14 22:00:00,0.04599,0.04603,0.04564,0.04589,48864667,2241695.8447,11496,22853320,1048378.4965,-0.0006533101045296,ARPA-USDT,0.045979801363366,0.0459749738243731,
2023-06-14 23:00:00,0.04589,0.04644,0.04578,0.04642,35382561,1630691.14256,8764,20541917,946946.61551,-0.0012908777969018,ARPA-USDT,0.045916928515824,0.0459389337869532,
2023-06-15 00:00:00,0.04641,0.0473,0.0461,0.04723,64775354,3023359.17408,15741,34851127,1626900.66094,-0.0002116850127009,ARPA-USDT,0.0464244021218109,0.046305059212019,-0.00010497
2023-06-15 01:00:00,0.04722,0.04745,0.0465,0.0467,45744445,2145606.77394,10701,20230958,948660.16062,-0.0014966859097712,ARPA-USDT,0.0472494881963211,0.0473464246074922,
2023-06-15 02:00:00,0.04669,0.04688,0.04641,0.04642,36350336,1694105.44118,8745,18013879,839557.5497099999,-0.0010759629868731,ARPA-USDT,0.0467324738658055,0.0467834703942646,
2023-06-15 03:00:00,0.04643,0.04687,0.04638,0.04663,30458760,1419871.81118,6944,15715058,732660.54108,-0.0006429489927133,ARPA-USDT,0.0464449004342518,0.046480962320815,
2023-06-15 04:00:00,0.04663,0.04673,0.0462,0.04637,41076072,1907523.32882,8692,19646157,912516.02424,-0.0004311273981461,ARPA-USDT,0.0466780457148127,0.0465944374507297,
2023-06-15 05:00:00,0.04637,0.04646,0.04612,0.04645,35064626,1622198.3631,8229,18381876,850501.48218,-0.0002152389151959,ARPA-USDT,0.0463447006646475,0.0463041891699598,
2023-06-15 06:00:00,0.04646,0.04649,0.0459,0.04593,40788417,1884372.45598,8776,19228141,888943.0415,-0.0013046314416178,ARPA-USDT,0.0464278510753237,0.0463716055224664,
2023-06-15 07:00:00,0.04593,0.04632,0.04577,0.04608,42225923,1946124.70168,10209,20540110,946745.35071,-0.0006506180871826,ARPA-USDT,0.0460055074170295,0.0460215316258687,
2023-06-15 08:00:00,0.04609,0.04641,0.04603,0.04605,40932271,1893489.94633,9777,19552757,904415.98052,-0.0004341219882786,ARPA-USDT,0.0461565060306596,0.0461641100387,9.259e-05
2023-06-15 09:00:00,0.04605,0.04614,0.04562,0.04586,47092819,2161177.00126,10184,20873114,958087.09682,-0.0008714596949892,ARPA-USDT,0.046039369582983,0.0460688617989435,
2023-06-15 10:00:00,0.04587,0.04601,0.04534,0.04536,41440205,1890430.35064,9505,18221069,831419.83313,-0.0004407227853679,ARPA-USDT,0.0459252915044117,0.0459206073311898,
2023-06-15 11:00:00,0.04537,0.04583,0.04512,0.04573,65115562,2956662.22423,12671,33639621,1528046.63718,-0.0006555944055944,ARPA-USDT,0.0453724651702223,0.0453790264285301,
2023-06-15 12:00:00,0.04575,0.04585,0.04523,0.04574,37292459,1698322.05286,8897,18513445,843175.95636,0.0,ARPA-USDT,0.0458124188345728,0.0457131766080907,
2023-06-15 13:00:00,0.04574,0.04621,0.04561,0.04604,37367009,1717738.43929,9154,19043219,875430.64281,-0.0010848340203949,ARPA-USDT,0.0456990266892246,0.0457033205938209,
2023-06-15 14:00:00,0.04603,0.04621,0.04582,0.04605,39529359,1819919.70309,7966,21038331,968719.4935,-0.0006510416666667,ARPA-USDT,0.0460424648178488,0.0459661770485374,
2023-06-15 15:00:00,0.04604,0.04604,0.04563,0.04568,27607480,1265025.45767,6745,13677343,626748.84905,0.0002189621195531,ARPA-USDT,0.0460060700517531,0.0459185542655157,
2023-06-15 16:00:00,0.04568,0.04604,0.04548,0.04577,33613918,1537659.46427,8178,17108152,782619.17006,-0.0010912265386294,ARPA-USDT,0.0456430131557582,0.0456112261848754,9.23e-05
2023-06-15 17:00:00,0.04576,0.04594,0.0452,0.04594,43419277,1974810.78341,10710,21331302,970056.40697,-0.0002176278563654,ARPA-USDT,0.0457927891067145,0.0457139705935388,
2023-06-15 18:00:00,0.04593,0.04662,0.04555,0.04659,51043191,2346636.44063,11442,27097596,1245874.61723,-0.0010720411663808,ARPA-USDT,0.045966197164452,0.0458820460670031,
2023-06-15 19:00:00,0.0466,0.04674,0.04614,0.04655,61029884,2834026.03087,11877,34185467,1587742.90545,-0.0006440532417346,ARPA-USDT,0.0466575823228396,0.0466005930204613,
2023-06-15 20:00:00,0.04655,0.04679,0.04612,0.04677,46793878,2173965.08038,10011,24844157,1154227.81193,-0.0012812299807815,ARPA-USDT,0.0465885313136864,0.0466050927235387,
2023-06-15 21:00:00,0.04678,0.04712,0.0466,0.04664,47982709,2249504.41227,9663,20397368,956322.97348,-0.0008568980291344,ARPA-USDT,0.0466884166531288,0.0467978205808329,
2023-06-15 22:00:00,0.04663,0.04694,0.04658,0.04667,27925702,1306132.74228,5438,14541150,680129.53042,-0.0006423982869377,ARPA-USDT,0.0466643709849971,0.0467459296275276,
2023-06-15 23:00:00,0.04668,0.04669,0.04638,0.04641,23661268,1100533.39785,4617,12154589,565414.70939,-0.0008611410118406,ARPA-USDT,0.0466651712701365,0.0466250664178257,
2023-06-16 00:00:00,0.04641,0.04643,0.04581,0.04601,38606666,1779688.01061,8405,16360839,754399.68741,-0.0006516072980016,ARPA-USDT,0.0464095320170247,0.0463209052587023,-0.00012365
2023-06-16 01:00:00,0.04601,0.04621,0.04585,0.04593,20221754,931100.61291,4829,10920184,503023.56671,-0.0008701326952359,ARPA-USDT,0.0459987367261389,0.0460117866264406,
2023-06-16 02:00:00,0.04594,0.04614,0.04573,0.04612,21794592,999922.74661,4862,12444092,571193.15375,-0.0008665511265164,ARPA-USDT,0.0458793943978607,0.0458340624686138,
2023-06-16 03:00:00,0.04611,0.04653,0.04602,0.04646,26442466,1224618.46897,6648,14002246,648454.24873,-0.0010750376263169,ARPA-USDT,0.0460754001895022,0.046078220329584,
2023-06-16 04:00:00,0.04645,0.04662,0.04604,0.04609,27319969,1265623.74078,6467,14422250,668520.93407,-0.0013001083423618,ARPA-USDT,0.0464479800694736,0.0464734954773788,
2023-06-16 05:00:00,0.04611,0.04648,0.04591,0.04643,26723896,1232898.81501,6807,13189105,608581.25735,-0.0004305705059203,ARPA-USDT,0.0460717780110155,0.0459939232452687,
2023-06-16 06:00:00,0.04643,0.04671,0.04626,0.04653,25381322,1179360.73884,6430,12422202,577100.20797,-0.0017163698777086,ARPA-USDT,0.0464334857401967,0.0464056006960805,
2023-06-16 07:00:00,0.04653,0.04696,0.04637,0.04658,46567392,2174206.33011,9142,20913441,976425.62045,-0.0010722710701264,ARPA-USDT,0.0464782180548533,0.0464471901274428,
2023-06-16 08:00:00,0.04657,0.04693,0.04648,0.0466,39268122,1834165.00715,8893,17727887,828281.05696,-0.0012858979854264,ARPA-USDT,0.0465841337277488,0.0465835563732564,-4.848e-05
2023-06-16 09:00:00,0.04661,0.0467,0.04638,0.04646,23115792,1075470.86757,5637,11205251,521413.74369,-0.0008602150537634,ARPA-USDT,0.046553961191426,0.0465852288663527,
2023-06-16 10:00:00,0.04646,0.0465,0.04601,0.04602,32599671,1506652.50624,6555,16554349,764951.06107,-0.0010853049706968,ARPA-USDT,0.0464437162060953,0.0464478010057019,
2023-06-16 11:00:00,0.04602,0.04617,0.04477,0.04528,107494834,4879375.03446,19285,49245494,2234963.62653,-0.0004415011037527,ARPA-USDT,0.0460106673186792,0.0460810813511615,
2023-06-16 12:00:00,0.04527,0.04555,0.04521,0.04544,39431349,1788632.4643,8623,21189099,961142.53154,-0.0010991426687184,ARPA-USDT,0.0452774137028905,0.0452888361093003,
2023-06-16 13:00:00,0.04543,0.04588,0.04536,0.04546,45957986,2096814.31914,10324,22862918,1043337.40207,-0.0004397537379067,ARPA-USDT,0.0454845687181189,0.045519986233837,
2023-06-16 14:00:00,0.04546,0.04572,0.04499,0.0456,70231053,3185658.17766,13571,33216138,1507372.11117,-0.0002192501644375,ARPA-USDT,0.0454796288488811,0.0455145452122318,
2023-06-16 15:00:00,0.0456,0.0461,0.04556,0.04609,59259032,2713960.50233,13412,28903610,1323902.8198,-0.0002169197396963,ARPA-USDT,0.0457294312129148,0.0457819694088536,
2023-06-16 16:00:00,0.04608,0.04632,0.04587,0.04624,57548144,2654222.96685,13022,25266491,1165579.4846,-0.0008643042350907,ARPA-USDT,0.0461227616034608,0.0461116125082944,-3.5e-05
2023-06-16 17:00:00,0.04625,0.04704,0.0462,0.04692,50042164,2331842.236,11367,26623660,1240824.99674,-0.0014896786550328,ARPA-USDT,0.0463360484602694,0.0463450578956812,
2023-06-16 18:00:00,0.04692,0.04768,0.04672,0.04717,94556691,4477114.69433,18098,47478061,2248284.93898,-0.0004238186056368,ARPA-USDT,0.0469404054738442,0.0468823718687787,
2023-06-16 19:00:00,0.04716,0.04787,0.04701,0.04786,60167004,2851055.00471,13425,31853744,1510476.77711,-0.0004177109440267,ARPA-USDT,0.0471580992098537,0.0472030201177103,
2023-06-16 20:00:00,0.04786,0.04836,0.04774,0.048,65966493,3170174.26597,14925,33256466,1598201.00515,-0.0006246096189881,ARPA-USDT,0.0478697426208612,0.0478824003775947,
2023-06-16 21:00:00,0.04801,0.04809,0.04742,0.04758,43355698,2067729.95625,9635,21513068,1025813.4463,-0.000839983200336,ARPA-USDT,0.0480247291303074,0.0479575379448145,
2023-06-16 22:00:00,0.04759,0.04803,0.04759,0.04802,26928750,1289021.42057,6913,12921913,618539.25332,-0.000624349635796,ARPA-USDT,0.0476433147226271,0.0477868340893181,
2023-06-16 23:00:00,0.04802,0.04806,0.04766,0.0478,29190870,1395689.09357,7244,14540002,695158.14193,-0.000418235048097,ARPA-USDT,0.0480074805209062,0.0479434483448882,
2023-06-17 00:00:00,0.0478,0.04784,0.04712,0.04751,54802858,2594746.47779,16842,26382813,1249225.62732,-0.0006310475389146,ARPA-USDT,0.0478114734466758,0.0476215170363115,-3.907e-05
2023-06-17 01:00:00,0.04752,0.04787,0.04731,0.04745,33961378,1614580.1908,7573,18508007,879957.23079,-0.0004213187276174,ARPA-USDT,0.0475197442654876,0.0474867777430901,
2023-06-17 02:00:00,0.04746,0.04773,0.0473,0.04761,30218441,1437366.15232,6536,14623698,695573.84249,-0.0008394543546694,ARPA-USDT,0.0474458224354111,0.0474273900113421,
2023-06-17 03:00:00,0.04762,0.04773,0.04735,0.0475,20861162,991467.09291,4946,8684169,412856.59644,-0.0010515247108306,ARPA-USDT,0.0476202812186179,0.0476574219223622,
2023-06-17 04:00:00,0.04751,0.04757,0.04722,0.04747,28136011,1334207.66438,6080,11941541,566376.33934,-0.0008419280151547,ARPA-USDT,0.0475380970016405,0.047428096173112,
2023-06-17 05:00:00,0.04748,0.049,0.04747,0.04897,148169366,7164689.78126,26190,78327835,3784091.64309,-0.0006122448979591,ARPA-USDT,0.0475568122329092,0.0475258011777123,
2023-06-17 06:00:00,0.04897,0.04996,0.04885,0.04933,91272667,4514823.77553,18520,44206502,2186306.42877,-0.001012555690563,ARPA-USDT,0.0490347730485194,0.0490618309322738,
2023-06-17 07:00:00,0.04934,0.04954,0.04902,0.04935,51579076,2540497.69045,12200,24523223,1208051.35999,-0.0006075334143378,ARPA-USDT,0.0493431277283574,0.0492478820157026,
2023-06-17 08:00:00,0.04935,0.04937,0.04891,0.04914,40075943,1968671.33235,11450,17360818,852734.39333,-0.0008133387555916,ARPA-USDT,0.0492871416812547,0.0492713566588429,0.0001
2023-06-17 09:00:00,0.04915,0.04962,0.04909,0.04942,43293584,2139410.11762,10444,21020071,1038583.17297,-0.0008087343307723,ARPA-USDT,0.0491427216374434,0.0491902880334361,
2023-06-17 10:00:00,0.04941,0.0495,0.0491,0.04917,35727763,1762023.8147,8673,16323751,805207.10272,-0.0002033346888979,ARPA-USDT,0.0493501315319426,0.0493054521112924,
2023-06-17 11:00:00,0.04918,0.04932,0.04881,0.04908,51331529,2519399.96442,11614,24940970,1224345.65146,-0.0012210012210013,ARPA-USDT,0.0491338645529908,0.0491337767485438,
2023-06-17 12:00:00,0.04907,0.05039,0.04896,0.04995,132268540,6588894.0022,25449,68674070,3419032.50009,-0.0004002401440864,ARPA-USDT,0.0490818684365807,0.0491476895157478,
2023-06-17 13:00:00,0.04994,0.0503,0.04964,0.04969,73328151,3664588.24406,14866,31965040,1597739.8738,-0.000603378921963,ARPA-USDT,0.04987881153169,0.0500069060404403,
2023-06-17 14:00:00,0.04969,0.0497,0.049,0.04932,66628751,3285889.37387,14058,30840047,1520591.79703,-0.0006079027355622,ARPA-USDT,0.0496338745243526,0.0495521596297928,
2023-06-17 15:00:00,0.04931,0.04945,0.04902,0.04926,59599893,2933652.68888,12147,28767805,1416125.02784,-0.0002029632636493,ARPA-USDT,0.0492286179280339,0.0493299255295378,
2023-06-17 16:00:00,0.04925,0.04944,0.04888,0.04926,53289772,2621987.10133,12423,26905385,1324301.04699,-0.0006086427267194,ARPA-USDT,0.0491760676588604,0.0491174800196311,-2.758e-05
2023-06-17 17:00:00,0.04926,0.04961,0.049,0.0492,39881039,1967203.1406,9476,18849109,929887.88132,-0.0004063388866314,ARPA-USDT,0.0492324559480435,0.0492782079264432,
2023-06-17 18:00:00,0.0492,0.05011,0.04913,0.04991,45852969,2278501.47502,9826,24258941,1205561.12342,-0.0010008006405123,ARPA-USDT,0.0491548234217423,0.0491899579925431,
2023-06-17 19:00:00,0.0499,0.05008,0.04951,0.04953,41708513,2077918.62251,9645,20092959,1001164.82065,-0.0006053268765133,ARPA-USDT,0.0498570833519535,0.0499568338572421,
2023-06-17 20:00:00,0.04953,0.04968,0.04925,0.0493,30479327,1507396.21668,7765,15622450,772763.80723,-0.0008107012565871,ARPA-USDT,0.0495216376397672,0.0495838003123805,
2023-06-17 21:00:00,0.04931,0.04941,0.04882,0.0489,29039502,1425762.93616,7534,12680646,622785.5189,0.0006138735420504,ARPA-USDT,0.0493191998488592,0.0493651119829919,
2023-06-17 22:00:00,0.04889,0.04938,0.04887,0.04923,26853930,1321304.88282,6825,13398430,659173.02733,-0.000811853054597,ARPA-USDT,0.0489485542858393,0.0490318710047593,
2023-06-17 23:00:00,0.04922,0.04936,0.04888,0.04889,23552386,1156647.80309,6391,10558308,518582.39003,-0.0004089143324473,ARPA-USDT,0.0492364449828159,0.0492722996910091,
2023-06-18 00:00:00,0.0489,0.04891,0.0479,0.04812,82046663,3969239.52931,18834,33163289,1603617.35618,-0.0006230529595014,ARPA-USDT,0.0486574822646233,0.0486649098400138,4.559e-05
2023-06-18 01:00:00,0.04813,0.04854,0.04799,0.04852,37580809,1813813.81024,8489,19138083,923592.5453,-0.0006179196704428,ARPA-USDT,0.0481511316698305,0.0482055594234756,
2023-06-18 02:00:00,0.04853,0.04872,0.04806,0.04862,43836144,2123250.01036,7688,18228879,883383.2007,-0.0008220304151255,ARPA-USDT,0.0485408737974881,0.048602721313277,
2023-06-18 03:00:00,0.04861,0.04875,0.04852,0.04868,18290767,889771.16116,4709,10284611,500305.38683,-0.0010260619741432,ARPA-USDT,0.0485559692380105,0.0486100217359517,
2023-06-18 04:00:00,0.04869,0.04876,0.04838,0.04862,21423662,1041411.86091,6186,11068740,538170.77301,-0.0008220304151255,ARPA-USDT,0.0486563349033456,0.0486617214623749,
2023-06-18 05:00:00,0.04862,0.04867,0.04834,0.04838,28224304,1369150.11821,5915,14483500,702704.40658,-0.0006197066721752,ARPA-USDT,0.0485597250400089,0.0485214100985517,
2023-06-18 06:00:00,0.04837,0.04842,0.04805,0.0482,28871767,1392396.93044,7371,15133959,729766.69333,-0.0006220194899441,ARPA-USDT,0.0483430352436794,0.0481975141473286,
2023-06-18 07:00:00,0.0482,0.04861,0.048,0.04809,38837294,1875309.87285,8621,19000474,917616.28954,-0.0010386373078521,ARPA-USDT,0.0481659296807668,0.0481475059317057,
2023-06-18 08:00:00,0.04809,0.04843,0.04789,0.04829,50451685,2430343.83705,11564,27670988,1333293.92372,-0.0004139929621196,ARPA-USDT,0.0481094438830659,0.0481323453655827,6.571e-05
2023-06-18 09:00:00,0.04828,0.04874,0.04823,0.04863,29854124,1448117.69597,6936,15455436,749671.96022,-0.0008218615163344,ARPA-USDT,0.0482792735301707,0.0483079688948056,
2023-06-18 10:00:00,0.04863,0.04886,0.04846,0.04863,31967174,1555156.82967,6461,15382714,748550.42708,-0.000616522811344,ARPA-USDT,0.0486303186534803,0.0486159139294005,
2023-06-18 11:00:00,0.04864,0.04865,0.0483,0.04843,19463578,942623.12447,4960,9272461,449076.94514,-0.0004127966976263,ARPA-USDT,0.0486177769758994,0.0485975607184911,
2023-06-18 12:00:00,0.04843,0.04862,0.04812,0.04851,34303144,1660167.98153,8614,17803696,861715.16881,-0.0010296540362438,ARPA-USDT,0.0484201758537564,0.0484154839864772,
2023-06-18 13:00:00,0.04852,0.0486,0.04827,0.04831,20036550,970315.95566,5388,9504382,460307.3246,-0.0002069536423842,ARPA-USDT,0.0485262505094139,0.0485608263853758,
2023-06-18 14:00:00,0.04831,0.04844,0.04819,0.04841,23676687,1143954.98823,6104,12108027,585037.53184,-0.000619322873658,ARPA-USDT,0.0483274268758243,0.0482969540039382,
2023-06-18 15:00:00,0.04842,0.04854,0.04834,0.04851,17500565,847668.52224,4784,9488719,459599.10646,-0.0006180469715698,ARPA-USDT,0.0484052984060373,0.0483715514150546,
2023-06-18 16:00:00,0.04851,0.04888,0.04848,0.04885,32035010,1559999.15249,8868,16940563,824894.80431,-0.0004092490280335,ARPA-USDT,0.0485129052816167,0.0485523621670622,1.827e-05
2023-06-18 17:00:00,0.04885,0.04898,0.04851,0.04868,27741349,1352486.34697,7108,15124782,737513.73246,-0.0008210180623973,ARPA-USDT,0.0488300054554301,0.0488648815607946,
2023-06-18 18:00:00,0.04869,0.04874,0.04842,0.0486,21887831,1062718.41258,5280,11310354,549183.88517,-0.0006169031462061,ARPA-USDT,0.0486977366416477,0.0486514720872824,
2023-06-18 19:00:00,0.0486,0.04885,0.04853,0.04879,18080003,880221.27226,4884,8214539,399847.14496,-0.0004097520999795,ARPA-USDT,0.048578775390793,0.0486206564991007,
2023-06-18 20:00:00,0.04878,0.04887,0.04579,0.04719,129073182,6130442.12763,24108,54954936,2613845.23364,-0.0014811680067711,ARPA-USDT,0.0487900826508038,0.0487334017930489,
2023-06-18 21:00:00,0.04719,0.04743,0.04698,0.04701,34191237,1613566.21022,7229,16413283,774682.9379,-0.0008501594048884,ARPA-USDT,0.0471832722873418,0.0472332160995588,
2023-06-18 22:00:00,0.04701,0.04731,0.047,0.04704,22796439,1074759.77178,5131,13002103,612907.3073,-0.0010617965597792,ARPA-USDT,0.0470426897174525,0.0471152075419953,
2023-06-18 23:00:00,0.04704,0.0472,0.04663,0.04674,43579308,2043242.50636,8944,19432445,911046.18928,0.0,ARPA-USDT,0.0469203253978807,0.0470060581773251,
2023-06-19 00:00:00,0.04675,0.04708,0.04625,0.04667,40930065,1913240.86508,9388,19857478,928772.39277,-0.0008563476771569,ARPA-USDT,0.0466890006743576,0.0468030862311065,8.407e-05
2023-06-19 01:00:00,0.04667,0.047,0.04659,0.04686,21150526,991153.06932,5201,12526672,587116.98005,-0.001065870816457,ARPA-USDT,0.046633629685524,0.0466593702357149,
2023-06-19 02:00:00,0.04687,0.04729,0.0468,0.04723,26345971,1238748.94737,5660,15627699,734994.22738,-0.0010575296108291,ARPA-USDT,0.0468248933783461,0.0468893931558814,
2023-06-19 03:00:00,0.04723,0.04723,0.04685,0.04691,22373902,1052776.23118,4825,8256690,388495.93094,-0.0006391137622496,ARPA-USDT,0.0471926591917975,0.0471707360563322,
2023-06-19 04:00:00,0.04692,0.04709,0.04671,0.04704,20524638,962697.71229,4712,12049451,565160.9968,-0.0006373486297004,ARPA-USDT,0.046873261378256,0.0468904031556841,
2023-06-19 05:00:00,0.04705,0.04732,0.04695,0.0472,25475541,1200793.46891,6618,12213359,575609.75214,-0.0008467400508043,ARPA-USDT,0.0470611968411396,0.0470399827434191,
2023-06-19 06:00:00,0.04719,0.04735,0.04713,0.04716,19781881,934197.28128,4906,9889993,467070.5248,-0.0004239084357778,ARPA-USDT,0.0472177769770532,0.0472369144163025,
2023-06-19 07:00:00,0.04716,0.04716,0.04687,0.04693,20999199,987703.03886,4600,9355462,439992.73187,-0.0006388415672913,ARPA-USDT,0.0471198090358817,0.0471082814717156,
2023-06-19 08:00:00,0.04694,0.0471,0.04656,0.04671,36817247,1724691.13757,7973,17538713,821754.14227,-0.0006418485237482,ARPA-USDT,0.0469075499568326,0.0469160430270768,0.0001
2023-06-19 09:00:00,0.04672,0.04685,0.04658,0.04666,18458163,861774.19452,4384,9603536,448401.10261,-0.0008565310492505,ARPA-USDT,0.0467535727420858,0.0467577427894306,
2023-06-19 10:00:00,0.04667,0.04669,0.04639,0.04643,25558832,1189899.30709,5482,12816450,596726.36224,-0.0010757314974182,ARPA-USDT,0.0466778043805249,0.0466285497793716,
2023-06-19 11:00:00,0.04642,0.04669,0.04639,0.04662,20927424,974335.48441,5065,10803373,502970.19774,-0.0010713520462823,ARPA-USDT,0.0464245589701912,0.0464306208526874,
2023-06-19 12:00:00,0.04663,0.04714,0.04658,0.04711,43199171,2027087.70243,10585,23042212,1081063.30714,-0.0008483563096499,ARPA-USDT,0.046593619035088,0.0466670426043489,
2023-06-19 13:00:00,0.0471,0.04738,0.04703,0.04716,34450779,1626448.3199399998,6599,16985144,802032.96161,-0.0012706480304954,ARPA-USDT,0.0471366336473697,0.047111584679213,
2023-06-19 14:00:00,0.04717,0.04717,0.04664,0.04676,39847612,1867176.9434,8623,19405599,909237.75473,-0.0008547008547008,ARPA-USDT,0.0471234953222102,0.0470496174910012,
2023-06-19 15:00:00,0.04676,0.04705,0.04665,0.0469,21089362,987645.41456,5862,11335405,530894.13311,-0.0008521516829996,ARPA-USDT,0.0467024429472045,0.046723126915321,
2023-06-19 16:00:00,0.04691,0.04707,0.04643,0.04666,54848749,2563213.04976,14341,27505491,1285942.35638,-0.0010704345964461,ARPA-USDT,0.0468890172432555,0.0469018771496436,1.289e-05
2023-06-19 17:00:00,0.04667,0.04735,0.0466,0.04735,40822929,1921739.31782,9242,19834717,933671.26368,-0.0002111486486485,ARPA-USDT,0.0466406371416852,0.0467426092614035,
2023-06-19 18:00:00,0.04734,0.04821,0.04713,0.04736,103720846,4945804.06259,19201,54341671,2590861.02291,-0.0006330449461912,ARPA-USDT,0.0473704923444148,0.0474899935934112,
2023-06-19 19:00:00,0.04737,0.04768,0.04703,0.0476,38873253,1840775.15254,9462,19829625,938926.45125,-0.0006298551333192,ARPA-USDT,0.047241921299596,0.047207849807012,
2023-06-19 20:00:00,0.0476,0.04804,0.04758,0.04783,35670036,1707275.3288,7546,17916142,857490.58066,-0.0008355964069355,ARPA-USDT,0.0476263771532731,0.0477028861697317,
2023-06-19 21:00:00,0.04785,0.04802,0.04731,0.04774,25596219,1219265.2478,5609,11821428,562953.32891,-0.0004187604690116,ARPA-USDT,0.0479059187091074,0.0479170663909747,
2023-06-19 22:00:00,0.04774,0.04793,0.04755,0.04766,15917971,759778.3247,3819,7972967,380629.5688,-0.00083857442348,ARPA-USDT,0.0477447579234192,0.0476839051729979,
2023-06-19 23:00:00,0.04766,0.04804,0.04756,0.04794,28707444,1371085.42856,5306,15522872,741582.8562,-0.0012499999999999,ARPA-USDT,0.0476757213758129,0.0476674476388856,
2023-06-20 00:00:00,0.04794,0.0486,0.04786,0.04853,92795478,4483076.85293,17587,47466513,2292682.47225,-0.0014403292181069,ARPA-USDT,0.0479015478171225,0.0479695075250595,8.644e-05
2023-06-20 01:00:00,0.04854,0.0489,0.04819,0.04825,42961783,2084659.922,8922,21772173,1056586.5356,0.0008297033810411,ARPA-USDT,0.0485283765562221,0.0485554915595985,
2023-06-20 02:00:00,0.04827,0.04827,0.048,0.04817,20563759,989580.33833,5050,9637060,463805.26044,-0.0004150238638721,ARPA-USDT,0.0481315980347973,0.0480846966323165,
2023-06-20 03:00:00,0.04817,0.04834,0.04795,0.04804,26094245,1256821.31427,5725,12942406,623667.42242,-0.0006240898689411,ARPA-USDT,0.0481931863291294,0.0482183516971465,
2023-06-20 04:00:00,0.04804,0.04831,0.04788,0.04827,23091708,1111784.13594,5062,11412496,549807.15678,-0.0002071251035625,ARPA-USDT,0.0480109855599647,0.047966426480428,
2023-06-20 05:00:00,0.04827,0.0486,0.0478,0.04804,35890020,1728916.07807,7188,15894183,766012.3457300001,0.0004164931278634,ARPA-USDT,0.048291549465847,0.0482793973589108,
2023-06-20 06:00:00,0.04805,0.04814,0.04761,0.04801,36846558,1766824.53399,6844,19988565,958708.67449,-0.0010403662089055,ARPA-USDT,0.0480297321465579,0.0479547720093449,
2023-06-20 07:00:00,0.04801,0.04828,0.04796,0.04821,27903433,1343123.12353,5114,13890942,668632.3406,-0.0002073828287016,ARPA-USDT,0.0479948113902913,0.0480573546452293,
2023-06-20 08:00:00,0.0482,0.04846,0.04786,0.04803,46639318,2245953.05609,9813,23650495,1138650.72484,-0.0002081598667775,ARPA-USDT,0.0482168762720299,0.048268982480719,-8.986e-05
2023-06-20 09:00:00,0.04801,0.04806,0.0476,0.04793,30180059,1444818.03861,5590,15403042,737686.11233,-0.0006255212677231,ARPA-USDT,0.0480060206943345,0.0480295661605019,
2023-06-20 10:00:00,0.04793,0.04801,0.04764,0.04765,19027961,910878.82966,4189,9363333,448258.95126,-0.0006291946308725,ARPA-USDT,0.0479269428345091,0.0479370648413559,
2023-06-20 11:00:00,0.04766,0.04773,0.04733,0.04767,35233415,1674931.68557,6849,14652295,696681.79033,-0.00062893081761,ARPA-USDT,0.0476732386762596,0.0476775160487837,
2023-06-20 12:00:00,0.04767,0.04782,0.04704,0.04709,43510420,2063127.81258,8847,17337212,822521.75713,-0.0010606703436571,ARPA-USDT,0.0476504643963568,0.0476720796377198,
2023-06-20 13:00:00,0.04709,0.04731,0.04653,0.04658,48655921,2283167.50987,11082,19996950,939066.39425,-0.0006436387041406,ARPA-USDT,0.0471392520836532,0.0471415801815744,
2023-06-20 14:00:00,0.04657,0.0472,0.04635,0.04705,80758082,3777595.97169,16453,44326793,2073641.98006,-0.0008494372478232,ARPA-USDT,0.0465966439944265,0.0466748873316646,
2023-06-20 15:00:00,0.04705,0.04763,0.04704,0.04741,34869588,1650562.29621,8485,14820865,701199.50393,-0.0010535187526338,ARPA-USDT,0.0470947645275314,0.0471212419994114,
2023-06-20 16:00:00,0.04741,0.04851,0.04715,0.04835,82589826,3955789.21685,19438,39973140,1915083.54373,-0.0012394133443504,ARPA-USDT,0.0474103152596987,0.0473046257303756,-7.445e-05
2023-06-20 17:00:00,0.04836,0.04967,0.04802,0.04948,111597974,5448954.3597,23517,58219817,2842884.00862,-0.0002020610224287,ARPA-USDT,0.0483364311638591,0.0482594835764984,
2023-06-20 18:00:00,0.04948,0.05269,0.04945,0.05191,335241857,17216449.907279998,69893,168698233,8660409.2366,-0.0007699711260829,ARPA-USDT,0.0495505747268209,0.0498431408650175,
2023-06-20 19:00:00,0.05191,0.05274,0.05132,0.0522,177229597,9207518.85031,39448,89374348,4644238.68485,-0.0011481056257175,ARPA-USDT,0.0519121811730864,0.0517830155340968,
2023-06-20 20:00:00,0.05221,0.05222,0.05089,0.05101,114638132,5903858.41318,23454,52936851,2726515.6589,-0.0001960015680125,ARPA-USDT,0.0521451726717658,0.0518886940567132,
2023-06-20 21:00:00,0.05102,0.05112,0.05025,0.05056,54940981,2786752.97929,13836,26572214,1348232.5676,0.0,ARPA-USDT,0.0510518384293935,0.050938438383785,
2023-06-20 22:00:00,0.05056,0.05082,0.04993,0.05006,53749171,2707906.45232,11511,23889097,1204296.69813,-0.0001997203914519,ARPA-USDT,0.0506315360127932,0.0506194992720039,
2023-06-20 23:00:00,0.05007,0.05052,0.05,0.05027,42743016,2149394.74059,9640,23896142,1201663.56408,-0.0007950705625123,ARPA-USDT,0.0500383254820448,0.0500868522172079,
2023-06-21 00:00:00,0.05028,0.05068,0.04989,0.05063,67055018,3369810.51087,15079,34045021,1711338.65126,-0.0003948667324777,ARPA-USDT,0.0503499791327148,0.0502069982824674,0.0001
2023-06-21 01:00:00,0.05064,0.05147,0.05046,0.05089,80307203,4094633.60638,16794,38421231,1959103.6404,-0.0003928501276763,ARPA-USDT,0.0505695067443854,0.0506490739762222,
2023-06-21 02:00:00,0.05089,0.05127,0.05074,0.05109,41232291,2103360.28327,9291,20712698,1056625.35414,-0.0007823195775473,ARPA-USDT,0.0508530202780469,0.0508256051966956,
2023-06-21 03:00:00,0.05109,0.05116,0.05084,0.051,22682156,1156147.3839,5711,10257910,522953.26686,-0.0005878894767784,ARPA-USDT,0.0510928706399383,0.0509679921931135,
2023-06-21 04:00:00,0.05101,0.05156,0.05062,0.05129,45495830,2325911.22859,11105,21963539,1123771.43042,-0.0011684518013631,ARPA-USDT,0.0510213039663642,0.0509458649612377,
2023-06-21 05:00:00,0.05128,0.05178,0.05119,0.05176,42221770,2171639.88804,9659,21732786,1118383.77466,-0.001157854110382,ARPA-USDT,0.0512541163385388,0.0513011911061634,
2023-06-21 06:00:00,0.05176,0.05185,0.05099,0.05103,50325253,2584148.74809,10835,23304378,1196434.45416,-0.0007832386919913,ARPA-USDT,0.0517498111588875,0.0516867705401148,
2023-06-21 07:00:00,0.05103,0.05142,0.05098,0.05115,31574828,1618352.58587,7361,14655305,751272.35087,-0.0005861664712778,ARPA-USDT,0.0510104573419435,0.0510899881179669,
2023-06-21 08:00:00,0.05114,0.05116,0.05026,0.05059,64669916,3271919.67445,13634,26601969,1346032.61675,-0.000592651126037,ARPA-USDT,0.0511163139775591,0.0508015104486076,0.0001
2023-06-21 09:00:00,0.05058,0.05208,0.05049,0.05185,140805766,7227930.74604,22125,74993992,3848494.99628,-0.0013482280431432,ARPA-USDT,0.0505669298026404,0.0505681567180926,
2023-06-21 10:00:00,0.05185,0.05238,0.05075,0.051,227492344,11747213.22902,38998,110688580,5719702.87689,-0.0005878894767784,ARPA-USDT,0.0517872976236837,0.0519044121198941,
2023-06-21 11:00:00,0.05097,0.05133,0.05056,0.05108,77012676,3928935.58846,15124,34605051,1765916.45287,-0.0003913894324852,ARPA-USDT,0.0508829762063988,0.0508936240445722,
2023-06-21 12:00:00,0.05108,0.05112,0.05039,0.05039,62224482,3160015.0518,12248,27816756,1412945.91689,-0.0009912767644726,ARPA-USDT,0.051051492591719,0.050952626283434,
2023-06-21 13:00:00,0.05039,0.05164,0.05004,0.05119,98295226,5007337.91646,19989,49043934,2499852.63481,-0.0003905487209528,ARPA-USDT,0.0502121329104516,0.0503605251218,
2023-06-21 14:00:00,0.0512,0.05155,0.05089,0.05149,64118744,3285586.22066,13307,28689756,1470487.64317,-0.0009701202949166,ARPA-USDT,0.0512838526017104,0.0511097997373492,
2023-06-21 15:00:00,0.05149,0.05206,0.05106,0.05148,107479030,5552647.85186,20418,50531176,2611879.13594,-0.000776397515528,ARPA-USDT,0.0516022629374957,0.0516287874539137,
2023-06-21 16:00:00,0.05149,0.05307,0.05148,0.05199,143480702,7494009.47974,32758,69297298,3621505.43237,-0.0003845414343395,ARPA-USDT,0.0515612808211782,0.0516135406300845,8.159e-05
2023-06-21 17:00:00,0.05199,0.05254,0.05152,0.05213,70666940,3677021.51887,15939,36299237,1888950.46837,-0.0003835091083412,ARPA-USDT,0.0520915650435072,0.0522489464566214,
2023-06-21 18:00:00,0.05213,0.05357,0.05212,0.05281,112941757,5971602.94828,22900,60298787,3189193.88969,-0.0009458948164963,ARPA-USDT,0.0522667485218191,0.0522599272739928,
2023-06-21 19:00:00,0.0528,0.0536,0.05229,0.05288,92419023,4891568.14613,20141,46857612,2480445.36052,-0.0011333585190781,ARPA-USDT,0.0527039666057036,0.0525577616151599,
2023-06-21 20:00:00,0.05288,0.05314,0.0523,0.05255,54630831,2877027.97808,12277,23912978,1259884.69297,-0.0005705591479649,ARPA-USDT,0.0528547463465553,0.0527302447911318,
2023-06-21 21:00:00,0.05255,0.05287,0.05211,0.05268,37388235,1963995.65883,9676,17235378,905589.00902,-0.0007587253414265,ARPA-USDT,0.0524850073855442,0.0523522339473697,
2023-06-21 22:00:00,0.05268,0.05382,0.05258,0.05341,67574057,3603144.57649,13774,38985680,2078106.87746,-0.0003743215422047,ARPA-USDT,0.0526839788468472,0.0527158414272605,
2023-06-21 23:00:00,0.0534,0.05378,0.05323,0.05325,60648376,3245673.26946,12232,27692783,1482294.06179,-0.0003754458419372,ARPA-USDT,0.0534370493756012,0.0534453752801515,
2023-06-22 00:00:00,0.05326,0.0554,0.05308,0.05531,133858092,7274276.77932,29072,67787383,3683740.33099,-0.0003614675582865,ARPA-USDT,0.053176230350283,0.0531886763671954,8.486e-05
2023-06-22 01:00:00,0.05529,0.05846,0.05513,0.05621,240587579,13663446.06208,54649,118144933,6708138.14699,-0.0008887308922856,ARPA-USDT,0.0553790675202812,0.0553572309475251,
2023-06-22 02:00:00,0.05621,0.05671,0.05542,0.05578,108179952,6064856.27563,24196,49494694,2775393.73151,-0.0001792435920414,ARPA-USDT,0.056330558065387,0.0563844904936883,
2023-06-22 03:00:00,0.05576,0.05581,0.05515,0.05548,56209515,3119031.1628,11065,25469306,1413300.12782,-0.0009004141905276,ARPA-USDT,0.0557564398958317,0.0557299984885738,
2023-06-22 04:00:00,0.05548,0.05551,0.05475,0.05512,69099294,3804089.11181,15419,32478716,1787791.95646,0.0001814552712757,ARPA-USDT,0.0551085668272651,0.0549202369777932,
2023-06-22 05:00:00,0.05511,0.05539,0.05472,0.05535,46156117,2542740.36868,11018,24167216,1331507.67444,-0.0007221520129987,ARPA-USDT,0.0550703283695616,0.0550129101808228,
2023-06-22 06:00:00,0.05534,0.05701,0.05443,0.05583,217007379,12128732.97584,47820,102382324,5722738.71276,-0.0014308710427473,ARPA-USDT,0.05523244019446,0.055074868392122,
2023-06-22 07:00:00,0.05583,0.05652,0.05566,0.05614,97692260,5483618.1678,21102,44726959,2511062.24641,-0.0003561253561253,ARPA-USDT,0.0557709023556284,0.0561235167080868,
2023-06-22 08:00:00,0.05614,0.05615,0.05545,0.05562,76783607,4281181.69999,16636,34783600,1940259.49263,-0.0001797591227754,ARPA-USDT,0.055980717192583,0.0558710559991807,9.365e-05
2023-06-22 09:00:00,0.05563,0.05634,0.05542,0.05618,60562218,3386120.42023,13412,31081184,1738540.78844,-0.0001779676098949,ARPA-USDT,0.0556131241451721,0.0555601287034247,
2023-06-22 10:00:00,0.05617,0.05648,0.05528,0.05546,77173074,4315903.77139,15743,32419429,1814542.7528,0.0,ARPA-USDT,0.0560967497822418,0.0559677844542383,
2023-06-22 11:00:00,0.05546,0.05554,0.05034,0.05265,320162821,17004974.79858,62494,137101524,7284909.37464,-0.0009487666034154,ARPA-USDT,0.0555021177001885,0.0551645253522561,
2023-06-22 12:00:00,0.05264,0.0534,0.05254,0.05294,74481480,3948961.49596,17026,36791968,1951456.60924,-0.0003776435045317,ARPA-USDT,0.052741097869871,0.0530351652573995,
2023-06-22 13:00:00,0.05293,0.05354,0.05267,0.0528,61512427,3268404.41438,14542,31459343,1672916.99214,-0.0005678591709256,ARPA-USDT,0.0529169863342662,0.0530267553886695,
2023-06-22 14:00:00,0.0528,0.05308,0.05124,0.05183,116996917,6114358.84982,25316,56488222,2954298.37503,-0.0009637625289129,ARPA-USDT,0.0528299605780896,0.0529606672325791,
2023-06-22 15:00:00,0.05184,0.0523,0.05182,0.05211,41927652,2183920.00937,11320,21308062,1109913.73212,0.0,ARPA-USDT,0.0519714572984358,0.0520266976493354,
2023-06-22 16:00:00,0.05211,0.05275,0.05196,0.05219,45945195,2402650.9196,12625,21255634,1111796.35867,-0.0003830683777054,ARPA-USDT,0.0521080051138227,0.0520971788937273,0.0001
2023-06-22 17:00:00,0.05219,0.05248,0.05196,0.05237,21754880,1135732.07865,6914,10918400,570032.19406,-0.0001909125620466,ARPA-USDT,0.0521962042513301,0.0522215228089488,
2023-06-22 18:00:00,0.05237,0.05243,0.05166,0.05188,25324877,1316850.60579,7593,12867217,669133.17485,-0.0007704160246533,ARPA-USDT,0.0523833280690554,0.0522994266889382,
2023-06-22 19:00:00,0.05189,0.05205,0.0516,0.05189,26889032,1393531.82179,7994,13260379,687178.88328,-0.00057781201849,ARPA-USDT,0.0518645325341198,0.0519594362950803,
2023-06-22 20:00:00,0.0519,0.05199,0.05151,0.05177,35281338,1823688.91922,9685,15554685,804047.51406,0.0,ARPA-USDT,0.051942996175806,0.0518678128664574,
2023-06-22 21:00:00,0.05177,0.05194,0.05151,0.05189,22217287,1149193.57757,6742,11655629,602944.3041599999,0.0,ARPA-USDT,0.0517605737451502,0.051856449268676,
2023-06-22 22:00:00,0.0519,0.05191,0.05116,0.05119,29199218,1506607.63301,7972,13821531,713221.94929,-0.0003905487209528,ARPA-USDT,0.0517971830731867,0.0518298205774565,
2023-06-22 23:00:00,0.05118,0.05138,0.05083,0.05088,34920454,1784597.38477,8121,16671589,852065.76053,-0.0005892751915143,ARPA-USDT,0.0510668798293566,0.0511164236809974,
2023-06-23 00:00:00,0.05088,0.05121,0.05054,0.05113,50010277,2547845.03538,11927,24546426,1250855.84104,-0.0001955416503715,ARPA-USDT,0.0510182933898975,0.0509508971374744,0.0001
2023-06-23 01:00:00,0.05112,0.05139,0.05098,0.05127,27446452,1406472.57035,6903,16465295,843807.524,-0.0009742790335151,ARPA-USDT,0.0510912602475868,0.0510552907506761,
2023-06-23 02:00:00,0.05126,0.0521,0.05099,0.05185,47082590,2425441.80912,10600,27372570,1409888.68093,-0.0001928268414963,ARPA-USDT,0.0513317079978873,0.0512089351356569,
2023-06-23 03:00:00,0.05184,0.05208,0.05166,0.05192,31256084,1621147.90122,7648,14959224,776042.67571,-0.0007698229407235,ARPA-USDT,0.0517738693842812,0.0517775038507386,
2023-06-23 04:00:00,0.05193,0.05203,0.05165,0.05194,30778274,1596466.15473,7379,14438577,749132.00797,-0.0003849114703617,ARPA-USDT,0.0519678613351375,0.051916908388508,
2023-06-23 05:00:00,0.05195,0.05208,0.05168,0.05175,20953003,1085850.55741,5295,10194982,528395.26638,0.0,ARPA-USDT,0.0519469721976756,0.0519799688130942,
2023-06-23 06:00:00,0.05176,0.05189,0.05131,0.05148,30983669,1597385.1973,6985,12999380,670076.46368,-0.0001942124684405,ARPA-USDT,0.0517772698311447,0.0517596314246497,
2023-06-23 07:00:00,0.05149,0.05152,0.05101,0.05143,50392113,2581560.55714,9897,24160895,1238069.54724,-0.000194401244168,ARPA-USDT,0.0514650459891549,0.0513452136697006,
2023-06-23 08:00:00,0.05142,0.05165,0.05127,0.05146,32163545,1655603.97105,7593,16455291,847069.24829,-0.0007766990291261,ARPA-USDT,0.051480545770419,0.0514126686094975,0.0001
2023-06-23 09:00:00,0.05146,0.05154,0.05103,0.05147,35796477,1835820.47861,8545,16643050,853479.38012,-0.0001942501942501,ARPA-USDT,0.0514377375079042,0.0514582114170823,
2023-06-23 10:00:00,0.05146,0.05211,0.05114,0.05187,52860655,2727933.10287,13489,27162724,1402081.03524,-0.0005780346820809,ARPA-USDT,0.05140800376161,0.0514105642585026,
2023-06-23 11:00:00,0.05187,0.05196,0.05157,0.0518,28098436,1454906.39248,7640,14736068,763079.38591,-0.0011569610489781,ARPA-USDT,0.0518593437999803,0.0518023229972779,
2023-06-23 12:00:00,0.0518,0.05181,0.05081,0.05128,50623288,2597914.72307,12160,22083387,1133123.0074,-0.0007794232268121,ARPA-USDT,0.0517595485921831,0.0516915170785108,
2023-06-23 13:00:00,0.05127,0.05146,0.05007,0.05054,66239480,3359327.75117,15781,28796344,1460602.49881,-0.0001978239366963,ARPA-USDT,0.0513315553219316,0.0513346085958712,
2023-06-23 14:00:00,0.05051,0.05113,0.05013,0.05111,53749895,2717143.90532,13297,25215309,1275163.64765,-0.0003911597887736,ARPA-USDT,0.0504974974705167,0.0503673355045906,
2023-06-23 15:00:00,0.05113,0.05262,0.05094,0.05245,105884566,5476125.28304,23127,50980933,2637778.46126,-0.000381170192491,ARPA-USDT,0.0511043921781921,0.0512794245238782,
2023-06-23 16:00:00,0.05244,0.05289,0.05151,0.05208,113980246,5957912.84175,25861,56483924,2954441.45786,-0.0001919754271452,ARPA-USDT,0.0525244319971315,0.0523159229001923,0.0001
2023-06-23 17:00:00,0.05209,0.05269,0.05187,0.05253,57648904,3011685.50123,12207,30800507,1609265.31314,-0.0003805899143672,ARPA-USDT,0.0521078922883376,0.0520239644856748,
2023-06-23 18:00:00,0.05252,0.05282,0.0518,0.05222,39236183,2054702.70544,10075,18993858,994424.40154,-0.0005741626794257,ARPA-USDT,0.0525442059574584,0.0525193569211884,
2023-06-23 19:00:00,0.05222,0.05244,0.0516,0.05215,33832810,1761655.73123,8097,16803290,874951.60394,0.0,ARPA-USDT,0.0522371567123493,0.0522531289741009,
2023-06-23 20:00:00,0.05214,0.05248,0.05192,0.05242,28259096,1475495.10457,6489,14579390,761364.86729,-0.0005719733079122,ARPA-USDT,0.0521636520750227,0.0520992028600713,
2023-06-23 21:00:00,0.05242,0.05244,0.05103,0.05125,39560791,2046583.6842,7879,16733250,865673.20056,-0.0007798791187366,ARPA-USDT,0.0524031760772659,0.0524101662411184,
2023-06-23 22:00:00,0.05126,0.05158,0.05093,0.05152,27271221,1398399.12023,7330,13855080,710601.81284,-0.0001940617116241,ARPA-USDT,0.0513186196508455,0.0513144578017228,
2023-06-23 23:00:00,0.05151,0.05162,0.05119,0.05158,20943885,1078056.69496,5265,10487106,539820.0173599999,-0.0005812826971517,ARPA-USDT,0.0515355201735866,0.0515048483544446,
2023-06-24 00:00:00,0.05159,0.05167,0.05095,0.05115,37355053,1917562.3079,10316,19028241,976917.32671,-0.000390854016025,ARPA-USDT,0.0516178848498871,0.0515793460893567,0.0001
2023-06-24 01:00:00,0.05116,0.05177,0.05106,0.05167,32997860,1696673.31774,9119,18279066,940014.22688,0.0,ARPA-USDT,0.0511991119545565,0.0512290255280781,
2023-06-24 02:00:00,0.05167,0.05194,0.05151,0.05194,19717169,1020053.19072,4952,10286881,532183.72604,-0.0001924927815207,ARPA-USDT,0.0516459070515144,0.0516518094643239,
2023-06-24 03:00:00,0.05195,0.05236,0.05181,0.05215,33035926,1720524.99938,7196,17178687,894862.39331,-0.0007664303506418,ARPA-USDT,0.0519289522159354,0.0518837879743,
2023-06-24 04:00:00,0.05215,0.05247,0.05189,0.05221,25266413,1318518.05899,6006,12465450,650751.21488,-0.0009567546880979,ARPA-USDT,0.0521470149411952,0.0521434869366766,
2023-06-24 05:00:00,0.05222,0.05249,0.05207,0.05209,22026407,1152007.47272,5206,8629740,451456.45713,-0.0003838034926118,ARPA-USDT,0.0522622620508048,0.0523286236890349,
2023-06-24 06:00:00,0.05208,0.0521,0.05156,0.05171,25907761,1341984.17692,5951,11448960,592958.28741,-0.0005798221878624,ARPA-USDT,0.0520676545612807,0.052049009141392,
2023-06-24 07:00:00,0.05171,0.05179,0.05114,0.05127,33441679,1721698.94931,8134,15564839,801719.45592,0.0,ARPA-USDT,0.0516658607511648,0.0516512975702845,
2023-06-24 08:00:00,0.05126,0.05153,0.05105,0.05132,32580627,1670378.54884,8070,17886587,916918.13172,-0.0003895597974289,ARPA-USDT,0.0512380046018625,0.0512351809144491,0.0001
2023-06-24 09:00:00,0.05131,0.05165,0.05129,0.05163,20612043,1061887.1889,5712,10538238,542904.39029,-0.0001936483346242,ARPA-USDT,0.0513098274480474,0.051415135837442,
2023-06-24 10:00:00,0.05162,0.05197,0.05153,0.05193,31154296,1611532.99339,6522,15903690,822713.29143,-0.0007696748123918,ARPA-USDT,0.0516002522249402,0.0516143932991038,
2023-06-24 11:00:00,0.05193,0.05199,0.05155,0.05167,32072042,1660525.7797,6158,13184148,682832.28615,-0.0005802707930367,ARPA-USDT,0.0518761068266315,0.0519095209372781,
2023-06-24 12:00:00,0.05165,0.0522,0.05151,0.05193,41048908,2129079.30757,7914,17666076,916602.29996,-0.0011540680900173,ARPA-USDT,0.0516807407190348,0.0516910382298329,
2023-06-24 13:00:00,0.05193,0.05205,0.05137,0.05165,51143632,2645359.84016,9796,23116073,1195755.97544,-0.0007738440704198,ARPA-USDT,0.0519455096758508,0.0519942623232453,
2023-06-24 14:00:00,0.05165,0.05244,0.05142,0.05234,55565893,2893248.96688,11602,29118905,1515836.96719,-0.0003819709702062,ARPA-USDT,0.0516059342080175,0.0516258811345231,
2023-06-24 15:00:00,0.05233,0.05295,0.05054,0.05149,168126251,8721466.28834,34078,74807995,3883718.64479,0.0,ARPA-USDT,0.0524335255228013,0.0525719063790334,
2023-06-24 16:00:00,0.05149,0.05151,0.04897,0.05077,139607277,7030645.81403,27826,60152327,3031320.54881,-0.0005905511811022,ARPA-USDT,0.0514069399017844,0.0506929971769317,0.0001
2023-06-24 17:00:00,0.05078,0.05125,0.05064,0.05097,46170868,2353722.02359,9722,21263722,1083920.22158,0.0005889281507656,ARPA-USDT,0.0507397741508564,0.0508883334747945,
2023-06-24 18:00:00,0.05098,0.05119,0.05086,0.05113,34472871,1760336.3732,7811,15558012,794517.75516,0.0,ARPA-USDT,0.0509492144387824,0.0510170050663434,
2023-06-24 19:00:00,0.05113,0.05222,0.05111,0.05202,41230998,2136152.23821,10099,19262823,997882.54265,-0.0005763688760807,ARPA-USDT,0.051134798673517,0.0512587693880177,
2023-06-24 20:00:00,0.05202,0.05594,0.05184,0.05555,173152619,9321593.75032,37866,91857195,4945020.46744,-0.0012585400934915,ARPA-USDT,0.0519197462808352,0.0521537807263612,
2023-06-24 21:00:00,0.05557,0.05558,0.05354,0.05386,230958342,12532687.35132,49143,109937453,5964225.18258,-0.0009274717121128,ARPA-USDT,0.0549032748564926,0.0541562599291722,
2023-06-24 22:00:00,0.05386,0.05535,0.05374,0.05409,121672433,6640075.90091,28167,55611719,3035310.37417,-0.000738961758729,ARPA-USDT,0.0538970485474033,0.0541128628697479,
2023-06-24 23:00:00,0.0541,0.05593,0.05409,0.05586,107600801,5932260.19912,25872,55281528,3048112.9016,-0.000894294401717,ARPA-USDT,0.0543330403093499,0.0545833016392301,
2023-06-25 00:00:00,0.05585,0.05819,0.05534,0.05601,261798742,14828849.87679,60128,129864366,7358874.12673,-0.0005353319057815,ARPA-USDT,0.0556289552675583,0.0558830914783572,0.0001
2023-06-25 01:00:00,0.05601,0.05645,0.05554,0.05566,84855319,4754893.48144,21283,36169098,2027062.82801,-0.0007181328545781,ARPA-USDT,0.0561031324857001,0.0561272265405351,
2023-06-25 02:00:00,0.05567,0.05577,0.05499,0.05532,66584168,3686304.86062,17082,29858481,1653534.63867,-0.0001807337791432,ARPA-USDT,0.0556517296100381,0.0556155090817856,
2023-06-25 03:00:00,0.05533,0.05551,0.05443,0.05526,60773978,3340322.23368,14952,28599479,1572876.80334,0.0,ARPA-USDT,0.0553616563615834,0.0553272491957517,
2023-06-25 04:00:00,0.05526,0.05564,0.05492,0.05515,63517543,3509427.6291,17522,29710698,1641791.9758,-0.0003625158600688,ARPA-USDT,0.0553352935026274,0.0552602908002495,
2023-06-25 05:00:00,0.05513,0.05683,0.0549,0.05668,100804963,5651014.82623,25788,51119958,2865730.93114,-0.0005290072297655,ARPA-USDT,0.0551580254757368,0.0553465014770336,
2023-06-25 06:00:00,0.05667,0.05908,0.05605,0.05812,199898822,11511975.85754,50160,97160341,5599235.8517,-0.0008595495960117,ARPA-USDT,0.0564997656802288,0.0564382984361654,
2023-06-25 07:00:00,0.05811,0.06068,0.05716,0.05919,300350164,17730254.8524,71998,144430393,8530616.52472,0.0003380091262463,ARPA-USDT,0.0580049673851317,0.0579065492069589,
2023-06-25 08:00:00,0.05919,0.06174,0.0591,0.06085,379618165,23117332.06951,88329,183536132,11178334.15417,-0.0008210180623974,ARPA-USDT,0.0592153464929523,0.0596004654238975,0.0001
2023-06-25 09:00:00,0.06086,0.06236,0.0604,0.06041,336073626,20628532.11839,73789,159017215,9767777.46343,-0.0009922275508517,ARPA-USDT,0.0607944639590364,0.0612075382067007,
2023-06-25 10:00:00,0.06044,0.06164,0.05958,0.06137,274431136,16682498.94643,57705,133406680,8112892.95555,-0.0006513597134016,ARPA-USDT,0.0602972168854521,0.0602839596152672,
2023-06-25 11:00:00,0.06136,0.06136,0.05982,0.06017,176209555,10663665.88739,38978,81706171,4945214.50515,-0.00016616816218,ARPA-USDT,0.0611628899919966,0.0611869832696598,
2023-06-25 12:00:00,0.06016,0.06017,0.05761,0.05929,289717205,17032635.53734,56554,129914092,7635038.03024,-0.0003372112628561,ARPA-USDT,0.0598997700962832,0.059922787710305,
2023-06-25 13:00:00,0.05929,0.05949,0.05775,0.05911,178597199,10455607.16366,40118,87422001,5119036.7368600005,-0.0005072708826512,ARPA-USDT,0.0592992759481091,0.0588992876471233,
2023-06-25 14:00:00,0.05913,0.06047,0.05875,0.05936,215269833,12834377.50622,50810,108232496,6454371.58084,-0.0003368137420006,ARPA-USDT,0.0590062975100388,0.0592383605934149,
2023-06-25 15:00:00,0.05936,0.06049,0.05859,0.05969,224520919,13405393.348,47989,106758952,6379559.34975,-0.0005023442732753,ARPA-USDT,0.0591276472356413,0.0590125378191379,
2023-06-25 16:00:00,0.05968,0.06194,0.05946,0.06038,339631721,20569158.98587,76808,165592179,10029653.24249,-0.0004966065220989,ARPA-USDT,0.0596235372897131,0.0600011135169657,0.0001
2023-06-25 17:00:00,0.06038,0.06113,0.05927,0.05983,177578423,10694720.70523,41760,84638043,5098148.02053,0.0001671681711803,ARPA-USDT,0.0603741142649942,0.0605255780334028,
2023-06-25 18:00:00,0.05982,0.05987,0.05875,0.05965,146767000,8695545.90151,33449,75500654,4473846.89435,-0.0010048568079048,ARPA-USDT,0.0596779518443813,0.0594614427340805,
2023-06-25 19:00:00,0.05965,0.06041,0.0594,0.0602,127356598,7642367.006659999,28611,64498321,3872021.20944,-0.000166085367879,ARPA-USDT,0.0596369109062069,0.0598263142074835,
2023-06-25 20:00:00,0.0602,0.0611,0.05981,0.06055,146123205,8855113.40985,35545,70398958,4267272.47253,-0.0001651254953765,ARPA-USDT,0.0599713256699529,0.0602342066138576,
2023-06-25 21:00:00,0.06054,0.06073,0.05951,0.05968,87324225,5250812.85686,23474,40709666,2447799.18507,0.0,ARPA-USDT,0.0603913136711742,0.0603144933253329,
2023-06-25 22:00:00,0.05967,0.06083,0.05959,0.05997,79709201,4793680.03191,19953,40242084,2419779.18681,0.0,ARPA-USDT,0.0596301990426761,0.0597200477844297,
2023-06-25 23:00:00,0.05998,0.06048,0.05872,0.05898,101020625,6008980.96366,23361,49263239,2934475.81195,-0.0001695202576708,ARPA-USDT,0.0600757665614617,0.059982987525049,
2023-06-26 00:00:00,0.05899,0.05902,0.05768,0.05792,107511725,6268621.19052,26112,49708800,2898572.19187,-0.0003451846738005,ARPA-USDT,0.0588682076824717,0.0587958260282679,0.0001
2023-06-26 01:00:00,0.05791,0.05796,0.05671,0.05723,133240662,7620927.99588,32296,61748193,3532902.31441,-0.000698445957744,ARPA-USDT,0.0578515559079006,0.0574350713152858,
2023-06-26 02:00:00,0.05722,0.05734,0.05609,0.05631,84124990,4759533.2075000005,17793,36967286,2091590.20921,-0.0003550505947097,ARPA-USDT,0.0572489826917421,0.0569386416649018,
2023-06-26 03:00:00,0.05631,0.05654,0.05587,0.05609,58045161,3261441.65796,15861,25793804,1449724.44349,-0.0005345687811831,ARPA-USDT,0.0563916762665232,0.056460993576026,
2023-06-26 04:00:00,0.0561,0.05838,0.0561,0.05826,158811981,9109475.25237,35911,88800441,5089680.65284,-0.0003431708991077,ARPA-USDT,0.0561497417840676,0.0562638533226119,
2023-06-26 05:00:00,0.05825,0.061,0.05728,0.05917,391392117,23135388.1918,89763,194855118,11513234.66014,-0.0005067567567568,ARPA-USDT,0.0582945608163102,0.0580498070419644,
2023-06-26 06:00:00,0.05917,0.05917,0.05681,0.05731,287207304,16607994.80131,62432,130995947,7574227.28281,-0.0005231949773282,ARPA-USDT,0.0588715977403807,0.0588868060843267,
2023-06-26 07:00:00,0.05732,0.0582,0.05724,0.05736,98967147,5706023.88491,23467,53087506,3060788.7692,0.0001743679163035,ARPA-USDT,0.0574273809203709,0.0575775733091215,
2023-06-26 08:00:00,0.05735,0.05765,0.0564,0.05688,95257467,5421660.61139,21883,40620109,2312497.08111,-0.0003514938488575,ARPA-USDT,0.0573678294155504,0.0574644847017631,0.0001
2023-06-26 09:00:00,0.05689,0.05737,0.05636,0.05707,59560542,3390350.63164,16139,28777867,1638389.99339,-0.000525394045534,ARPA-USDT,0.0569062570214872,0.0569894714274247,
2023-06-26 10:00:00,0.05708,0.05747,0.05681,0.05695,61323743,3505667.7945,16147,28991497,1657483.9826,0.0003513086246267,ARPA-USDT,0.0571820254423944,0.0572813728436256,
2023-06-26 11:00:00,0.05694,0.05748,0.05682,0.05726,53793960,3075684.36376,12877,27092835,1548407.35561,-0.0005236515971374,ARPA-USDT,0.0569794492285582,0.0570789580511416,
2023-06-26 12:00:00,0.05726,0.05812,0.05703,0.05797,62650101,3597892.47745,15473,31904877,1832567.19706,-0.0001724732666436,ARPA-USDT,0.0572859949801958,0.0572830495402496,
2023-06-26 13:00:00,0.05796,0.05845,0.05763,0.05842,110732477,6429667.64578,23907,54320288,3154848.11688,-0.0005132591958939,ARPA-USDT,0.0579967623190214,0.0580119381317813,
2023-06-26 14:00:00,0.05842,0.05861,0.05764,0.05854,81803791,4756807.14089,20451,39467744,2295498.66668,-0.0001707941929973,ARPA-USDT,0.058484945163021,0.0582998215481823,
2023-06-26 15:00:00,0.05855,0.05887,0.05802,0.05845,57383750,3352665.63137,15279,30031779,1754703.74953,-0.000342055755088,ARPA-USDT,0.0585362517834253,0.0585908184766141,
2023-06-26 16:00:00,0.05845,0.05873,0.05612,0.05726,133388551,7678426.3837,30770,58977162,3395511.73639,-0.0003491620111731,ARPA-USDT,0.0584132964013118,0.0584648974321957,0.0001
2023-06-26 17:00:00,0.05728,0.05745,0.05665,0.05681,59290376,3379638.94772,16116,32364114,1844879.37466,0.0001760563380281,ARPA-USDT,0.0572190378970424,0.0572423491054589,
2023-06-26 18:00:00,0.05681,0.05714,0.05667,0.05694,35032052,1993285.15999,9655,19472731,1107846.02922,-0.0001755926251097,ARPA-USDT,0.056850595100934,0.0568973442915941,
2023-06-26 19:00:00,0.05695,0.05754,0.05683,0.05738,48452074,2770644.75015,11914,26684487,1525772.11299,-0.0006966213862765,ARPA-USDT,0.0569514121672829,0.0569902589363659,
2023-06-26 20:00:00,0.05737,0.05758,0.05622,0.05631,45947817,2614254.86388,11825,20451707,1164518.47301,-0.000709849157054,ARPA-USDT,0.0575084286328728,0.0573857749725772,
2023-06-26 21:00:00,0.05632,0.05663,0.05501,0.05503,75056353,4194077.37635,17588,28263507,1580294.56107,-0.0001816860465115,ARPA-USDT,0.0563855082168027,0.0563597768586784,
2023-06-26 22:00:00,0.05502,0.05595,0.05475,0.05591,49353436,2736230.56816,11859,24150209,1339667.88845,-0.0008934953538242,ARPA-USDT,0.0549135245295755,0.0550887449869521,
2023-06-26 23:00:00,0.05591,0.056,0.05561,0.05567,26797398,1494982.33396,7126,12655262,705969.4409,-0.0003591309032143,ARPA-USDT,0.0559213581305855,0.0558933848163981,
2023-06-27 00:00:00,0.05567,0.05614,0.0554,0.05608,42124781,2350168.05719,10743,22259049,1242216.83415,-0.000712758374911,ARPA-USDT,0.055714156388537,0.0556007999171221,0.0001
2023-06-27 01:00:00,0.05609,0.05656,0.05553,0.05646,35869165,2012788.7485,9280,18563022,1041473.63427,-0.0005310674455655,ARPA-USDT,0.0561053909225049,0.0560221603664711,
2023-06-27 02:00:00,0.05646,0.05735,0.05634,0.05732,39718721,2254811.8297,10580,20933139,1187973.01743,-0.0006973500697349,ARPA-USDT,0.0564361361017862,0.0565148149145597,
2023-06-27 03:00:00,0.05732,0.05737,0.05683,0.05696,33824705,1931775.30833,8794,16278726,929688.57081,-0.0007017543859649,ARPA-USDT,0.0572893427126073,0.0572588869151014,
2023-06-27 04:00:00,0.05696,0.05712,0.05636,0.05653,49445814,2803345.62499,10502,18887486,1071110.27782,-0.0007070885628426,ARPA-USDT,0.0570071008875292,0.0569469668422228,
2023-06-27 05:00:00,0.05654,0.05685,0.05619,0.05642,68245495,3855762.33575,12174,35065392,1981504.82221,0.0005320092214931,ARPA-USDT,0.056578900425804,0.0564197142447979,
2023-06-27 06:00:00,0.05643,0.0567,0.05576,0.0567,44781355,2515425.39624,10340,21198226,1191214.93814,0.0,ARPA-USDT,0.0564596802376025,0.0563023126043765,
2023-06-27 07:00:00,0.05671,0.05737,0.05667,0.05674,51874732,2957200.66421,12217,24854517,1416938.61008,-0.0001762114537445,ARPA-USDT,0.0567273661193474,0.0568642451213926,
2023-06-27 08:00:00,0.05673,0.0573,0.05654,0.05694,59678475,3400743.44912,12009,31780737,1810278.51955,-0.0001755926251097,ARPA-USDT,0.0566932100398303,0.0567300643994362,0.0001
2023-06-27 09:00:00,0.05693,0.05694,0.05611,0.05629,42552547,2401021.6284,9786,18670054,1053570.87833,-0.0001776198934281,ARPA-USDT,0.0569119301059768,0.0568310416212506,
2023-06-27 10:00:00,0.05629,0.0569,0.05613,0.0567,49403793,2793595.15116,11192,23063188,1303625.02963,-0.0003526093088856,ARPA-USDT,0.056217184868259,0.0563217755585018,
2023-06-27 11:00:00,0.0567,0.05737,0.05624,0.05733,57759142,3279316.489,13184,35219047,1999374.97147,-0.0001743983257761,ARPA-USDT,0.0565915462109233,0.0565907940277338,
2023-06-27 12:00:00,0.05733,0.05829,0.05703,0.05804,86753657,5001588.81347,21080,44637544,2574071.71056,-0.0001722652885443,ARPA-USDT,0.0572237105067099,0.0572558009918281,
2023-06-27 13:00:00,0.05805,0.05827,0.05721,0.05745,72540277,4188620.48573,16743,32546199,1879538.31764,-0.0001740341106856,ARPA-USDT,0.0581255577959511,0.0580388235833671,
2023-06-27 14:00:00,0.05746,0.05804,0.05683,0.05687,71327753,4091318.54984,16104,34597168,1984890.9929,0.0,ARPA-USDT,0.0574329247920692,0.0575529811512455,
2023-06-27 15:00:00,0.05687,0.05729,0.05645,0.05669,74107677,4217392.26563,16558,38655066,2200011.55838,0.0,ARPA-USDT,0.0568854074766094,0.056853239360313,
2023-06-27 16:00:00,0.05669,0.05738,0.0565,0.05735,48435166,2758832.16296,12465,23370221,1331346.14964,-0.0001743375174337,ARPA-USDT,0.056766699088379,0.0568281940960551,0.0001
2023-06-27 17:00:00,0.05734,0.05773,0.05702,0.05737,37005377,2124634.25868,9180,17458899,1002287.16225,-0.0006967427277478,ARPA-USDT,0.05738303855909,0.0574725375659975,
2023-06-27 18:00:00,0.05738,0.0577,0.05702,0.05702,24882723,1426298.1451,7055,11579624,663695.9295,-0.0003506311360448,ARPA-USDT,0.057395554668828,0.0575333039649685,
2023-06-27 19:00:00,0.05703,0.05714,0.05664,0.05682,26798361,1524464.12172,7235,12914760,734819.92852,0.0001760253476501,ARPA-USDT,0.0570444479933282,0.0569840664421694,
2023-06-27 20:00:00,0.05683,0.05726,0.05667,0.05722,27286561,1552867.22388,8101,15119591,860648.27049,-0.0001747335313647,ARPA-USDT,0.0567693273787855,0.0567938178663825,
2023-06-27 21:00:00,0.05721,0.05727,0.05676,0.05722,22277886,1270220.69704,6637,9757775,556156.35884,-0.0003494060097833,ARPA-USDT,0.0571751379043185,0.0571596983735067,
2023-06-27 22:00:00,0.05723,0.05729,0.05658,0.05666,19875365,1130429.81197,5846,9719695,552642.77785,-0.0001764602082229,ARPA-USDT,0.0572624254120159,0.057239209925541,
2023-06-27 23:00:00,0.05666,0.05701,0.05648,0.05681,19070104,1081978.2599,5526,10327494,585901.35202,-0.0001759943681802,ARPA-USDT,0.0566047075902582,0.056674632408525,
2023-06-28 00:00:00,0.05682,0.0572,0.05551,0.05626,79909124,4504229.35686,19257,36848387,2078207.4754,-0.0001777145903679,ARPA-USDT,0.0568748290290241,0.0568988062433045,0.0001
2023-06-28 01:00:00,0.05626,0.05665,0.05552,0.05561,46205417,2590150.62041,12882,19337891,1084760.96749,-0.0005391804457225,ARPA-USDT,0.0560738585892185,0.0561088134932927,
2023-06-28 02:00:00,0.05561,0.05619,0.05504,0.05505,44445311,2473896.09858,12307,18185087,1013014.28702,-0.0005446623093681,ARPA-USDT,0.0557564742030764,0.0559349095265168,
2023-06-28 03:00:00,0.05505,0.05606,0.05501,0.05595,25852279,1437993.42675,7244,13856069,770671.22179,-0.0003573342862247,ARPA-USDT,0.0551191014099023,0.0552468532165501,
2023-06-28 04:00:00,0.05594,0.05712,0.05585,0.057,44893579,2529193.436,10700,23987029,1351026.4667,-0.0003507541213608,ARPA-USDT,0.0559256809587661,0.0560254985162837,
2023-06-28 05:00:00,0.057,0.0577,0.05693,0.05719,92723008,5316630.65198,21982,44891564,2573795.23895,0.0001748863238895,ARPA-USDT,0.0570655605183047,0.0572601532701659,
2023-06-28 06:00:00,0.05718,0.05801,0.05701,0.05779,115051056,6628216.7573,25165,60530488,3487695.61356,0.0001730702665283,ARPA-USDT,0.0572579120540399,0.0573090828182901,
2023-06-28 07:00:00,0.05777,0.05859,0.05592,0.05705,220933306,12719469.83183,50303,103948984,5990319.80868,-0.0008756567425569,ARPA-USDT,0.0576367282742899,0.0579189668710963,
2023-06-28 08:00:00,0.05705,0.05853,0.05655,0.05844,162717672,9403685.45981,36087,84482002,4883209.25846,-0.0003421142661649,ARPA-USDT,0.0567918031649006,0.0570000179832978,0.0001
2023-06-28 09:00:00,0.05844,0.05942,0.05791,0.05872,228990505,13469459.71746,47342,113220215,6660751.11579,-0.0006807351940094,ARPA-USDT,0.0584742816550817,0.0584117435767249,
2023-06-28 10:00:00,0.05871,0.05876,0.05774,0.05851,126949965,7389861.90392,26938,57720497,3360788.14406,-0.0005124701059104,ARPA-USDT,0.05870110477372,0.0582461026194752,
2023-06-28 11:00:00,0.05851,0.05866,0.05788,0.05804,75627956,4404963.11502,17857,36303171,2114872.27452,-0.0006887052341597,ARPA-USDT,0.0584907781635784,0.058403532030406,
2023-06-28 12:00:00,0.05806,0.05818,0.05736,0.05788,141319965,8159418.629579999,27718,72231951,4170905.06289,-0.0003454231433506,ARPA-USDT,0.0580256565992009,0.057846303662802,
2023-06-28 13:00:00,0.05788,0.05909,0.05758,0.05891,151737081,8894918.8795,34538,78245840,4586472.83095,0.0001697792869268,ARPA-USDT,0.0579121145450846,0.0578446499308772,
2023-06-28 14:00:00,0.05891,0.0592,0.05809,0.0584,124825578,7312687.34779,29032,56998801,3339966.78735,-0.0003423485107839,ARPA-USDT,0.0590054188533306,0.0590628627902004,
2023-06-28 15:00:00,0.05841,0.05865,0.05781,0.05816,54366346,3162709.55069,15810,25389953,1477446.76426,-0.0010305736860185,ARPA-USDT,0.0583968816911893,0.058357154547456,
2023-06-28 16:00:00,0.05816,0.059,0.05793,0.05865,89206315,5223811.65812,22134,47120555,2759999.06566,-0.0005112474437628,ARPA-USDT,0.058039916018243,0.0581408806101679,0.0001
2023-06-28 17:00:00,0.05866,0.05876,0.05709,0.05738,113887699,6575482.11902,27699,52285670,3019777.7865,-0.0008706251088281,ARPA-USDT,0.0586790659565321,0.0585086611879489,
2023-06-28 18:00:00,0.05738,0.05794,0.0562,0.05628,82864580,4739924.13225,21986,34915647,1999545.27637,-0.0007102272727274,ARPA-USDT,0.0572836638518969,0.0574969822941248,
2023-06-28 19:00:00,0.05628,0.05642,0.05112,0.05325,310392759,16767028.99677,66018,136899735,7393822.89188,-0.0011254924029263,ARPA-USDT,0.0562229195850216,0.0562525153983836,
2023-06-28 20:00:00,0.05325,0.05497,0.05324,0.05474,118982148,6460296.30387,27750,58060438,3150980.55166,-0.0007301935012778,ARPA-USDT,0.0533785978444161,0.0537418291699014,
2023-06-28 21:00:00,0.05473,0.05512,0.05443,0.0547,59144018,3240235.72227,13260,29550667,1619550.00793,-0.0005481454412571,ARPA-USDT,0.0548030162819412,0.0549184567363218,
2023-06-28 22:00:00,0.05471,0.05499,0.05448,0.05483,40405063,2213111.83209,9383,21878777,1198499.42172,-0.0010930952814721,ARPA-USDT,0.0547265498121493,0.0548196353010805,
2023-06-28 23:00:00,0.05482,0.05512,0.05432,0.05435,36255969,1982744.27871,9734,18484934,1011075.70794,-0.0009191176470587,ARPA-USDT,0.05484231472944,0.0548355559391757,
2023-06-29 00:00:00,0.05435,0.05475,0.05409,0.05424,61512490,3344896.07336,15100,31696982,1724044.40024,-0.0005527915975677,ARPA-USDT,0.054461175715608,0.0544659888560756,-2.216e-05
2023-06-29 01:00:00,0.05424,0.05484,0.05392,0.05393,39752173,2161460.66717,10254,17801987,968618.78016,-0.0009262689885143,ARPA-USDT,0.0542354421658169,0.0543054142644504,
2023-06-29 02:00:00,0.05393,0.05434,0.0538,0.05421,33588116,1816226.22391,10029,19235836,1040357.70655,-0.0009214891264283,ARPA-USDT,0.0540086559629782,0.0541337472490688,
2023-06-29 03:00:00,0.05421,0.05467,0.0542,0.05444,27176050,1480119.25238,7745,15570273,847857.8654,-0.000917599559552,ARPA-USDT,0.0543390899130165,0.0543717743078423,
2023-06-29 04:00:00,0.05444,0.05457,0.05416,0.05432,19108895,1038567.74224,6056,10022081,544768.91809,-0.0001840603718019,ARPA-USDT,0.0544438112640048,0.0544012401700437,
2023-06-29 05:00:00,0.05433,0.05496,0.05423,0.05491,21444180,1172336.10989,6924,11749236,642217.06765,-0.0001820830298615,ARPA-USDT,0.0543419960012888,0.0542946797161902,
2023-06-29 06:00:00,0.05491,0.05562,0.05484,0.05488,44923885,2480198.24677,12075,24111253,1330948.36151,-0.0009102494083379,ARPA-USDT,0.0549792714473821,0.0549729942809981,
2023-06-29 07:00:00,0.05489,0.05529,0.05442,0.05514,63110210,3465681.57535,14869,28386261,1558589.8222,0.0003628447024672,ARPA-USDT,0.0548386849882143,0.0547628179265733,
2023-06-29 08:00:00,0.05513,0.05522,0.05412,0.0543,54394599,2967671.75898,13978,25370562,1385018.64662,-0.0014711290915777,ARPA-USDT,0.0551556279549585,0.0550322320920629,0.0001
2023-06-29 09:00:00,0.05431,0.05487,0.0541,0.0545,39001038,2127198.37408,10642,18311262,998745.31258,-0.0007334066740006,ARPA-USDT,0.0543611617508217,0.0542442350100333,
2023-06-29 10:00:00,0.0545,0.0552,0.05408,0.05509,57598206,3153049.04789,14588,26104681,1429030.96736,0.0,ARPA-USDT,0.0544441656328391,0.0543321161950455,
2023-06-29 11:00:00,0.05508,0.05521,0.05472,0.05518,44579641,2448920.25594,11690,22711657,1247737.92411,-0.0003623188405796,ARPA-USDT,0.0550864287832189,0.054976786621637,
2023-06-29 12:00:00,0.05518,0.05539,0.05488,0.05497,45415223,2503732.38177,11536,22685370,1250956.33451,-0.0005454545454546,ARPA-USDT,0.0551815755569376,0.0550373192054712,
2023-06-29 13:00:00,0.05496,0.05552,0.05435,0.05457,59307593,3259735.5077400003,14375,28735425,1578908.68266,-0.0005494505494505,ARPA-USDT,0.0549956992099026,0.0549692440032079,
2023-06-29 14:00:00,0.05458,0.05512,0.05442,0.05456,47875047,2621849.40863,13062,24377087,1334882.7306,-0.0010984987184182,ARPA-USDT,0.0546538886265987,0.054656894640597,
2023-06-29 15:00:00,0.05456,0.05467,0.05406,0.05423,36170338,1965490.48855,9776,17654630,959704.58392,-0.0001843657817108,ARPA-USDT,0.0545611861127869,0.054474423323335,
2023-06-29 16:00:00,0.05424,0.05452,0.05291,0.0533,79383411,4260811.2013,18340,30316117,1628502.01537,-0.0003750937734433,ARPA-USDT,0.0542846003499638,0.054271158108887,0.0001
2023-06-29 17:00:00,0.0533,0.05361,0.05297,0.05298,53550037,2853675.53839,15514,26857414,1431643.80194,-0.0005659309564233,ARPA-USDT,0.0533089331490629,0.0532644474329136,
2023-06-29 18:00:00,0.05298,0.05372,0.05277,0.05371,43981100,2342196.88695,10796,21402975,1140427.00616,-0.0007441860465116,ARPA-USDT,0.0529886477610133,0.0528980538618153,
2023-06-29 19:00:00,0.05371,0.05402,0.0536,0.054,40727748,2193075.82454,10936,21502145,1157781.45633,-0.0005552470849528,ARPA-USDT,0.0537848280835081,0.0538644423959243,
2023-06-29 20:00:00,0.054,0.05409,0.053,0.05366,45870275,2456667.63371,11881,22183673,1188417.17805,-0.0005587632706277,ARPA-USDT,0.0539688880523148,0.0539843200577699,
2023-06-29 21:00:00,0.05366,0.05388,0.05342,0.05343,21412887,1148935.25993,6036,9847374,528343.07044,-0.0001871257485031,ARPA-USDT,0.0536450771513581,0.0537160108092478,
2023-06-29 22:00:00,0.05343,0.05394,0.05341,0.05352,28227781,1516340.14791,6548,13774506,739954.06129,-0.0009333582228859,ARPA-USDT,0.0534343518969614,0.0535028969418894,
2023-06-29 23:00:00,0.05352,0.05393,0.0533,0.05355,26137650,1400379.3213,6846,13858486,742498.14024,-0.0001867064973861,ARPA-USDT,0.0535277127652469,0.0535562245976707,
2023-06-30 00:00:00,0.05356,0.05405,0.05336,0.05344,56884620,3054698.39886,13018,32088521,1722754.10995,-0.0003741114852225,ARPA-USDT,0.0536240959196271,0.0536902110218003,0.0001
2023-06-30 01:00:00,0.05344,0.05384,0.05282,0.05326,63092035,3361556.52558,13694,32095773,1709603.49938,-0.0003753753753753,ARPA-USDT,0.0534415070736869,0.0534244076906123,
2023-06-30 02:00:00,0.05327,0.05485,0.05326,0.05472,54522211,2956958.35556,16244,25757951,1396398.15429,-0.000365363536719,ARPA-USDT,0.053303923095526,0.0535722811651992,
2023-06-30 03:00:00,0.05472,0.05553,0.05463,0.05519,62510040,3447787.12376,18464,30492800,1681289.34556,0.0,ARPA-USDT,0.0547758092091262,0.0548717965512304,
2023-06-30 04:00:00,0.0552,0.05607,0.05467,0.05541,51745158,2871009.24152,14958,24075758,1336060.91619,-0.0001804402742691,ARPA-USDT,0.0553085003484284,0.0553590644062718,
2023-06-30 05:00:00,0.05541,0.05629,0.05518,0.05535,45888370,2559648.14239,14019,22953941,1280704.12298,0.0,ARPA-USDT,0.055615228241446,0.0557278304931092,
2023-06-30 06:00:00,0.05535,0.05562,0.05474,0.0549,36994939,2041624.28778,11352,17296462,954902.34999,-0.0001821161901293,ARPA-USDT,0.0554507109181951,0.0554697054292504,
2023-06-30 07:00:00,0.0549,0.05533,0.0546,0.05504,41077496,2259211.26578,11716,20914735,1150672.41167,-0.0005447612130016,ARPA-USDT,0.0549531618011932,0.0549783950963161,
2023-06-30 08:00:00,0.05505,0.05579,0.05503,0.05547,47641693,2643490.85182,15985,24447058,1356405.51186,-0.000900576368876,ARPA-USDT,0.0551199888707698,0.0552076516069798,0.0001
2023-06-30 09:00:00,0.05546,0.0555,0.05474,0.05488,40123684,2208715.04013,11086,18484927,1017773.69605,-0.0005463485703879,ARPA-USDT,0.0553577566880606,0.0551772317642097,
2023-06-30 10:00:00,0.05488,0.0553,0.0548,0.05506,36001113,1981637.78798,9582,18382326,1011465.00501,-0.0005445634416409,ARPA-USDT,0.0549691082261032,0.0549190875710823,
2023-06-30 11:00:00,0.05506,0.05523,0.05487,0.05515,29161915,1605540.73837,7677,16457901,906054.58472,-0.0007247689798877,ARPA-USDT,0.0550841598213104,0.055037103926255,
2023-06-30 12:00:00,0.05514,0.05645,0.05513,0.05576,60516306,3374539.78025,13398,34495351,1924481.97884,0.0001793721973093,ARPA-USDT,0.0552489455049629,0.0553228637287033,
2023-06-30 13:00:00,0.05576,0.05598,0.04885,0.05228,241271684,12741410.1787,51352,110510167,5844899.3927,-0.0013371537726838,ARPA-USDT,0.055763263477256,0.0557111848786449,
2023-06-30 14:00:00,0.05231,0.05297,0.05177,0.05219,86428800,4520976.62152,22362,43789289,2291019.27867,-0.0001915708812261,ARPA-USDT,0.0523035628151457,0.0520496827465808,
2023-06-30 15:00:00,0.05218,0.05252,0.05181,0.0521,41390904,2158184.90912,10550,19425967,1012899.60307,-0.0007671653241273,ARPA-USDT,0.0521522537074957,0.0521860118674586,
2023-06-30 16:00:00,0.05211,0.05396,0.05178,0.05373,71505244,3785901.79753,20470,35274487,1867934.55671,-0.0003720930232558,ARPA-USDT,0.0520771040760796,0.0520707397486883,0.0001
2023-06-30 17:00:00,0.05374,0.05445,0.05373,0.05411,60128074,3252555.47523,15184,28622850,1548192.97871,0.0,ARPA-USDT,0.0538886339395829,0.0540193839570238,
2023-06-30 18:00:00,0.05411,0.0543,0.05294,0.05365,58957741,3158957.21471,13891,29328599,1571582.61393,-0.0005588673621459,ARPA-USDT,0.0541486983294072,0.0541709141890269,
2023-06-30 19:00:00,0.05365,0.05379,0.05328,0.05365,34676562,1856263.47249,8864,18483190,989246.69516,-0.0013030528667161,ARPA-USDT,0.0535826513456987,0.0536109640107032,
2023-06-30 20:00:00,0.05364,0.05403,0.05362,0.05392,40849190,2198909.65576,9696,19717661,1061424.07497,0.0,ARPA-USDT,0.053765628332058,0.0537882788899788,
2023-06-30 21:00:00,0.05391,0.05465,0.05358,0.05464,28629886,1547215.95084,7351,14991765,810046.49219,-0.0001829826166513,ARPA-USDT,0.0539210851715879,0.0539295595625866,
2023-06-30 22:00:00,0.05464,0.05514,0.05454,0.05471,24990090,1369576.70203,6099,13835765,758306.38962,0.0003656975681112,ARPA-USDT,0.0546861631914597,0.0547142377371997,
2023-06-30 23:00:00,0.0547,0.05514,0.05443,0.05451,29300682,1604542.5358,7774,14253378,780598.12637,-0.0001834189288333,ARPA-USDT,0.0547485307895482,0.0547473773217187,
2023-07-01 00:00:00,0.05451,0.05565,0.05445,0.05462,71418198,3937407.5636,19583,34888778,1923472.5991,0.0,ARPA-USDT,0.0546351402048031,0.0546724720389117,0.0001
2023-07-01 01:00:00,0.05463,0.05498,0.05429,0.05488,44593894,2439423.43913,13317,21942206,1200307.88807,-0.000182182546912,ARPA-USDT,0.0546348091609973,0.0546931986173427,
2023-07-01 02:00:00,0.05488,0.05545,0.05444,0.0546,36505871,2007205.30111,10343,18949026,1042079.10238,0.0,ARPA-USDT,0.0549920348220733,0.0552011169901981,
2023-07-01 03:00:00,0.0546,0.05525,0.05457,0.05509,23922586,1314206.18718,7302,13755702,755687.10162,-0.000544267053701,ARPA-USDT,0.0546286702084676,0.0547071851089392,
2023-07-01 04:00:00,0.0551,0.05557,0.0543,0.05457,46608011,2556664.7648,13333,23577456,1293245.6657,0.000183284457478,ARPA-USDT,0.0551647737484382,0.0552973866391579,
2023-07-01 05:00:00,0.05456,0.0547,0.05409,0.05467,24363976,1324466.83443,7350,11730079,637737.5401,-0.0003656975681111,ARPA-USDT,0.0545502817058447,0.0544975151666197,
2023-07-01 06:00:00,0.05467,0.05506,0.05452,0.05502,19655172,1076153.41241,6183,10537939,576839.20282,-0.0005449591280654,ARPA-USDT,0.0547007453126128,0.0547224505805948,
2023-07-01 07:00:00,0.05501,0.05515,0.05486,0.05506,16843886,927003.50803,5373,8581601,472294.48012,-0.0001815870710005,ARPA-USDT,0.0550616635216321,0.0551076196503388,
2023-07-01 08:00:00,0.05506,0.05524,0.05438,0.05451,26316128,1443504.62408,7883,12904947,708078.31718,-0.0001834189288333,ARPA-USDT,0.055108022308845,0.0551029259534616,0.0001
2023-07-01 09:00:00,0.0545,0.05474,0.05443,0.05466,15451846,843278.43011,4969,7202042,393102.53304,-0.0005485463521668,ARPA-USDT,0.0544838153449883,0.0544854599679673,
2023-07-01 10:00:00,0.05465,0.05487,0.05426,0.05434,19328425,1054438.03207,5528,9718616,530149.14679,0.0001840603718019,ARPA-USDT,0.054672889296636,0.0546410071836985,
2023-07-01 11:00:00,0.05434,0.05491,0.05432,0.05471,18617288,1016622.2863,5702,8577132,468327.91213,-0.0001827485380115,ARPA-USDT,0.0543553818188761,0.0543601227741868,
2023-07-01 12:00:00,0.05471,0.05529,0.05466,0.05485,39072921,2149906.06734,10337,20690959,1138723.3724,-0.000364497904137,ARPA-USDT,0.0547374792247928,0.0547877310927376,
2023-07-01 13:00:00,0.05486,0.05526,0.05485,0.05507,18364510,1011526.93316,5489,9514369,524061.50312,-0.0001815541031227,ARPA-USDT,0.0549053178642685,0.0549197321178509,
2023-07-01 14:00:00,0.05508,0.05562,0.05508,0.05536,26133662,1446993.02658,7708,13974931,773752.04507,-0.000541614009749,ARPA-USDT,0.0551087547318646,0.0551302841270013,
2023-07-01 15:00:00,0.05535,0.0557,0.05503,0.05513,26264464,1452086.07322,7329,12385613,684968.94089,0.0001814223512335,ARPA-USDT,0.0553485599483099,0.0554095536393937,
2023-07-01 16:00:00,0.05514,0.05569,0.05505,0.05535,32532062,1800725.92968,9227,14992451,829663.68509,0.0,ARPA-USDT,0.0551658946481214,0.0553676975299375,0.0001
2023-07-01 17:00:00,0.05535,0.05538,0.055,0.05502,19536147,1077756.81965,6453,8000691,441398.64876,0.0,ARPA-USDT,0.0553440589973589,0.0552591631233752,
2023-07-01 18:00:00,0.05501,0.05524,0.05492,0.0551,15042697,828189.33067,4522,7594773,418181.32074,0.0001815211472138,ARPA-USDT,0.0550967064692088,0.0551180797022527,
2023-07-01 19:00:00,0.05509,0.05525,0.05476,0.05483,12314556,677009.34244,3597,6002672,330075.31102,0.0005474452554743,ARPA-USDT,0.0550939804296363,0.0551172456867874,
2023-07-01 20:00:00,0.05482,0.05522,0.0548,0.05518,22919190,1261422.54881,5295,13316755,732822.12346,-0.0001811922449719,ARPA-USDT,0.0548719512638823,0.0548600116487371,
2023-07-01 21:00:00,0.05519,0.05522,0.05485,0.05498,13007696,715114.34004,3407,6814445,374591.88071,0.0,ARPA-USDT,0.0551891676808051,0.0551211716943341,
2023-07-01 22:00:00,0.05499,0.05524,0.05482,0.05505,13257406,729719.0653,3972,7083094,389855.93364,0.0,ARPA-USDT,0.0550603425719012,0.0550618391523216,
2023-07-01 23:00:00,0.05506,0.0557,0.05503,0.05562,15133141,837123.60714,4784,7735443,427939.43296,0.0005396654074474,ARPA-USDT,0.0550634443155563,0.0551234013592535,
2023-07-02 00:00:00,0.05561,0.05582,0.05501,0.05527,39418144,2181699.33023,11820,19098588,1057091.19097,0.0005430847212164,ARPA-USDT,0.0557000571456365,0.0557305127205853,0.0001
2023-07-02 01:00:00,0.05526,0.05617,0.05512,0.05525,60080804,3338353.49509,11966,30990397,1722513.36813,0.0,ARPA-USDT,0.0552581427530585,0.0552359136705946,
2023-07-02 02:00:00,0.05524,0.05525,0.0543,0.05439,39511740,2161259.39526,9969,18109577,990684.26176,0.0001838911364473,ARPA-USDT,0.0551910216487149,0.0549975637231208,
2023-07-02 03:00:00,0.05439,0.05447,0.05313,0.05357,38259681,2063441.73494,10607,17135496,925029.14333,-0.0003732039559619,ARPA-USDT,0.0544351737995766,0.0543644672600333,
2023-07-02 04:00:00,0.05357,0.05434,0.05334,0.05414,31877314,1719293.26837,9767,17283170,932087.92764,0.0,ARPA-USDT,0.0535388222691071,0.0535051028309357,
2023-07-02 05:00:00,0.05414,0.05431,0.05389,0.0539,17748526,959740.02466,5169,10066837,544463.2199,-0.0001854943424224,ARPA-USDT,0.054231458456915,0.0542306078191307,
2023-07-02 06:00:00,0.0539,0.05427,0.05383,0.05422,14978812,809398.59845,4960,7213965,389864.98508,-0.0001843997787203,ARPA-USDT,0.0539000266536206,0.0539746858541348,
2023-07-02 07:00:00,0.05422,0.05441,0.05403,0.05423,14048257,761597.37733,4473,6848121,371197.03454,-0.00036866359447,ARPA-USDT,0.0542437501887967,0.0542598607416572,
2023-07-02 08:00:00,0.05422,0.05431,0.05369,0.0537,23045174,1246663.26465,7983,10113114,547250.54642,-0.0005583472920156,ARPA-USDT,0.0541895621160937,0.0542026869287206,0.0001
2023-07-02 09:00:00,0.05371,0.05479,0.05352,0.05448,27256351,1477470.02705,8894,12152518,659247.2946,-0.0001835199119103,ARPA-USDT,0.0535947955159787,0.0536647616557423,
2023-07-02 10:00:00,0.05447,0.05466,0.05428,0.05451,22187504,1208980.2306,6279,10661976,581020.24061,-0.0003667705849991,ARPA-USDT,0.0545244026677963,0.0545501089840569,
2023-07-02 11:00:00,0.0545,0.05466,0.05433,0.05447,16226302,883973.31148,5358,7728172,421060.71928,0.0001836210062431,ARPA-USDT,0.0545324716880651,0.0545725569009702,
2023-07-02 12:00:00,0.05448,0.05458,0.0541,0.05428,17707090,961848.63451,5127,8540469,463909.00446,0.000184263865856,ARPA-USDT,0.0544489055234256,0.0544442153361312,
2023-07-02 13:00:00,0.05428,0.05436,0.05375,0.05409,19000054,1026666.88541,5900,8233993,445031.04202,-0.000184842883549,ARPA-USDT,0.0543019058735299,0.0543092738782939,
2023-07-02 14:00:00,0.0541,0.05467,0.054,0.05449,25438937,1382010.12554,6412,13699637,744421.5528,0.0001835535976504,ARPA-USDT,0.0540890202856929,0.0541251074081386,
2023-07-02 15:00:00,0.05449,0.05464,0.05343,0.054,52479464,2831624.65805,12113,25070005,1352905.17713,-0.0001851508979818,ARPA-USDT,0.0545419262127255,0.0545516718611794,
2023-07-02 16:00:00,0.054,0.05436,0.05393,0.05425,21932264,1188319.15943,7312,10351485,560731.53329,0.0001843657817108,ARPA-USDT,0.0539730681342032,0.0540898081258235,0.0001
2023-07-02 17:00:00,0.05426,0.05442,0.05363,0.0537,28969121,1563942.67704,7112,13925923,752284.34627,-0.0001861850679576,ARPA-USDT,0.0542963011339372,0.0543441647102595,
2023-07-02 18:00:00,0.05369,0.0541,0.05347,0.05407,21286130,1143962.44717,6695,11711723,629411.6200700001,0.0003700277520812,ARPA-USDT,0.0536919229002297,0.0536661192165088,
2023-07-02 19:00:00,0.05408,0.05426,0.05397,0.05425,10674611,577490.02498,4099,4979062,269374.85071,0.0001843657817108,ARPA-USDT,0.0540579645748545,0.0540554041045857,
2023-07-02 20:00:00,0.05424,0.05439,0.05407,0.05423,17754776,962989.68473,4324,9535610,517215.75707,-0.00036866359447,ARPA-USDT,0.0542945714708555,0.0543004236262382,
2023-07-02 21:00:00,0.05423,0.05437,0.05387,0.05391,12924903,700370.67326,3385,5687250,308095.54637,-0.000370851103282,ARPA-USDT,0.0543015230785888,0.0542735878185624,
2023-07-02 22:00:00,0.05391,0.05483,0.05386,0.0545,43705111,2375681.00804,9793,22068415,1199339.97276,0.000367107195301,ARPA-USDT,0.0539409540874267,0.0539339408648795,
2023-07-02 23:00:00,0.0545,0.05458,0.05408,0.05448,17146295,931987.54773,4997,8256860,448726.3052,-0.0001835199119103,ARPA-USDT,0.0545201811080842,0.0544920998711555,
2023-07-03 00:00:00,0.05448,0.05475,0.05406,0.05411,25261749,1374698.79751,7687,13023791,708619.28166,0.0,ARPA-USDT,0.0545622442595959,0.0546473173540287,0.0001
2023-07-03 01:00:00,0.05411,0.05449,0.05405,0.05431,18117094,983103.09049,5321,8681499,471157.13352,0.000184162062615,ARPA-USDT,0.0541215215512933,0.0541599419410296,
2023-07-03 02:00:00,0.05432,0.05491,0.05432,0.05458,26748941,1463377.51374,7540,14173470,775515.36944,0.0001832508704415,ARPA-USDT,0.0543588156474801,0.0544652927662396,
2023-07-03 03:00:00,0.05459,0.05512,0.0544,0.0549,21703726,1188743.36641,6092,11274138,617677.34736,-0.0005461496450027,ARPA-USDT,0.0546443773755554,0.054669695839521,
2023-07-03 04:00:00,0.05489,0.05519,0.0548,0.05485,25311407,1392086.12536,6744,12231599,672801.20591,0.00018234865062,ARPA-USDT,0.0550081169579514,0.0550779188520192,
2023-07-03 05:00:00,0.05485,0.05504,0.05466,0.05478,17120198,939333.52495,4598,8463355,464403.17247,-0.0003649635036496,ARPA-USDT,0.0548455134820358,0.0548204491724622,
2023-07-03 06:00:00,0.05478,0.05488,0.05436,0.05474,21081695,1151423.39746,5780,10110726,552141.01934,0.0,ARPA-USDT,0.0547941072289156,0.0548088053920302,
2023-07-03 07:00:00,0.05473,0.05583,0.05469,0.05557,48121366,2669547.37354,10861,24766762,1373918.91632,-0.0003597769382982,ARPA-USDT,0.0547241567657805,0.0547542221119975,
2023-07-03 08:00:00,0.05557,0.05601,0.05534,0.0557,52151094,2908884.67967,13058,26107775,1456456.65755,0.0003591954022987,ARPA-USDT,0.0555201594670193,0.0555116891717068,0.0001
2023-07-03 09:00:00,0.0557,0.05573,0.05533,0.05544,35271890,1959112.2231,8085,16755184,930656.19878,-0.0005408328826391,ARPA-USDT,0.0556960382862523,0.0556587581039314,
2023-07-03 10:00:00,0.05543,0.05589,0.05536,0.05575,27242640,1517776.90076,7757,12763576,710978.06193,0.0007180039490217,ARPA-USDT,0.0555254839511382,0.0555625267866021,
2023-07-03 11:00:00,0.05574,0.05658,0.0557,0.05604,57153761,3214444.55781,12978,27089573,1523527.58457,-0.0003567606136282,ARPA-USDT,0.0557458415739536,0.0558460937387196,
2023-07-03 12:00:00,0.05604,0.05644,0.05543,0.05638,43593273,2437980.9802800003,12173,20488472,1146016.4893,0.0001773993258824,ARPA-USDT,0.0559905853604371,0.0560618580527914,
2023-07-03 13:00:00,0.05639,0.0566,0.056,0.05648,30641693,1723453.06493,9534,15059771,847143.67867,0.0,ARPA-USDT,0.0563630398177885,0.056380703433402,
2023-07-03 14:00:00,0.05649,0.05665,0.05615,0.05653,30230793,1704012.64369,9203,14774427,832666.5851,0.0007080899274207,ARPA-USDT,0.0563899037988423,0.0563787859656039,
2023-07-03 15:00:00,0.05653,0.05688,0.05638,0.05654,40521244,2295862.8617,11359,18803336,1065491.24941,0.0001768972227136,ARPA-USDT,0.0564708898451902,0.056553403295312,
2023-07-03 16:00:00,0.05654,0.05688,0.05584,0.0563,45822999,2577402.73169,11496,23088431,1298691.63657,0.0001776514478593,ARPA-USDT,0.0566465191120496,0.0567442695356599,0.0001
2023-07-03 17:00:00,0.05631,0.05767,0.05617,0.05735,71523576,4076531.47666,15208,39422972,2246481.40363,-0.0003486142583231,ARPA-USDT,0.0562938329385376,0.0563258467914028,
2023-07-03 18:00:00,0.05736,0.05736,0.05635,0.05648,97786150,5555662.15951,22617,40977796,2328111.02413,-0.0003539823008849,ARPA-USDT,0.0572103136318377,0.0572133975770628,
2023-07-03 19:00:00,0.05648,0.05658,0.05568,0.05595,80065430,4495310.13576,19784,28991318,1627184.52604,-0.0003573342862247,ARPA-USDT,0.0564359383868267,0.0564734841560366,
2023-07-03 20:00:00,0.05595,0.0564,0.05572,0.05595,40481155,2268677.67209,9603,22222793,1245583.20398,-0.0001786990707648,ARPA-USDT,0.0560260340898809,0.0561814579805242,
2023-07-03 21:00:00,0.05595,0.05604,0.05544,0.05564,24350402,1355804.99704,6326,12169052,677693.89291,-0.0007183908045976,ARPA-USDT,0.05596688027415,0.0559308962169128,
2023-07-03 22:00:00,0.05564,0.05579,0.05551,0.05567,21514758,1197564.90177,5268,11744482,653811.60965,-0.0003591309032143,ARPA-USDT,0.0555965283183593,0.0556658957043337,
2023-07-03 23:00:00,0.05566,0.05576,0.05541,0.05576,26779378,1488876.11502,6401,14587034,811161.40684,0.0001793721973093,ARPA-USDT,0.055698746593084,0.0556695514942441,
2023-07-04 00:00:00,0.05577,0.05596,0.05553,0.05562,26608517,1482765.34592,7761,14268196,795065.07447,-0.0005390835579514,ARPA-USDT,0.0558498893424916,0.0557399884541917,0.0001
2023-07-04 01:00:00,0.05562,0.05581,0.05473,0.05517,53505302,2962078.08856,11819,23490825,1301590.89562,-0.0007245064299946,ARPA-USDT,0.0556043284564548,0.0556032365497445,
2023-07-04 02:00:00,0.05518,0.05568,0.05516,0.05532,25437560,1411583.83696,6667,13598034,754585.16356,-0.0009030160736861,ARPA-USDT,0.0552249516201646,0.05530928596525,
2023-07-04 03:00:00,0.05534,0.05594,0.0552,0.05594,23443636,1302300.7059,6260,12714827,706515.92776,0.000178794922224,ARPA-USDT,0.0552663897192483,0.0552540092345914,
2023-07-04 04:00:00,0.05593,0.05594,0.05537,0.05566,36615162,2037253.60216,8186,17072517,949941.01254,-0.0003591954022987,ARPA-USDT,0.0559012361130425,0.055866784798495,
2023-07-04 05:00:00,0.05564,0.05568,0.05521,0.0555,25739240,1427128.1435,6237,12394550,687215.47757,-0.0009000900090009,ARPA-USDT,0.0556404911406123,0.0555220780105396,
2023-07-04 06:00:00,0.0555,0.05576,0.0552,0.05556,30074657,1668641.19985,7063,17677556,980943.19531,-0.0012583138594284,ARPA-USDT,0.055438765626052,0.0553771683233029,
2023-07-04 07:00:00,0.05557,0.05561,0.0549,0.05493,36577232,2021450.21559,8087,16388468,905816.26884,-0.000363967242948,ARPA-USDT,0.0555897121274467,0.0555030899118818,
2023-07-04 08:00:00,0.05493,0.05508,0.0543,0.05434,45142722,2471784.55748,10815,19005169,1041551.79834,-0.0001839926402944,ARPA-USDT,0.0549376119726855,0.0549258533652116,0.0001
2023-07-04 09:00:00,0.05434,0.05454,0.05369,0.05424,66939769,3626000.59635,14147,30559021,1655712.00806,0.00018439977872,ARPA-USDT,0.0542883992655603,0.0542285889808364,
2023-07-04 10:00:00,0.05424,0.05444,0.05406,0.05434,30233784,1640984.82629,7468,16014283,869199.4784,-0.0003679175864605,ARPA-USDT,0.0542286729112645,0.0541829270901639,
2023-07-04 11:00:00,0.05433,0.05472,0.05412,0.05471,31893151,1733744.18795,6635,18039017,980866.23764,-0.0007305936073058,ARPA-USDT,0.0543762647814669,0.0542830338641564,
2023-07-04 12:00:00,0.05471,0.05486,0.05427,0.05451,30413920,1660851.77761,7926,14362786,784480.80043,-0.0001834189288333,ARPA-USDT,0.0546404910946388,0.0546980365596506,
2023-07-04 13:00:00,0.05452,0.05455,0.05413,0.0543,25947226,1410428.44711,7407,12248160,665780.79043,-0.0005521811154058,ARPA-USDT,0.0545289769739098,0.0544363541689304,
2023-07-04 14:00:00,0.05429,0.05452,0.05419,0.05441,19305314,1049884.88794,5462,8984545,488566.39042,-0.0007346189164371,ARPA-USDT,0.054279771448373,0.0542959975506319,
2023-07-04 15:00:00,0.05441,0.05467,0.05385,0.05398,38212887,2071035.30916,9284,18587316,1007406.13028,-0.0003703703703703,ARPA-USDT,0.0543944532944421,0.0544390287962393,
2023-07-04 16:00:00,0.05398,0.0542,0.05333,0.05354,67518642,3631693.89215,13484,32412104,1743972.75951,-0.0003734129947723,ARPA-USDT,0.0539205983915473,0.0538991028263994,0.0001
2023-07-04 17:00:00,0.05354,0.05356,0.0531,0.05342,52445919,2797329.2988,10601,24107530,1286112.03258,-0.0009351037965212,ARPA-USDT,0.0532900679868949,0.0533457033626312,
2023-07-04 18:00:00,0.05342,0.05365,0.0533,0.05345,29872614,1597693.42791,6431,14110089,754646.85381,-0.0007478033277249,ARPA-USDT,0.0533613288152249,0.0533672181379345,
2023-07-04 19:00:00,0.05343,0.05354,0.05282,0.05324,50448693,2684959.56336,11082,24229440,1289997.07218,-0.0007507507507507,ARPA-USDT,0.0534894216842005,0.0534474449418308,
2023-07-04 20:00:00,0.05324,0.05345,0.05312,0.05343,18593839,991140.49118,4845,9563776,509779.74715,-0.000748083037217,ARPA-USDT,0.0532524282329399,0.0532669241169148,
2023-07-04 21:00:00,0.05342,0.05349,0.05326,0.05344,11238200,600052.35376,3266,5767861,307990.15879,-0.00074794315632,ARPA-USDT,0.0534237451863622,0.0533380751168784,
2023-07-04 22:00:00,0.05344,0.05375,0.0534,0.0537,14376557,769923.17713,3610,7494410,401325.46696,-0.0009302325581395,ARPA-USDT,0.0534732274379083,0.0534403097061804,
2023-07-04 23:00:00,0.0537,0.05376,0.05319,0.0533,17307954,926235.7688,4324,7811802,417908.01283,-0.0005625351584473,ARPA-USDT,0.05372812244705,0.0536892857239209,
2023-07-05 00:00:00,0.05329,0.05353,0.05271,0.05282,30369421,1615331.46304,8022,12923719,687777.57732,-0.0009457159069415,ARPA-USDT,0.053299769013309,0.0533805604084465,0.0001
2023-07-05 01:00:00,0.05281,0.05338,0.05261,0.05312,22175577,1176966.72365,5182,10840806,575503.95832,-0.0003763643206623,ARPA-USDT,0.0527441934952183,0.0528192377303398,
2023-07-05 02:00:00,0.05312,0.05327,0.05292,0.05321,14323551,761485.31684,3650,7262232,386049.74807,-0.0003757279729476,ARPA-USDT,0.0531258927016288,0.0530403765899547,
2023-07-05 03:00:00,0.05321,0.05354,0.0532,0.05351,14486783,772760.39726,3194,7045393,375909.34788,-0.0005603287261859,ARPA-USDT,0.0532241796786676,0.0532862512257397,
2023-07-05 04:00:00,0.0535,0.05365,0.05321,0.05352,17138543,916493.08878,3899,8812617,471214.31085,-0.0005602240896358,ARPA-USDT,0.0534815687961752,0.0533994021787481,
2023-07-05 05:00:00,0.05352,0.05371,0.0534,0.0536,15779381,845492.82703,3551,7334556,392962.66372,-0.0007457121551081,ARPA-USDT,0.0535147608460882,0.0535388879211471,
2023-07-05 06:00:00,0.05361,0.05406,0.05358,0.05394,18112341,974417.44075,4633,8540727,459422.22726,-0.0007410151908113,ARPA-USDT,0.0536054038106998,0.0536272644160179,
2023-07-05 07:00:00,0.05395,0.05416,0.05393,0.05404,17867438,965844.92949,4133,8253561,446160.27032,-0.0005548363232846,ARPA-USDT,0.0539933386567858,0.0540172934204073,
2023-07-05 08:00:00,0.05404,0.05404,0.05312,0.05359,41249729,2208254.75333,9707,19646318,1051616.12184,-0.0005594927265946,ARPA-USDT,0.0539446914027741,0.0539030421010312,4.326e-05
2023-07-05 09:00:00,0.05359,0.05378,0.05306,0.05309,26529421,1416728.44807,6086,12852855,686348.53595,0.0,ARPA-USDT,0.0535988355034294,0.0536290180229266,
2023-07-05 10:00:00,0.05309,0.05327,0.05021,0.05184,138832533,7212272.958339999,24764,59749378,3105402.57701,-0.0005783689994216,ARPA-USDT,0.0530596841802808,0.0531208360465187,
2023-07-05 11:00:00,0.05184,0.05235,0.05171,0.05211,45880947,2391610.57082,8848,22509859,1173271.25817,-0.0003836562440054,ARPA-USDT,0.0518187470487125,0.051991046982383,
2023-07-05 12:00:00,0.05211,0.05232,0.05172,0.05184,51251179,2666507.66373,9717,24458718,1272651.63102,-0.0003856536829928,ARPA-USDT,0.0519874532835188,0.0520714584628651,
2023-07-05 13:00:00,0.05183,0.0521,0.05164,0.05185,33470472,1735835.84334,7778,15161380,786290.41747,0.0,ARPA-USDT,0.0518343382328468,0.0518935448510524,
2023-07-05 14:00:00,0.05186,0.052,0.05163,0.05176,25997521,1346854.39103,5948,14175159,734392.30268,-0.0001931620629707,ARPA-USDT,0.0518347923608618,0.0518988822027137,
2023-07-05 15:00:00,0.05177,0.05183,0.05056,0.05088,59175294,3020714.65738,13116,27790227,1418586.97419,-0.0003929273084478,ARPA-USDT,0.0517747579878839,0.0517489489271043,
2023-07-05 16:00:00,0.05085,0.05122,0.05065,0.05097,38261247,1949890.57175,8931,19250737,981074.2506,-0.0001961553550411,ARPA-USDT,0.0508567096913479,0.0508109671439634,9.081e-05
2023-07-05 17:00:00,0.05097,0.05126,0.0509,0.0512,20504104,1048504.2186,5039,10703008,547263.39544,-0.0005855943782938,ARPA-USDT,0.0509672705244546,0.0509778080863255,
2023-07-05 18:00:00,0.05119,0.05155,0.05109,0.05119,27243889,1398549.90149,6571,15306721,785931.65413,-0.0005857087075361,ARPA-USDT,0.0511857516174642,0.0513155300716371,
2023-07-05 19:00:00,0.05118,0.05132,0.05103,0.05105,17880573,914569.10528,4492,9432872,482500.73544,-0.0005873140172278,ARPA-USDT,0.0511426466246501,0.0511513673968174,
2023-07-05 20:00:00,0.05107,0.05126,0.05083,0.05108,19313329,986084.20064,4742,10512651,536721.28466,-0.0005869692819409,ARPA-USDT,0.0510278246030869,0.0510195330753031,
2023-07-05 21:00:00,0.05109,0.05124,0.05059,0.05083,21518753,1096455.7974,4960,10643619,542411.0035700001,-0.0001966955153422,ARPA-USDT,0.0510921960941477,0.0510759217059276,
2023-07-05 22:00:00,0.05083,0.05135,0.0508,0.05097,24571204,1255010.88722,5394,12362266,631418.46425,-0.0003922337713276,ARPA-USDT,0.0508729918080531,0.0509045145183616,
2023-07-05 23:00:00,0.05097,0.05153,0.05093,0.05124,16337804,838203.54918,3802,8026509,411666.71516,-0.0005851375073142,ARPA-USDT,0.0509654595671171,0.05098306414018,
2023-07-06 00:00:00,0.05123,0.05126,0.05054,0.05059,36488068,1855362.87654,8948,16124204,819742.31116,-0.0001976284584979,ARPA-USDT,0.0510673581861238,0.0510608984498178,-1.04e-05
2023-07-06 01:00:00,0.05059,0.05084,0.05026,0.05083,20302251,1026232.56328,5151,9819889,496410.21204,0.0,ARPA-USDT,0.0505606969428569,0.0505928939805074,
2023-07-06 02:00:00,0.05082,0.05125,0.0507,0.05084,19054378,971312.81819,4531,9920075,505639.21739,-0.0007861635220125,ARPA-USDT,0.0508516495853894,0.050988520502344,
2023-07-06 03:00:00,0.05085,0.05108,0.0508,0.05092,10707249,545232.96617,2930,6033573,307240.62489,-0.0007849293563578,ARPA-USDT,0.0508655766714187,0.0508784048453327,
2023-07-06 04:00:00,0.05093,0.05117,0.05071,0.05078,18878488,962412.43731,4466,10228723,521443.92164,-0.0005904349537493,ARPA-USDT,0.0510002925094296,0.0509544565954511,
2023-07-06 05:00:00,0.05079,0.05139,0.05074,0.05137,25432337,1299861.83453,5480,13334827,681680.51007,-0.0005836575875486,ARPA-USDT,0.0507858280924896,0.0508268667246095,
2023-07-06 06:00:00,0.05138,0.05161,0.05117,0.05159,18038397,927191.07228,4897,9855651,506692.41361,-0.0001937984496124,ARPA-USDT,0.051434906966903,0.0514157129925343,
2023-07-06 07:00:00,0.05158,0.05167,0.05125,0.05135,22865821,1176812.54929,4965,10634384,547395.77524,-0.00058388478007,ARPA-USDT,0.0516147223914505,0.0515868901894771,
2023-07-06 08:00:00,0.05136,0.05194,0.05115,0.05188,32334114,1667315.23823,7789,15849913,817523.42447,-0.0013474494706449,ARPA-USDT,0.0513740723842535,0.0514061309787047,0.0001
2023-07-06 09:00:00,0.05189,0.05224,0.05143,0.05148,50456893,2617099.3228,10297,25219483,1308146.27897,-0.000776397515528,ARPA-USDT,0.0519960854825849,0.0519374312306368,
2023-07-06 10:00:00,0.05148,0.05177,0.05137,0.05177,32448874,1671806.05966,5812,16341826,841931.5070699999,-0.0003861749372466,ARPA-USDT,0.0515384126937711,0.0514937236417301,
2023-07-06 11:00:00,0.05177,0.05178,0.05033,0.05066,42314125,2159224.33602,8562,20661331,1053696.87389,-0.0009859988168015,ARPA-USDT,0.0517501608590305,0.0516979663500723,
2023-07-06 12:00:00,0.05065,0.05078,0.04961,0.05006,100489936,5034808.99755,17808,50101735,2510583.25684,-0.0007984031936127,ARPA-USDT,0.0506449296924039,0.0505780937856264,
2023-07-06 13:00:00,0.05007,0.0503,0.04937,0.04958,41462362,2069755.9577,8789,18892361,943400.57497,-0.0006047167909696,ARPA-USDT,0.0500256880691511,0.0500916857399788,
2023-07-06 14:00:00,0.04958,0.04991,0.048,0.04859,131544574,6401408.62052,24948,62179243,3025935.0149,-0.0008225375282746,ARPA-USDT,0.0495224638601172,0.0497460262454151,
2023-07-06 15:00:00,0.04859,0.04898,0.04827,0.04872,51064561,2480872.72456,10576,26240939,1274620.84461,-0.0008203445447086,ARPA-USDT,0.0484557559341768,0.0483946859498971,
2023-07-06 16:00:00,0.04871,0.04878,0.0477,0.04827,59343314,2868122.85158,13894,27893533,1348745.60188,-0.0002071251035625,ARPA-USDT,0.0486965146199508,0.0486391403829212,-0.00017746
2023-07-06 17:00:00,0.04827,0.04861,0.0482,0.04858,25483530,1232622.76083,6492,12348273,597246.98257,-0.0008227067050595,ARPA-USDT,0.0482321922921397,0.0483239867185599,
2023-07-06 18:00:00,0.0486,0.04897,0.04833,0.0489,35738083,1739724.13189,8276,15976390,777854.3979399999,-0.0012254901960784,ARPA-USDT,0.0485956877801267,0.0486840352479277,
2023-07-06 19:00:00,0.0489,0.04898,0.04804,0.04821,40512762,1966186.35629,8952,17627975,855790.84121,-0.0012430080795524,ARPA-USDT,0.048820324339691,0.0488240228805024,
2023-07-06 20:00:00,0.0482,0.04842,0.04801,0.04812,33064249,1594018.97656,7269,15454968,745141.7507,-0.0010379904504876,ARPA-USDT,0.0482246319202536,0.0483155551243358,
2023-07-06 21:00:00,0.04811,0.0482,0.04774,0.04808,31097428,1492701.07656,6866,15322180,735553.8534199999,-0.0006235709831636,ARPA-USDT,0.0481458678797468,0.0479687353356361,
2023-07-06 22:00:00,0.04809,0.04838,0.04772,0.04792,30920171,1487856.61936,6787,14224675,684574.05416,-0.0010423181154888,ARPA-USDT,0.0481027598139903,0.0481454811108728,
2023-07-06 23:00:00,0.04793,0.048,0.04751,0.04757,40508286,1933571.81577,9157,19437872,927841.101,-0.0014693534844668,ARPA-USDT,0.0478991886390243,0.0478716099548877,
2023-07-07 00:00:00,0.04755,0.04789,0.0469,0.04764,72515232,3437513.15113,14785,34921616,1655880.15379,-0.0008389261744966,ARPA-USDT,0.0476064643355866,0.0473514796645926,-9.682e-05
2023-07-07 01:00:00,0.04764,0.0479,0.0475,0.04784,25013025,1193104.34901,5491,12123339,578290.31644,-0.0004178854993731,ARPA-USDT,0.0476092179842206,0.0475902082500791,
2023-07-07 02:00:00,0.04785,0.0481,0.04782,0.04797,14280170,684625.64877,4768,7541882,361630.51235,-0.0008331597583836,ARPA-USDT,0.0478451700454442,0.0478778797302192,
2023-07-07 03:00:00,0.04795,0.04814,0.04783,0.0481,15881280,761970.80776,3907,7312813,350791.11342,-0.0012458471760797,ARPA-USDT,0.0479479515853044,0.0479343388435537,
2023-07-07 04:00:00,0.0481,0.04824,0.04766,0.04767,22345621,1070764.31784,5137,10541754,505217.11386,-0.001257071024513,ARPA-USDT,0.0481042623695936,0.0481581817720269,
2023-07-07 05:00:00,0.04768,0.04821,0.04752,0.04816,24552810,1175946.06184,5572,11425002,547121.7644,-0.0010371292263016,ARPA-USDT,0.0477142680896741,0.0477243200318903,
2023-07-07 06:00:00,0.04816,0.04846,0.04804,0.04836,34014660,1642571.64368,6424,16301231,787306.0065799999,-0.000413393964448,ARPA-USDT,0.0481880121529816,0.0481935700236348,
2023-07-07 07:00:00,0.04836,0.04861,0.04787,0.04803,31941793,1541786.58108,7633,16975933,819691.04732,-0.0002081598667775,ARPA-USDT,0.0483884074921495,0.0483878204958818,
2023-07-07 08:00:00,0.04803,0.0482,0.04774,0.04782,31292432,1499690.13212,8575,15141770,725602.30184,0.0004184100418409,ARPA-USDT,0.0479847132083064,0.0478780422179228,-0.00010058
2023-07-07 09:00:00,0.0478,0.048,0.04761,0.04791,19874216,950608.80145,4891,9648580,461692.13256,-0.0004172751929897,ARPA-USDT,0.0476944116975246,0.0476626350321866,
2023-07-07 10:00:00,0.04791,0.04793,0.04752,0.04792,16768277,800756.66952,3959,8276783,395171.91705,-0.0004171881518566,ARPA-USDT,0.0479055315933796,0.0478654486011745,
2023-07-07 11:00:00,0.04792,0.04798,0.04764,0.04789,21078033,1008698.9208,4191,11193781,535679.94603,-0.0004174493842621,ARPA-USDT,0.0479319422497819,0.0478967151476403,
2023-07-07 12:00:00,0.04788,0.04837,0.04747,0.0481,60711989,2910879.7847,10970,30794779,1476808.66529,-0.0006233118637025,ARPA-USDT,0.0478559228303602,0.0478404626249286,
2023-07-07 13:00:00,0.04811,0.04862,0.04776,0.04856,37600429,1811851.00808,7523,20097166,968674.60563,-0.0002058884084826,ARPA-USDT,0.048034217710403,0.0479576971288157,
2023-07-07 14:00:00,0.04856,0.04866,0.04822,0.04854,33217045,1609422.27203,6531,16803660,814229.92629,-0.0008233841086866,ARPA-USDT,0.0485466083423045,0.0485488064551186,
2023-07-07 15:00:00,0.04854,0.04858,0.0482,0.04834,19129132,926049.81293,4326,9274765,449025.08141,-0.0004135649296939,ARPA-USDT,0.048527637363055,0.0485032846442493,
2023-07-07 16:00:00,0.04835,0.04857,0.04814,0.04825,24711506,1194147.88688,6458,11671127,563895.23702,-0.0010351966873706,ARPA-USDT,0.0483637563930351,0.0483341103893161,3.27e-05
2023-07-07 17:00:00,0.04825,0.04827,0.04776,0.04804,23345394,1120792.48492,5197,11249482,540105.89723,-0.0002081165452654,ARPA-USDT,0.048237060869192,0.0482288115638629,
2023-07-07 18:00:00,0.04803,0.0481,0.0477,0.04781,17109899,820251.63817,4118,8640740,414181.23665,-0.0002091175240486,ARPA-USDT,0.0480586259285608,0.04803185653673,
2023-07-07 19:00:00,0.0478,0.04813,0.04777,0.04809,12740460,611281.92238,3173,5950323,285503.96034,-0.0004157139887757,ARPA-USDT,0.0478068425893613,0.0478473203260242,
2023-07-07 20:00:00,0.04809,0.04815,0.04795,0.04811,12826357,616115.77045,3102,6045496,290366.76725,-0.0010382059800664,ARPA-USDT,0.0480746256210924,0.0480376284170711,
2023-07-07 21:00:00,0.04811,0.04831,0.04804,0.04813,14951260,720216.05531,3605,8217468,395886.67401,-0.0008303923603902,ARPA-USDT,0.0481134094697768,0.0480775946571492,
2023-07-07 22:00:00,0.04813,0.04831,0.04801,0.04829,12953405,623694.90035,3144,6368973,306646.98601,-0.0006208609271524,ARPA-USDT,0.0481108924045184,0.048077244088183,
2023-07-07 23:00:00,0.04828,0.04831,0.04811,0.04828,10070083,485512.22676,2853,5156021,248590.17304,-0.0010345541071796,ARPA-USDT,0.0482937694353567,0.0482635441743655,
2023-07-08 00:00:00,0.04828,0.04841,0.0481,0.04841,15386876,742015.43002,3757,8584056,413999.80488,-0.000619322873658,ARPA-USDT,0.0482917598842506,0.0482546917108509,5.6e-05
2023-07-08 01:00:00,0.04841,0.04998,0.04837,0.04915,136315226,6702889.84839,20202,76792279,3774355.0959,-0.0018277822908204,ARPA-USDT,0.0483982012616552,0.0484403133216999,
2023-07-08 02:00:00,0.04915,0.04947,0.04894,0.04941,28690941,1409937.18974,5920,14833237,728919.91379,-0.0012128562765312,ARPA-USDT,0.0490953956276666,0.0490619643362013,
2023-07-08 03:00:00,0.0494,0.04947,0.04909,0.04932,29918340,1474246.01421,5878,14083033,693928.46321,-0.0002027163997566,ARPA-USDT,0.0493624847883909,0.0492528716173492,
2023-07-08 04:00:00,0.04931,0.04931,0.04872,0.04883,45596720,2230948.34165,7263,19912453,974298.3402,-0.0004094165813715,ARPA-USDT,0.0492041498830682,0.049127455343144,
2023-07-08 05:00:00,0.04882,0.049,0.04855,0.04891,28791514,1404551.14672,5756,14495844,707317.31739,-0.0008171603677221,ARPA-USDT,0.0487888949646564,0.0487432716257198,
2023-07-08 06:00:00,0.0489,0.0491,0.04847,0.04851,22677495,1103647.39837,4982,11533172,561260.48847,-0.0012353304508957,ARPA-USDT,0.0488787099721264,0.0489583487504092,
2023-07-08 07:00:00,0.0485,0.04878,0.04845,0.04873,18819443,914941.95361,4479,10608501,515818.64213,-0.0008201763379126,ARPA-USDT,0.0484925103621064,0.0485330894193103,
2023-07-08 08:00:00,0.04875,0.0491,0.04863,0.04905,30052813,1468609.98056,6732,13536372,661347.93674,-0.0006112469437651,ARPA-USDT,0.0487158377525472,0.0487330173683266,0.0001
2023-07-08 09:00:00,0.04906,0.0495,0.04897,0.04936,38023853,1870037.1626,6547,19947318,980643.60748,-0.0010119409026513,ARPA-USDT,0.0490669872197092,0.0490795273055481,
2023-07-08 10:00:00,0.04935,0.04958,0.04911,0.04926,26333667,1299362.21968,5019,12539382,618690.28958,-0.0002029632636493,ARPA-USDT,0.0493555486519614,0.0493740338863634,
2023-07-08 11:00:00,0.04925,0.0493,0.04889,0.04924,29992091,1472379.4269,5465,14143906,694365.39457,-0.0004060089321964,ARPA-USDT,0.04919675888859,0.0491520665691339,
2023-07-08 12:00:00,0.04923,0.04955,0.04905,0.04931,34859297,1719616.49723,6549,18066380,891360.58009,-0.0008105369807497,ARPA-USDT,0.049171725879131,0.0491618051202441,
2023-07-08 13:00:00,0.04931,0.04973,0.04924,0.04958,34359393,1700171.39528,6602,17841715,882779.88435,-0.0008061265618701,ARPA-USDT,0.0492896696939963,0.0493956154942074,
2023-07-08 14:00:00,0.04958,0.04967,0.04933,0.04965,28598554,1415650.35179,5373,12487881,618279.26781,-0.0006038647342995,ARPA-USDT,0.0495900879621054,0.0494679048991084,
2023-07-08 15:00:00,0.04964,0.0497,0.04929,0.04951,29151905,1442623.87842,5628,14071548,696517.6953,-0.0002019386106624,ARPA-USDT,0.049665904625303,0.0496103026439161,
2023-07-08 16:00:00,0.0495,0.05057,0.0494,0.05046,139870656,7021154.36622,23727,69491433,3487885.66281,-0.0015829046299961,ARPA-USDT,0.0494796882901076,0.0494978850957453,-8.741e-05
2023-07-08 17:00:00,0.05046,0.05139,0.05031,0.05091,168765343,8601871.76625,28836,85042793,4334552.67052,-0.0007850834151129,ARPA-USDT,0.0503874629946969,0.0505434647082414,
2023-07-08 18:00:00,0.05091,0.05115,0.05053,0.05105,78223799,3973518.35429,14716,35920102,1824779.07212,-0.0011739385638819,ARPA-USDT,0.0508202934836721,0.0508001595203666,
2023-07-08 19:00:00,0.05104,0.05106,0.04942,0.04947,126602713,6335062.97095,22202,55038150,2754506.35033,-0.0004041220448575,ARPA-USDT,0.0509785147307642,0.0508654471959401,
2023-07-08 20:00:00,0.04947,0.04959,0.04872,0.04892,71027234,3486551.38656,12436,33345018,1636603.31419,0.0010231225700838,ARPA-USDT,0.0493964527859265,0.0494542773016101,
2023-07-08 21:00:00,0.04892,0.04967,0.04891,0.04937,60478015,2983475.88792,10176,32335856,1594731.79525,-0.0004049402713101,ARPA-USDT,0.0490320776491817,0.0492146136240587,
2023-07-08 22:00:00,0.04937,0.04969,0.04936,0.0496,31788584,1574660.37068,5766,17078691,845969.8407000001,-0.000604473100947,ARPA-USDT,0.0493923364019828,0.049456582971498,
2023-07-08 23:00:00,0.04961,0.0497,0.0493,0.04946,29464337,1457615.81495,5785,13865027,685886.01221,0.0,ARPA-USDT,0.0496402854854862,0.0496081644154786,
2023-07-09 00:00:00,0.04945,0.04954,0.04916,0.04938,28641480,1413509.75813,6318,14816834,731304.0512699999,-0.0008093889113718,ARPA-USDT,0.0494330955567576,0.0494882545448626,3.657e-05
2023-07-09 01:00:00,0.04938,0.04998,0.04938,0.04962,42275720,2102582.42237,7556,21476193,1068120.77,-0.0006042296072508,ARPA-USDT,0.0494926488849284,0.0496841338450083,
2023-07-09 02:00:00,0.04962,0.0497,0.04922,0.04954,27049276,1337797.33082,5667,13291678,657482.25141,-0.0008067769261799,ARPA-USDT,0.0496019237824001,0.0495861788313298,
2023-07-09 03:00:00,0.04955,0.0498,0.04947,0.04975,18684994,927283.36453,4056,11509812,571224.48408,-0.0006026516673361,ARPA-USDT,0.0495612125046879,0.0495356440435365,
2023-07-09 04:00:00,0.04975,0.04997,0.04954,0.04972,21201718,1055668.79219,4428,10823147,539041.6405099999,-0.0006030150753769,ARPA-USDT,0.0497812247557388,0.0497609181095987,
2023-07-09 05:00:00,0.04973,0.05003,0.04959,0.04964,22792193,1135597.54604,4801,10917382,543945.56261,-0.000402738622634,ARPA-USDT,0.0497298271428702,0.0497044279530234,
2023-07-09 06:00:00,0.04965,0.04966,0.04923,0.04926,21103465,1044288.2988,4273,9845744,487272.43165,-0.0006086427267194,ARPA-USDT,0.0496039260705031,0.0496141734402889,
2023-07-09 07:00:00,0.04927,0.04939,0.04903,0.04924,21759262,1071344.16004,4529,10354528,509943.62782,-0.0002030456852792,ARPA-USDT,0.0492828324603743,0.0492461008321858,
2023-07-09 08:00:00,0.04925,0.04928,0.04902,0.04916,19062984,936515.03462,4518,8721747,428451.22074,-0.0010160536476324,ARPA-USDT,0.0491634276849168,0.0490983078963029,2.84e-06
2023-07-09 09:00:00,0.04917,0.04926,0.04887,0.04906,20385400,999179.03896,3974,10071941,493693.99699,-0.0002037905033626,ARPA-USDT,0.0491916588730942,0.0492259985801514,
2023-07-09 10:00:00,0.04907,0.04928,0.04892,0.04892,22278423,1093707.62282,4161,13955919,685200.4174800001,-0.0004086636697997,ARPA-USDT,0.0490912075112976,0.0490949102139187,
2023-07-09 11:00:00,0.04893,0.04912,0.04877,0.04902,20748815,1015479.81689,4054,10324743,505297.3568,-0.0004078303425775,ARPA-USDT,0.0489206789409994,0.0488630426894463,
2023-07-09 12:00:00,0.04903,0.04928,0.04896,0.04909,20017714,983479.59771,4690,10452304,513492.57061,-0.0006107491856676,ARPA-USDT,0.0490243725346165,0.049021329363115,
2023-07-09 13:00:00,0.04909,0.05128,0.04907,0.05082,280796078,14211723.11473,44286,140687018,7117292.9943,-0.0007864726700748,ARPA-USDT,0.0491460312581981,0.0491207539707016,
2023-07-09 14:00:00,0.05082,0.05087,0.05003,0.05039,133231431,6706705.72914,19670,61064773,3074126.27222,-0.001189296333003,ARPA-USDT,0.0507743361476774,0.0505936872522127,
2023-07-09 15:00:00,0.05038,0.05045,0.04976,0.05009,61690556,3089387.65404,9310,29125039,1458582.50278,0.0,ARPA-USDT,0.0503751561937411,0.0503476143203913,
2023-07-09 16:00:00,0.05009,0.05009,0.04955,0.04969,47265987,2351898.01036,9044,22892134,1139075.02864,-0.0002012072434608,ARPA-USDT,0.0499972594767074,0.0499268506440447,-2.967e-05
2023-07-09 17:00:00,0.04969,0.0499,0.04955,0.04973,31785308,1580766.70391,5897,16998020,845372.03837,-0.0006028938906751,ARPA-USDT,0.0496587943029243,0.0497033854825012,
2023-07-09 18:00:00,0.04974,0.04976,0.04951,0.0496,22491520,1116229.9882,5177,11085439,550177.6562,-0.000403063280935,ARPA-USDT,0.0497178804135238,0.0496754467688416,
2023-07-09 19:00:00,0.0496,0.04963,0.04928,0.04936,27969039,1382648.32118,5590,14370835,710525.60609,-0.0002025521571803,ARPA-USDT,0.0495961926689388,0.0495402377601446,
2023-07-09 20:00:00,0.04936,0.04949,0.0489,0.04923,37239157,1831863.12971,6642,17538007,863010.11043,-0.0006090133982946,ARPA-USDT,0.0493872602670514,0.0494136430922029,
2023-07-09 21:00:00,0.04922,0.04939,0.04906,0.04919,20385456,1003749.04562,4549,10653013,524548.24484,-0.000406421459053,ARPA-USDT,0.0492512626576796,0.0493308884292132,
2023-07-09 22:00:00,0.04919,0.04945,0.04889,0.04943,34093866,1674835.33639,6704,17836877,876240.70023,-0.0004044489383214,ARPA-USDT,0.0491679371932752,0.0491159708223175,
2023-07-09 23:00:00,0.04942,0.04951,0.04882,0.04895,26416776,1296464.1092,5061,13652023,669985.08889,-0.0004084133142739,ARPA-USDT,0.0494118713673592,0.0494478239717657,
2023-07-10 00:00:00,0.04895,0.04905,0.04707,0.04821,154013555,7404018.842639999,26817,70294376,3379305.09461,-0.0004146796599626,ARPA-USDT,0.0489708492677702,0.0489053124861699,9.506e-05
2023-07-10 01:00:00,0.04821,0.04875,0.04806,0.04818,49489138,2392465.6416,9127,24743398,1196127.60823,0.0,ARPA-USDT,0.0482373712173467,0.0482062664663267,
2023-07-10 02:00:00,0.04817,0.0487,0.04817,0.0486,39478846,1914581.57055,7480,19130670,927514.32714,0.0,ARPA-USDT,0.0482441939044354,0.0483122690248411,
2023-07-10 03:00:00,0.0486,0.04877,0.04839,0.04856,25737444,1250139.00142,5177,13390610,650379.97544,-0.0008230452674896,ARPA-USDT,0.0486832325703366,0.0486833636694789,
2023-07-10 04:00:00,0.04856,0.04909,0.04845,0.04889,28882792,1408844.12586,5437,14383646,701352.1537,0.0,ARPA-USDT,0.0485717125983279,0.0485295033754678,
2023-07-10 05:00:00,0.04889,0.04903,0.0485,0.04853,29832323,1454794.69681,5918,15039293,733504.56834,-0.0010292301358584,ARPA-USDT,0.0489100718202982,0.048848977201477,
2023-07-10 06:00:00,0.04852,0.04863,0.04812,0.04843,34831028,1686747.71652,6403,16546746,801241.84332,-0.0010313531353135,ARPA-USDT,0.0485150918642252,0.0485620342384973,
2023-07-10 07:00:00,0.04843,0.04861,0.04816,0.04832,22511168,1090722.60294,4998,11194289,542450.46374,-0.0002069108214358,ARPA-USDT,0.0484453640242793,0.0485010775338739,
2023-07-10 08:00:00,0.04833,0.04833,0.04755,0.04775,48174219,2304443.21109,9828,21006497,1004653.22522,-0.0006278777731268,ARPA-USDT,0.0482996902254545,0.0482562254707326,0.0001
2023-07-10 09:00:00,0.04776,0.04836,0.04753,0.04792,57032999,2734090.54152,10028,29734124,1425297.78875,-0.0006256517205422,ARPA-USDT,0.0477523994656068,0.0476845843202572,
2023-07-10 10:00:00,0.04792,0.04841,0.04787,0.04825,25926995,1248297.80703,5487,13032169,627349.65559,-0.000828328846552,ARPA-USDT,0.0479587671976225,0.0479244297934164,
2023-07-10 11:00:00,0.04826,0.0484,0.0481,0.04836,26180233,1262970.85184,4600,12498683,602891.19197,-0.0008264462809917,ARPA-USDT,0.048315327619592,0.0483377967756946,
2023-07-10 12:00:00,0.04836,0.04873,0.04816,0.0482,28661011,1387662.56841,5967,14209883,687834.89475,-0.0002074258452603,ARPA-USDT,0.0483601678626047,0.0483693025424167,
2023-07-10 13:00:00,0.04819,0.04853,0.04812,0.04828,28313926,1367824.64486,5567,12327425,595644.90693,-0.0012412081092262,ARPA-USDT,0.0482490953019234,0.0481876492926139,
2023-07-10 14:00:00,0.04828,0.04878,0.04824,0.04859,42605172,2068470.79443,7429,20392716,990042.44734,-0.0010279605263158,ARPA-USDT,0.0483431628233365,0.0483606244684939,
2023-07-10 15:00:00,0.04859,0.04872,0.04841,0.04865,24994439,1214019.57041,5049,12418616,603179.0615899999,-0.0004109307581672,ARPA-USDT,0.0486322182659463,0.0486024195721936,
2023-07-10 16:00:00,0.04865,0.04906,0.04831,0.04901,36109663,1758293.21726,8388,18527820,902151.15469,-0.0006117455138662,ARPA-USDT,0.0486904988877423,0.0485938158107444,0.0001
2023-07-10 17:00:00,0.049,0.04937,0.0489,0.04928,48390722,2376165.3842,7666,23881971,1172807.49661,-0.0006083958629081,ARPA-USDT,0.0490051504604925,0.0489695188584023,
2023-07-10 18:00:00,0.04927,0.04987,0.04921,0.04968,41745967,2066874.44387,6869,20702575,1025321.78027,0.0,ARPA-USDT,0.0493010817694335,0.0492818290179256,
2023-07-10 19:00:00,0.04968,0.04999,0.04958,0.04999,40776748,2030241.10525,7071,20167419,1004484.08633,-0.0003999200159967,ARPA-USDT,0.0497857829760458,0.0497208157645927,
2023-07-10 20:00:00,0.05,0.05029,0.04959,0.04983,65756347,3284205.03589,10741,27388247,1367908.8816,-0.0004012036108325,ARPA-USDT,0.050060379520689,0.0501189127582003,
2023-07-10 21:00:00,0.04982,0.05007,0.04925,0.04952,31875573,1587493.20183,7524,16024550,798327.21307,-0.0006054490413722,ARPA-USDT,0.0498981446368713,0.049858867945198,
2023-07-10 22:00:00,0.04951,0.04968,0.04912,0.04944,44595318,2201513.4226,8713,21966878,1084305.60238,-0.0004043671653861,ARPA-USDT,0.0495168624888647,0.0494275237491906,
2023-07-10 23:00:00,0.04943,0.0497,0.04915,0.04937,23070106,1140154.62487,4542,11980195,592054.98805,-0.0010117361392149,ARPA-USDT,0.0494521135907411,0.0495827799399782,
2023-07-11 00:00:00,0.04937,0.04976,0.0491,0.04942,32577457,1611086.36769,6907,17787378,879707.55353,-0.0006066734074823,ARPA-USDT,0.0494450257914665,0.0494304841417481,0.0001
2023-07-11 01:00:00,0.04942,0.04963,0.04933,0.04954,22879419,1131845.31775,4377,12662709,626487.35643,-0.0004035512510088,ARPA-USDT,0.0494529272092679,0.0494765213858919,
2023-07-11 02:00:00,0.04953,0.04966,0.04932,0.04939,18682651,925400.82724,3895,10012467,495918.69966,-0.0010113268608412,ARPA-USDT,0.0495869402306241,0.0495590921790136,
2023-07-11 03:00:00,0.04938,0.04964,0.04929,0.04961,14821625,732725.56606,3520,7906630,390978.69795,0.0,ARPA-USDT,0.0493386168069678,0.049322824152611,
2023-07-11 04:00:00,0.04961,0.04986,0.04947,0.04965,15815604,785410.6826,3304,8588683,426568.80464,-0.0002013693113169,ARPA-USDT,0.0496455287983148,0.0496706160089401,
2023-07-11 05:00:00,0.04965,0.04978,0.04958,0.04973,11963029,594259.0742800001,2609,6454950,320642.7866,-0.0002010454362685,ARPA-USDT,0.049691131823815,0.049690287215072,
2023-07-11 06:00:00,0.04973,0.05003,0.04969,0.04997,22530125,1123260.12687,3945,11618779,579233.08088,-0.0002000800320127,ARPA-USDT,0.0497278606523935,0.0497604087481899,
2023-07-11 07:00:00,0.04998,0.04999,0.0497,0.04973,17847670,889208.75567,3180,7700438,383658.24976,-0.0006028938906751,ARPA-USDT,0.049904956579585,0.0498859859091875,
2023-07-11 08:00:00,0.04974,0.04994,0.04959,0.04979,20445387,1018135.18697,4306,10610603,528450.61794,-0.0004015257980325,ARPA-USDT,0.0497409121835443,0.0496804699516531,0.0001
2023-07-11 09:00:00,0.04977,0.04977,0.0493,0.04943,19504197,965552.46681,4291,9014143,446166.99947,0.0,ARPA-USDT,0.0497290250976149,0.0496840774071807,
2023-07-11 10:00:00,0.04943,0.04943,0.049,0.0491,19972251,982306.43655,3895,9906299,487211.96267,-0.0002036245163918,ARPA-USDT,0.0493835214867535,0.049373905648791,
2023-07-11 11:00:00,0.04909,0.04949,0.04907,0.04927,31572924,1555933.37092,5069,19197195,945744.16108,-0.0006085192697767,ARPA-USDT,0.049151246910359,0.0491437108888435,
2023-07-11 12:00:00,0.04927,0.04952,0.04915,0.0495,22350754,1102520.13624,4493,10114239,498964.257,-0.0008074283407347,ARPA-USDT,0.0492346425410969,0.0492702738855679,
2023-07-11 13:00:00,0.0495,0.04955,0.04906,0.04922,26101494,1286921.29925,5145,13049332,643281.93298,0.0002032107295266,ARPA-USDT,0.049498627392289,0.049494477628253,
2023-07-11 14:00:00,0.04922,0.04938,0.04893,0.04915,23609209,1160272.84137,5120,9980060,490469.8564,-0.0004067520846043,ARPA-USDT,0.0492136622204074,0.0492478930682505,
2023-07-11 15:00:00,0.04916,0.04945,0.04897,0.04903,21926339,1078370.674,5163,10269008,505109.124,-0.0006114961271912,ARPA-USDT,0.0491608929123918,0.0492124436808377,
2023-07-11 16:00:00,0.04904,0.04917,0.04869,0.04899,28891920,1413970.91127,6427,12901694,631628.05737,-0.0006119951040391,ARPA-USDT,0.04907276126404,0.0490982365669926,0.0001
2023-07-11 17:00:00,0.04898,0.04917,0.04871,0.04875,18929839,926899.50869,3832,9093016,445364.50207,-0.0004100881689562,ARPA-USDT,0.0489827207394488,0.048950758672829,
2023-07-11 18:00:00,0.04875,0.04893,0.04846,0.04863,16616905,809245.69768,3842,7524681,366530.76908,-0.000616522811344,ARPA-USDT,0.0487322155954208,0.0487406480757448,
2023-07-11 19:00:00,0.04862,0.04874,0.04843,0.04862,14512040,705153.8396599999,3006,7798889,378926.62773,-0.0004111842105264,ARPA-USDT,0.0486226678002821,0.0485686804585067,
2023-07-11 20:00:00,0.04862,0.04882,0.04859,0.04878,13442816,654706.47593,2747,6951093,338553.91568,0.0,ARPA-USDT,0.0486461851990683,0.0487086773857287,
2023-07-11 21:00:00,0.04877,0.0489,0.04861,0.04888,16639162,811107.5839,3434,6783355,330716.34729,0.0,ARPA-USDT,0.0488011063464291,0.0488227846356308,
2023-07-11 22:00:00,0.04887,0.04902,0.04876,0.049,15822204,774080.77985,3125,8376990,409833.00919,-0.0008156606851549,ARPA-USDT,0.0488863234488137,0.0488871802194984,
2023-07-11 23:00:00,0.04899,0.04909,0.04887,0.04903,12588549,616814.19451,2603,6458170,316438.2052,-0.0002039151712888,ARPA-USDT,0.0490372922149115,0.0490514108231391,
2023-07-12 00:00:00,0.04903,0.04925,0.04883,0.04917,22630503,1110697.44049,4872,11421080,560514.1723,0.0,ARPA-USDT,0.0490248472935743,0.0489669404093535,0.0001
2023-07-12 01:00:00,0.04917,0.0494,0.04913,0.04936,19673697,969426.37379,3802,9066167,446678.01497,-0.0002025521571803,ARPA-USDT,0.0492200711301825,0.049183804665133,
2023-07-12 02:00:00,0.04937,0.0494,0.04915,0.04928,17856047,879445.48923,3216,9228741,454510.49843,-0.0004056795131845,ARPA-USDT,0.0493874577856371,0.0493561462338065,
2023-07-12 03:00:00,0.04928,0.04931,0.04895,0.04895,10469949,513841.21891,2821,4961151,243539.56439,-0.0006124948958758,ARPA-USDT,0.0492880954143092,0.0492471306357032,
2023-07-12 04:00:00,0.04896,0.04929,0.04884,0.04928,13166810,645940.98915,3113,7840153,384618.86243,-0.0002028809089065,ARPA-USDT,0.0489946232487985,0.0489933727153489,
2023-07-12 05:00:00,0.04928,0.04945,0.04916,0.04944,19075273,940241.95,3865,12276680,605250.22028,-0.0004043671653861,ARPA-USDT,0.0492644332184803,0.0492157117239569,
2023-07-12 06:00:00,0.04944,0.0496,0.04908,0.04951,31599007,1560000.61151,5742,15754787,778170.267,0.0,ARPA-USDT,0.0494637042576378,0.049413691678898,
2023-07-12 07:00:00,0.0495,0.04981,0.04937,0.04952,28604214,1417852.98041,5486,15331356,760191.31194,-0.0004037141703673,ARPA-USDT,0.0495429996069319,0.0494628396759115,
2023-07-12 08:00:00,0.04953,0.04953,0.04905,0.04948,30439263,1501287.49669,8940,16701384,823742.0682099999,-0.0006059381943041,ARPA-USDT,0.049484244971625,0.0494432944638884,0.0001
2023-07-12 09:00:00,0.04948,0.04952,0.04919,0.04929,15648623,771768.17327,2626,7649681,377199.19131,-0.0004055972419387,ARPA-USDT,0.0494996521251557,0.049445407810358,
2023-07-12 10:00:00,0.04929,0.04941,0.04907,0.04913,14449667,711105.49333,2760,7476437,367946.84291,-0.0010166734444896,ARPA-USDT,0.0493070923618295,0.0492947155701959,
2023-07-12 11:00:00,0.04912,0.04936,0.0491,0.04924,10727844,528307.33306,2084,5031544,247748.25352,-0.0006088897909478,ARPA-USDT,0.0491161523491944,0.0491351157315408,
2023-07-12 12:00:00,0.04924,0.04953,0.04884,0.04933,49770684,2448586.65908,8670,24513677,1206196.13914,0.0002027575020275,ARPA-USDT,0.049250894590592,0.049225380919586,
2023-07-12 13:00:00,0.04932,0.04959,0.04913,0.04944,35943983,1774846.48745,6269,18305228,903786.68251,-0.0002022244691608,ARPA-USDT,0.0493263062876441,0.0493845022320388,
2023-07-12 14:00:00,0.04945,0.04972,0.04942,0.04945,25559315,1267002.04881,4247,12606050,624897.09436,-0.000808244089715,ARPA-USDT,0.0494454756634543,0.0495310671230404,
2023-07-12 15:00:00,0.04947,0.04964,0.04908,0.04919,30956197,1526965.0774,5241,14636996,721979.77672,-0.0016237061091942,ARPA-USDT,0.0494466001779187,0.0494694907029145,
2023-07-12 16:00:00,0.04919,0.04929,0.04859,0.04928,36566829,1790041.06074,6977,16994003,831855.34217,-0.0004056795131845,ARPA-USDT,0.0491953508285667,0.0491637988905067,0.0001
2023-07-12 17:00:00,0.04927,0.04944,0.04881,0.04888,19372425,951275.81786,3598,8833014,433903.10438,-0.0004089979550102,ARPA-USDT,0.0492223257382721,0.0492595420036669,
2023-07-12 18:00:00,0.04887,0.04911,0.04868,0.04876,20665492,1010137.01653,3906,7617299,372529.72749,-0.0006148800983808,ARPA-USDT,0.0488539279976544,0.0489140409486864,
2023-07-12 19:00:00,0.04876,0.04888,0.04793,0.04799,52464873,2533751.8423200003,9673,22610271,1092446.76071,-0.0006247396917951,ARPA-USDT,0.0487303676362952,0.0487948032463557,
2023-07-12 20:00:00,0.04798,0.0484,0.04789,0.04833,15822383,763070.68216,3935,7915847,381791.37826,-0.0004136504653567,ARPA-USDT,0.0479291087047386,0.0480545810796631,
2023-07-12 21:00:00,0.04832,0.04839,0.04818,0.04828,10137162,489469.35815,2803,4052038,195629.53783,-0.0004140786749482,ARPA-USDT,0.0483132181115852,0.0482788264433892,
2023-07-12 22:00:00,0.04828,0.04857,0.04826,0.04855,9674880,468301.71934,2248,5396470,261244.61283,0.0,ARPA-USDT,0.0482900240492522,0.0483420162364033,
2023-07-12 23:00:00,0.04855,0.04881,0.04854,0.04863,8902226,433156.25023,2246,4971262,241864.18675,-0.0012322858903265,ARPA-USDT,0.048551051268517,0.0485724986512028,
2023-07-13 00:00:00,0.04864,0.04893,0.04844,0.04858,24575844,1196516.06395,6803,12817946,624128.25988,-0.0006171569635877,ARPA-USDT,0.0486732864495773,0.0487026347584715,0.0001
2023-07-13 01:00:00,0.0486,0.04876,0.04834,0.04869,13037424,632992.18522,2807,6568526,318872.39513,-0.0004105933073291,ARPA-USDT,0.0485795336003436,0.0486373944967209,
2023-07-13 02:00:00,0.04868,0.04881,0.04852,0.04858,11035678,537497.45195,2755,4236670,206310.24169,-0.0002058036633052,ARPA-USDT,0.0486706973858468,0.0486921848503812,
2023-07-13 03:00:00,0.04857,0.04882,0.0484,0.04842,16578825,805829.53531,3403,9162746,445372.13825,-0.0010315659170621,ARPA-USDT,0.0485682986124707,0.0486658468659856,
2023-07-13 04:00:00,0.04841,0.04859,0.04817,0.0484,12704863,614471.59073,2606,6005656,290431.06239,0.0002066542674106,ARPA-USDT,0.0483579620465884,0.0483516013436651,
2023-07-13 05:00:00,0.0484,0.04851,0.04822,0.04851,11299876,546803.99102,2289,5848930,283035.90911,-0.000412116216773,ARPA-USDT,0.0483492011009922,0.0482839064534637,
2023-07-13 06:00:00,0.04852,0.04872,0.04844,0.04872,16743144,813235.11391,2873,8280663,402175.32045,-0.0006153846153846,ARPA-USDT,0.0485056570467514,0.0484766393612124,
2023-07-13 07:00:00,0.04871,0.04897,0.04861,0.04864,14691892,717070.82851,3376,7130473,348011.3374,-0.0008216926869351,ARPA-USDT,0.0487617704417279,0.0488019385655418,
2023-07-13 08:00:00,0.04864,0.04924,0.04859,0.04918,22263848,1088778.44476,5223,12452819,608922.38249,-0.0006096321885794,ARPA-USDT,0.0486605287371019,0.0486526618418019,0.0001
2023-07-13 09:00:00,0.04917,0.04977,0.04913,0.04973,45577749,2255346.26878,6623,21089777,1043716.99273,-0.0004020100502512,ARPA-USDT,0.0491622298084536,0.0491867854709748,
2023-07-13 10:00:00,0.04973,0.05025,0.04947,0.05023,59603040,2972397.508,9668,32793797,1636195.97318,-0.0001990445859872,ARPA-USDT,0.0497367917655714,0.0496129214661846,
2023-07-13 11:00:00,0.05022,0.05049,0.04991,0.05047,38263496,1919920.55772,7078,21581507,1083388.64655,-0.0005940594059405,ARPA-USDT,0.0502076204624341,0.0501556901185313,
2023-07-13 12:00:00,0.05046,0.0514,0.04995,0.05079,109296520,5541545.48035,17783,56390511,2859483.8039,-0.0005903187721368,ARPA-USDT,0.0504811211240644,0.0503254734272189,
2023-07-13 13:00:00,0.05079,0.05149,0.05072,0.05112,119654046,6121773.19534,18032,59198045,3029101.9092,-0.0007818608287724,ARPA-USDT,0.0507756632913546,0.0509949683105692,
2023-07-13 14:00:00,0.05112,0.05127,0.05051,0.05061,59379296,3019794.04946,10359,26872831,1366611.50918,-0.0005924170616112,ARPA-USDT,0.0511682868637968,0.0511263913357374,
2023-07-13 15:00:00,0.05061,0.05182,0.05022,0.05128,159267098,8125420.4632,26037,74184288,3784735.76394,0.0005853658536585,ARPA-USDT,0.050521877995703,0.0504946324679788,
2023-07-13 16:00:00,0.05128,0.05195,0.05099,0.05169,110231509,5676083.27679,21114,54240002,2792933.68034,-0.0001934235976789,ARPA-USDT,0.0513653093343733,0.0512808409170155,0.0001
2023-07-13 17:00:00,0.05168,0.0525,0.05142,0.05234,92991011,4831975.919509999,17466,43694457,2270841.26393,-0.0005728470498377,ARPA-USDT,0.0516061797508703,0.0515967032065003,
2023-07-13 18:00:00,0.05234,0.05299,0.05164,0.052,116573740,6105915.22105,22572,54788736,2870264.13231,0.0,ARPA-USDT,0.0524263751514064,0.0524936873702103,
2023-07-13 19:00:00,0.052,0.05253,0.05193,0.05227,58470623,3053283.28114,11189,29345029,1532310.81062,0.0003827751196172,ARPA-USDT,0.0521169000318943,0.0520906359951999,
2023-07-13 20:00:00,0.05226,0.05245,0.05188,0.05194,43319839,2261443.72903,8285,22542140,1176908.84583,0.0009635767970708,ARPA-USDT,0.0523447352534881,0.0523257144893738,
2023-07-13 21:00:00,0.05194,0.05455,0.0519,0.05431,324971999,17300848.64835,49166,170812238,9092308.472,-0.0011035497517013,ARPA-USDT,0.0520709328651067,0.0527123826917794,
2023-07-13 22:00:00,0.05431,0.05443,0.05294,0.05296,123414366,6607411.93418,19089,56552446,3027105.79384,0.000377786173026,ARPA-USDT,0.0541105576051376,0.0540645735435334,
2023-07-13 23:00:00,0.05296,0.0534,0.05281,0.05318,56040747,2976815.7804900003,10077,24497441,1301341.51203,0.0007527286413246,ARPA-USDT,0.0529136529197352,0.0530896337369038,
2023-07-14 00:00:00,0.05318,0.05395,0.05301,0.05357,67510228,3604932.11311,14196,32934872,1758552.18435,0.0009342301943198,ARPA-USDT,0.0533207552158493,0.0533212205390765,0.0001
2023-07-14 01:00:00,0.05357,0.05371,0.0528,0.0534,69184355,3690822.02654,13905,32798576,1749603.40118,0.0,ARPA-USDT,0.0535694643669607,0.0533859929969166,
2023-07-14 02:00:00,0.05342,0.05369,0.05308,0.05346,32220842,1721871.55927,6797,16197711,865491.0371,0.0,ARPA-USDT,0.053529693858492,0.0535994534013028,
2023-07-14 03:00:00,0.05347,0.05372,0.05298,0.05309,36157492,1928835.11511,7150,18607406,992924.57872,0.0005653976630228,ARPA-USDT,0.0535073162871151,0.0534527148300945,
2023-07-14 04:00:00,0.05309,0.05335,0.0529,0.05304,29805271,1583823.64017,6690,14674512,779813.29808,0.000943574259294,ARPA-USDT,0.0531277639238492,0.0531244487311367,
2023-07-14 05:00:00,0.05304,0.05311,0.05256,0.05308,26914058,1420809.83048,6775,12439779,656720.08628,0.0005655042412817,ARPA-USDT,0.053034313110733,0.0529420834933044,
2023-07-14 06:00:00,0.05309,0.05318,0.05269,0.05276,24241891,1284211.56651,5595,12204347,646587.68609,0.000948586605957,ARPA-USDT,0.0531238911016497,0.0530691096054721,
2023-07-14 07:00:00,0.05278,0.05295,0.05231,0.05249,40006441,2103576.74515,8954,17378808,913821.18644,0.0007626310772164,ARPA-USDT,0.0527506847179813,0.0528126893753747,
2023-07-14 08:00:00,0.0525,0.05291,0.05243,0.05262,27235692,1434120.02639,6371,13267560,698653.11376,0.000380228136882,ARPA-USDT,0.0525707782910882,0.0526179317290003,0.0001
2023-07-14 09:00:00,0.05262,0.05278,0.05218,0.05259,30351453,1594931.75869,6754,14325037,752793.30633,0.0005707762557076,ARPA-USDT,0.052607841384977,0.0525870552523936,
2023-07-14 10:00:00,0.0526,0.05307,0.05253,0.05281,32208468,1700629.5176,6802,16451617,868701.3156,0.001137440758294,ARPA-USDT,0.0526175965554288,0.0526318337388159,
2023-07-14 11:00:00,0.0528,0.05301,0.05258,0.05272,21628167,1141836.67381,4758,10498627,554321.35911,0.0011393847322447,ARPA-USDT,0.0527691242871754,0.0527267340888444,
2023-07-14 12:00:00,0.05272,0.05275,0.05217,0.05227,33247992,1744766.12662,6602,15185089,797018.16001,0.000574272588055,ARPA-USDT,0.0527119895002664,0.0526828553451399,
2023-07-14 13:00:00,0.05227,0.05292,0.0522,0.05283,33555600,1764914.33548,7845,16267371,855531.18775,0.0003787161522439,ARPA-USDT,0.0522734231382878,0.0523568885696291,
2023-07-14 14:00:00,0.05283,0.05394,0.05276,0.05391,67917749,3625540.3102,13207,37155150,1984032.90322,-0.0001854599406528,ARPA-USDT,0.0528115512647162,0.0528471941606687,
2023-07-14 15:00:00,0.05391,0.05419,0.05336,0.05363,74841391,4023944.08121,13821,34117490,1835156.7417,0.0007464079119239,ARPA-USDT,0.0538268210546618,0.0538282923627389,
2023-07-14 16:00:00,0.05363,0.05419,0.05246,0.05322,86706023,4640540.2587,20187,40127860,2148158.04349,0.0005640157924422,ARPA-USDT,0.0537746759950612,0.0539829642412391,0.0001
2023-07-14 17:00:00,0.05322,0.05337,0.05228,0.05237,93101605,4917879.68299,20029,43319694,2288370.91465,0.001338432122371,ARPA-USDT,0.0531326530586699,0.0530291157069758,
2023-07-14 18:00:00,0.05238,0.05279,0.04961,0.05058,134104930,6871313.72573,30800,60362506,3093146.84758,-0.0007902015013828,ARPA-USDT,0.0523562858441218,0.0526058714943698,
2023-07-14 19:00:00,0.05056,0.05096,0.05009,0.05045,47058794,2379313.86568,11326,22877032,1156795.12925,0.0,ARPA-USDT,0.0505378442346259,0.0504196830104795,
2023-07-14 20:00:00,0.05045,0.05089,0.05009,0.0507,35066791,1771194.48043,7736,17256920,871680.816,-0.0003943217665615,ARPA-USDT,0.0505341820541357,0.0506130953531584,
2023-07-14 21:00:00,0.05069,0.05108,0.05052,0.05107,22608258,1146890.16687,5860,11066175,561503.074,-0.0003914660403211,ARPA-USDT,0.0506638743651871,0.0507291589493253,
2023-07-14 22:00:00,0.05107,0.0511,0.05068,0.05076,18335208,932833.8767,3811,10007520,509125.89985,-0.0005906674542233,ARPA-USDT,0.051014622613606,0.0510431434141772,
2023-07-14 23:00:00,0.05077,0.05149,0.05077,0.05142,23305506,1192667.61081,4847,12082187,618469.88815,-0.0001944390433598,ARPA-USDT,0.050798621963455,0.0508312236974341,
2023-07-15 00:00:00,0.05142,0.05149,0.05091,0.05131,25232346,1290878.19669,6127,12795529,654622.27327,-0.0001948558067029,ARPA-USDT,0.0514551188290646,0.051379862675154,0.0001
2023-07-15 01:00:00,0.05131,0.05159,0.05109,0.05137,17608016,903879.86375,3865,8501045,436345.3186,0.0001947040498442,ARPA-USDT,0.0512772057211992,0.0512982838825848,
2023-07-15 02:00:00,0.05137,0.05164,0.05118,0.05146,14757719,758415.25533,3153,7236050,371881.0373,-0.0005826374053214,ARPA-USDT,0.0513633714579813,0.0513370278154037,
2023-07-15 03:00:00,0.05146,0.05157,0.05106,0.0514,19832257,1018326.3188,4112,9593357,492547.02815,0.0,ARPA-USDT,0.051508644956125,0.0515279110937757,
2023-07-15 04:00:00,0.05139,0.05158,0.0512,0.05128,11719366,602260.9856,2799,5538151,284647.12384,0.0,ARPA-USDT,0.0513149378104879,0.0513583604322996,
2023-07-15 05:00:00,0.05128,0.05134,0.05102,0.05121,16263918,832498.70863,3106,8223087,420940.61905,-0.000780487804878,ARPA-USDT,0.0512602441768833,0.0512639514658719,
2023-07-15 06:00:00,0.05122,0.05152,0.0511,0.0515,12926082,663663.8067,2765,6717288,344906.64197,0.0001942124684404,ARPA-USDT,0.0512262436767316,0.0511665568182111,
2023-07-15 07:00:00,0.0515,0.05195,0.05147,0.05188,27731113,1435080.34655,4780,13815770,714881.14966,-0.0001927153594141,ARPA-USDT,0.0514839963103179,0.0515403125507709,
2023-07-15 08:00:00,0.05188,0.05214,0.0517,0.05202,28082668,1457754.37301,5015,13968644,725198.73568,0.0001922707171697,ARPA-USDT,0.0518819996400869,0.0518144666625075,0.0001
2023-07-15 09:00:00,0.05202,0.05241,0.05202,0.05219,19691185,1028712.60725,4045,9293661,485446.28752,0.0001916443081642,ARPA-USDT,0.0520475192342312,0.0521527527557081,
2023-07-15 10:00:00,0.0522,0.0525,0.0521,0.05212,17227435,900343.20198,4282,7748181,404947.53194,-0.0003835826620636,ARPA-USDT,0.052169644160738,0.0521872653063662,
2023-07-15 11:00:00,0.0521,0.0524,0.05187,0.05225,20425985,1064860.7145,4629,9653202,503332.16917,0.0007661367554108,ARPA-USDT,0.0521666966159909,0.0521920498384824,
2023-07-15 12:00:00,0.05223,0.05247,0.05203,0.05215,20172672,1054289.14945,4360,11791038,616140.7478,-0.0001917177914109,ARPA-USDT,0.0522217858009786,0.0522264584166574,
2023-07-15 13:00:00,0.05215,0.05219,0.05161,0.05207,25800863,1339024.72466,5320,12849930,666931.77931,-0.0003839508542906,ARPA-USDT,0.0521622377850968,0.0520537803613193,
2023-07-15 14:00:00,0.05207,0.05208,0.05167,0.05172,14381826,745259.97904,3553,7358660,381318.21338,0.0003868471953578,ARPA-USDT,0.0520675492221243,0.0519920987331292,
2023-07-15 15:00:00,0.05171,0.05193,0.05154,0.05163,13753271,711661.29269,3403,6809717,352331.92364,-0.0003872216844142,ARPA-USDT,0.0516859345503474,0.0516548979903089,
2023-07-15 16:00:00,0.05163,0.05164,0.05108,0.05131,21226512,1090740.01926,5430,10371955,532936.76606,0.0001949317738791,ARPA-USDT,0.0516244570723428,0.0515717569820137,0.0001
2023-07-15 17:00:00,0.0513,0.0514,0.05108,0.05119,12816358,656779.84604,3029,6694384,343068.99553,0.0001953888237591,ARPA-USDT,0.0512761659747249,0.0512909746341414,
2023-07-15 18:00:00,0.05119,0.05165,0.05109,0.05147,16018052,823131.91234,4448,8218214,422204.95787,-0.0003884249368809,ARPA-USDT,0.0511768263549543,0.0512060953772298,
2023-07-15 19:00:00,0.05146,0.05168,0.05127,0.05128,13772688,709066.65672,3713,6415527,330348.03342,-0.0001949697796842,ARPA-USDT,0.0514932733532289,0.0514701599598376,
2023-07-15 20:00:00,0.05128,0.05129,0.05104,0.05108,15918430,814372.56743,3296,8480003,433831.33515,-0.0005869692819409,ARPA-USDT,0.0512489132867544,0.0511960002195647,
2023-07-15 21:00:00,0.05107,0.05109,0.05075,0.05109,13170559,670681.01118,3052,6821371,347388.44115,0.0,ARPA-USDT,0.0510175807870133,0.0510133578337238,
2023-07-15 22:00:00,0.05109,0.0511,0.05079,0.05102,12078390,615371.09991,2485,5981811,304757.36989,0.0,ARPA-USDT,0.0510463112948546,0.0510030932620475,
2023-07-15 23:00:00,0.05103,0.0516,0.05093,0.05138,25371544,1301470.84776,4611,14441894,740898.6984400001,-0.0003891050583657,ARPA-USDT,0.0510388904300875,0.0510402605567514,
2023-07-16 00:00:00,0.05137,0.05162,0.05123,0.05132,24932916,1281806.59166,7315,13231745,680247.49454,-0.0003895597974289,ARPA-USDT,0.0514050183610048,0.0513386342381,0.0001
2023-07-16 01:00:00,0.05132,0.05155,0.05108,0.0512,20802965,1066751.39799,4412,10338170,530270.32812,-0.0005855943782938,ARPA-USDT,0.0513020038738652,0.0513220804960394,
2023-07-16 02:00:00,0.05119,0.05145,0.05039,0.05081,49047263,2490836.99963,9368,23711953,1203950.80364,-0.0003934684241589,ARPA-USDT,0.0511863701716902,0.0512272353243064,
2023-07-16 03:00:00,0.05082,0.05098,0.0506,0.05065,20078605,1020318.60979,4575,8796471,447056.60297,-0.0013801261829653,ARPA-USDT,0.0508074196713507,0.0508166757574278,
2023-07-16 04:00:00,0.05066,0.05093,0.05061,0.05081,10948128,556023.39844,2912,5262908,267292.16957,-0.0005900865460267,ARPA-USDT,0.0506565402179966,0.0507439427199638,
2023-07-16 05:00:00,0.05082,0.05106,0.05072,0.05102,9969088,507715.23001,2691,5883289,299630.06176,-0.000195963158926,ARPA-USDT,0.0508129312824139,0.0508447971654218,
2023-07-16 06:00:00,0.05101,0.05117,0.0508,0.05084,13708213,699343.39958,3514,6512639,332246.97791,0.0,ARPA-USDT,0.0509740894562985,0.0510145583488555,
2023-07-16 07:00:00,0.05084,0.05102,0.05079,0.05092,10560368,537890.28911,2576,5170129,263341.25672,-0.0007849293563578,ARPA-USDT,0.0508102926224844,0.0508766772570176,
2023-07-16 08:00:00,0.05092,0.05109,0.05084,0.05105,12025200,612849.59515,3353,6948463,354150.54888,0.0003919263178522,ARPA-USDT,0.0508829599958924,0.0508994817143124,0.0001
2023-07-16 09:00:00,0.05105,0.0514,0.05104,0.05129,12610172,646078.3956,3116,7097032,363662.20516,-0.000194931773879,ARPA-USDT,0.0510489174120191,0.0510998346662431,
2023-07-16 10:00:00,0.05129,0.05141,0.05097,0.05114,16892818,864485.80045,3863,8091840,414065.24436,-0.0003909304143862,ARPA-USDT,0.0512617463358968,0.0512793958694307,
2023-07-16 11:00:00,0.05116,0.05131,0.05109,0.0511,9952858,509426.67684,2690,4980973,254930.85475,-0.0007821666014861,ARPA-USDT,0.0511517489648079,0.0511620695763892,
2023-07-16 12:00:00,0.05111,0.05128,0.05089,0.0509,12580322,642615.96533,2760,6269537,320263.68364,-0.0001964250638381,ARPA-USDT,0.0510936693215096,0.0512015015061721,
2023-07-16 13:00:00,0.0509,0.05107,0.05078,0.05097,12698683,646933.93736,2972,6374820,324772.67691,-0.0003922337713276,ARPA-USDT,0.0509143487255196,0.0509228939890402,
2023-07-16 14:00:00,0.05096,0.05133,0.05092,0.05116,18213735,931522.39059,4531,9402389,480860.83893,-0.0001954270080125,ARPA-USDT,0.0509461757585616,0.0509847142817785,
2023-07-16 15:00:00,0.05116,0.05134,0.05097,0.05111,14408214,737464.26442,4145,6995522,358090.22281,0.0001956947162427,ARPA-USDT,0.0511689387236954,0.0511417615473791,
2023-07-16 16:00:00,0.05112,0.05116,0.05082,0.05097,20955558,1068847.6311,4191,11214116,572076.44604,-0.0001961553550411,ARPA-USDT,0.051078884430843,0.0510654058283514,0.0001
2023-07-16 17:00:00,0.05097,0.05103,0.05081,0.05094,9033490,460115.52203,2369,4555185,232010.29928,-0.0003924646781789,ARPA-USDT,0.0509263375106919,0.0509376900181929,
2023-07-16 18:00:00,0.05093,0.05101,0.05052,0.05058,20674218,1048521.38561,4915,9395558,476488.51377,0.0,ARPA-USDT,0.0509122105334712,0.0509224118072247,
2023-07-16 19:00:00,0.05057,0.0507,0.05012,0.05017,21197657,1068229.41253,4934,10294932,518748.03811,-0.000597609561753,ARPA-USDT,0.0505561163752005,0.0506151135698782,
2023-07-16 20:00:00,0.05016,0.05043,0.05004,0.05016,26324060,1322445.59557,4973,13759024,691278.05105,-0.0001993223041657,ARPA-USDT,0.0501903517569552,0.0501934382560582,
2023-07-16 21:00:00,0.05017,0.05041,0.05015,0.05032,11514740,579037.02197,3173,5918788,297579.79845,-0.0003972983710768,ARPA-USDT,0.0501934163342104,0.0502244786304372,
2023-07-16 22:00:00,0.05033,0.05066,0.0502,0.05039,29150201,1471053.75633,4715,17746689,895760.21143,0.0,ARPA-USDT,0.0503368020606687,0.0503133944086534,
2023-07-16 23:00:00,0.0504,0.05049,0.04964,0.0499,36368388,1817758.18266,6913,15895589,794735.60493,-0.0004006410256409,ARPA-USDT,0.050427837812421,0.0503639262709539,
2023-07-17 00:00:00,0.04991,0.05045,0.0497,0.04984,36503905,1826357.59591,8374,17636042,882406.93195,-0.0004011231448054,ARPA-USDT,0.0499657284681984,0.0499406434602788,0.0001
2023-07-17 01:00:00,0.04984,0.05032,0.04971,0.05024,19086551,956644.81762,4246,9950630,498787.72344,-0.0007955449482895,ARPA-USDT,0.0497817710791585,0.0498715801007061,
2023-07-17 02:00:00,0.05024,0.05056,0.05016,0.05043,16488449,830399.99307,4359,8167421,411322.81949,-0.0005945303210462,ARPA-USDT,0.0503021513493035,0.0502363353796098,
2023-07-17 03:00:00,0.05043,0.05121,0.05039,0.05107,17416571,885376.03735,5321,9462757,481229.01016,-0.000195771339076,ARPA-USDT,0.0504361399322677,0.0504230812222094,
2023-07-17 04:00:00,0.05107,0.05121,0.05077,0.05121,17123828,873343.19446,4537,8801016,448882.592,0.0001953124999998,ARPA-USDT,0.0510718487094433,0.0510420629300156,
2023-07-17 05:00:00,0.05121,0.05144,0.05098,0.05118,23310879,1194069.66123,5346,10839906,555252.21759,0.0,ARPA-USDT,0.0512121009107372,0.0512110858123961,
2023-07-17 06:00:00,0.05117,0.05145,0.05093,0.05119,19749862,1011779.74917,4696,9088229,465548.78025,-0.0003905487209528,ARPA-USDT,0.0511615348381324,0.051220914681827,
2023-07-17 07:00:00,0.0512,0.0514,0.05103,0.05115,19497214,998640.94989,4402,9883081,506288.70221,-0.0007814026176987,ARPA-USDT,0.0513378577998943,0.0513388755872475,
2023-07-17 08:00:00,0.05116,0.0518,0.05096,0.05143,36983045,1905134.00072,8017,20086906,1034914.49742,-0.000194401244168,ARPA-USDT,0.0511583761755485,0.0511031959119213,0.0001
2023-07-17 09:00:00,0.05143,0.05155,0.0505,0.05066,57850139,2952998.03683,9950,25201518,1286356.94829,0.0005925340707089,ARPA-USDT,0.0514444822567582,0.0514703729467791,
2023-07-17 10:00:00,0.05067,0.05088,0.04906,0.05027,66917422,3351802.68811,12704,32766539,1642123.82907,-0.0003976933784052,ARPA-USDT,0.0506760817758413,0.0507103349831958,
2023-07-17 11:00:00,0.05026,0.05073,0.05022,0.05026,21169184,1068588.28752,4908,10431230,526587.74069,-0.0003977724741447,ARPA-USDT,0.0502463479847251,0.050323663959148,
2023-07-17 12:00:00,0.05025,0.05058,0.04988,0.05056,35555562,1784679.04041,6920,17752154,891155.63511,0.0003957261574989,ARPA-USDT,0.0503019288908045,0.0502030386763099,
2023-07-17 13:00:00,0.05058,0.05103,0.0504,0.05093,29788971,1510156.15523,5417,14568204,738153.48857,0.0,ARPA-USDT,0.050548491341077,0.0504801113791833,
2023-07-17 14:00:00,0.05095,0.05108,0.05071,0.05086,15242913,775790.88184,3470,7850260,399492.13695,-0.0007858546168958,ARPA-USDT,0.0509107679764723,0.0509871564185721,
2023-07-17 15:00:00,0.05086,0.0509,0.0504,0.05063,16525140,836443.14072,4144,7935182,401648.41518,-0.0009865824782951,ARPA-USDT,0.0508784605274019,0.0508281879555627,
2023-07-17 16:00:00,0.05064,0.05123,0.05051,0.05081,43070093,2187329.43442,9210,21600511,1096852.22445,-0.0003934684241589,ARPA-USDT,0.0506488895425768,0.0506017803250249,0.0001
2023-07-17 17:00:00,0.05079,0.05094,0.04975,0.05014,44605887,2240459.68461,8831,21491644,1079395.062,0.0001994813484937,ARPA-USDT,0.0507904073620883,0.0508358148801571,
2023-07-17 18:00:00,0.05012,0.05053,0.04979,0.05029,49094534,2463213.20244,9633,25159439,1262297.15758,-0.0001988071570575,ARPA-USDT,0.0501296598963569,0.050089441257018,
2023-07-17 19:00:00,0.05028,0.0508,0.05011,0.05077,20173205,1018663.5283,4770,9748685,492179.38154,-0.0003937783028155,ARPA-USDT,0.050242568133572,0.0502522935458699,
2023-07-17 20:00:00,0.05078,0.05199,0.05073,0.05182,47271947,2427233.46658,9010,24920525,1279711.75792,-0.0005785920925748,ARPA-USDT,0.0507940842573504,0.0509102678150187,
2023-07-17 21:00:00,0.05181,0.05181,0.05091,0.05164,66425633,3412914.45057,11226,30860924,1585603.31857,-0.0005806077027289,ARPA-USDT,0.0516068828062975,0.0516244588893769,
2023-07-17 22:00:00,0.05165,0.05182,0.05144,0.0515,27040455,1395596.2897,5813,12576462,649051.60565,-0.0001941370607649,ARPA-USDT,0.0516942549523367,0.0517004400593171,
2023-07-17 23:00:00,0.05151,0.05189,0.05149,0.05175,17016097,879935.37532,3682,8942754,462383.25256,-0.0003863241259416,ARPA-USDT,0.0515061105369814,0.0515518787938045,
2023-07-18 00:00:00,0.05175,0.05238,0.05168,0.05225,29057558,1512863.72706,7772,15552028,809802.41675,-0.0001913509376196,ARPA-USDT,0.0518199663407957,0.0518531107003777,0.0001
2023-07-18 01:00:00,0.05226,0.05266,0.05208,0.05266,25073823,1313145.1113,5484,15159533,794385.40647,0.0001899335232666,ARPA-USDT,0.0522369786715336,0.0521574832325592,
2023-07-18 02:00:00,0.05265,0.05281,0.05236,0.05254,31930287,1679065.37976,6265,16720619,879440.0721400001,-0.0009507510933636,ARPA-USDT,0.0526671520887256,0.0526936159302731,
2023-07-18 03:00:00,0.05254,0.05263,0.05204,0.05241,29957297,1566897.64663,6392,15406409,806014.28476,0.0001908396946563,ARPA-USDT,0.0525623060289641,0.0525761643070753,
2023-07-18 04:00:00,0.05241,0.05244,0.05176,0.0519,20990642,1093118.05558,5014,9113239,474645.73593,-0.0001926411096127,ARPA-USDT,0.0524002930371404,0.0523554905173125,
2023-07-18 05:00:00,0.05191,0.05201,0.05139,0.05153,19767063,1020779.60327,4348,8608579,444514.03981,0.0,ARPA-USDT,0.0519612194148188,0.0519412831029353,
2023-07-18 06:00:00,0.05153,0.05154,0.05018,0.05059,40919989,2080643.43836,8142,19446939,987999.42496,-0.000592651126037,ARPA-USDT,0.0515021315248428,0.0514555152731326,
2023-07-18 07:00:00,0.05058,0.05102,0.0504,0.05088,22569539,1146041.49916,6393,10617536,539171.85833,-0.0005892751915143,ARPA-USDT,0.0505526653317371,0.0505879012378425,
2023-07-18 08:00:00,0.05088,0.05129,0.05063,0.05072,35431064,1803650.3882,7760,18863550,960362.25344,-0.0001971220185293,ARPA-USDT,0.0508715098553399,0.0507641901057536,0.0001
2023-07-18 09:00:00,0.05074,0.05089,0.05042,0.05046,15994714,809462.13212,3883,8679344,439245.07193,-0.0007920792079209,ARPA-USDT,0.0507347190808949,0.0507548067593337,
2023-07-18 10:00:00,0.05046,0.05083,0.05041,0.0507,19233165,973507.44627,4793,9903453,501118.29126,0.0,ARPA-USDT,0.0504679383142559,0.0504687181736453,
2023-07-18 11:00:00,0.05071,0.0508,0.04959,0.04966,38469218,1926160.7309,7899,16738623,838087.61416,-0.0002013287698811,ARPA-USDT,0.0507137390512807,0.0507445917706042,
2023-07-18 12:00:00,0.04965,0.04991,0.04912,0.04932,49225772,2438694.69329,11052,21837120,1082363.87952,-0.0002027163997566,ARPA-USDT,0.0496657699276,0.0497663277106227,
2023-07-18 13:00:00,0.04932,0.04972,0.04915,0.04921,64650122,3199429.88856,9049,30011943,1485729.0053,-0.0004062563477555,ARPA-USDT,0.0493300179351369,0.0494373041834707,
2023-07-18 14:00:00,0.04922,0.04988,0.04919,0.04966,29770188,1476658.64052,6251,14214016,704821.11043,-0.000402576489533,ARPA-USDT,0.0492527043702438,0.0493502480408418,
2023-07-18 15:00:00,0.04967,0.04969,0.04922,0.04937,20068158,990997.98356,4603,8458711,417702.32518,-0.0004049402713101,ARPA-USDT,0.0496530638666037,0.0495755764088046,
2023-07-18 16:00:00,0.04937,0.04968,0.0485,0.04882,47376963,2325145.66209,8888,21859393,1073439.0118,0.0006148800983809,ARPA-USDT,0.0493887664152044,0.049377201269694,0.0001
2023-07-18 17:00:00,0.04882,0.04907,0.04868,0.04905,19508797,953305.07405,4375,10342979,505472.60691,-0.0004075810067251,ARPA-USDT,0.0488421513808557,0.048809757137827,
2023-07-18 18:00:00,0.04906,0.04943,0.04897,0.04929,17454328,859063.13408,3884,9398440,462530.78508,-0.0004055972419387,ARPA-USDT,0.0490576398055865,0.0490307620818487,
2023-07-18 19:00:00,0.0493,0.0494,0.04881,0.04891,13244389,650043.5166099999,3199,6200524,304263.19726,-0.0002044153720358,ARPA-USDT,0.0492751205943235,0.0492871613146696,
2023-07-18 20:00:00,0.04891,0.04909,0.04882,0.04903,12580505,616283.7482500001,3010,7009174,343365.86899,0.0,ARPA-USDT,0.048896145642674,0.0489767285412638,
2023-07-18 21:00:00,0.04904,0.04919,0.04891,0.04909,11464338,562329.85429,2747,5506100,270065.03456,0.0,ARPA-USDT,0.04902800453653,0.0490649749590591,
2023-07-18 22:00:00,0.04909,0.04921,0.04887,0.04908,11534729,565592.56601,2938,5682938,278647.59383,0.000407664084794,ARPA-USDT,0.0491328622888597,0.0491023357861266,
2023-07-18 23:00:00,0.04908,0.04919,0.0489,0.0491,12661058,620886.53883,3096,5989872,293696.67,-0.0004071661237784,ARPA-USDT,0.049096988202084,0.0490209926583967,
2023-07-19 00:00:00,0.04909,0.04945,0.04883,0.04944,28405444,1394941.99319,7341,13959630,685476.0256,-0.0004043671653861,ARPA-USDT,0.0491103199367288,0.048992891679735,0.0001
2023-07-19 01:00:00,0.04945,0.0497,0.04931,0.04963,19487636,963970.27222,4556,9827410,486206.11312,-0.0002014504431908,ARPA-USDT,0.049442779117389,0.0494100838265676,
2023-07-19 02:00:00,0.04963,0.04998,0.04931,0.04998,20673281,1025946.09589,4460,11769177,584446.91024,0.0004003202562048,ARPA-USDT,0.0496577560350434,0.0496412552129083,
2023-07-19 03:00:00,0.04997,0.05124,0.04971,0.0509,152101704,7715027.01794,25308,77087922,3908663.87646,-0.0003927729772191,ARPA-USDT,0.0499565623751656,0.0498813455552632,
2023-07-19 04:00:00,0.0509,0.05122,0.05066,0.05102,58599980,2986943.21841,10582,29304229,1493798.2387,-0.000195963158926,ARPA-USDT,0.0509494168407457,0.0508503389390896,
2023-07-19 05:00:00,0.05101,0.05109,0.05075,0.05088,29391922,1497152.7143,5709,13731420,699442.67813,0.0,ARPA-USDT,0.0509989495204052,0.0509720060693075,
2023-07-19 06:00:00,0.05088,0.05097,0.05027,0.05035,34981917,1768068.1625,7007,16372225,827387.99483,0.0,ARPA-USDT,0.0508866370398191,0.0508545309966645,
2023-07-19 07:00:00,0.05035,0.05064,0.05007,0.0503,26301438,1322950.93382,4573,12826097,645219.51336,-0.0007945967421534,ARPA-USDT,0.0503086990875289,0.050313886797183,
2023-07-19 08:00:00,0.0503,0.05037,0.04971,0.04974,37697957,1888658.38482,7327,15892533,796376.4055,0.0002010858636636,ARPA-USDT,0.050245299258591,0.050228414056055,0.0001
2023-07-19 09:00:00,0.04974,0.05025,0.04962,0.0502,23173074,1156593.59226,4326,12388626,618271.09626,-0.0007961783439489,ARPA-USDT,0.049734242962847,0.049688375278348,
2023-07-19 10:00:00,0.05019,0.05032,0.05007,0.05016,13647823,685051.19424,3102,6468597,324661.29806,-0.0001993223041657,ARPA-USDT,0.0502192272861885,0.0502675226549105,
2023-07-19 11:00:00,0.05016,0.0503,0.05,0.05021,13125704,658292.59439,2924,6657049,333875.66998,0.0001992031872508,ARPA-USDT,0.0502170720949191,0.0502201775531766,
2023-07-19 12:00:00,0.05021,0.05023,0.04984,0.05002,19198058,959825.9571,3472,10195068,509648.73547,0.0,ARPA-USDT,0.0501892766258637,0.0501668163652035,
2023-07-19 13:00:00,0.05002,0.05043,0.0497,0.05026,26179507,1312270.42271,4662,12948604,649022.59716,0.0,ARPA-USDT,0.0500112538957798,0.0499947064837651,
2023-07-19 14:00:00,0.05026,0.05035,0.04954,0.04972,33793190,1684377.60119,5815,16704087,832480.18522,-0.0006030150753769,ARPA-USDT,0.0502909965111029,0.0502122112048817,
2023-07-19 15:00:00,0.04972,0.05026,0.04963,0.05017,21423500,1070347.07101,3790,10326185,515760.08463,-0.000597609561753,ARPA-USDT,0.0497079988014072,0.0497497023631447,
2023-07-19 16:00:00,0.05016,0.05026,0.04966,0.04971,24644084,1231596.66336,4510,10414939,520512.36837,0.0,ARPA-USDT,0.0501884529393188,0.0501442685395208,0.0001
2023-07-19 17:00:00,0.04971,0.05032,0.04965,0.05013,25539683,1278390.31473,5028,13921272,697103.2096599999,0.0009984025559106,ARPA-USDT,0.0496886124769514,0.0496988853501597,
2023-07-19 18:00:00,0.05014,0.05029,0.05,0.05026,15558299,780220.13844,3132,7836964,393038.89638,-0.0001989258006763,ARPA-USDT,0.0501614109225151,0.0501156609063144,
2023-07-19 19:00:00,0.05027,0.0503,0.04984,0.04989,20440005,1023295.67616,3430,9083446,454730.4417,0.0,ARPA-USDT,0.0502709730536599,0.0501967894673459,
2023-07-19 20:00:00,0.04989,0.05008,0.04977,0.04979,17088832,852249.76022,3354,9613510,479436.36175,-0.0008027292795503,ARPA-USDT,0.0498947020089649,0.0498484703717792,
2023-07-19 21:00:00,0.04979,0.04992,0.0494,0.04991,21029197,1043684.40233,4375,9978673,495283.13415,-0.000400560785099,ARPA-USDT,0.0498030690313078,0.0497332335046078,
2023-07-19 22:00:00,0.0499,0.05001,0.04948,0.04959,17138521,851451.84135,3731,7945485,394792.72982,-0.000403144527313,ARPA-USDT,0.0499139612434072,0.0499384135061762,
2023-07-19 23:00:00,0.04959,0.04983,0.04946,0.04949,14648296,726956.05421,3492,6275239,311384.42489,-0.0010092854259184,ARPA-USDT,0.0496069248104302,0.0496255600914176,
2023-07-20 00:00:00,0.0495,0.05001,0.04943,0.04994,24686226,1228165.03886,5922,12034972,598689.87608,-0.0002002002002002,ARPA-USDT,0.0495392178155309,0.0495338896794107,0.0001
2023-07-20 01:00:00,0.04995,0.05009,0.0499,0.05,12222960,611230.70999,3051,5937247,296869.12049,-0.0001999600079982,ARPA-USDT,0.0499460519915204,0.0499798910232069,
2023-07-20 02:00:00,0.05,0.05048,0.04997,0.05027,20796192,1044975.4238,4499,11639220,584859.44964,0.0,ARPA-USDT,0.0500048512315353,0.0500147402642334,
2023-07-20 03:00:00,0.05027,0.05028,0.0499,0.05008,15368093,769682.6479,3715,7941047,397663.87468,-0.0003992015968063,ARPA-USDT,0.0502234853717926,0.0501868933573203,
2023-07-20 04:00:00,0.05008,0.05024,0.04987,0.05016,14317563,717013.57594,2991,7417636,371508.1865,0.0001994017946163,ARPA-USDT,0.0500807605894736,0.0500882687157291,
2023-07-20 05:00:00,0.05015,0.05069,0.05001,0.05057,28582336,1439830.42675,4855,15789562,795504.5440700001,0.0,ARPA-USDT,0.050132344156297,0.0500825634150213,
2023-07-20 06:00:00,0.05057,0.0506,0.05019,0.05034,15488387,780398.81368,3396,7902189,398202.15935,-0.0001986097318767,ARPA-USDT,0.0505586389710833,0.0505345538983223,
2023-07-20 07:00:00,0.05035,0.05062,0.05033,0.05057,16770910,847176.00434,3622,8916462,450396.0714,-0.0001977066034005,ARPA-USDT,0.050424296909623,0.0504538765012605,
2023-07-20 08:00:00,0.05058,0.05075,0.0505,0.0505,23475915,1188185.59673,4319,10858441,549613.28448,0.0,ARPA-USDT,0.0506180995662859,0.0506653732454488,0.0001
2023-07-20 09:00:00,0.0505,0.05091,0.05028,0.0509,28490185,1442825.54574,5422,13540659,685788.47091,-0.0001964250638381,ARPA-USDT,0.0505078623615887,0.0504087580105715,
2023-07-20 10:00:00,0.0509,0.05106,0.05066,0.05075,23204957,1180723.95519,4720,10522063,535417.99049,0.0001970831690973,ARPA-USDT,0.0509160336957953,0.0508472010453176,
2023-07-20 11:00:00,0.05075,0.05118,0.05055,0.05109,29773624,1515477.44195,5608,16021144,815471.48127,0.0,ARPA-USDT,0.0507930100007096,0.0506886088344565,
2023-07-20 12:00:00,0.0511,0.05128,0.05073,0.05084,22295420,1137131.64608,4520,10093619,514945.36144,-0.0001966568338248,ARPA-USDT,0.0511615154243496,0.0512082427908925,
2023-07-20 13:00:00,0.05085,0.0513,0.05074,0.05117,17183988,876823.0916,3436,8648975,441448.81256,0.0001954652071931,ARPA-USDT,0.050877365991236,0.0508760649086377,
2023-07-20 14:00:00,0.05117,0.05129,0.04982,0.0502,70952704,3579820.30691,12181,33055892,1667651.7572,0.0,ARPA-USDT,0.0512036493132887,0.0512088019475038,
2023-07-20 15:00:00,0.0502,0.05059,0.04992,0.04998,40824488,2051879.73625,6889,18482814,929318.43386,-0.0004,ARPA-USDT,0.0501270751308442,0.0502496048865815,
2023-07-20 16:00:00,0.04997,0.05043,0.04957,0.04963,44859669,2239499.16353,7544,18561210,926921.94293,0.0002015316404675,ARPA-USDT,0.0500059210551788,0.0500810671603438,0.0001
2023-07-20 17:00:00,0.04963,0.05005,0.04959,0.05005,19827092,988709.0905,3934,9923838,494836.50268,-0.0003994407829041,ARPA-USDT,0.0496764842638864,0.0497066904003691,
2023-07-20 18:00:00,0.05004,0.05005,0.04954,0.04956,20767633,1032852.55927,4225,11629241,578254.81126,-0.0004033884630899,ARPA-USDT,0.0500224708755084,0.0499444032791626,
2023-07-20 19:00:00,0.04956,0.04993,0.04954,0.04988,16311745,811762.72568,3072,8191844,407667.29067,-0.0006010819475055,ARPA-USDT,0.0495589766559568,0.0496113598465883,
2023-07-20 20:00:00,0.04988,0.0499,0.04936,0.04966,20055390,994190.82568,3885,9794003,485514.13269,0.0002014098690836,ARPA-USDT,0.049883439104814,0.0498526756660844,
2023-07-20 21:00:00,0.04965,0.0505,0.04963,0.05043,18425685,923359.39414,4215,9025420,452249.58993,-0.0001982553528944,ARPA-USDT,0.0496596631718276,0.0497276435315999,
2023-07-20 22:00:00,0.05042,0.05049,0.05024,0.05037,12983520,653819.43693,2684,5505910,277257.04532,-0.0003969041476483,ARPA-USDT,0.0503810221149892,0.0503863838136939,
2023-07-20 23:00:00,0.05038,0.05062,0.05028,0.05059,14972934,755470.76537,3007,7620859,384470.98675,-0.0001976284584979,ARPA-USDT,0.0503776701609655,0.0503473533990314,
2023-07-21 00:00:00,0.05058,0.05074,0.05025,0.05054,29134529,1471669.25203,5678,13884540,701424.84817,-0.0003955696202531,ARPA-USDT,0.0505620291556068,0.0506089167246111,0.0001
2023-07-21 01:00:00,0.05054,0.05105,0.0505,0.05094,22090937,1123365.3369,4583,11250816,572020.0716200001,-0.0001962708537782,ARPA-USDT,0.0505751609269965,0.0505685394528773,
2023-07-21 02:00:00,0.05095,0.05115,0.05067,0.05105,30320448,1543742.82343,4867,14992532,763543.0122100001,-0.000195848021935,ARPA-USDT,0.0509469902619418,0.0508146762748685,
2023-07-21 03:00:00,0.05104,0.05115,0.05079,0.05089,15944973,813115.54191,3189,7303728,372434.8837,-0.0001964636542239,ARPA-USDT,0.0510568627494856,0.0510601885356534,
2023-07-21 04:00:00,0.0509,0.05101,0.05058,0.0506,23108324,1172949.01282,3536,11120497,564446.34679,-0.0005925340707091,ARPA-USDT,0.0509394409850437,0.0509575130009146,
2023-07-21 05:00:00,0.0506,0.05082,0.05051,0.05056,23506023,1190854.53877,3495,11626501,588991.65074,0.0,ARPA-USDT,0.0505662822669456,0.0505753148167826,
2023-07-21 06:00:00,0.05056,0.05091,0.05051,0.05068,29472810,1494174.81833,3967,15757639,798906.04257,-0.0005915992900807,ARPA-USDT,0.0505885320917818,0.0505721158935906,
2023-07-21 07:00:00,0.05068,0.05085,0.05022,0.05042,34914822,1762786.49384,4728,17317710,874460.40277,0.0,ARPA-USDT,0.0506908946720226,0.0507652262155269,
2023-07-21 08:00:00,0.05042,0.05061,0.05029,0.05034,21327214,1075814.77395,3495,11019311,555794.04859,-0.0001986097318767,ARPA-USDT,0.0503934520250241,0.0504073746675026,0.0001
2023-07-21 09:00:00,0.05035,0.0507,0.0502,0.05029,30759603,1550825.06267,4472,15727313,792961.36842,-0.0001988071570575,ARPA-USDT,0.0503555266836227,0.0503061014742672,
2023-07-21 10:00:00,0.05029,0.05053,0.05021,0.05042,20347055,1025131.99298,2958,9521401,479685.53326,0.0,ARPA-USDT,0.050276438148137,0.0502883202288056,
2023-07-21 11:00:00,0.05043,0.05064,0.05039,0.05059,22758155,1150239.00559,3444,12736043,643697.00505,-0.0001976284584979,ARPA-USDT,0.0504878753685816,0.0504338485061843,
2023-07-21 12:00:00,0.05059,0.05121,0.05054,0.05117,34472851,1752304.64484,5254,19164278,974425.19285,-0.0001953888237593,ARPA-USDT,0.0506280766158211,0.0506420771205347,
2023-07-21 13:00:00,0.05116,0.05122,0.05089,0.05111,48917400,2497399.3248,6344,25619260,1307997.08445,0.0,ARPA-USDT,0.0511112551638809,0.0509775700428928,
2023-07-21 14:00:00,0.05111,0.05125,0.05064,0.05119,44856242,2286806.68083,5376,21294024,1086026.88842,-0.0001953125,ARPA-USDT,0.051097968847309,0.0510129109425102,
2023-07-21 15:00:00,0.05119,0.05131,0.05083,0.05095,24646345,1258042.45075,3844,12409957,633394.5433,0.0,ARPA-USDT,0.0512404892069755,0.0511925068064624,
2023-07-21 16:00:00,0.05095,0.05099,0.0506,0.05081,26260413,1333459.25544,4069,13002286,660196.30857,-0.0001967729240456,ARPA-USDT,0.0509261768738751,0.050942463919348,0.0001
2023-07-21 17:00:00,0.05081,0.05104,0.05068,0.05098,24814005,1261928.66081,4055,12673426,644587.95846,-0.0001961168856638,ARPA-USDT,0.0507738580318693,0.050819764679929,
2023-07-21 18:00:00,0.05099,0.0512,0.05089,0.05095,28245405,1442356.94175,4411,12670625,647023.99451,0.0,ARPA-USDT,0.0509842759785647,0.0510708588198195,
2023-07-21 19:00:00,0.05095,0.05095,0.05042,0.05057,35326160,1789805.81033,4976,17296724,876345.2691200001,-0.0003953350464519,ARPA-USDT,0.0509202705289492,0.0509083149472485,
2023-07-21 20:00:00,0.05058,0.05065,0.05042,0.05061,13034139,658667.50943,2799,6837811,345545.29963,-0.0005924170616112,ARPA-USDT,0.050589152548511,0.050550157645871,
2023-07-21 21:00:00,0.05062,0.05074,0.05041,0.05057,11070057,559655.5591,2356,6232344,315107.88438,-0.0003953350464519,ARPA-USDT,0.0506398439301342,0.0506304168340429,
2023-07-21 22:00:00,0.05058,0.05092,0.05055,0.05075,21252045,1079175.50901,3481,11211032,569220.678,-0.0005907837731389,ARPA-USDT,0.0505806110093301,0.0506789867344265,
2023-07-21 23:00:00,0.05076,0.0509,0.05071,0.05082,20304414,1031845.95677,3048,9794591,497723.23886,0.0,ARPA-USDT,0.0507857990615838,0.0508397332429187,
2023-07-22 00:00:00,0.05082,0.05114,0.0508,0.05088,23797139,1213128.7409,3366,12297491,626866.02129,0.0001965795164144,ARPA-USDT,0.0508148512669415,0.0508466196859712,0.0001
2023-07-22 01:00:00,0.05088,0.05092,0.05062,0.05068,17308877,878611.97577,3006,8710823,442135.85557,-0.0001972775695402,ARPA-USDT,0.0508534586471694,0.0508072767358793,
2023-07-22 02:00:00,0.05069,0.05091,0.05061,0.05089,9116641,462635.83033,2209,4625944,234732.21189,-0.0003928501276763,ARPA-USDT,0.0507372402052849,0.0507173451896309,
2023-07-22 03:00:00,0.05089,0.05127,0.05073,0.05109,16688238,851475.53819,3139,8678840,442836.93228,0.0,ARPA-USDT,0.050862247421126,0.0508082105200023,
2023-07-22 04:00:00,0.05111,0.05135,0.05102,0.0511,17493475,895528.95526,3493,7686396,393597.06033,-0.0001956564273136,ARPA-USDT,0.0511326870770607,0.0511123007290117,
2023-07-22 05:00:00,0.0511,0.05124,0.05101,0.05113,12270673,627214.71046,2538,5031803,257230.0798,0.0001956181533646,ARPA-USDT,0.0510833354131129,0.0510901443484102,
2023-07-22 06:00:00,0.05113,0.05119,0.05095,0.05114,13408850,684694.0755,2672,6348126,324169.29173,-0.0003909304143862,ARPA-USDT,0.051141829225522,0.0511415445352319,
2023-07-22 07:00:00,0.05115,0.05117,0.05097,0.05105,13473124,687936.07332,3004,7461386,380969.93875,-0.000195848021935,ARPA-USDT,0.0511034726066887,0.051042749944446,
2023-07-22 08:00:00,0.05104,0.05105,0.05086,0.05088,9922263,505611.69544,2134,4517106,230166.83461,-0.0003929273084478,ARPA-USDT,0.0510294594645167,0.0509554254462007,0.0001
2023-07-22 09:00:00,0.05089,0.05101,0.05067,0.05076,11494552,584490.35919,2580,5719034,290846.78656,-0.0003938558487592,ARPA-USDT,0.0508922636885465,0.0508801111684281,
2023-07-22 10:00:00,0.05076,0.05076,0.05016,0.05038,34245808,1726487.03133,6586,12132689,611836.06852,-0.0007933359777865,ARPA-USDT,0.0506721713952336,0.050546677076839,
2023-07-22 11:00:00,0.0504,0.05063,0.0503,0.05032,17691888,893046.15762,3782,8469565,427667.46359,0.0,ARPA-USDT,0.0504191599000199,0.0505009104186896,
2023-07-22 12:00:00,0.05032,0.05079,0.05027,0.05043,34400257,1738305.00888,5660,17657913,892265.08017,-0.0001982553528944,ARPA-USDT,0.0503507247722979,0.0503492372292222,
2023-07-22 13:00:00,0.05043,0.0505,0.05027,0.05033,13140259,661975.76529,2909,5083540,256129.57611,-0.0005957108816521,ARPA-USDT,0.0504007182721775,0.0503771468308684,
2023-07-22 14:00:00,0.05034,0.05043,0.05023,0.05034,20520053,1032461.59003,3017,10712216,539058.2078,-0.0005955926146514,ARPA-USDT,0.0503330812103943,0.0503367130630431,
2023-07-22 15:00:00,0.05033,0.05042,0.05019,0.05029,11699992,588247.66923,2486,6007423,302059.72405,0.0,ARPA-USDT,0.0503439707242377,0.0502962154588769,
2023-07-22 16:00:00,0.0503,0.05061,0.0503,0.05052,18600637,938636.01145,3897,9683055,488526.13157,-0.0003957261574989,ARPA-USDT,0.050308096686095,0.0503140271215415,0.0001
2023-07-22 17:00:00,0.05053,0.05067,0.05036,0.05045,14108714,712771.6365200001,3224,7221228,364947.91305,-0.000198176773682,ARPA-USDT,0.0505321560806037,0.0505226641117399,
2023-07-22 18:00:00,0.05046,0.05048,0.05024,0.05033,14382328,724268.06309,3376,7814762,393532.93891,-0.0001986491855383,ARPA-USDT,0.0504642943985061,0.0504270807483833,
2023-07-22 19:00:00,0.05033,0.05047,0.05008,0.05019,16115896,809427.61811,3565,8187902,411368.99097,-0.0003983270264886,ARPA-USDT,0.0503248926194328,0.0503462098327991,
2023-07-22 20:00:00,0.05019,0.0503,0.05013,0.05016,10130539,508594.5728,2963,5734744,287886.36894,-0.0003985651654044,ARPA-USDT,0.0502247158665217,0.0501867405569799,
2023-07-22 21:00:00,0.05017,0.05039,0.05015,0.05036,8911398,447956.94436,2543,5284085,265647.36163,-0.0001985308715504,ARPA-USDT,0.0501839385847797,0.05018422124318,
2023-07-22 22:00:00,0.05037,0.05048,0.05016,0.05029,20460084,1029726.88887,3893,9896486,498101.19734,-0.0007947546195111,ARPA-USDT,0.0503809518999854,0.0503954200219934,
2023-07-22 23:00:00,0.0503,0.05036,0.04879,0.04953,109854398,5434941.52664,15631,51724906,2559151.41269,-0.0004036326942482,ARPA-USDT,0.0503090641521518,0.0503343521325336,
2023-07-23 00:00:00,0.04953,0.04958,0.04899,0.04926,43581151,2146349.42949,6756,20744470,1021569.48052,-0.0004058441558441,ARPA-USDT,0.0495345225247319,0.0494894037004506,0.0001
2023-07-23 01:00:00,0.04928,0.04981,0.04926,0.04972,25360645,1257001.11552,4478,12095270,599395.75897,-0.0006030150753769,ARPA-USDT,0.0492900817538744,0.0493612435168857,
2023-07-23 02:00:00,0.04972,0.05,0.04962,0.04994,15372633,765997.53629,3147,7332510,365385.65368,-0.0008003201280512,ARPA-USDT,0.0497438398781908,0.0496961752624363,
2023-07-23 03:00:00,0.04995,0.05013,0.04991,0.04994,12809359,640657.93912,3364,6013308,300758.40512,0.0,ARPA-USDT,0.0499589401938045,0.0499663072781737,
2023-07-23 04:00:00,0.04994,0.05012,0.04982,0.05008,24829607,1241079.28971,4142,11024713,551027.66359,-0.0007980845969672,ARPA-USDT,0.0499867524762413,0.049988788033519,
2023-07-23 05:00:00,0.05009,0.05054,0.05009,0.05035,31033364,1562005.46732,5436,15323138,771290.85179,0.0001986491855383,ARPA-USDT,0.0501700568805199,0.0501465706054292,
2023-07-23 06:00:00,0.05034,0.05042,0.05014,0.05036,21231049,1067495.13997,3791,10575006,531688.1303,-0.0005953562214724,ARPA-USDT,0.0503209836470314,0.0502456697629363,
2023-07-23 07:00:00,0.05036,0.05041,0.05001,0.05011,15990089,802434.4048,3339,7983248,400636.65463,-0.0001995211492417,ARPA-USDT,0.0503714419837971,0.0503722904866836,
2023-07-23 08:00:00,0.05011,0.05015,0.0499,0.05004,13517288,675729.22673,3172,7459496,372880.83937,-0.0005991611743559,ARPA-USDT,0.0501319431236673,0.050093494548502,0.0001
2023-07-23 09:00:00,0.05005,0.05008,0.04985,0.04994,11008987,549941.83927,2690,5593383,279412.15518,-0.0004003202562049,ARPA-USDT,0.0500473148995922,0.050043211313811,
2023-07-23 10:00:00,0.04994,0.05009,0.04992,0.05005,11275339,564038.98653,2461,5578029,279024.13756,-0.0005990415335463,ARPA-USDT,0.0499694903911862,0.049974571924179,
2023-07-23 11:00:00,0.05005,0.05024,0.04993,0.05006,15344553,768302.96665,2737,6984971,349808.04799,-0.0003993610223641,ARPA-USDT,0.0500321979161129,0.050012630143626,
2023-07-23 12:00:00,0.05006,0.05017,0.04994,0.05012,13507002,675974.299,2718,7455583,373098.44766,0.0,ARPA-USDT,0.0500470667874511,0.0500597895198715,
2023-07-23 13:00:00,0.05012,0.05019,0.0499,0.05014,24522849,1227181.12654,3930,12951903,648204.22661,-0.0003987240829347,ARPA-USDT,0.0501096182480426,0.0500723108871043,
2023-07-23 14:00:00,0.05014,0.05053,0.05006,0.05046,25380929,1278145.95288,4497,10438952,525803.26566,0.0001982160555005,ARPA-USDT,0.0501697854214428,0.0501095639179909,
2023-07-23 15:00:00,0.05046,0.05051,0.05028,0.05039,13376249,674014.15244,2866,7274624,366505.85421,-0.0003967466772466,ARPA-USDT,0.0504771112647405,0.0504803671435457,
2023-07-23 16:00:00,0.05039,0.05086,0.05039,0.05081,39901938,2022920.2719,5865,21570422,1093513.54242,0.0,ARPA-USDT,0.0504147567998079,0.050479552074963,0.0001
2023-07-23 17:00:00,0.05081,0.05118,0.05076,0.05111,24184147,1231817.78791,4205,13055579,664968.9005,-0.0001956181533645,ARPA-USDT,0.0508267141623873,0.0508156448991579,
2023-07-23 18:00:00,0.05113,0.05119,0.0509,0.05112,25188056,1285585.82914,4081,11665081,595379.36718,-0.000391083300743,ARPA-USDT,0.0511529283742255,0.051080443179531,
2023-07-23 19:00:00,0.05113,0.05119,0.05053,0.05069,31837501,1620645.33829,4596,14164002,720809.88203,0.0,ARPA-USDT,0.0511479609643491,0.0510691901873102,
2023-07-23 20:00:00,0.05069,0.05085,0.05057,0.05072,16694724,846513.0578,3282,9519411,482699.74258,0.0,ARPA-USDT,0.0508025726417322,0.0507770571277457,
2023-07-23 21:00:00,0.05073,0.05081,0.05023,0.05028,14735671,744048.67346,3061,7018938,354343.17882,-0.0003976143141153,ARPA-USDT,0.050766630217687,0.0507689598551608,
2023-07-23 22:00:00,0.05029,0.05053,0.05028,0.05044,10117837,510275.84754,1811,6196867,312518.40991,-0.0005944125222905,ARPA-USDT,0.0503145914973993,0.0503145464706414,
2023-07-23 23:00:00,0.05045,0.05072,0.05044,0.05051,11969787,605433.71964,2192,5616762,284089.27601,-0.0005935892362485,ARPA-USDT,0.050469839509098,0.0505088931683383,
2023-07-24 00:00:00,0.05051,0.05079,0.05037,0.05056,12038041,609086.73909,2658,5902751,298661.7831,-0.0005930025696778,ARPA-USDT,0.0505571775022609,0.0505070622640611,0.0001
2023-07-24 01:00:00,0.05057,0.05057,0.05002,0.05008,28372443,1425160.72846,4648,14066091,706631.75636,-0.0003992015968063,ARPA-USDT,0.0505092521616841,0.0504811939165657,
2023-07-24 02:00:00,0.05007,0.05014,0.04965,0.04986,25382743,1265671.77337,5212,12185858,607629.14973,-0.0008016032064127,ARPA-USDT,0.0500779333014127,0.0500641471690149,
2023-07-24 03:00:00,0.04986,0.04991,0.04934,0.04938,22410216,1111905.82226,4625,9481795,470513.01489,-0.0006071645415908,ARPA-USDT,0.0498510048276213,0.0498718541157263,
2023-07-24 04:00:00,0.04939,0.04969,0.04911,0.04963,27489723,1358142.51546,5854,13072516,646104.13941,-0.0006041079339509,ARPA-USDT,0.0493177768673223,0.0493504417004297,
2023-07-24 05:00:00,0.04962,0.04985,0.04961,0.04983,11933059,593240.72056,2823,5843314,290518.0889,-0.0002006420545747,ARPA-USDT,0.049632882754777,0.0496580053846841,
2023-07-24 06:00:00,0.04984,0.04985,0.04968,0.04968,13556252,674457.80155,2781,6641677,330449.81579,-0.00060350030175,ARPA-USDT,0.0498006386845462,0.0497868943254125,
2023-07-24 07:00:00,0.04969,0.05001,0.04964,0.04991,25059044,1249582.03071,3930,11683287,582496.75452,-0.0006007208650379,ARPA-USDT,0.0496843391127158,0.0497103035624486,
2023-07-24 08:00:00,0.04991,0.04991,0.04955,0.04957,27001371,1343926.64427,4214,12858719,640079.64569,-0.0006048387096773,ARPA-USDT,0.0498503606154066,0.0497984500316016,0.0001
2023-07-24 09:00:00,0.04957,0.04971,0.04507,0.04761,159350215,7594906.380009999,23928,62383236,2977251.21985,-0.0004199034222128,ARPA-USDT,0.0495589627753106,0.049547637401129,
2023-07-24 10:00:00,0.04761,0.04821,0.04733,0.04803,73801163,3536968.32081,13711,36234627,1736479.05302,-0.0006242197253432,ARPA-USDT,0.0475093864293777,0.0478358099556355,
2023-07-24 11:00:00,0.04803,0.04812,0.0475,0.04756,45552522,2180020.40597,6705,21212260,1015052.84108,-0.0004203446826397,ARPA-USDT,0.0480192699670844,0.0480622912122135,
2023-07-24 12:00:00,0.04758,0.04776,0.04727,0.04753,55790958,2651914.4757,8734,27851127,1323870.00878,0.0,ARPA-USDT,0.0475267952866007,0.0474603436775342,
2023-07-24 13:00:00,0.04754,0.0477,0.04732,0.04765,31812721,1512421.93846,5525,17044865,810375.15123,-0.0004195510803439,ARPA-USDT,0.0475333826306969,0.0475164023471832,
2023-07-24 14:00:00,0.04766,0.04779,0.04731,0.04734,30689494,1458918.01262,6683,14463181,687454.03786,-0.0006333122229259,ARPA-USDT,0.04761615340661,0.0475776395742287,
2023-07-24 15:00:00,0.04734,0.04754,0.04682,0.04729,32572559,1536407.73509,7810,15527701,732502.27825,-0.0002114164904862,ARPA-USDT,0.0473094148247383,0.0472733403777513,
2023-07-24 16:00:00,0.04729,0.04735,0.04681,0.04726,22439036,1057186.51788,5104,10132113,477422.32322,-0.000634383590611,ARPA-USDT,0.0472198303894752,0.0472313464610632,0.0001
2023-07-24 17:00:00,0.04726,0.04739,0.04715,0.04724,13436527,635195.46237,3822,6455046,305134.75548,-0.0006346519991538,ARPA-USDT,0.0472695637797437,0.0472558986202508,
2023-07-24 18:00:00,0.04726,0.04738,0.04709,0.04729,12239085,578176.00803,2798,6400972,302347.34699,0.0,ARPA-USDT,0.0472120674846739,0.0472032617092733,
2023-07-24 19:00:00,0.04729,0.04731,0.04698,0.04712,13686238,644728.73121,3474,6065624,285737.85114,-0.0004242681374628,ARPA-USDT,0.0472869144156823,0.0472701390043542,
2023-07-24 20:00:00,0.04712,0.04722,0.04698,0.04717,11590274,545954.88592,3175,6206645,292338.69182,-0.000635593220339,ARPA-USDT,0.0471196855520594,0.0471147005547961,
2023-07-24 21:00:00,0.04718,0.04729,0.04699,0.04718,8446893,398039.67373,2730,4514584,212722.8214,-0.0004237288135593,ARPA-USDT,0.047217471556876,0.0472324343431382,
2023-07-24 22:00:00,0.04719,0.04728,0.04696,0.04713,19055327,897996.66694,4185,9088404,428285.01036,-0.0004241781548249,ARPA-USDT,0.0471979469488455,0.0472254966454716,
2023-07-24 23:00:00,0.04712,0.04727,0.04701,0.04702,16090897,758161.8215,4917,7793749,367211.62605,-0.0006376195536663,ARPA-USDT,0.0471229888488582,0.0471402782881284,
2023-07-25 00:00:00,0.04702,0.04715,0.04675,0.04688,32691158,1535386.8632,5744,15059355,707285.73932,-0.0006395224898743,ARPA-USDT,0.0470160587081264,0.0470140438543585,0.0001
2023-07-25 01:00:00,0.04689,0.04693,0.04647,0.04659,25713665,1199275.30041,4233,10473096,488375.42644,-0.0010720411663808,ARPA-USDT,0.0468833504578138,0.0468604196150629,
2023-07-25 02:00:00,0.0466,0.0469,0.04654,0.0467,20968218,979169.77936,3837,11660294,544459.63738,-0.0006419858763108,ARPA-USDT,0.0465797707101655,0.0465786643275505,
2023-07-25 03:00:00,0.04671,0.04674,0.04642,0.04656,16505569,768652.90417,3280,8187674,381356.54279,-0.0006439150032195,ARPA-USDT,0.0467256190448843,0.046689580481889,
2023-07-25 04:00:00,0.04658,0.04662,0.04616,0.04631,16552904,767151.65949,3786,7696604,356732.0331,-0.0004316857327866,ARPA-USDT,0.0465762446177567,0.0465957209593921,
2023-07-25 05:00:00,0.04629,0.04662,0.04628,0.04656,13011693,604622.1627100001,2774,7367047,342298.22136,-0.0006439150032195,ARPA-USDT,0.0463170345728124,0.0463340627569455,
2023-07-25 06:00:00,0.04656,0.04658,0.04612,0.04635,14449119,669547.24827,3298,7328408,339621.17225,-0.0002157031924071,ARPA-USDT,0.0465450590332558,0.0464969965005732,
2023-07-25 07:00:00,0.04635,0.04644,0.04602,0.04616,19665938,908690.81808,4236,10162120,469581.20293,-0.0008658008658007,ARPA-USDT,0.0463924029157949,0.046369949035943,
2023-07-25 08:00:00,0.04618,0.04656,0.04609,0.04653,16725571,774198.73194,3404,8672701,401601.67132,-0.0008589220528236,ARPA-USDT,0.0461780553143275,0.0461620282628143,0.0001
2023-07-25 09:00:00,0.04654,0.04742,0.04652,0.04718,41814046,1965337.82896,8059,21148126,993694.70188,-0.0008470986869969,ARPA-USDT,0.0465523605973904,0.0465876405147123,
2023-07-25 10:00:00,0.04717,0.04749,0.04708,0.04722,35799322,1692153.4701,5922,15336333,724936.20072,-0.0002117298327335,ARPA-USDT,0.0472549588134421,0.0472689865385005,
2023-07-25 11:00:00,0.04722,0.04754,0.04716,0.04746,26460897,1252391.99944,5002,11593173,548617.33617,-0.0004212299915753,ARPA-USDT,0.0472110988487046,0.0472245072382682,
2023-07-25 12:00:00,0.04746,0.04798,0.04745,0.04797,27893779,1331361.49145,5586,14201429,678000.23722,-0.000208420175073,ARPA-USDT,0.0474945654847087,0.0475377393685634,
2023-07-25 13:00:00,0.04796,0.0497,0.04778,0.04901,183276276,8983999.69261,30520,91222444,4471503.91542,0.0,ARPA-USDT,0.0479028130767454,0.0478456961498808,
2023-07-25 14:00:00,0.04901,0.0499,0.04897,0.04913,150601129,7447606.87813,25062,77284418,3822314.42703,-0.0010166734444896,ARPA-USDT,0.0491872168975388,0.0492670756804705,
2023-07-25 15:00:00,0.04912,0.0494,0.04826,0.04844,82272842,4021509.91599,15975,42691439,2086234.34129,-0.0004127115146513,ARPA-USDT,0.0491221097695271,0.0491787717016829,
2023-07-25 16:00:00,0.04844,0.04845,0.04725,0.04732,64936686,3110203.11185,12106,30495262,1461390.87274,-0.0006335797254488,ARPA-USDT,0.0483627740187597,0.0482541758631099,0.0001
2023-07-25 17:00:00,0.04733,0.04783,0.04705,0.04776,53934458,2560248.78218,10924,26398609,1253481.28534,-0.0008368200836821,ARPA-USDT,0.0474078416945406,0.0473564288566605,
2023-07-25 18:00:00,0.04776,0.04799,0.0476,0.04787,38575265,1843858.07858,7283,19092152,912590.77148,-0.00062630480167,ARPA-USDT,0.0477438747271214,0.0477762449880575,
2023-07-25 19:00:00,0.04787,0.04823,0.04747,0.0475,32989091,1580036.73203,6588,15473426,741317.41652,-0.0008413967185527,ARPA-USDT,0.0478715008868181,0.0479763149338266,
2023-07-25 20:00:00,0.04751,0.04763,0.04706,0.04713,29294957,1385812.9887,5665,14019445,663100.31412,-0.0008479966080134,ARPA-USDT,0.0475358357914119,0.0475605367064808,
2023-07-25 21:00:00,0.04714,0.04758,0.04714,0.04749,15251665,722414.4153999999,4909,8359124,395912.2614,-0.0002105263157895,ARPA-USDT,0.0471973928352291,0.047218646997792,
2023-07-25 22:00:00,0.04749,0.04789,0.04745,0.04777,17045282,813398.42455,4455,8795869,419680.59167,-0.0008366450533361,ARPA-USDT,0.0474923324567076,0.0475630357828399,
2023-07-25 23:00:00,0.04777,0.04792,0.04758,0.04764,22537976,1075964.84656,4807,12268423,585712.5575,-0.0006293266205159,ARPA-USDT,0.0477824392278833,0.0478143584633842,
2023-07-26 00:00:00,0.04766,0.0479,0.04753,0.04759,29648319,1413371.91243,6100,14042532,669409.76394,-0.0004200798151648,ARPA-USDT,0.0476558425388756,0.0476490441413341,0.0001
2023-07-26 01:00:00,0.04759,0.04764,0.04701,0.04742,40776456,1931762.5302,7359,20340625,963587.78777,-0.0006322444678609,ARPA-USDT,0.0475757963727067,0.047570581028818,
2023-07-26 02:00:00,0.04743,0.04778,0.04738,0.0477,30873815,1468117.77258,5326,16358321,777959.7345,-0.0004191114836545,ARPA-USDT,0.0474136768248923,0.0475108774205146,
2023-07-26 03:00:00,0.04771,0.04838,0.04751,0.04825,44603460,2140115.45974,7829,22043703,1057917.79001,-0.0006213753106877,ARPA-USDT,0.0476646270798455,0.0476432260571601,
2023-07-26 04:00:00,0.04826,0.04879,0.04813,0.04847,67328766,3262875.55151,11123,31845987,1543648.95072,-0.0004124561765311,ARPA-USDT,0.0482506981201587,0.0482675612234871,
2023-07-26 05:00:00,0.04848,0.04896,0.04836,0.04883,47653909,2317678.39025,8251,22677186,1103160.20552,-0.0006139991813344,ARPA-USDT,0.0485228046043783,0.0486678831342714,
2023-07-26 06:00:00,0.04883,0.04897,0.04853,0.04867,39929515,1946042.10208,7459,18313887,892727.65313,-0.0004107619634421,ARPA-USDT,0.0488243898763198,0.0488089890409031,
2023-07-26 07:00:00,0.04867,0.04928,0.04842,0.04846,75883011,3705487.50942,13643,37753120,1843651.36599,-0.0004125412541253,ARPA-USDT,0.0486454916889929,0.0485976423706603,
2023-07-26 08:00:00,0.04846,0.0486,0.04812,0.04842,53322166,2578713.76949,9187,27017459,1306419.26398,-0.0002064835845551,ARPA-USDT,0.0484483296584497,0.0484521762310175,7.096e-05
2023-07-26 09:00:00,0.04842,0.04883,0.04807,0.04853,53095155,2573921.81902,9105,24698769,1197597.10295,-0.0006177924217463,ARPA-USDT,0.04839949787445,0.0484175583589552,
2023-07-26 10:00:00,0.04854,0.04855,0.04811,0.04815,24261655,1172443.05436,5082,11000646,531641.92544,-0.0002076411960133,ARPA-USDT,0.0485102404259515,0.0484513286881839,
2023-07-26 11:00:00,0.04815,0.04839,0.04803,0.04812,24743784,1193457.77117,4842,11830317,570600.41576,-0.0006230529595014,ARPA-USDT,0.0481663249189188,0.0482263522551475,
2023-07-26 12:00:00,0.04812,0.04856,0.04798,0.04835,24598705,1188551.67075,4977,12556030,606619.31911,-0.0004134794293985,ARPA-USDT,0.0480889841575542,0.048070761348319,
2023-07-26 13:00:00,0.04835,0.04852,0.04808,0.04816,26663604,1287875.87387,5252,13302893,642548.02378,0.0002076843198339,ARPA-USDT,0.0483600712017125,0.0483058343782228,
2023-07-26 14:00:00,0.04815,0.0489,0.048,0.04884,42259065,2046250.38334,7576,23786320,1151953.51909,-0.0010227040294539,ARPA-USDT,0.0481744450375562,0.0482432086031212,
2023-07-26 15:00:00,0.04885,0.04919,0.04861,0.04912,38527512,1884298.52827,6438,20099102,983426.5392,-0.0004070004070004,ARPA-USDT,0.0488229063144514,0.0488406373165873,
2023-07-26 16:00:00,0.04913,0.04916,0.04852,0.04862,45376841,2217513.6175,7265,19403393,948771.09296,-0.0006166495375129,ARPA-USDT,0.0490935093184714,0.0490440851805707,0.0001
2023-07-26 17:00:00,0.04863,0.04883,0.04827,0.0484,36752890,1784607.9884,6254,17913490,869976.97241,-0.000413052457662,ARPA-USDT,0.0486587391867179,0.04872856778541,
2023-07-26 18:00:00,0.04841,0.0495,0.04836,0.04918,80421846,3938283.12172,13578,40457524,1981483.46071,-0.0006096321885794,ARPA-USDT,0.0486364646403619,0.0487330535021144,
2023-07-26 19:00:00,0.04918,0.04924,0.0484,0.04907,38813995,1895045.98714,7806,18608499,908464.8296,0.0002038320423971,ARPA-USDT,0.0492128495534405,0.0490991065686953,
2023-07-26 20:00:00,0.04907,0.04948,0.04902,0.04928,39420410,1940969.45303,6562,18664325,918943.04857,-0.0004056795131845,ARPA-USDT,0.0490792943157828,0.0490541882507549,
2023-07-26 21:00:00,0.04928,0.04954,0.04904,0.04909,17497637,863290.48948,4253,9332999,460445.93242,0.0002037489812551,ARPA-USDT,0.0493502735382034,0.0493772751476434,
2023-07-26 22:00:00,0.04909,0.04918,0.0487,0.04889,22342993,1092562.15275,4572,11248006,550001.99762,-0.0004089143324473,ARPA-USDT,0.0491061503396851,0.049123126425562,
2023-07-26 23:00:00,0.0489,0.04915,0.04868,0.04877,19504701,954381.23249,4331,9794530,479275.46125,-0.000819504199959,ARPA-USDT,0.0489409029163647,0.0489756870726094,
2023-07-27 00:00:00,0.04878,0.04925,0.04854,0.04871,28158007,1376233.37582,5425,12827983,627064.41385,-0.0006155108740253,ARPA-USDT,0.0488191675812831,0.0487770014157123,0.0001
2023-07-27 01:00:00,0.04871,0.04931,0.04855,0.04927,15659699,766334.69136,3505,7966538,389831.93362,-0.0006085192697767,ARPA-USDT,0.0486889313354489,0.0486169561525184,
2023-07-27 02:00:00,0.04928,0.04956,0.04909,0.04955,20505853,1010677.07827,3959,9627777,474650.01207,-0.0004034698406295,ARPA-USDT,0.0493144909705709,0.0493506945630127,
2023-07-27 03:00:00,0.04955,0.04979,0.04943,0.04947,16967749,841924.27208,3972,8700462,431783.38544,-0.0004041220448575,ARPA-USDT,0.0495391442289201,0.0495451323608264,
2023-07-27 04:00:00,0.04948,0.04974,0.04948,0.04962,12289776,610154.09231,3345,6448568,320167.36854,0.0,ARPA-USDT,0.0494964419528862,0.0495690609833548,
2023-07-27 05:00:00,0.04962,0.04981,0.04948,0.04954,15083812,748324.69217,3328,6984578,346538.60391,-0.0006052047609441,ARPA-USDT,0.0495987125949384,0.0496181516866289,
2023-07-27 06:00:00,0.04955,0.04968,0.04919,0.0492,16592943,820519.2489,3369,8004021,395891.51749,-0.0004063388866314,ARPA-USDT,0.0495858494164769,0.0496063178321949,
2023-07-27 07:00:00,0.0492,0.0495,0.04918,0.04941,15185482,749303.12925,3245,7850211,387359.26998,-0.0006067961165047,ARPA-USDT,0.0492226891623434,0.0492249966669232,
2023-07-27 08:00:00,0.04941,0.04967,0.04919,0.04961,21732699,1074319.66102,4324,10338184,511280.47048,-0.0004029820672979,ARPA-USDT,0.0493679419118936,0.0492946962803677,0.0001
2023-07-27 09:00:00,0.04963,0.04988,0.04958,0.04971,17012997,846307.61839,4113,8003131,398150.5481,-0.0006031363088058,ARPA-USDT,0.0496223429172787,0.0496222035341469,
2023-07-27 10:00:00,0.04971,0.04981,0.04939,0.04946,16096319,798744.69972,3379,7866304,390361.54879,-0.0006061830672863,ARPA-USDT,0.049717060512132,0.0497398563450191,
2023-07-27 11:00:00,0.04946,0.0496,0.04937,0.04947,12038204,595813.27731,2931,6189670,306352.62081,-0.0002021018593372,ARPA-USDT,0.049436273409123,0.0494164249440956,
2023-07-27 12:00:00,0.04948,0.04958,0.0493,0.04938,13021059,643722.60323,3283,6338945,313407.2899,-0.0006071645415908,ARPA-USDT,0.0494523124115148,0.0494516775144595,
2023-07-27 13:00:00,0.04937,0.04946,0.04915,0.04929,13295674,655257.17237,3380,6654729,327987.39122,-0.0006082725060827,ARPA-USDT,0.0493872451856231,0.0493655298938979,
2023-07-27 14:00:00,0.0493,0.0493,0.0489,0.04899,21701759,1066188.62217,5069,9870192,485054.04643,-0.0004080799836767,ARPA-USDT,0.0492792403027647,0.0492549023249207,
2023-07-27 15:00:00,0.04899,0.04935,0.04883,0.04906,22581149,1108186.21227,5204,11147716,547064.29416,-0.0004074979625101,ARPA-USDT,0.0489844582283956,0.0489862328814531,
2023-07-27 16:00:00,0.04905,0.04911,0.04871,0.04881,23906879,1168365.18809,5004,10112009,494189.45204,-0.0006142506142506,ARPA-USDT,0.049060577536972,0.0490459742636051,0.0001
2023-07-27 17:00:00,0.04881,0.04893,0.04861,0.04862,14634186,713172.82543,4005,6588389,321193.98051,-0.0006166495375129,ARPA-USDT,0.0488422766567745,0.0488633065285544,
2023-07-27 18:00:00,0.04863,0.0488,0.04828,0.04847,32247721,1566145.55076,6745,15380235,747150.21604,-0.0008245722531436,ARPA-USDT,0.0486597814416303,0.0486677390645462,
2023-07-27 19:00:00,0.04846,0.04885,0.04845,0.04874,15545605,756887.5489800001,3727,8108160,394734.06229,-0.0006151322534345,ARPA-USDT,0.0484720295970742,0.048531400173004,
2023-07-27 20:00:00,0.04874,0.04886,0.04848,0.04861,15532826,755332.8493,4507,6292760,305958.20191,-0.0002056766762648,ARPA-USDT,0.0487456836356444,0.0487834634066701,
2023-07-27 21:00:00,0.04861,0.04937,0.04861,0.04933,12975102,636297.8954,3201,6409833,314312.67168,-0.0008102086287218,ARPA-USDT,0.048625403920729,0.0486864854516518,
2023-07-27 22:00:00,0.04933,0.0495,0.04925,0.04935,17611658,869499.19138,4055,7817736,385925.04564,-0.0006075334143378,ARPA-USDT,0.0493245050498382,0.049388295446225,
2023-07-27 23:00:00,0.04935,0.04949,0.04923,0.04944,9313681,459778.25286,3311,4154350,205089.98717,-0.0002022244691608,ARPA-USDT,0.049272897159113,0.0492881052412288,
2023-07-28 00:00:00,0.04942,0.04976,0.04917,0.04976,18934428,936121.62837,5210,9280257,458919.39145,0.0002010050251255,ARPA-USDT,0.0494012634613155,0.0493886000096156,0.0001
2023-07-28 01:00:00,0.04975,0.04991,0.04962,0.04987,15914463,792246.97052,4289,7304500,363603.54316,0.0,ARPA-USDT,0.0497633655932812,0.0498069001971695,
2023-07-28 02:00:00,0.04987,0.04989,0.04955,0.04984,12511429,621936.82482,3389,6295687,312927.81296,0.0,ARPA-USDT,0.049860685912212,0.0498126528588542,
2023-07-28 03:00:00,0.04984,0.05011,0.04975,0.05009,18855823,941813.71104,4565,10299353,514468.46424,-0.0003991219317501,ARPA-USDT,0.0498337789345948,0.0497938070945519,
2023-07-28 04:00:00,0.05009,0.05009,0.04956,0.04969,21136670,1051840.26968,5545,9660175,480733.47909,0.0,ARPA-USDT,0.0500592740072987,0.0499953403880411,
2023-07-28 05:00:00,0.0497,0.04976,0.04915,0.04924,17888467,883832.41276,5671,8303673,410382.76404,-0.0010144045445323,ARPA-USDT,0.0497088130454006,0.0496644031002628,
2023-07-28 06:00:00,0.04925,0.05029,0.04921,0.04994,51043076,2545722.44039,10405,25060520,1249048.1459,-0.0006003602161297,ARPA-USDT,0.0492631109364622,0.0492476978601112,
2023-07-28 07:00:00,0.04993,0.0505,0.04987,0.05019,49773921,2500960.50137,8082,26474826,1330235.84433,-0.0009952229299363,ARPA-USDT,0.0499375485563324,0.0500059633866268,
2023-07-28 08:00:00,0.05019,0.05084,0.05018,0.05063,62103514,3141128.23171,9441,29370518,1485425.89143,-0.0001974723538703,ARPA-USDT,0.0502255522493784,0.050266783277154,0.0001
2023-07-28 09:00:00,0.05063,0.05071,0.05021,0.05062,34717573,1752972.63251,6059,16788595,847608.00416,-0.000197511356903,ARPA-USDT,0.0506137744304976,0.050591467055192,
2023-07-28 10:00:00,0.05063,0.05093,0.05032,0.05088,28896618,1463440.87461,6214,14977050,758637.06662,-0.0007855459544382,ARPA-USDT,0.0506164405070748,0.0505880839958916,
2023-07-28 11:00:00,0.05088,0.05114,0.05057,0.05098,35222719,1791126.82566,6708,17704181,900459.42908,-0.0009798157946306,ARPA-USDT,0.0509226625876846,0.050948661592905,
2023-07-28 12:00:00,0.05097,0.05281,0.05097,0.05171,255061503,13288138.44187,43127,131370430,6841327.9484,-0.0003866228494103,ARPA-USDT,0.0510575639724188,0.0511452102903176,
2023-07-28 13:00:00,0.05171,0.05233,0.05156,0.05195,110716804,5749318.03791,19026,56075543,2911500.71605,-0.0005771450557906,ARPA-USDT,0.0517714565466237,0.0519138342175785,
2023-07-28 14:00:00,0.05195,0.05253,0.05167,0.05242,90396234,4705304.04791,15446,46865092,2439407.94379,-0.0003813882532417,ARPA-USDT,0.0518967515051624,0.0518666446111836,
2023-07-28 15:00:00,0.0524,0.0536,0.05233,0.05243,241434618,12780049.59633,40746,117018804,6194878.3417,-0.0001906941266209,ARPA-USDT,0.0524704376211895,0.052548742331805,
2023-07-28 16:00:00,0.05244,0.0527,0.05135,0.05169,160796201,8364134.6068,25032,79603069,4142128.84985,-0.0001934235976789,ARPA-USDT,0.0523781541235738,0.0523889034658201,8.811e-05
2023-07-28 17:00:00,0.05169,0.05197,0.05125,0.05141,70741057,3649550.47035,11744,35068072,1809836.3507,-0.0003888780867198,ARPA-USDT,0.0516342384254049,0.0515997954225578,
2023-07-28 18:00:00,0.0514,0.05184,0.05131,0.05153,35376624,1826627.53724,7657,19183397,990683.03238,-0.0005818463925524,ARPA-USDT,0.0513592130460531,0.0513815374644569,
2023-07-28 19:00:00,0.05154,0.05157,0.05123,0.05148,25694963,1321102.98943,6038,12267532,630852.04301,-0.0001942124684405,ARPA-USDT,0.0515253851249511,0.0515156830312553,
2023-07-28 20:00:00,0.05148,0.05183,0.05143,0.0518,27652665,1428546.50299,7318,14301617,738897.66706,-0.0005788153579008,ARPA-USDT,0.0514789508996519,0.0514668686174742,
2023-07-28 21:00:00,0.0518,0.05182,0.05138,0.05177,20054114,1034451.40153,5937,10828712,558543.45446,0.0001931993817618,ARPA-USDT,0.0517828008067614,0.0517409770273681,
2023-07-28 22:00:00,0.05177,0.05177,0.05149,0.05156,15481717,799378.28249,4554,7893828,407574.59566,-0.0003877471888328,ARPA-USDT,0.0517394825184104,0.0516698056414417,
2023-07-28 23:00:00,0.05157,0.05183,0.05138,0.05139,15559197,802388.1266600001,4037,7194908,370975.31984,-0.000583430571762,ARPA-USDT,0.0516129283387849,0.0516866708661632,
2023-07-29 00:00:00,0.05139,0.0518,0.05109,0.0518,30078915,1546333.183,6740,13446163,691493.43776,-0.0001930129318664,ARPA-USDT,0.0513925267012013,0.0512802095803003,0.0001
2023-07-29 01:00:00,0.05181,0.0519,0.05154,0.05187,20530870,1061901.20196,4442,10005730,517604.14814,0.0001928268414963,ARPA-USDT,0.0517471483156732,0.0516802978680569,
2023-07-29 02:00:00,0.05187,0.05187,0.0515,0.05178,19065026,984820.57463,4572,9457202,488479.4321,-0.0003861003861003,ARPA-USDT,0.0518100696116975,0.0517376278018781,
2023-07-29 03:00:00,0.05179,0.0519,0.05156,0.05173,14684953,759632.84589,3662,7710903,398846.92061,-0.0005795981452859,ARPA-USDT,0.0517964933940718,0.0517536674425631,
2023-07-29 04:00:00,0.05174,0.05188,0.05134,0.05139,18638533,961647.36005,4082,8047610,415265.56164,0.0001946282600233,ARPA-USDT,0.0517599352498684,0.0517435879967679,
2023-07-29 05:00:00,0.05138,0.05201,0.05137,0.05182,23398612,1209728.31161,6066,13055376,674994.04953,-0.0005785920925748,ARPA-USDT,0.0513802222314358,0.0514428004517509,
2023-07-29 06:00:00,0.05183,0.05216,0.05151,0.05173,28106557,1456826.63572,5544,14243900,738308.39404,-0.0001932740626208,ARPA-USDT,0.0518539366817043,0.051937324568519,
2023-07-29 07:00:00,0.05174,0.05204,0.05167,0.0519,19495205,1010718.51655,4691,9628363,499179.40995,-0.0003852080123266,ARPA-USDT,0.0517893229820664,0.0518144601445798,
2023-07-29 08:00:00,0.05191,0.05196,0.0514,0.05143,22564244,1166314.94346,4877,9803399,506972.04127,-0.0003887269193393,ARPA-USDT,0.0518341603295221,0.0517718350080391,0.0001
2023-07-29 09:00:00,0.05143,0.05147,0.05119,0.05139,23737292,1218769.96954,5338,9873008,506966.72323,-0.0003890293717175,ARPA-USDT,0.051398273911009,0.051384733906909,
2023-07-29 10:00:00,0.05139,0.05146,0.05114,0.05126,22771762,1167950.27744,4816,10700426,548810.95753,-0.000390015600624,ARPA-USDT,0.0513618746735508,0.0513162557564815,
2023-07-29 11:00:00,0.05127,0.05133,0.05059,0.0507,47881276,2435490.77694,7175,16056659,816817.86366,-0.0007883326763894,ARPA-USDT,0.0512695254360329,0.0512553594486655,
2023-07-29 12:00:00,0.05071,0.05098,0.0507,0.05078,27390959,1392800.78403,5900,13505917,686739.8674,-0.0003937007874015,ARPA-USDT,0.0507572011377815,0.0508161808802965,
2023-07-29 13:00:00,0.05079,0.05103,0.05077,0.05093,24660685,1255667.00579,5063,12858186,654684.94204,-0.0001963093835884,ARPA-USDT,0.0508040346838598,0.0508756882989324,
2023-07-29 14:00:00,0.05093,0.051,0.05072,0.05091,16279924,828034.47328,3531,7973537,405562.76674,0.0,ARPA-USDT,0.0509317996964086,0.0508956536979514,
2023-07-29 15:00:00,0.0509,0.05112,0.05082,0.05107,16357660,834097.75749,3398,7768960,396200.02062,-0.0003914660403211,ARPA-USDT,0.0509176136494252,0.0508774073945251,
2023-07-29 16:00:00,0.05107,0.0511,0.05083,0.05105,14859648,756909.69614,3042,6929261,352987.82651,0.0,ARPA-USDT,0.0510778161895106,0.0510234662453632,0.0001
2023-07-29 17:00:00,0.05106,0.05115,0.05098,0.05108,13412849,684987.32201,3156,6916272,353218.2112,-0.0001957330201605,ARPA-USDT,0.0510588869475722,0.0510445300776931,
2023-07-29 18:00:00,0.0511,0.05116,0.05094,0.05102,10997785,561223.38317,2862,4781712,244018.86727,0.0,ARPA-USDT,0.0511377427168822,0.051127243799634,
2023-07-29 19:00:00,0.05103,0.05115,0.051,0.05107,9496839,484982.46854,2620,4310767,220139.04713,0.0,ARPA-USDT,0.0510543735614308,0.0510641417673278,
2023-07-29 20:00:00,0.05108,0.05117,0.05097,0.05113,12619353,644580.6308,2784,5303813,270946.52778,-0.0001955416503715,ARPA-USDT,0.0510964859136799,0.0510532671567977,
2023-07-29 21:00:00,0.05114,0.05119,0.05094,0.05097,10394409,530751.69908,2349,5055596,258128.05486,-0.0007841599686335,ARPA-USDT,0.0511571850205552,0.0511661033284321,
2023-07-29 22:00:00,0.05097,0.05115,0.05091,0.05099,12784431,652223.55238,2881,7011402,357701.04117,-0.0003920799843167,ARPA-USDT,0.0510018606046505,0.0510610193520075,
2023-07-29 23:00:00,0.051,0.0512,0.05092,0.05116,10148870,518461.02364,2980,4427553,226159.5596,-0.0005860519632741,ARPA-USDT,0.0509687190941906,0.050970802675538,
2023-07-30 00:00:00,0.05116,0.05121,0.05093,0.05118,14208840,725833.27332,3595,6752621,344938.98604,-0.0005858230814292,ARPA-USDT,0.0511954706201781,0.0511698479696554,0.0001
2023-07-30 01:00:00,0.05117,0.05125,0.05081,0.05082,12210513,622656.24369,2949,6269417,319773.13681,0.0,ARPA-USDT,0.0511886500508828,0.0511786098549452,
2023-07-30 02:00:00,0.05082,0.05112,0.05071,0.05109,14831007,754184.05882,3355,7554525,384187.94302,-0.0003913128546272,ARPA-USDT,0.0508137264259409,0.0507685275372449,
2023-07-30 03:00:00,0.05109,0.05122,0.05099,0.05099,7038979,359826.44478,2469,3634612,185816.06532,-0.0009796238244514,ARPA-USDT,0.0510942784691021,0.0511308155456007,
2023-07-30 04:00:00,0.051,0.05125,0.05097,0.05118,8518787,435268.80572,2896,5199558,265639.04661,-0.0003906249999999,ARPA-USDT,0.0510312452764684,0.051027502117271,
2023-07-30 05:00:00,0.0512,0.05125,0.05084,0.05086,8000964,408346.67925,2264,3382765,172624.30903,-0.0001965795164142,ARPA-USDT,0.0512220158473453,0.0512044746244168,
2023-07-30 06:00:00,0.05086,0.05092,0.05059,0.05068,14942877,758056.27108,3082,7628732,386987.7699,-0.0003944773175542,ARPA-USDT,0.0508776843177647,0.0508880024799989,
2023-07-30 07:00:00,0.05068,0.05079,0.05062,0.0507,10135799,513866.47124,3041,5575818,282667.56837,-0.0003943217665615,ARPA-USDT,0.0506728545343322,0.0506628881056226,
2023-07-30 08:00:00,0.05071,0.05091,0.05068,0.05086,9228545,468916.347,2809,4944705,251225.06415,-0.0003930817610062,ARPA-USDT,0.0507044894373555,0.0507022636938325,0.0001
2023-07-30 09:00:00,0.05085,0.05086,0.05064,0.05075,10618434,538557.59897,2211,4709923,238888.50699,0.0001970831690973,ARPA-USDT,0.0508516734173731,0.0508015358255809,
2023-07-30 10:00:00,0.05076,0.05079,0.05039,0.05053,16199859,818962.13832,3636,6589929,333175.08548,0.0,ARPA-USDT,0.0507483816190925,0.0507317620948607,
2023-07-30 11:00:00,0.05054,0.05071,0.05045,0.05054,8682419,438944.55535,2234,4744379,239850.8815,-0.0003955696202531,ARPA-USDT,0.050534661296354,0.05055651740686,
2023-07-30 12:00:00,0.05054,0.05068,0.05054,0.05057,5354412,270977.17353,1792,2728147,138070.15068,0.0001977848101264,ARPA-USDT,0.0505406326440951,0.0505643378085638,
2023-07-30 13:00:00,0.05057,0.05062,0.0503,0.05039,13302254,671070.92348,3058,5644935,284806.61763,0.0001984914648669,ARPA-USDT,0.0505621540721601,0.0505842389263924,
2023-07-30 14:00:00,0.05039,0.05054,0.05021,0.05049,14469540,729233.32794,3336,6761074,340783.11089,0.0,ARPA-USDT,0.0503679976282077,0.0503742584055233,
2023-07-30 15:00:00,0.05048,0.05065,0.05026,0.05037,11652697,588483.65542,2626,5386154,272020.8409,-0.0003969041476483,ARPA-USDT,0.0505021729852672,0.0505678724587166,
2023-07-30 16:00:00,0.05037,0.05062,0.05036,0.05057,11648568,588068.18753,2846,6275326,316785.51303,-0.0007903576368307,ARPA-USDT,0.0503775438273161,0.0503945140094069,0.0001
2023-07-30 17:00:00,0.05056,0.05078,0.05056,0.05067,9456692,479205.61936,2541,4771833,241822.81834,-0.0001973164956591,ARPA-USDT,0.0505764672784075,0.0506073616080305,
2023-07-30 18:00:00,0.05067,0.05068,0.05044,0.05048,6533572,330312.12614,1917,3220377,162800.22044,-0.0001980590215885,ARPA-USDT,0.0506545982154373,0.0506391251504426,
2023-07-30 19:00:00,0.05047,0.05051,0.0492,0.04966,43231187,2151614.0477,8562,15921225,791968.63926,-0.0006037432078888,ARPA-USDT,0.0504708434249893,0.0504635337734511,
2023-07-30 20:00:00,0.04965,0.04999,0.04813,0.04998,73602255,3620621.62682,13083,31938156,1572758.63699,-0.0002000400080016,ARPA-USDT,0.04949871480668,0.0491335661569951,
2023-07-30 21:00:00,0.04997,0.05024,0.04992,0.05008,14183230,710343.14556,3373,7586297,379877.54182,-0.0003992015968063,ARPA-USDT,0.0499693715835329,0.049984854231956,
2023-07-30 22:00:00,0.05007,0.05013,0.04983,0.04992,13825075,690902.02556,3173,7064916,353040.02775,-0.000400480576692,ARPA-USDT,0.04998174238671,0.049997030947234,
2023-07-30 23:00:00,0.04992,0.05033,0.0499,0.05023,8517820,427329.70828,2583,4324323,216921.88896,-0.0005968961400716,ARPA-USDT,0.0499209829630059,0.0499808787122589,
2023-07-31 00:00:00,0.05024,0.0509,0.05006,0.05085,21120940,1065449.29703,4353,10274339,518256.47628,0.0005903187721369,ARPA-USDT,0.0502038069035597,0.0502097169394398,0.0001
2023-07-31 01:00:00,0.05085,0.05091,0.05044,0.05075,9346502,473470.14472,2445,4259886,215718.99774,-0.0001970055161544,ARPA-USDT,0.050883036025526,0.0508265678980957,
2023-07-31 02:00:00,0.05075,0.05096,0.05063,0.05089,9084397,461680.42562,2185,4433708,225308.71771,-0.0005891594658288,ARPA-USDT,0.0507769036401556,0.0508414688508523,
2023-07-31 03:00:00,0.05089,0.05142,0.05087,0.05124,23235221,1189595.22872,4794,13437804,687677.71016,0.0,ARPA-USDT,0.0509201600353474,0.0509594785119596,
2023-07-31 04:00:00,0.05123,0.05129,0.05071,0.05077,15969217,813289.86432,3222,7448570,379433.79328,-0.0007872466049989,ARPA-USDT,0.0512553778022292,0.0512120288574118,
2023-07-31 05:00:00,0.05077,0.05093,0.05065,0.05076,9118526,462987.5944,2470,4122651,209328.50153,-0.0005906674542233,ARPA-USDT,0.0507612962932291,0.0507228327982546,
2023-07-31 06:00:00,0.05075,0.05093,0.05069,0.05088,7807338,396612.75753,2225,4105551,208592.00493,-0.0003929273084478,ARPA-USDT,0.0507386484155504,0.0507487844347816,
2023-07-31 07:00:00,0.05088,0.05091,0.05055,0.05057,12533134,635388.17251,2739,5234967,265298.90303,-0.000592885375494,ARPA-USDT,0.0508874274150642,0.0508809293192012,
2023-07-31 08:00:00,0.05057,0.05126,0.05055,0.05105,29374282,1496636.07606,5682,14800032,753675.48654,-0.000782932080642,ARPA-USDT,0.0505918847566456,0.0506428704493249,0.0001
2023-07-31 09:00:00,0.05105,0.05112,0.05081,0.05107,14369435,732532.78959,2948,6144256,313225.66643,-0.0007826257092546,ARPA-USDT,0.0510128921053075,0.0509760064855768,
2023-07-31 10:00:00,0.05107,0.05166,0.05107,0.05158,26253033,1349385.69584,4738,14283647,734090.71347,-0.0007748934521503,ARPA-USDT,0.0510942395834374,0.0511421920293142,
2023-07-31 11:00:00,0.05158,0.05158,0.05119,0.05151,19258100,989061.62719,3391,8057589,413933.99969,-0.000194099378882,ARPA-USDT,0.0515011041882152,0.0514762424610453,
2023-07-31 12:00:00,0.0515,0.05159,0.05125,0.05127,16805046,864251.7324,3279,7461770,383852.88292,-0.0003899395593682,ARPA-USDT,0.0514753465263849,0.0514469410112836,
2023-07-31 13:00:00,0.05127,0.05137,0.05065,0.05095,28794132,1470067.15404,5861,15239274,778247.85651,0.0,ARPA-USDT,0.0513050826765405,0.0513070362696756,
2023-07-31 14:00:00,0.05095,0.05136,0.05081,0.05101,21627881,1105854.63699,4507,11906817,608765.041,-0.0001960015680125,ARPA-USDT,0.0508709159310979,0.0509445248996116,
2023-07-31 15:00:00,0.051,0.05104,0.05059,0.05069,20877451,1060818.63136,3992,9921356,504147.4911,-0.0005914826498423,ARPA-USDT,0.0510065916865641,0.050959042859094,
2023-07-31 16:00:00,0.05068,0.0513,0.0506,0.05108,29749034,1518060.53292,5833,14188211,724252.85016,0.0,ARPA-USDT,0.0506772802166537,0.0507801696581772,0.0001
2023-07-31 17:00:00,0.05107,0.05111,0.05075,0.05094,12226566,622943.12173,3012,6619041,337238.01943,0.0,ARPA-USDT,0.0510989026979174,0.0510573084869016,
2023-07-31 18:00:00,0.05094,0.05117,0.0509,0.05097,9603836,490086.68163,2472,4658924,237706.93941,-0.0003922337713276,ARPA-USDT,0.0509377545482264,0.0509945087521006,
2023-07-31 19:00:00,0.05096,0.05125,0.05069,0.05092,18577216,947776.67723,3833,9473341,483355.65288,-0.0005888125613346,ARPA-USDT,0.0509258945172597,0.0509498487554301,
2023-07-31 20:00:00,0.05093,0.05224,0.05061,0.05188,144916187,7491116.30805,22633,76596869,3960214.59883,-0.001155179052753,ARPA-USDT,0.0508806284778177,0.0508607753190636,
2023-07-31 21:00:00,0.05188,0.05242,0.05153,0.05175,69068553,3586395.07591,12492,33706910,1750357.94224,-0.0003863241259416,ARPA-USDT,0.0517634843832526,0.0516820245481523,
2023-07-31 22:00:00,0.05175,0.05175,0.05109,0.05117,37048842,1906324.25714,5962,14884312,766022.91191,-0.0005859375,ARPA-USDT,0.0517058799400639,0.051635766786739,
2023-07-31 23:00:00,0.05117,0.05163,0.05114,0.05158,20391903,1048997.33376,3757,10894720,560382.50861,-0.0001938360147314,ARPA-USDT,0.0511626249429529,0.0512527928227683,
2023-08-01 00:00:00,0.05158,0.05257,0.05138,0.05229,66749008,3477786.01755,10471,33120967,1725598.38474,-0.00019120458891,ARPA-USDT,0.0515706394028182,0.0515813298943211,0.0001
2023-08-01 01:00:00,0.05228,0.0527,0.05186,0.05209,67392284,3522724.15819,10525,32970315,1723874.63417,0.0001920122887864,ARPA-USDT,0.0523155573306251,0.0523773808329242,
2023-08-01 02:00:00,0.05208,0.05285,0.05023,0.05256,210902335,10961305.76595,31958,105110644,5467546.39473,-0.0005704506560181,ARPA-USDT,0.0522080028722129,0.0521895720454044,
2023-08-01 03:00:00,0.05256,0.05347,0.05142,0.05157,282392203,14865814.26445,40344,134722352,7097219.51219,-0.0007750435962023,ARPA-USDT,0.0525843161206882,0.0525436836819475,
2023-08-01 04:00:00,0.05157,0.05282,0.05152,0.05245,147366946,7697920.04759,23128,77719760,4059728.28359,0.0001906941266207,ARPA-USDT,0.0516890649098442,0.0518825132616141,
2023-08-01 05:00:00,0.05245,0.05259,0.05172,0.05247,114213040,5949855.79365,16146,53906973,2808168.36951,-0.0005714285714284,ARPA-USDT,0.0524218397226986,0.0523194646183292,
2023-08-01 06:00:00,0.05246,0.05323,0.05232,0.05298,182830340,9663943.36976,27092,92048409,4865586.69046,-0.000942862530643,ARPA-USDT,0.0525025692675275,0.0524322294146915,
2023-08-01 07:00:00,0.05299,0.05309,0.05227,0.05261,105515773,5556221.0988,15780,51840323,2730399.79339,-0.0011391684070629,ARPA-USDT,0.0529831849390366,0.0529698358458999,
2023-08-01 08:00:00,0.05262,0.05279,0.05225,0.05231,62966347,3310793.44314,10553,30784454,1618769.30195,-0.0001911314984708,ARPA-USDT,0.0525648565980719,0.0526574618098977,0.0001
2023-08-01 09:00:00,0.05232,0.05233,0.05136,0.0517,91667380,4745860.94095,15828,45534554,2357199.63937,0.0,ARPA-USDT,0.0522497029185364,0.0521524335126406,
2023-08-01 10:00:00,0.0517,0.05172,0.05072,0.05077,75995950,3884934.13766,13395,32620333,1667510.47787,-0.0001969279243796,ARPA-USDT,0.0516352030393904,0.0516047115419142,
2023-08-01 11:00:00,0.05077,0.05101,0.05056,0.05096,45685616,2317677.49776,9519,23515156,1193120.43622,-0.0003923107100823,ARPA-USDT,0.0506925167662965,0.0507041245373785,
2023-08-01 12:00:00,0.05097,0.05128,0.05086,0.05114,49022026,2504222.77952,8998,23385329,1194610.15507,-0.0005862810240375,ARPA-USDT,0.0509954695648166,0.0510415906220804,
2023-08-01 13:00:00,0.05115,0.05165,0.0511,0.05164,33302096,1711691.96959,6847,15903484,817536.59966,-0.0007739938080495,ARPA-USDT,0.0511675917461978,0.0511522784349332,
2023-08-01 14:00:00,0.05163,0.05178,0.05118,0.05144,43102746,2219310.55295,8531,18952832,975939.4283,-0.0005828638041578,ARPA-USDT,0.0517104218571577,0.0516658706526918,
2023-08-01 15:00:00,0.05143,0.05186,0.05072,0.05182,62026604,3187745.81703,10879,29934929,1539195.97032,-0.0001929384526336,ARPA-USDT,0.0514557143221955,0.0514000995668604,
2023-08-01 16:00:00,0.05182,0.05186,0.05131,0.05157,35798362,1848973.07155,6705,16940400,875157.46711,0.0,ARPA-USDT,0.051736829487436,0.0517063260880833,0.0001
2023-08-01 17:00:00,0.05156,0.05184,0.05155,0.05169,13535234,700319.75541,3914,6751129,349268.32506,-0.0003867723844517,ARPA-USDT,0.0515788190473383,0.0516221005223075,
2023-08-01 18:00:00,0.05169,0.0518,0.0514,0.05169,21896925,1130206.53339,4477,10136705,523168.27682,0.0,ARPA-USDT,0.051721684619661,0.0516824674710281,
2023-08-01 19:00:00,0.0517,0.05189,0.05152,0.05173,16438207,849983.74646,3884,7820633,404432.63341,-0.0003864734299516,ARPA-USDT,0.0517216674977577,0.0516619002430489,
2023-08-01 20:00:00,0.05174,0.05179,0.05122,0.05141,21192703,1089558.66612,4386,9364642,481289.82563,0.0001945525291828,ARPA-USDT,0.0517268676113067,0.0517089052526039,
2023-08-01 21:00:00,0.0514,0.0516,0.05129,0.05146,10908581,561325.83048,2899,5055262,260116.4114,0.0007779074290159,ARPA-USDT,0.0514161385039215,0.051401588974996,
2023-08-01 22:00:00,0.05146,0.05159,0.05125,0.05156,11496266,591424.74569,2774,5137409,264304.64941,0.0,ARPA-USDT,0.0514509047143388,0.0513593817999723,
2023-08-01 23:00:00,0.05155,0.05206,0.05143,0.052,40796858,2112990.47155,6339,19899502,1030608.24106,-0.0001922707171698,ARPA-USDT,0.0515313746041278,0.0515075532549141,
2023-08-02 00:00:00,0.052,0.05234,0.05198,0.0521,32910958,1716738.4325,5970,14402039,751317.78597,-0.0001919017463057,ARPA-USDT,0.0520417292026856,0.0520418248170664,0.0001
2023-08-02 01:00:00,0.0521,0.05246,0.052,0.05217,21137814,1104911.27075,4319,8905957,465527.1346,-0.0003832151753209,ARPA-USDT,0.0521356016952503,0.0520867729206193,
2023-08-02 02:00:00,0.05217,0.05248,0.05203,0.05209,17788821,929851.92177,3955,8939616,467423.79032,-0.0001919385796546,ARPA-USDT,0.0521683179269123,0.0521514003639917,
2023-08-02 03:00:00,0.05209,0.05213,0.05153,0.05156,21129255,1094860.8557,4189,8507673,440782.64689,-0.0001939111886755,ARPA-USDT,0.0521111310266511,0.0520690544422157,
2023-08-02 04:00:00,0.05156,0.05164,0.05131,0.05147,18573984,955949.50225,3415,8033616,413463.1361,0.0,ARPA-USDT,0.0515763323796022,0.0515669817392579,
2023-08-02 05:00:00,0.05147,0.0515,0.05133,0.05134,11414967,586980.18253,3072,5796540,298083.32170000003,-0.0005839984426708,ARPA-USDT,0.051460441833458,0.0514235138858559,
2023-08-02 06:00:00,0.05133,0.05143,0.05101,0.05102,23553397,1206431.91155,4998,10084614,516607.00566,-0.0005876591576884,ARPA-USDT,0.0513306203120969,0.0513751178393397,
2023-08-02 07:00:00,0.05102,0.05133,0.0509,0.05095,18612400,951139.75384,4429,8878639,453695.96451,-0.0003923876790268,ARPA-USDT,0.050993329122805,0.0510252901299848,
2023-08-02 08:00:00,0.05095,0.05117,0.05072,0.05102,29599587,1507093.78413,6328,14380109,732293.6379,-0.0005876591576884,ARPA-USDT,0.0509454451471005,0.05090597668516,0.0001
2023-08-02 09:00:00,0.05102,0.05113,0.05096,0.05103,9402595,479943.46797,2770,4883530,249263.42658,-0.0005875440658049,ARPA-USDT,0.0510161819740459,0.0509921799816466,
2023-08-02 10:00:00,0.05103,0.0511,0.05089,0.05106,10026393,511399.82108,2712,3943982,201137.41561,-0.0005871990604815,ARPA-USDT,0.0510385850840899,0.051058265004331,
2023-08-02 11:00:00,0.05105,0.05124,0.05103,0.0512,12026146,615163.76659,2529,5635506,288233.09453,0.0,ARPA-USDT,0.0510679006516351,0.0510719538291062,
2023-08-02 12:00:00,0.05119,0.05127,0.05083,0.05085,21648560,1104820.17836,3939,10605560,541469.70501,-0.0009823182711198,ARPA-USDT,0.051155952043019,0.0510963753952212,
2023-08-02 13:00:00,0.05084,0.051,0.05075,0.05078,15363643,781178.80753,3250,6999482,355940.46189,-0.0007870916961825,ARPA-USDT,0.050865057328565,0.0508723921122044,
2023-08-02 14:00:00,0.05078,0.05083,0.05044,0.05056,31453173,1592038.59126,6109,13765696,696860.8362499999,-0.000790513833992,ARPA-USDT,0.0507777394888974,0.0507599139152806,
2023-08-02 15:00:00,0.05055,0.05078,0.05025,0.05077,28081779,1419465.78503,5202,13232529,668895.79111,-0.0003937783028155,ARPA-USDT,0.0505523890339084,0.0505049412551312,
2023-08-02 16:00:00,0.05077,0.05077,0.04953,0.05009,46053054,2311233.84474,9191,20214045,1014636.28712,-0.000199600798403,ARPA-USDT,0.0507245793434623,0.0507035369623443,0.0001
2023-08-02 17:00:00,0.05007,0.05046,0.04999,0.05019,24142010,1212943.69954,5385,11418565,573618.64123,-0.0007963368504877,ARPA-USDT,0.0500264207719701,0.0501664371056459,
2023-08-02 18:00:00,0.05019,0.05028,0.05001,0.05005,8930929,448142.53303,2420,4674670,234560.80594,-0.0003994407829041,ARPA-USDT,0.0501842352349048,0.0501851599343284,
2023-08-02 19:00:00,0.05005,0.05024,0.05002,0.05012,7050981,353595.54776,2031,3569590,179017.30704,-0.0005982053838484,ARPA-USDT,0.0500374471691331,0.0500634696027731,
2023-08-02 20:00:00,0.05012,0.05036,0.05011,0.0502,9292998,467072.24245,2394,5274544,265104.65906,-0.0005972526378656,ARPA-USDT,0.0501360933030034,0.0501930047859376,
2023-08-02 21:00:00,0.0502,0.05041,0.05001,0.0503,7624466,382754.27305,2039,4766103,239264.48087,-0.0005960659646334,ARPA-USDT,0.0501940089978281,0.0501805398035141,
2023-08-02 22:00:00,0.05029,0.05044,0.05016,0.05016,10597900,533150.88027,2306,5723240,287926.29347,-0.000796812749004,ARPA-USDT,0.0503077356595557,0.0503045924525152,
2023-08-02 23:00:00,0.05016,0.05022,0.05006,0.05015,6819422,341865.12618,2163,3663739,183668.45247,-0.0001993620414673,ARPA-USDT,0.0501548482673181,0.0501464185168825,
2023-08-03 00:00:00,0.05015,0.05045,0.05004,0.05027,10503617,527614.5072400001,2705,5787400,290599.42953,-0.0007950705625123,ARPA-USDT,0.0500948936877076,0.0501085587677384,0.0001
2023-08-03 01:00:00,0.05027,0.05051,0.0502,0.0505,7355874,370277.26686,2092,4053164,204023.68495,-0.0003958828186856,ARPA-USDT,0.0502566168600832,0.0502820414931618,
2023-08-03 02:00:00,0.05051,0.05068,0.05015,0.05027,10544742,531582.75281,2705,5438694,274310.77328,-0.0003976933784052,ARPA-USDT,0.0505303480477364,0.0505828046929044,
2023-08-03 03:00:00,0.05026,0.05029,0.05004,0.05012,5922899,296962.07875,1807,2784660,139600.68203,0.0,ARPA-USDT,0.0502758509759723,0.0502241414097899,
2023-08-03 04:00:00,0.05012,0.05019,0.04996,0.05014,9023410,452047.49852,2288,5148778,257929.01975,-0.0007971303308091,ARPA-USDT,0.0501314633634149,0.0501235896520216,
2023-08-03 05:00:00,0.05013,0.05059,0.05008,0.05052,9016031,453852.9562,2806,4764261,239819.86948,-0.0003957261574989,ARPA-USDT,0.0501480553338079,0.0501842043517024,
2023-08-03 06:00:00,0.05051,0.05062,0.05017,0.05033,17375997,876663.09467,4372,8431483,425340.90396,-0.0005957108816521,ARPA-USDT,0.0504827454802247,0.0505057202241938,
2023-08-03 07:00:00,0.05031,0.05046,0.05012,0.05014,22737244,1143269.44897,4885,11534328,579944.89289,-0.0005979669124975,ARPA-USDT,0.0503188093430133,0.0503125230299057,
2023-08-03 08:00:00,0.05014,0.05017,0.0497,0.05013,28072294,1402980.52116,6132,14967527,748075.11963,-0.0003988035892322,ARPA-USDT,0.0501249532826069,0.0500925330741449,0.0001
2023-08-03 09:00:00,0.05012,0.05018,0.04989,0.04998,12387262,619299.08088,2796,5711124,285547.49432,-0.0005998800239952,ARPA-USDT,0.0501422662272638,0.0501357460937703,
2023-08-03 10:00:00,0.04999,0.05015,0.04991,0.05012,7696529,385143.57076,2321,4542259,227307.43046,-0.0003988831272436,ARPA-USDT,0.0499674703649027,0.0500015802615939,
2023-08-03 11:00:00,0.05012,0.05019,0.05,0.05016,7386031,370023.58173,2098,4093412,205059.76996,-0.0003985651654044,ARPA-USDT,0.0500786584880382,0.0500861853756166,
2023-08-03 12:00:00,0.05015,0.05019,0.04987,0.05,12767041,638503.73047,2969,7221291,361130.9657,-0.0009990009990008,ARPA-USDT,0.0501708370183466,0.0501501019829175,
2023-08-03 13:00:00,0.05,0.05034,0.04998,0.05033,12741244,639043.39191,3298,7066828,354418.70273,-0.0003972194637537,ARPA-USDT,0.0500260054571701,0.0500346194316152,
2023-08-03 14:00:00,0.05034,0.05079,0.05032,0.05076,16423119,830004.47999,4419,8948649,452352.34792,-0.0005906674542233,ARPA-USDT,0.0503495078558743,0.0503889302547155,
2023-08-03 15:00:00,0.05076,0.05094,0.05062,0.05089,15893853,806969.14051,3781,7928740,402617.51314,-0.0001964636542239,ARPA-USDT,0.0507641997904053,0.0507677102410268,
2023-08-03 16:00:00,0.05088,0.05119,0.0508,0.05109,31144044,1589232.06611,5382,14463507,738073.411,-0.0009777082518575,ARPA-USDT,0.0508507490325475,0.0509837481046693,0.0001
2023-08-03 17:00:00,0.0511,0.05169,0.05067,0.05073,56459720,2891936.4463,10480,25109942,1287285.88444,-0.0003940886699508,ARPA-USDT,0.051150588589341,0.05118264113623,
2023-08-03 18:00:00,0.05073,0.05108,0.05068,0.05107,24749232,1258817.04847,4450,12610051,641487.17126,-0.0003914660403211,ARPA-USDT,0.0507801522836257,0.0507744081566362,
2023-08-03 19:00:00,0.05106,0.05136,0.051,0.0513,12960255,663195.93397,2856,6916908,354004.92702,-0.0005844535359439,ARPA-USDT,0.0510739331064569,0.0510848261884974,
2023-08-03 20:00:00,0.05129,0.05137,0.05094,0.05096,13581224,695236.78342,2845,5775096,295724.80548,-0.0003923107100823,ARPA-USDT,0.0512740699029347,0.0513112974140343,
2023-08-03 21:00:00,0.05097,0.05103,0.05053,0.05063,13183156,669730.9389,2944,6701418,340566.6516,-0.001183665417242,ARPA-USDT,0.0509713264103923,0.0509986480734868,
2023-08-03 22:00:00,0.05062,0.05079,0.05025,0.05055,39839554,2012510.45673,7136,20244271,1022663.26461,-0.0009881422924901,ARPA-USDT,0.0506521991070383,0.0507026754028043,
2023-08-03 23:00:00,0.05055,0.05069,0.05046,0.05053,13675844,691570.25518,3029,6434880,325403.47056,-0.0005933544303797,ARPA-USDT,0.0505684173252942,0.0505270931786192,
2023-08-04 00:00:00,0.05053,0.0509,0.05045,0.05079,17964280,909707.32144,3985,8828243,447123.06601,-0.0001968503937007,ARPA-USDT,0.0505148229679452,0.0505495678439717,0.0001
2023-08-04 01:00:00,0.05079,0.05096,0.05064,0.05072,11924928,605966.90831,2855,5679428,288636.71642,-0.0009848335631278,ARPA-USDT,0.0507664113632756,0.050809471701975,
2023-08-04 02:00:00,0.05073,0.05104,0.05065,0.05091,14554784,740233.95355,3087,7931114,403434.60009,-0.0005889281507656,ARPA-USDT,0.0507462224197554,0.0507646042977238,
2023-08-04 03:00:00,0.0509,0.0509,0.05062,0.0507,6217415,315578.68398,1765,3000441,152307.37502,-0.0003943217665615,ARPA-USDT,0.0508914562393868,0.0508725296605454,
2023-08-04 04:00:00,0.05069,0.05069,0.05001,0.05042,19190960,964854.08651,4997,7923393,398315.80122,-0.000396510705789,ARPA-USDT,0.0506552194106094,0.050608836567222,
2023-08-04 05:00:00,0.05041,0.05046,0.05016,0.05022,10110440,508686.15749,2805,5504987,276986.29823,-0.0001990842126218,ARPA-USDT,0.0504049078245638,0.0503785949056878,
2023-08-04 06:00:00,0.05021,0.05102,0.05021,0.05035,32652513,1655092.2733,6795,14348998,727162.01859,-0.000397061743101,ARPA-USDT,0.0502332076147655,0.0502871733803752,
2023-08-04 07:00:00,0.05035,0.05052,0.05022,0.05033,10866625,547082.32543,2912,4984134,250902.76618,0.0,ARPA-USDT,0.050302374731447,0.0502869926532218,
2023-08-04 08:00:00,0.05033,0.05069,0.05029,0.05035,18087650,912956.23284,3956,8120709,409983.46308,0.0,ARPA-USDT,0.0503314743206325,0.0503393743106848,-1.747e-05
2023-08-04 09:00:00,0.05034,0.05039,0.05022,0.05024,7659110,385189.76508,2038,3616186,181855.60723,-0.0001990049751244,ARPA-USDT,0.0503096580352258,0.0503158690561468,
2023-08-04 10:00:00,0.05024,0.05024,0.05008,0.05009,7518219,377056.90203,2085,3145886,157784.1378,-0.0007979253939756,ARPA-USDT,0.0502204093159872,0.0502060269865344,
2023-08-04 11:00:00,0.05009,0.05022,0.05005,0.05011,8165291,409146.27011,2355,4652406,233132.8748,-0.0005983246908655,ARPA-USDT,0.0500821049817494,0.0500719348456762,
2023-08-04 12:00:00,0.0501,0.05061,0.0499,0.05058,30561127,1535220.23444,5752,15096617,758727.30125,-0.0005927682276229,ARPA-USDT,0.050042967727549,0.0499982446793571,
2023-08-04 13:00:00,0.05057,0.05089,0.05055,0.05066,22089712,1120552.48172,4375,9825853,498559.06994,-0.0003946329913181,ARPA-USDT,0.0505796989111939,0.0505922198509905,
2023-08-04 14:00:00,0.05064,0.05087,0.05042,0.0508,15010388,760335.66819,3178,7578455,383986.10126,-0.0001968116512498,ARPA-USDT,0.050598974935501,0.0505531350939428,
2023-08-04 15:00:00,0.05081,0.05082,0.05062,0.0507,12826181,650241.56754,2637,6667094,338039.84981,0.000394632991318,ARPA-USDT,0.0507869574798973,0.0507275504193513,
2023-08-04 16:00:00,0.0507,0.05077,0.05052,0.05067,11615130,588210.30374,2575,4427512,224277.56435,-0.000788799053441,ARPA-USDT,0.0507348444811519,0.0506978990252663,0.0001
2023-08-04 17:00:00,0.05066,0.05068,0.05046,0.05049,7413313,374747.55196,1907,3481958,175997.19465999998,-0.0009893153937475,ARPA-USDT,0.0506704937039505,0.0506664933627669,
2023-08-04 18:00:00,0.05049,0.05053,0.0499,0.05014,24291705,1220200.11936,5026,11582006,581718.08329,-0.0003987240829347,ARPA-USDT,0.050507209154072,0.0504881011601887,
2023-08-04 19:00:00,0.05014,0.05032,0.0501,0.05023,9630295,483628.48984,2438,5115854,256883.6634,-0.0003980099502488,ARPA-USDT,0.050143794733138,0.0502114723563769,
2023-08-04 20:00:00,0.05022,0.05047,0.04978,0.04998,31017623,1552566.69722,5715,14359481,718670.46419,-0.0004,ARPA-USDT,0.0501618757669482,0.0502239912486085,
2023-08-04 21:00:00,0.04998,0.0503,0.04994,0.05009,12705073,637341.69489,2852,5194987,260543.99672,-0.0011964107676968,ARPA-USDT,0.0499815217216125,0.0500095462667943,
2023-08-04 22:00:00,0.05008,0.05039,0.05008,0.05024,9768102,490980.06225,2381,4544540,228387.40661,-0.0005967774020291,ARPA-USDT,0.0501107465597322,0.0501833200805531,
2023-08-04 23:00:00,0.05023,0.0505,0.05022,0.05046,6141765,309378.77674,1981,2903362,146208.20953,-0.0001981375074302,ARPA-USDT,0.0502350665445243,0.0502427707965425,
2023-08-05 00:00:00,0.05046,0.05057,0.05016,0.05047,15314720,771731.06274,3523,6739817,339673.95727,0.000396432111001,ARPA-USDT,0.0504197261694105,0.0503803892066324,0.0001
2023-08-05 01:00:00,0.05047,0.05086,0.05018,0.05031,26743117,1351764.6343,5162,12919332,653193.33626,-0.0003973773097556,ARPA-USDT,0.0504883813402348,0.0505732191293902,
2023-08-05 02:00:00,0.0503,0.05038,0.05011,0.05026,12141132,610111.27998,2590,4346447,218436.56606,-0.0007952286282305,ARPA-USDT,0.050313926349673,0.0503236691278147,
2023-08-05 03:00:00,0.05027,0.05032,0.04995,0.05,6502609,325727.33059,1773,3333684,167003.78709,-0.0001999600079982,ARPA-USDT,0.0502731998674545,0.0502780312992514,
2023-08-05 04:00:00,0.04999,0.05,0.04963,0.04969,12917584,643340.41675,2926,6391224,318350.46743,-0.0004023335345,ARPA-USDT,0.049980492101653,0.0499406762686357,
2023-08-05 05:00:00,0.04969,0.05005,0.04962,0.05004,10588084,527741.48015,2266,6391201,318561.60614,-0.0005991611743559,ARPA-USDT,0.0496704978504688,0.0496561560093948,
2023-08-05 06:00:00,0.05003,0.05009,0.04985,0.04997,9164505,457955.28591,2172,3791803,189528.80339,-0.0006,ARPA-USDT,0.0500543095659006,0.0500078117358257,
2023-08-05 07:00:00,0.04996,0.05012,0.04992,0.05003,6651908,332717.47895,1843,3102360,155167.89332,-0.0005992808629644,ARPA-USDT,0.0499522906182519,0.0499711629438496,
2023-08-05 08:00:00,0.05003,0.05007,0.04976,0.04993,9481021,473068.11012,2486,3662283,182732.61568,0.0,ARPA-USDT,0.0499995676318021,0.0499606561785196,0.0001
2023-08-05 09:00:00,0.04991,0.05002,0.04985,0.04997,8709055,434984.63555,2280,3897730,194679.83507,-0.0006,ARPA-USDT,0.0498942276744791,0.0498830439093715,
2023-08-05 10:00:00,0.04997,0.04999,0.04981,0.04997,7058044,352219.96885,2026,3084360,153942.70939,-0.0004000800160032,ARPA-USDT,0.0499556274745118,0.0499250463143422,
2023-08-05 11:00:00,0.04996,0.05006,0.04984,0.04985,6327465,316133.3971,1951,2861259,142959.73976,-0.001002004008016,ARPA-USDT,0.0499613216013563,0.0499376723384342,
2023-08-05 12:00:00,0.04984,0.04992,0.04967,0.04971,8704793,433439.39801,2602,3347323,166657.04541,-0.0008040201005026,ARPA-USDT,0.0498306277930328,0.0498637650394064,
2023-08-05 13:00:00,0.0497,0.04978,0.04953,0.04973,7336915,364395.81915,2203,3397626,168767.80723,-0.0004020100502512,ARPA-USDT,0.0497077070612379,0.0497236312535315,
2023-08-05 14:00:00,0.04973,0.04984,0.04959,0.04984,12979031,645277.26956,3519,5783567,287542.97465,0.0,ARPA-USDT,0.049742926088914,0.0496930405301786,
2023-08-05 15:00:00,0.04983,0.04992,0.04926,0.04954,27792532,1376341.32615,5520,11473441,568317.42974,0.0004038772213246,ARPA-USDT,0.0498245851512688,0.0498628219025881,
2023-08-05 16:00:00,0.04955,0.04974,0.04943,0.0496,11591849,574814.5143,2808,5431019,269282.97307,0.0,ARPA-USDT,0.0495301017925216,0.0495710228473893,0.0001
2023-08-05 17:00:00,0.04959,0.04981,0.04951,0.0497,5858372,291192.08979,1688,2728345,135624.1042,-0.0004022526146419,ARPA-USDT,0.0495471141923336,0.0495661344070497,
2023-08-05 18:00:00,0.0497,0.04982,0.04962,0.04972,7315327,363551.84901,1825,3103284,154237.19603,-0.0008038585209002,ARPA-USDT,0.0497109306278976,0.0496845344961156,
2023-08-05 19:00:00,0.04972,0.0498,0.0496,0.04965,6920406,343978.9497,1862,2974377,147840.41077,-0.0004026575397624,ARPA-USDT,0.0497315471254,0.0497586656455912,
2023-08-05 20:00:00,0.04964,0.04971,0.04951,0.04953,6662020,330615.13353,1682,3202032,158933.76907,-0.0002018570851837,ARPA-USDT,0.0496139702023316,0.0496155036142966,
2023-08-05 21:00:00,0.04952,0.04979,0.04952,0.0496,4772064,237067.91034,1353,2280025,113267.04504,-0.000604473100947,ARPA-USDT,0.0495372290170387,0.0495699500041714,
2023-08-05 22:00:00,0.04959,0.0499,0.04958,0.04985,6452473,320973.55889,1654,3347841,166511.11613,-0.0006014434643143,ARPA-USDT,0.0496029525436231,0.0496584259731817,
2023-08-05 23:00:00,0.04984,0.04989,0.04973,0.04987,6192453,308526.82531,1839,3233143,161082.41687000002,-0.0004008819402685,ARPA-USDT,0.0498533760604349,0.0498265149580069,
2023-08-06 00:00:00,0.04988,0.05019,0.04982,0.05017,17574951,878793.65823,3715,9712118,485534.46818,-0.0001992825827022,ARPA-USDT,0.0498864619659656,0.0498606384147126,0.0001
2023-08-06 01:00:00,0.05017,0.05018,0.04988,0.04997,6901582,345188.50934,1753,3060366,153020.57439,-0.0004000800160032,ARPA-USDT,0.0501559458438966,0.0501107303190949,
2023-08-06 02:00:00,0.04997,0.05082,0.04993,0.0507,31842977,1610005.27514,5472,16096397,813581.05338,0.0001972775695404,ARPA-USDT,0.0499424582391906,0.0503635111756872,
2023-08-06 03:00:00,0.0507,0.05076,0.05046,0.05063,11508354,582436.34135,2628,4580095,231793.42148,-0.0005921831819974,ARPA-USDT,0.0507251515796345,0.0506973418079514,
2023-08-06 04:00:00,0.05062,0.05087,0.05059,0.05072,11987171,608627.94622,2849,5836501,296353.76404,-0.0005911330049261,ARPA-USDT,0.0506307590078639,0.0507056562578276,
2023-08-06 05:00:00,0.05072,0.05091,0.05058,0.05071,9936812,504222.20013,2550,5811114,294924.30775,0.0003945551390807,ARPA-USDT,0.0507367563918396,0.0507952049402962,
2023-08-06 06:00:00,0.0507,0.05077,0.05052,0.05056,9830899,497885.89426,2491,5234473,265095.76651,-0.0001977456990309,ARPA-USDT,0.0507256680802083,0.0506755845842388,
2023-08-06 07:00:00,0.05055,0.05059,0.05041,0.05045,7055533,356100.40349,1585,3421939,172701.57666,-0.000198176773682,ARPA-USDT,0.0505455801851211,0.0505526770695933,
2023-08-06 08:00:00,0.05045,0.051,0.05043,0.05099,15879781,806488.52792,3797,9494838,482182.298,0.0,ARPA-USDT,0.0504680566135591,0.0504846272282807,0.0001
2023-08-06 09:00:00,0.05099,0.05103,0.05068,0.05075,12641728,642388.00517,2677,5367557,272744.0838,0.0,ARPA-USDT,0.0510004512916112,0.0509381982064501,
2023-08-06 10:00:00,0.05076,0.0509,0.0505,0.05053,12205765,618431.53682,2610,5784805,293154.59075000003,-0.0005933544303797,ARPA-USDT,0.0507727876638383,0.0507698065988828,
2023-08-06 11:00:00,0.05053,0.0509,0.0505,0.05089,15572529,789125.72299,2840,8372890,424301.30896,0.0,ARPA-USDT,0.0505519944451435,0.0505619863211281,
2023-08-06 12:00:00,0.05089,0.0512,0.05085,0.05093,17761349,906058.03412,3678,8435554,430343.32548,-0.0001963093835884,ARPA-USDT,0.0509543875035398,0.0509741257442622,
2023-08-06 13:00:00,0.05092,0.051,0.05058,0.0506,13657096,693676.57115,2795,6092928,309481.42777,-0.0003951007506913,ARPA-USDT,0.0509141552010026,0.0509135796294816,
2023-08-06 14:00:00,0.0506,0.05091,0.05034,0.05084,16421824,831998.90898,3540,8666003,439119.83497,0.0,ARPA-USDT,0.0506244351954503,0.0506117965388317,
2023-08-06 15:00:00,0.05083,0.05086,0.05057,0.05067,9824059,498151.0072,2470,5126066,259922.41544,0.0003948667324777,ARPA-USDT,0.0508442196021447,0.0508122866169523,
2023-08-06 16:00:00,0.05067,0.051,0.05062,0.05095,14828942,753915.71233,3118,7931229,403240.72008,-0.0003923876790268,ARPA-USDT,0.0506832149800381,0.0506813017925978,0.0001
2023-08-06 17:00:00,0.05095,0.05128,0.05086,0.05116,23869804,1219336.3392,3824,13256067,677113.09704,-0.0005860519632741,ARPA-USDT,0.0509654639858348,0.0509424316435706,
2023-08-06 18:00:00,0.05116,0.05137,0.05092,0.05094,21099065,1078433.11396,3996,10582145,540867.10814,-0.0005885815185403,ARPA-USDT,0.0511815388598834,0.0512265983492096,
2023-08-06 19:00:00,0.05093,0.05124,0.05088,0.05117,10884616,556009.11124,2302,6218485,317664.31078,-0.0003907013088493,ARPA-USDT,0.0509317431301667,0.0509190650712834,
2023-08-06 20:00:00,0.05118,0.05137,0.0511,0.05127,15893778,814211.33711,2719,9385270,480788.95418,-0.0001950078003118,ARPA-USDT,0.0512072352552508,0.0512457706572127,
2023-08-06 21:00:00,0.05126,0.05155,0.0511,0.05116,24840382,1276231.97699,4214,13822474,710498.454,0.0,ARPA-USDT,0.0512782293358737,0.0513537377904447,
2023-08-06 22:00:00,0.05115,0.05156,0.05109,0.05132,17283640,888497.9254300001,3771,8480066,435897.71374,-0.0005842259006816,ARPA-USDT,0.0511381319710713,0.0512553454777465,
2023-08-06 23:00:00,0.05133,0.05154,0.05128,0.05147,14180623,728823.04499,3204,7872881,404634.95076,-0.0003884249368809,ARPA-USDT,0.0513239968840397,0.0513723196335496,
2023-08-07 00:00:00,0.05148,0.05173,0.05138,0.05161,20636388,1063963.61552,4013,11637984,600032.72104,-0.0007744433688285,ARPA-USDT,0.0515197815045697,0.0515264322204768,0.0001
2023-08-07 01:00:00,0.05161,0.05232,0.0516,0.05222,30566001,1589407.32198,5012,16551140,860631.04969,0.0001915341888527,ARPA-USDT,0.0516163358479196,0.051699314043776,
2023-08-07 02:00:00,0.05221,0.05242,0.05195,0.05205,17799444,929379.35382,4016,8607567,449550.98186,-0.0001920860545524,ARPA-USDT,0.0522528875032522,0.0522658025652783,
2023-08-07 03:00:00,0.05205,0.05227,0.05205,0.0521,13150336,685859.51195,3233,6398337,333711.4973,-0.0007671653241273,ARPA-USDT,0.0520824612235547,0.0521300125772773,
2023-08-07 04:00:00,0.0521,0.05263,0.05198,0.05249,20905252,1095035.98602,4564,12223323,640343.97023,-0.0003808798324128,ARPA-USDT,0.0520996724897611,0.052100742006599,
2023-08-07 05:00:00,0.05248,0.05378,0.05242,0.05334,78386143,4168489.79944,13177,47497727,2525942.69628,-0.0001874414245548,ARPA-USDT,0.0524854842368927,0.0525218058569536,
2023-08-07 06:00:00,0.05333,0.05348,0.05212,0.05237,70696566,3723891.69215,12169,32986301,1737159.5956,0.0,ARPA-USDT,0.0533066941084502,0.0531958150946855,
2023-08-07 07:00:00,0.05238,0.05335,0.05234,0.05283,54650898,2888899.61889,9703,27945701,1477359.74973,-0.0003784295175023,ARPA-USDT,0.0524243587991161,0.0524701457789464,
2023-08-07 08:00:00,0.05283,0.05343,0.05275,0.05292,60651140,3217877.00484,10717,30266014,1605759.61728,-0.0001889287738522,ARPA-USDT,0.0527995049878444,0.0530633249746626,0.0001
2023-08-07 09:00:00,0.05293,0.0548,0.0528,0.05421,159361988,8611977.42922,28381,83480135,4510697.0472,-0.0003687995574405,ARPA-USDT,0.052862019185189,0.0529127903973733,
2023-08-07 10:00:00,0.0542,0.05424,0.05322,0.05346,92673375,4974319.66452,16300,42453487,2278696.23534,-0.0003739715781599,ARPA-USDT,0.0540862752050021,0.0539001664875203,
2023-08-07 11:00:00,0.05346,0.05486,0.05342,0.05367,94265156,5099438.79812,16016,47641868,2577689.62852,-0.0007447402718301,ARPA-USDT,0.0535105798600882,0.0535972313283401,
2023-08-07 12:00:00,0.05367,0.05466,0.05363,0.05405,110996033,6007360.42922,17620,50638366,2740277.67435,-0.0003698908821897,ARPA-USDT,0.0536892295245316,0.0538787008262631,
2023-08-07 13:00:00,0.05406,0.0544,0.05327,0.05329,74411323,4002043.21606,14029,32759665,1761853.50465,-0.0003751641343088,ARPA-USDT,0.0540701469928297,0.0541092256159862,
2023-08-07 14:00:00,0.05329,0.05438,0.05292,0.0538,89537294,4802998.049240001,14632,44954555,2412943.01084,-0.0009285051067781,ARPA-USDT,0.0533602784333898,0.0533812575375856,
2023-08-07 15:00:00,0.0538,0.05409,0.0525,0.05258,97808825,5192758.22308,17406,45884266,2436977.5917,0.0,ARPA-USDT,0.0539482767343031,0.0539086567900922,
2023-08-07 16:00:00,0.05258,0.05302,0.05199,0.05265,91095686,4782837.21389,16657,42043082,2208139.81511,0.0001899696048632,ARPA-USDT,0.052412002652928,0.0527287974256845,0.0001
2023-08-07 17:00:00,0.05265,0.05352,0.05259,0.05319,63992110,3394315.08188,11071,31263247,1658307.84534,-0.0003758691975191,ARPA-USDT,0.0527283980096172,0.0527408667392124,
2023-08-07 18:00:00,0.0532,0.05387,0.05318,0.0533,43817727,2345261.32386,8516,21205494,1135063.39992,0.0,ARPA-USDT,0.0532877538889531,0.0533784796207596,
2023-08-07 19:00:00,0.0533,0.05345,0.05299,0.0534,29402151,1564745.49769,5378,15827871,842426.45729,0.0,ARPA-USDT,0.0532952445572374,0.0533381519574406,
2023-08-07 20:00:00,0.0534,0.05355,0.05322,0.0533,22020257,1175802.01741,4287,10846107,579247.11852,-0.0003750937734433,ARPA-USDT,0.0533780479893742,0.0533895515850433,
2023-08-07 21:00:00,0.0533,0.05369,0.05316,0.0534,17300704,924661.13278,4858,8655974,462707.834,-0.0005614823133069,ARPA-USDT,0.0533041385306978,0.05330242944611,
2023-08-07 22:00:00,0.0534,0.05387,0.05339,0.05379,26269746,1410950.29024,5688,13849986,743942.60718,-0.0003716781267422,ARPA-USDT,0.0534206614354668,0.0535564474640727,
2023-08-07 23:00:00,0.0538,0.05407,0.05352,0.05388,22112115,1190080.67437,5435,11800350,635193.93495,-0.0003710575139147,ARPA-USDT,0.0538424005952764,0.0538141456219257,
2023-08-08 00:00:00,0.05388,0.05475,0.05367,0.05451,61419062,3332715.58939,11036,34654868,1880784.24355,-0.0007332722273143,ARPA-USDT,0.0538593047705571,0.0538115078721953,0.0001
2023-08-08 01:00:00,0.05451,0.05463,0.05361,0.05367,53912667,2919947.57366,10827,27184842,1472146.40689,-0.000558659217877,ARPA-USDT,0.0545353181709269,0.0544118931547286,
2023-08-08 02:00:00,0.05367,0.05367,0.05315,0.05317,31968048,1708476.18651,6571,13663652,730486.91337,-0.0001880406167731,ARPA-USDT,0.0536003941487814,0.0535091418462715,
2023-08-08 03:00:00,0.05317,0.05366,0.05281,0.05297,43861496,2329832.09665,7835,19310961,1025547.2655,-0.0003774297037176,ARPA-USDT,0.0532283367162307,0.0533166757277945,
2023-08-08 04:00:00,0.05297,0.05311,0.05286,0.05295,21847431,1157527.44888,5379,11806458,625548.0682,-0.0003775722106854,ARPA-USDT,0.0530564219077928,0.0529755381252329,
2023-08-08 05:00:00,0.05295,0.05381,0.05281,0.05366,28367964,1510659.86105,7096,15630679,832459.27754,-0.0005587632706277,ARPA-USDT,0.0529335722847509,0.0529137275918066,
2023-08-08 06:00:00,0.05366,0.05383,0.05333,0.05333,26143765,1400291.88403,5573,12774106,684314.2387,0.0,ARPA-USDT,0.053643747743269,0.0535452165453087,
2023-08-08 07:00:00,0.05333,0.05338,0.05297,0.05309,21753701,1156018.98337,4474,10981877,583600.60838,-0.000376576915835,ARPA-USDT,0.0533560492367353,0.0533230614891774,
2023-08-08 08:00:00,0.0531,0.0533,0.05298,0.05298,19176792,1017989.056,3825,9457457,502115.14615,-0.0003773584905659,ARPA-USDT,0.0530331370890327,0.0530566547264415,0.0001
2023-08-08 09:00:00,0.05299,0.05414,0.05296,0.05382,48292072,2593360.68543,9058,23554632,1264698.18693,-0.00037147102526,ARPA-USDT,0.0530038530549331,0.0530278741859918,
2023-08-08 10:00:00,0.05383,0.05397,0.05308,0.0531,32723568,1750062.47934,6244,15303300,818563.93098,-0.0001882884579174,ARPA-USDT,0.0538893521850365,0.0537071919958501,
2023-08-08 11:00:00,0.0531,0.05328,0.05299,0.05317,26273690,1396388.30296,5771,13667167,726343.03599,-0.0001880406167731,ARPA-USDT,0.053117938168186,0.0531884618645386,
2023-08-08 12:00:00,0.05317,0.0532,0.05266,0.05305,33927392,1795620.02105,6878,15406901,815443.03536,0.0,ARPA-USDT,0.0531615790331656,0.0530780890216107,
2023-08-08 13:00:00,0.05305,0.05336,0.05275,0.05282,70512747,3736442.50765,12333,34531767,1829244.92202,-0.0009457159069415,ARPA-USDT,0.0530660483434008,0.0530725730029605,
2023-08-08 14:00:00,0.05282,0.05349,0.0528,0.05314,27681525,1471195.16144,6224,12391532,658463.08398,-0.000564227948091,ARPA-USDT,0.0528247455120289,0.0529261946186053,
2023-08-08 15:00:00,0.05314,0.05343,0.05314,0.0532,18909393,1008038.86929,4229,9610064,512317.68601,-0.0009389671361502,ARPA-USDT,0.0532040875869965,0.0532159816366416,
2023-08-08 16:00:00,0.05319,0.05397,0.053,0.05394,42923594,2295281.06646,8004,21663423,1158413.73845,-0.0001853568118627,ARPA-USDT,0.0531862622192109,0.053144006283836,0.0001
2023-08-08 17:00:00,0.05395,0.05408,0.05376,0.05406,26088058,1407095.32222,5735,13029180,702723.9908200001,-0.000739371534196,ARPA-USDT,0.0539371237640741,0.0538880535622429,
2023-08-08 18:00:00,0.05407,0.05427,0.05355,0.05372,35938068,1938487.18372,6289,17482376,942927.38722,-0.0005581395348838,ARPA-USDT,0.054054213636617,0.0540288255923688,
2023-08-08 19:00:00,0.05373,0.05398,0.05352,0.05357,18764222,1008276.09093,4355,9593783,515472.59896,-0.0011187768040274,ARPA-USDT,0.0537428610279536,0.0538728651510975,
2023-08-08 20:00:00,0.05358,0.05379,0.05342,0.05364,14782969,791941.61114,3799,7799923,417788.15101,-0.0001863932898416,ARPA-USDT,0.0535858058918111,0.0535152811511046,
2023-08-08 21:00:00,0.05364,0.05404,0.05354,0.05381,18851554,1014461.10487,4495,10362092,557467.38183,-0.0012991833704528,ARPA-USDT,0.0536899851538931,0.0536820002874954,
2023-08-08 22:00:00,0.05381,0.05398,0.05354,0.05354,20333869,1094027.48217,4099,10070726,541887.54397,-0.0005600149337315,ARPA-USDT,0.0538634846807965,0.0538759446886513,
2023-08-08 23:00:00,0.05354,0.05389,0.05353,0.05379,13736446,738076.39649,2895,7209104,387388.20089,-0.00092867756315,ARPA-USDT,0.0535626209000273,0.0536516865593531,
2023-08-09 00:00:00,0.05379,0.05423,0.0537,0.05413,19803989,1068976.1872,4912,11405208,615702.56985,-0.000922849760059,ARPA-USDT,0.0537600057335376,0.0537914159121421,0.0001
2023-08-09 01:00:00,0.05413,0.05498,0.05398,0.05468,42560424,2323035.75761,8738,23624333,1288985.9661,-0.0003656307129799,ARPA-USDT,0.0541193727611012,0.0540319342057944,
2023-08-09 02:00:00,0.05468,0.05491,0.05426,0.05426,29800675,1624701.38272,6889,14261162,777623.63207,-0.0007366482504603,ARPA-USDT,0.0546906700843219,0.0548099735237518,
2023-08-09 03:00:00,0.05426,0.0543,0.05388,0.05412,17882579,967149.89848,4689,8653749,467929.83519,-0.0001847404396821,ARPA-USDT,0.054226151434993,0.0542551333348681,
2023-08-09 04:00:00,0.05412,0.0546,0.05404,0.05454,17287652,940273.57515,4352,9188299,499568.11093,-0.0005497526113249,ARPA-USDT,0.0541374653211906,0.0541036180719303,
2023-08-09 05:00:00,0.05454,0.05469,0.05434,0.05465,14621152,797576.64882,3670,8221445,448495.03388,-0.0007313951362224,ARPA-USDT,0.0545709866688728,0.0545476100880263,
2023-08-09 06:00:00,0.05466,0.05486,0.05424,0.05429,26721982,1457804.62935,5886,14090347,769239.5812,-0.0001841620626151,ARPA-USDT,0.0546582468238855,0.0547091467188606,
2023-08-09 07:00:00,0.05428,0.05488,0.05428,0.05476,31624613,1729503.09319,6044,17302368,946191.02813,-0.0005475451724766,ARPA-USDT,0.0543206612718818,0.0543747124186476,
2023-08-09 08:00:00,0.05476,0.05694,0.05469,0.0557,188020551,10520529.32073,37231,97584773,5455963.62209,-0.0007176175098672,ARPA-USDT,0.0547286622687009,0.0548771998735856,0.0001
2023-08-09 09:00:00,0.05569,0.05684,0.05562,0.05665,103710140,5837798.41997,18996,54730373,3080681.36989,0.0001765536723163,ARPA-USDT,0.0557033804311692,0.0557916708007479,
2023-08-09 10:00:00,0.05664,0.05664,0.05601,0.05631,69891744,3934830.15599,13194,33164199,1867059.47588,-0.000709849157054,ARPA-USDT,0.0564404927937448,0.0564345445297735,
2023-08-09 11:00:00,0.05631,0.05643,0.05584,0.05617,43316690,2429833.7514,10118,20811296,1167154.68529,-0.0003559352197899,ARPA-USDT,0.0563681192823035,0.0563335764824188,
2023-08-09 12:00:00,0.05616,0.05618,0.0554,0.0556,60558349,3374919.7008100003,12792,28986689,1615647.47328,0.0009000900090008,ARPA-USDT,0.0561389242134095,0.0560584010607399,
2023-08-09 13:00:00,0.05559,0.056,0.05529,0.05536,58230758,3240895.2668,11383,26848641,1494508.93339,-0.000541614009749,ARPA-USDT,0.0556402968453822,0.0555580204513028,
2023-08-09 14:00:00,0.05537,0.05555,0.05475,0.05476,43824209,2419519.85778,9644,18236932,1007239.80494,-0.0009122422915525,ARPA-USDT,0.0553938555479664,0.0554585479876193,
2023-08-09 15:00:00,0.05476,0.05491,0.05446,0.05447,33000715,1804546.4544,8325,14485900,792418.8062,-0.0005504587155963,ARPA-USDT,0.0548508925038539,0.054795527750914,
2023-08-09 16:00:00,0.05447,0.0546,0.05407,0.05411,32676670,1775439.96461,7446,15261369,829424.68921,0.0003697541135145,ARPA-USDT,0.0544595136457274,0.0544706965039695,0.0001
2023-08-09 17:00:00,0.05412,0.05447,0.05393,0.05404,27058177,1465745.11891,6516,12534577,679119.65536,0.0,ARPA-USDT,0.054134110968451,0.0541063187055967,
2023-08-09 18:00:00,0.05405,0.05428,0.05386,0.05414,24778282,1340355.29424,5968,12670144,685519.62006,-0.0007382798080471,ARPA-USDT,0.0540097963624581,0.0539291266542745,
2023-08-09 19:00:00,0.05415,0.05424,0.05397,0.054,13975214,756130.34897,3482,7117880,385144.0588,-0.0009250693802035,ARPA-USDT,0.0541481986188414,0.0541528326694093,
2023-08-09 20:00:00,0.05399,0.05424,0.05383,0.05419,12206013,659359.4904,3557,6603216,356809.20633,0.0,ARPA-USDT,0.0540187305814175,0.0540012675438638,
2023-08-09 21:00:00,0.0542,0.05422,0.05384,0.05402,14886013,803956.69061,3957,7666571,413985.53469,-0.000185082361651,ARPA-USDT,0.0541865054117674,0.0540981803759202,
2023-08-09 22:00:00,0.05402,0.05422,0.05383,0.05422,13886324,749669.38352,3729,7014924,378694.31647,0.000184467810367,ARPA-USDT,0.0540062799821667,0.0539239262859523,
2023-08-09 23:00:00,0.05421,0.05441,0.05412,0.05429,13295885,721902.2517200001,4074,7269213,394645.71862,-0.0007362414872078,ARPA-USDT,0.0541975480709435,0.0541513745849996,
2023-08-10 00:00:00,0.05429,0.05439,0.0538,0.05399,22651267,1223477.84934,5130,11256721,607980.84026,-0.0007403294466037,ARPA-USDT,0.0543371431437456,0.0542255073815541,0.0001
2023-08-10 01:00:00,0.054,0.05412,0.05383,0.05399,11914729,643240.98787,3077,5943159,320860.58896,-0.000185185185185,ARPA-USDT,0.0540063134042937,0.0539907974127533,
2023-08-10 02:00:00,0.05399,0.05432,0.05385,0.05414,16756285,907345.13908,3808,9048433,489827.82094,-0.0005538120731032,ARPA-USDT,0.0540016282358025,0.0539417942708617,
2023-08-10 03:00:00,0.05415,0.05424,0.05398,0.054,7815023,422879.64394,2479,3420812,185155.94432,-0.0003702332469455,ARPA-USDT,0.0541543243466292,0.0541619173114683,
2023-08-10 04:00:00,0.05399,0.05402,0.05377,0.05387,11070307,596707.0797,2795,4455764,240187.59031,-0.0003711263685284,ARPA-USDT,0.0539998844869992,0.0539496618930559,
2023-08-10 05:00:00,0.05388,0.05391,0.05339,0.05383,24915906,1336809.87413,5641,9945703,533708.43802,-0.0003714020427112,ARPA-USDT,0.0538770156516327,0.0538562069024296,
2023-08-10 06:00:00,0.05383,0.05387,0.05332,0.05333,17118430,916450.78628,4635,7365394,394306.67589,-0.0005622188905546,ARPA-USDT,0.0538569333790492,0.0538087383198378,
2023-08-10 07:00:00,0.05333,0.05342,0.05306,0.0531,20031966,1066029.70231,4683,8508815,452843.07921,-0.0003765060240963,ARPA-USDT,0.0533324360117486,0.0532893129256688,
2023-08-10 08:00:00,0.0531,0.05365,0.0527,0.05349,45559415,2421489.15599,10030,21523758,1144264.31059,-0.0007472445357743,ARPA-USDT,0.053121398294854,0.0530771735471889,0.0001
2023-08-10 09:00:00,0.05349,0.05396,0.05345,0.05394,34651630,1862113.8723,8662,18555752,997217.42569,-0.0007410151908113,ARPA-USDT,0.0535544370009901,0.0535458121145294,
2023-08-10 10:00:00,0.05394,0.05419,0.05388,0.05404,16091898,869663.78425,4871,7761081,419438.88774,-0.0003699593044764,ARPA-USDT,0.0539562520990274,0.0539995847000842,
2023-08-10 11:00:00,0.05405,0.05419,0.05398,0.0541,15254221,825302.90821,4677,7634045,413072.4454,-0.0001848087229716,ARPA-USDT,0.0540158423414689,0.0540810908896429,
2023-08-10 12:00:00,0.0541,0.05549,0.05394,0.05524,73606728,4031294.32056,14761,35660397,1954039.29291,-0.0005427899402931,ARPA-USDT,0.0541011257145336,0.0540277737654216,
2023-08-10 13:00:00,0.05524,0.05545,0.05493,0.05515,59904341,3305299.0682,12821,28457519,1570272.077,-0.0003625158600688,ARPA-USDT,0.0552250139363536,0.0552595163264802,
2023-08-10 14:00:00,0.05516,0.05534,0.05455,0.05486,44838557,2463653.79329,10493,21492877,1180877.92649,0.0001823154056517,ARPA-USDT,0.0552206011562356,0.0552476569980315,
2023-08-10 15:00:00,0.05486,0.05511,0.05468,0.05492,19426809,1066931.71852,5115,9896090,543489.23295,0.0,ARPA-USDT,0.0547808662442389,0.0548930151383736,
2023-08-10 16:00:00,0.05492,0.05523,0.05484,0.0549,22183947,1220643.98153,5487,10755120,591799.8579599999,0.0001821825469119,ARPA-USDT,0.0548895837900152,0.05500522649395,0.0001
2023-08-10 17:00:00,0.05489,0.05489,0.05443,0.05478,23167843,1266050.00939,5499,10459807,571461.43536,-0.0001825150574922,ARPA-USDT,0.054867363912272,0.0548002042932171,
2023-08-10 18:00:00,0.05478,0.05489,0.05452,0.05457,13571176,742658.30833,3991,6177024,337995.24983,-0.0001832172957126,ARPA-USDT,0.0547605155190215,0.0547389123632518,
2023-08-10 19:00:00,0.05458,0.0547,0.05437,0.05455,17227876,939774.93334,3973,10414474,568164.00502,-0.0001832844574779,ARPA-USDT,0.0545783842253679,0.0545559483632469,
2023-08-10 20:00:00,0.05454,0.05496,0.05454,0.05477,12980366,711257.65826,3696,6146154,336753.34887,0.0,ARPA-USDT,0.054578687650351,0.0546338483899451,
2023-08-10 21:00:00,0.05477,0.05507,0.05477,0.0549,11806272,648958.32689,4205,5761027,316649.58682,-0.0010917030567686,ARPA-USDT,0.0547841048895436,0.0548851339373955,
2023-08-10 22:00:00,0.05489,0.0553,0.05488,0.05498,12913510,711706.03841,4020,6304977,347460.54581,-0.0005453553899291,ARPA-USDT,0.0548947641462525,0.0550266419248774,
2023-08-10 23:00:00,0.05498,0.05522,0.05493,0.05507,10277640,566324.37285,3374,5228952,288121.72869,-0.0005444646098003,ARPA-USDT,0.0549573704496363,0.0550267429652305,
2023-08-11 00:00:00,0.05506,0.05582,0.05495,0.0558,22772917,1261611.56226,5847,13655812,756699.74016,-0.0001791793585378,ARPA-USDT,0.0549884486876452,0.0549951505652856,0.0001
2023-08-11 01:00:00,0.05579,0.0562,0.05536,0.05577,40408924,2252776.55342,8586,21290437,1187127.51462,-0.0007167174341515,ARPA-USDT,0.0557558602579236,0.0556963702948709,
2023-08-11 02:00:00,0.05576,0.05615,0.05556,0.05571,45074869,2518806.62809,10170,24050743,1344025.35558,-0.0001794687724335,ARPA-USDT,0.0556894381335561,0.0558602695985595,
2023-08-11 03:00:00,0.05569,0.05575,0.05509,0.05514,23308666,1290946.91777,5747,10672632,591027.11548,-0.0003625815808556,ARPA-USDT,0.0556457529397716,0.0556093037476238,
2023-08-11 04:00:00,0.05514,0.05554,0.05514,0.0554,17054847,943948.82169,4401,9488732,525092.11333,-0.0001804728388378,ARPA-USDT,0.055177320706006,0.0552214488744856,
2023-08-11 05:00:00,0.05539,0.05544,0.05499,0.05539,18722125,1033016.79745,4327,9133925,503976.21645,0.0,ARPA-USDT,0.0553851943756962,0.0553257310440894,
2023-08-11 06:00:00,0.05539,0.05588,0.05516,0.05535,43438527,2409739.01074,7148,22269375,1235144.97866,-0.0003612064294744,ARPA-USDT,0.055645448527767,0.0556623786059588,
2023-08-11 07:00:00,0.05532,0.0555,0.05515,0.05548,11222514,620468.60489,3458,6028716,333376.27065,-0.000180212650928,ARPA-USDT,0.0553436929244537,0.0552404359694398,
2023-08-11 08:00:00,0.05548,0.05549,0.05502,0.05503,13062693,722047.19259,4227,5625863,310988.8428,-0.0001816860465115,ARPA-USDT,0.0554787135113923,0.055434033145091,0.0001
2023-08-11 09:00:00,0.05502,0.05518,0.0547,0.05472,34842413,1912640.68343,5927,15917297,873873.12987,0.0,ARPA-USDT,0.0550417537082065,0.0550678685164543,
2023-08-11 10:00:00,0.05471,0.05495,0.05448,0.0545,15287399,836401.1079299999,3752,6270279,343087.77181,-0.0001834525775087,ARPA-USDT,0.0547423997090463,0.0547168066566363,
2023-08-11 11:00:00,0.0545,0.05473,0.05446,0.05472,12567438,685700.47138,4088,5482995,299237.24727,0.0,ARPA-USDT,0.0545499791551105,0.054532312351956,
2023-08-11 12:00:00,0.05472,0.05488,0.05456,0.05467,15513794,849075.22539,5556,7872372,430801.84792,0.000182949140139,ARPA-USDT,0.0547395843231362,0.0547644557960509,
2023-08-11 13:00:00,0.05467,0.055,0.0546,0.05494,13604934,745646.13618,4310,6846978,375196.88131,-0.0003639010189228,ARPA-USDT,0.0546840742664619,0.0546899466334979,
2023-08-11 14:00:00,0.05495,0.05577,0.05492,0.05547,78324808,4332203.20422,10417,35572456,1967811.64134,-0.0005405405405405,ARPA-USDT,0.0549760252101052,0.0550378458847603,
2023-08-11 15:00:00,0.05547,0.05561,0.05484,0.05495,24936412,1377283.0094,6512,10708252,591515.3232699999,-0.0001819505094614,ARPA-USDT,0.0554757283062971,0.0555327187582547,
2023-08-11 16:00:00,0.05495,0.05512,0.05466,0.05493,19354067,1062383.43892,4754,8177619,448911.79371,0.0,ARPA-USDT,0.0548901049688925,0.054931248607041,0.0001
2023-08-11 17:00:00,0.05493,0.05521,0.05487,0.0549,10207510,561539.70149,3302,4576900,251807.89583,0.0,ARPA-USDT,0.0549210112997728,0.0549374615514309,
2023-08-11 18:00:00,0.0549,0.05508,0.05471,0.05473,9190893,504157.3794,3227,4033971,221317.53857,-0.0001826817683594,ARPA-USDT,0.0548527585264358,0.0548882531108595,
2023-08-11 19:00:00,0.05472,0.05472,0.05427,0.05449,17882737,973696.55325,5453,8295956,451592.73554,-0.0001834862385321,ARPA-USDT,0.054698367796443,0.0546524671916238,
2023-08-11 20:00:00,0.0545,0.05458,0.05439,0.05447,7423412,404466.43825,2965,2882729,157041.77357,-0.0003670398238209,ARPA-USDT,0.054496235667566,0.0544757661627422,
2023-08-11 21:00:00,0.05448,0.05461,0.05436,0.05438,6105038,332593.12386,2668,2351972,128125.78074,-0.0001838573267145,ARPA-USDT,0.0544941117404238,0.0545270271632518,
2023-08-11 22:00:00,0.05438,0.05459,0.05435,0.05453,6575572,358006.07275,2306,3824967,208280.37297,-0.0005498533724339,ARPA-USDT,0.0543935708999868,0.0543882459918358,
2023-08-11 23:00:00,0.05454,0.0546,0.05439,0.05459,5756448,313616.90962,2372,3258277,177498.96701,-0.0001831501831502,ARPA-USDT,0.0545451707291666,0.0545249037112281,
2023-08-12 00:00:00,0.05459,0.05511,0.05446,0.0551,12795641,700874.3584499999,4348,6927719,379293.07034,0.0001815211472138,ARPA-USDT,0.0546266967513835,0.0545970865357243,0.0001
2023-08-12 01:00:00,0.0551,0.05555,0.05496,0.05542,19512758,1078874.42333,4487,9768822,540070.22511,-0.0001804077214505,ARPA-USDT,0.0551095148588837,0.0550397721807827,
2023-08-12 02:00:00,0.05542,0.05546,0.05508,0.05516,13292055,734242.258,3609,5438381,300375.79244,0.0001813236627381,ARPA-USDT,0.055400254636344,0.0553361189690633,
2023-08-12 03:00:00,0.05516,0.05532,0.05512,0.0553,8176550,451571.50768,2758,4454294,245985.41038,-0.0007228044813877,ARPA-USDT,0.0551435270848234,0.0551779790738132,
2023-08-12 04:00:00,0.0553,0.05557,0.05522,0.05536,11355823,629059.11843,2952,5306360,293883.23266,0.0,ARPA-USDT,0.0552889347893884,0.0553223158999535,
2023-08-12 05:00:00,0.05536,0.05562,0.05533,0.05539,9752790,541308.14644,3149,4629141,256916.00375,0.0,ARPA-USDT,0.0553863945087731,0.0554376202389807,
2023-08-12 06:00:00,0.05538,0.05547,0.05513,0.05519,12536226,692806.70354,3622,5615612,310258.84911,-0.0005432814197753,ARPA-USDT,0.0554244677200886,0.0553947076448338,
2023-08-12 07:00:00,0.0552,0.05523,0.05493,0.05494,8616620,474742.06643,3045,3387209,186671.52262,-0.0005457522284881,ARPA-USDT,0.055210757087524,0.0551970953439145,
2023-08-12 08:00:00,0.05494,0.055,0.05476,0.05481,9948901,545774.74311,3078,4450559,244162.64399,-0.0005470459518599,ARPA-USDT,0.0549475157346994,0.0549324000606303,0.0001
2023-08-12 09:00:00,0.05481,0.05496,0.0547,0.05492,30602855,1678181.25464,4506,15018340,823561.88834,-0.0001820498816675,ARPA-USDT,0.0548104469165455,0.0547801385562119,
2023-08-12 10:00:00,0.05492,0.05499,0.0547,0.05475,16917787,927650.26154,3173,6988898,383272.59234,-0.0003651634106262,ARPA-USDT,0.0548939305505168,0.0549091986814553,
2023-08-12 11:00:00,0.05475,0.05476,0.05444,0.05457,9534922,520496.53061,3417,3832453,209193.17297,-0.0001832172957126,ARPA-USDT,0.0547462835234711,0.0547163723488834,
2023-08-12 12:00:00,0.05456,0.0547,0.05443,0.05467,7828727,427454.20474,3083,4221286,230460.37189,-0.0001828822238477,ARPA-USDT,0.0545557316555292,0.0545162963388109,
2023-08-12 13:00:00,0.05466,0.05473,0.05443,0.05449,22145192,1208077.12896,3842,10488546,572138.47204,-0.0003669051550175,ARPA-USDT,0.0546709861475559,0.0546114752501919,
2023-08-12 14:00:00,0.05449,0.05469,0.05446,0.05462,10292985,561446.99031,2631,5659410,308710.82823,-0.0005489478499541,ARPA-USDT,0.054505553091683,0.0545015006071087,
2023-08-12 15:00:00,0.05461,0.05462,0.0545,0.0546,5722895,312212.1462,2377,3227916,176098.59865,-0.0003661662394727,ARPA-USDT,0.0545799983101424,0.0545558071551269,
2023-08-12 16:00:00,0.0546,0.05473,0.05451,0.05467,7584544,414533.46593,3195,3405371,186085.90644,-0.0003656975681111,ARPA-USDT,0.0545730954478286,0.0545772633118612,0.0001
2023-08-12 17:00:00,0.05466,0.05466,0.05448,0.05449,6782857,370060.33389,2390,3117507,170091.47776,-0.0005502567865004,ARPA-USDT,0.0546363843093685,0.0546111879908244,
2023-08-12 18:00:00,0.05449,0.05451,0.05404,0.05409,17306383,940360.85579,4172,6385471,347121.93377,-0.0005543237250554,ARPA-USDT,0.0544354358121473,0.0544067757902245,
2023-08-12 19:00:00,0.05409,0.05412,0.05389,0.05398,9961315,537869.4817,3584,4478151,241814.72725,0.0,ARPA-USDT,0.0540839170212733,0.054099636818427,
2023-08-12 20:00:00,0.05398,0.05417,0.0539,0.05398,9526432,514808.00546,3197,5729103,309586.12508,-0.0001852194850898,ARPA-USDT,0.0539703998279934,0.0539877147332339,
2023-08-12 21:00:00,0.05398,0.05399,0.05364,0.0538,9773620,525625.68288,4017,4057806,218218.88364,-0.0001858390633709,ARPA-USDT,0.0539629530344217,0.0539505802666205,
2023-08-12 22:00:00,0.05379,0.05402,0.05379,0.05383,7185182,387344.41166,2584,3687021,198758.00709,-0.0009279881217519,ARPA-USDT,0.0538912194834538,0.0538729188202271,
2023-08-12 23:00:00,0.05383,0.05396,0.05372,0.05374,7006451,377251.01127,2004,3964469,213457.33639,-0.000743770918557,ARPA-USDT,0.0538129728614178,0.053811516428073,
2023-08-13 00:00:00,0.05374,0.05408,0.05371,0.05396,11713551,631147.80285,2981,6233856,335879.14835,-0.0007407407407407,ARPA-USDT,0.0537474438266354,0.0537683617023682,0.0001
2023-08-13 01:00:00,0.05396,0.05403,0.0536,0.05369,11008438,592049.69241,2602,4569955,245890.10771,-0.000372370135915,ARPA-USDT,0.0539764239819525,0.0539532138629163,
2023-08-13 02:00:00,0.05369,0.05392,0.05361,0.05367,9442456,507707.43237,2738,5441778,292542.21701,-0.0001862891207152,ARPA-USDT,0.0536603331704771,0.053731183385692,
2023-08-13 03:00:00,0.05367,0.05377,0.05361,0.05363,5144311,276237.36996,2577,2191691,117682.52065,-0.0007452953232719,ARPA-USDT,0.053674924249505,0.0536848160016296,
2023-08-13 04:00:00,0.05363,0.05379,0.05351,0.05368,11712427,628554.31683,3910,6685008,358767.98795,-0.0013023255813953,ARPA-USDT,0.0535804749582912,0.0535799724359913,
2023-08-13 05:00:00,0.05367,0.05367,0.05339,0.05339,5646884,302167.06125,2431,2671078,142918.70833,-0.0007486430844094,ARPA-USDT,0.0536432944779305,0.0536336013189156,
2023-08-13 06:00:00,0.05339,0.05365,0.05338,0.05362,7703631,412160.06247,2930,4401467,235509.41077,-0.0009316191540897,ARPA-USDT,0.0533942514594749,0.0534220685851613,
2023-08-13 07:00:00,0.05362,0.05383,0.05348,0.05379,11837954,635111.62181,3959,5461057,293072.04464,-0.0007430800668772,ARPA-USDT,0.0536291654027788,0.0536558818510692,
2023-08-13 08:00:00,0.05379,0.05428,0.05372,0.05402,26262330,1419577.51924,5680,14453442,781240.28577,-0.0003700962250184,ARPA-USDT,0.0537586224911126,0.0538219748978245,-1.445e-05
2023-08-13 09:00:00,0.05402,0.05416,0.05385,0.05405,13549629,731969.2127800001,3564,6519357,352241.46471000003,0.0,ARPA-USDT,0.0539310203893219,0.0539140061306731,
2023-08-13 10:00:00,0.05405,0.05416,0.0539,0.054,13036989,704585.78341,2901,5817827,314512.24793,-0.0007401924500369,ARPA-USDT,0.0540538892944846,0.0540688552443502,
2023-08-13 11:00:00,0.05399,0.05409,0.05394,0.05404,6284163,339475.92073,2206,3664574,197968.63752,-0.0005548363232846,ARPA-USDT,0.053975378491531,0.0540033690960454,
2023-08-13 12:00:00,0.05404,0.05408,0.05388,0.0539,6779803,365933.98215,2251,3081561,166333.44234,-0.0001854943424224,ARPA-USDT,0.0540299368087688,0.054049054242686,
2023-08-13 13:00:00,0.0539,0.05391,0.0537,0.05375,10507495,565173.93947,3010,4331540,232997.42319,-0.0001860119047619,ARPA-USDT,0.0538938098218888,0.0538550464459962,
2023-08-13 14:00:00,0.05376,0.05407,0.05372,0.05394,21168139,1141158.26806,4329,9767245,526511.53645,-0.0005558643690938,ARPA-USDT,0.0537737798396805,0.0537572756113327,
2023-08-13 15:00:00,0.05393,0.05399,0.05346,0.05363,13146673,705680.85899,3164,6364181,341598.45093,0.0,ARPA-USDT,0.0539513379181388,0.0539287673385106,
2023-08-13 16:00:00,0.05364,0.05386,0.05357,0.05374,10401578,558827.75765,3384,5000088,268610.33829,0.0,ARPA-USDT,0.0536720849715683,0.0536750619813007,0.0001
2023-08-13 17:00:00,0.05373,0.05394,0.05367,0.05385,6899069,371248.12435,2180,3869643,208218.26398,0.0,ARPA-USDT,0.0537140596906025,0.0537055793516428,
2023-08-13 18:00:00,0.05385,0.05394,0.05372,0.05393,5684922,306063.20066000003,2328,2687912,144728.47294,-0.00018539117538,ARPA-USDT,0.0538505841751134,0.053824472174722,
2023-08-13 19:00:00,0.05393,0.05424,0.05388,0.05419,10308477,557760.42767,2965,5254454,284325.00943,0.0001845699520117,ARPA-USDT,0.0539049314175353,0.0539292607066978,
2023-08-13 20:00:00,0.05418,0.05421,0.05391,0.05397,8934043,482665.40306,2257,3925292,212057.49013,-0.0003704389701797,ARPA-USDT,0.0541776479726243,0.0541397042673891,
2023-08-13 21:00:00,0.05397,0.05404,0.05369,0.05386,5526866,297740.729,1644,2489762,134117.79346,0.0,ARPA-USDT,0.0539504711170032,0.0539571273619227,
2023-08-13 22:00:00,0.05385,0.05391,0.0533,0.05352,19545103,1047142.22951,4250,9492194,508509.93313,0.0,ARPA-USDT,0.0538673024878355,0.0538493904580302,
2023-08-13 23:00:00,0.05351,0.05373,0.05343,0.05344,8330065,446332.36979,2325,3764168,201710.82585,-0.0005610622779127,ARPA-USDT,0.0534664562867562,0.0535294844123553,
2023-08-14 00:00:00,0.05343,0.05351,0.05308,0.0535,17433504,928840.57073,4381,7872671,419437.37591,0.0,ARPA-USDT,0.0534192506480187,0.0533006731851905,0.0001
2023-08-14 01:00:00,0.05351,0.0536,0.0534,0.05345,9604098,513745.18448,2821,4619320,247116.32783,-0.0005609573672401,ARPA-USDT,0.0534896765510354,0.0534784786086969,
2023-08-14 02:00:00,0.05346,0.05356,0.05283,0.0535,21341722,1134643.63136,5189,9503576,505216.90043,0.0011227544910179,ARPA-USDT,0.0534412963452464,0.0534352267960856,
2023-08-14 03:00:00,0.05351,0.0537,0.05346,0.05361,10088976,540780.86469,3447,5448157,292015.94581,-0.0001864975755315,ARPA-USDT,0.0535009871718105,0.0535657643072565,
2023-08-14 04:00:00,0.05362,0.05376,0.05341,0.05373,7963712,426581.55332,2660,3966340,212474.84193,-0.0001860811313733,ARPA-USDT,0.0536071697555951,0.0535771683087641,
2023-08-14 05:00:00,0.05373,0.0541,0.05369,0.05404,10972448,591957.5385499999,3055,5739315,309589.80446,-0.0001850138760407,ARPA-USDT,0.053754979565809,0.0537376428927393,
2023-08-14 06:00:00,0.05404,0.05422,0.05391,0.05415,8822595,477007.16713,2785,4373129,236468.22811,-0.0001846381093058,ARPA-USDT,0.0540329810793182,0.0540099262960744,
2023-08-14 07:00:00,0.05414,0.0543,0.05396,0.05413,14086121,762843.23354,3637,7177515,388757.1952,-0.0003693444136657,ARPA-USDT,0.0541325725459573,0.0542127952580675,
2023-08-14 08:00:00,0.05413,0.0543,0.05395,0.05424,10769769,583010.19465,3644,5506891,298176.52036,0.00018439977872,ARPA-USDT,0.0541657301553043,0.0540643949608177,0.0001
2023-08-14 09:00:00,0.05423,0.05437,0.05405,0.05431,7274522,394580.57932,2413,4109008,222872.77923,0.0003683919690551,ARPA-USDT,0.0542329034647232,0.0542138007613634,
2023-08-14 10:00:00,0.05431,0.05435,0.05407,0.0543,5879780,318766.14788,2117,2757713,149533.0883,0.0001841959845276,ARPA-USDT,0.0543187629996806,0.0543294208790326,
2023-08-14 11:00:00,0.05429,0.05432,0.05392,0.05401,4736168,256127.30795,1753,1650565,89257.51794,0.0,ARPA-USDT,0.0542938418015274,0.0542173814040083,
2023-08-14 12:00:00,0.05402,0.05403,0.05369,0.05389,5892591,317446.91019,2590,2207300,118900.91957,0.0001855976243505,ARPA-USDT,0.0540056758301098,0.0539940367926506,
2023-08-14 13:00:00,0.05389,0.05414,0.05376,0.05414,4450803,240100.10117,3003,2725475,147038.56838,0.0001847404396821,ARPA-USDT,0.053881554632991,0.053884275743485,
2023-08-14 14:00:00,0.05415,0.0546,0.05405,0.05432,11438772,621457.35415,3996,5543756,301099.44392,0.0,ARPA-USDT,0.0541337635060082,0.054125717388864,
2023-08-14 15:00:00,0.05433,0.05451,0.05425,0.05433,11921222,648181.30839,3342,5768291,313672.93974,0.0003682563063893,ARPA-USDT,0.054324115187829,0.0543705660320661,
2023-08-14 16:00:00,0.05432,0.05439,0.05411,0.0543,6508479,353226.76081,2029,3140644,170435.6019,0.0,ARPA-USDT,0.0543159821223364,0.0543034875719853,0.0001
2023-08-14 17:00:00,0.05429,0.05431,0.05387,0.05388,5632520,304432.5888,2608,2088933,112912.07414,-0.0001855631842643,ARPA-USDT,0.0542983887054981,0.0542516582811163,
2023-08-14 18:00:00,0.05388,0.05394,0.05346,0.05372,12205140,655490.25987,3841,5225597,280645.86976,-0.0001861157640052,ARPA-USDT,0.0539102334122881,0.0537914116049009,
2023-08-14 19:00:00,0.05371,0.05384,0.05359,0.05369,4799587,257850.08931,2167,2328254,125080.86822,-0.0007444630560208,ARPA-USDT,0.0537033261590414,0.0537135085865079,
2023-08-14 20:00:00,0.0537,0.05381,0.05356,0.05373,6005368,322451.36891,2450,2952608,158583.03876,-0.0001860811313733,ARPA-USDT,0.0536981235624938,0.0536312195442043,
2023-08-14 21:00:00,0.05373,0.0539,0.05367,0.05386,5009889,269426.37322,1349,2988711,160731.76815,-0.0005566895527927,ARPA-USDT,0.0537090912639347,0.0537286596523974,
2023-08-14 22:00:00,0.05387,0.05398,0.0538,0.05385,5384254,290212.35128,1769,2885071,155507.30715,0.0,ARPA-USDT,0.0538443627054298,0.0538551054867864,
2023-08-14 23:00:00,0.05384,0.05398,0.05374,0.05375,2906971,156612.4422,1199,1246343,67165.81673,-0.0003719546215361,ARPA-USDT,0.0538398354230323,0.053842859707394,
2023-08-15 00:00:00,0.05375,0.05381,0.05357,0.0538,9749653,523287.22446,2424,4900242,263043.8633,-0.0001858390633709,ARPA-USDT,0.0537327228368028,0.0536906567403483,0.0001
2023-08-15 01:00:00,0.05381,0.05412,0.0533,0.05336,24867326,1334664.61376,4441,10825940,581460.63075,-0.0003746721618583,ARPA-USDT,0.0539055373073144,0.0540142750731644,
2023-08-15 02:00:00,0.05335,0.05384,0.05284,0.05285,45547872,2430043.27406,6206,23199948,1238786.08813,-0.0005673222390317,ARPA-USDT,0.0533478692292886,0.0533806738032456,
2023-08-15 03:00:00,0.05285,0.05293,0.05238,0.0527,26326979,1386507.50686,5480,12387881,652207.13985,-0.0017048683462776,ARPA-USDT,0.0528198305376006,0.0527931885871555,
2023-08-15 04:00:00,0.0527,0.05279,0.0526,0.05269,11205305,590189.29513,3000,5581055,293948.8181,-0.000189753320683,ARPA-USDT,0.0526412971276769,0.0526406906548816,
2023-08-15 05:00:00,0.05269,0.05275,0.05239,0.05252,12429198,653807.71847,2817,5983956,314760.92468,0.0001904399162062,ARPA-USDT,0.0526868559063136,0.0526837406447941,
2023-08-15 06:00:00,0.05251,0.05265,0.05241,0.05258,9778673,513834.9735,2907,4949139,260057.35927,-0.000380228136882,ARPA-USDT,0.0524492282945272,0.052521469267454,
2023-08-15 07:00:00,0.05258,0.05266,0.05219,0.05245,13353017,699292.39515,2923,6169507,323087.65315,0.0007632131272656,ARPA-USDT,0.0525882109234895,0.0526053934532265,
2023-08-15 08:00:00,0.05245,0.05265,0.05223,0.05252,14871961,779700.32287,3214,7121498,373368.19747,-0.0005708848715509,ARPA-USDT,0.0524304301352354,0.0524558766810899,0.0001
2023-08-15 09:00:00,0.05252,0.05276,0.05249,0.05275,10172359,535307.73835,2698,5984737,314946.71724,-0.0001895375284306,ARPA-USDT,0.052512645882225,0.0525855039473373,
2023-08-15 10:00:00,0.05275,0.05288,0.05256,0.05256,15675525,826200.73706,3666,8213146,432900.74354,-0.0003803727653099,ARPA-USDT,0.0527291858306349,0.0527836142964046,
2023-08-15 11:00:00,0.05256,0.05261,0.05233,0.05235,7705731,404445.7895,2274,3275899,171961.53207,-0.0005727376861397,ARPA-USDT,0.0525376975830252,0.052562636850602,
2023-08-15 12:00:00,0.05235,0.05248,0.05214,0.0522,22974145,1200890.72257,3679,11855983,619767.43097,-0.0005743825387707,ARPA-USDT,0.0523048728616108,0.052271406412842,
2023-08-15 13:00:00,0.05221,0.0524,0.05177,0.05186,16244050,846492.68223,3821,5092189,265691.82977,0.0,ARPA-USDT,0.0522046899254923,0.0522021561752564,
2023-08-15 14:00:00,0.05186,0.05212,0.05165,0.05196,17101602,888547.70436,3681,7117088,369746.14118,-0.000192418703098,ARPA-USDT,0.051881298841412,0.0518975487229316,
2023-08-15 15:00:00,0.05195,0.0521,0.0516,0.05182,17478899,905814.64022,3765,8011554,415238.495,0.0,ARPA-USDT,0.0519704034334098,0.052014562392539,
2023-08-15 16:00:00,0.05183,0.05194,0.05167,0.05178,10737776,556054.22986,3395,5126252,265437.55218,0.0,ARPA-USDT,0.0518037289408287,0.0518806162788998,0.0001
2023-08-15 17:00:00,0.05179,0.05193,0.05171,0.05189,5474667,283751.61991,2637,2851387,147806.44875,-0.0001926782273603,ARPA-USDT,0.0517721502506635,0.0517414500358542,
2023-08-15 18:00:00,0.0519,0.0519,0.0514,0.05157,17061642,880600.16973,4309,6765899,349242.99306,0.0,ARPA-USDT,0.0518887788167271,0.0518631543249272,
2023-08-15 19:00:00,0.05157,0.05157,0.04388,0.04792,242706187,11708031.08851,50402,95284290,4604625.56659,-0.0008340283569642,ARPA-USDT,0.0515577768146321,0.0515125824109161,
2023-08-15 20:00:00,0.04793,0.04865,0.04747,0.04825,60668050,2921038.19694,12573,29854962,1438587.996,0.0,ARPA-USDT,0.0479424492981668,0.0477645116705729,
2023-08-15 21:00:00,0.04824,0.04893,0.04818,0.04891,21493003,1044850.26565,5102,11991535,583133.406,-0.0006129955046995,ARPA-USDT,0.0482326708048453,0.0482542940619316,
2023-08-15 22:00:00,0.0489,0.04909,0.04868,0.04874,14979865,732266.30025,4366,8152912,398573.43645,-0.0008200082000819,ARPA-USDT,0.0489036640126756,0.0489115414597291,
2023-08-15 23:00:00,0.04874,0.0489,0.04861,0.04882,11429009,557344.74989,3422,5831047,284341.98844,-0.0008186655751125,ARPA-USDT,0.0487331450400114,0.0487675863139688,
2023-08-16 00:00:00,0.04883,0.04883,0.04812,0.04817,19717865,955751.85692,4829,8630859,418082.36741,-0.0002075550020755,ARPA-USDT,0.048759915522401,0.0487169811207577,-3.904e-05
2023-08-16 01:00:00,0.04817,0.04835,0.04781,0.04796,23559951,1132593.77258,5331,11503170,553024.25994,-0.0002084636230976,ARPA-USDT,0.04819054727812,0.0481877996104882,
2023-08-16 02:00:00,0.04797,0.04833,0.04784,0.04812,14930908,718852.5024700001,4068,7923983,381389.12034,-0.0012453300124531,ARPA-USDT,0.0479629375617032,0.0479429359433838,
2023-08-16 03:00:00,0.04811,0.04815,0.0479,0.04803,10901652,523567.06751,3622,5656159,271664.01187,-0.0004162330905306,ARPA-USDT,0.0481082536566334,0.0480645947673031,
2023-08-16 04:00:00,0.04802,0.04843,0.04799,0.04817,14396464,694960.37417,3651,7433836,358813.46528,-0.0006224066390041,ARPA-USDT,0.0480111774976202,0.0480988417593893,
2023-08-16 05:00:00,0.04816,0.04823,0.04788,0.04792,13780886,661793.57809,3042,7141607,342991.56103,-0.0004171881518566,ARPA-USDT,0.048126679725906,0.0481192465904879,
2023-08-16 06:00:00,0.04791,0.0481,0.04786,0.04801,16090376,771655.7789800001,3456,8844993,424170.05793,-0.0012481797378823,ARPA-USDT,0.0479106756666022,0.0478968707554042,
2023-08-16 07:00:00,0.048,0.04817,0.04795,0.048,11396543,547765.4911100001,3351,5691020,273496.31054,-0.0008326394671106,ARPA-USDT,0.0480012938035376,0.048004392350916,
2023-08-16 08:00:00,0.04799,0.04811,0.04771,0.04787,21032104,1008360.38039,5102,10713677,513524.68891,-0.0010434056761268,ARPA-USDT,0.0479718815884868,0.0479353852475997,7.33e-06
2023-08-16 09:00:00,0.04787,0.04797,0.04721,0.04747,30851748,1466122.38775,6426,15055995,715348.1746,-0.0006315789473684,ARPA-USDT,0.0478812586799221,0.0479020403824532,
2023-08-16 10:00:00,0.04747,0.04782,0.04745,0.04765,10900764,519524.7185,3908,5841425,278331.45635,-0.0002098195551826,ARPA-USDT,0.0474682585270181,0.0475213816722501,
2023-08-16 11:00:00,0.04765,0.04765,0.04743,0.04758,14870903,707014.28151,3641,7567989,359809.45856,-0.0006301197227474,ARPA-USDT,0.0476319975872341,0.0476007631364173,
2023-08-16 12:00:00,0.04758,0.0476,0.04669,0.04707,51751891,2438277.10313,9858,26818480,1263696.41347,-0.0006369426751592,ARPA-USDT,0.0475472940550832,0.0475711642086563,
2023-08-16 13:00:00,0.04707,0.0471,0.04633,0.04645,39850610,1862514.03838,6774,20364610,951828.91392,-0.0008604000860399,ARPA-USDT,0.0470566223156309,0.0470579628855688,
2023-08-16 14:00:00,0.04646,0.04721,0.04639,0.04709,33169556,1554179.26726,6123,19284406,903833.08303,-0.0004245383145828,ARPA-USDT,0.046499949259399,0.0464903117038706,
2023-08-16 15:00:00,0.04709,0.04715,0.04679,0.04698,14491105,680677.98025,4150,7313883,343490.57813,-0.0008507018290089,ARPA-USDT,0.0470749454658035,0.0470537870879815,
2023-08-16 16:00:00,0.04697,0.04736,0.04685,0.04726,33784821,1590946.3948,8095,15553543,732347.6635,0.0,ARPA-USDT,0.0469208470046166,0.0469006335409382,3.933e-05
2023-08-16 17:00:00,0.04725,0.04737,0.04687,0.04726,18554146,874465.50627,5030,9624695,453653.76972,-0.000845665961945,ARPA-USDT,0.0472021649481994,0.0471316306184068,
2023-08-16 18:00:00,0.04726,0.04765,0.0471,0.04741,17693457,838733.47177,5184,10124829,479919.564,-0.0012639561828522,ARPA-USDT,0.047248268291027,0.0472369884690178,
2023-08-16 19:00:00,0.04741,0.04743,0.04714,0.04718,9173668,433673.75932,3137,4376992,206882.60364,-0.0006354585892819,ARPA-USDT,0.0473890666676701,0.047397888378218,
2023-08-16 20:00:00,0.04717,0.04733,0.045,0.04623,71414596,3310104.31063,14936,35327634,1639166.20633,-0.0004324324324324,ARPA-USDT,0.0471669817073912,0.0471921682762278,
2023-08-16 21:00:00,0.04623,0.04623,0.04427,0.0456,57910409,2634472.30319,13817,25810356,1176317.96491,-0.0010952902519167,ARPA-USDT,0.0461236184241009,0.0460142152363492,
2023-08-16 22:00:00,0.04559,0.04608,0.04558,0.04591,14777955,677937.05213,4420,7617814,349539.62387,0.0,ARPA-USDT,0.0456013676872627,0.0457065212282602,
2023-08-16 23:00:00,0.04592,0.04641,0.04582,0.04637,14213565,655438.04181,5377,6885424,317485.11799,-0.0002156101768002,ARPA-USDT,0.0458861586468198,0.045913503637629,
2023-08-17 00:00:00,0.04637,0.04641,0.04501,0.04601,32981361,1512425.10378,8547,15388590,705394.42738,-0.0004344992396263,ARPA-USDT,0.0462852116333778,0.0461653021584719,0.0001
2023-08-17 01:00:00,0.046,0.04638,0.04591,0.0463,15739153,727348.64234,5142,8574631,396376.85369,0.0006483682731792,ARPA-USDT,0.0460094863521345,0.0459883773627878,
2023-08-17 02:00:00,0.04631,0.04637,0.04605,0.04633,8659212,400278.10025,2911,3864155,178649.77338,-0.0004314994606257,ARPA-USDT,0.0463062626218866,0.0462790270485386,
2023-08-17 03:00:00,0.04633,0.04676,0.0463,0.04667,10888336,507049.27699,3538,6678212,310970.90761,-0.0012839717526214,ARPA-USDT,0.0463147408645557,0.0463364709168336,
2023-08-17 04:00:00,0.04667,0.04669,0.04637,0.04654,10673893,496869.95433,2988,5173263,240817.6027,-0.0008587376556463,ARPA-USDT,0.0466039830553107,0.0466296994832992,
2023-08-17 05:00:00,0.04654,0.04704,0.0465,0.04699,6931263,324102.1697,2210,3886371,181785.3492,-0.0004254413954478,ARPA-USDT,0.0465452858396371,0.0466143606514077,
2023-08-17 06:00:00,0.047,0.04705,0.04672,0.04695,11830738,554631.16441,3065,5292102,248062.60545,0.0002130379207498,ARPA-USDT,0.0470160788116542,0.046963633149516,
2023-08-17 07:00:00,0.04694,0.04698,0.0468,0.04692,5988774,280809.81267,2031,3300254,154753.54347,-0.0004260758414997,ARPA-USDT,0.0469244934736679,0.0468869869450325,
2023-08-17 08:00:00,0.04691,0.04697,0.04655,0.04662,17592667,821938.03219,3742,7518839,351139.87671,-0.0006430868167202,ARPA-USDT,0.0469098990590461,0.0468310533518299,2.328e-05
2023-08-17 09:00:00,0.04662,0.04687,0.04656,0.04686,9724383,454108.1248,2347,4861488,227036.29633,-0.0002133560913164,ARPA-USDT,0.046651709783467,0.0466891531071769,
2023-08-17 10:00:00,0.04686,0.04686,0.04643,0.04657,14479116,675120.9826999999,2772,6946230,323859.86057,0.0,ARPA-USDT,0.0468105498243337,0.0468019019760802,
2023-08-17 11:00:00,0.04657,0.0466,0.04625,0.04627,8076590,375101.45138,2145,3589813,166778.80484,-0.0006479481641469,ARPA-USDT,0.0465623039955152,0.046550980210829,
2023-08-17 12:00:00,0.04628,0.04641,0.046,0.04633,17583749,812623.49332,3750,7922173,366331.52266,-0.0010780508840015,ARPA-USDT,0.0462785232268584,0.0462268316799376,
2023-08-17 13:00:00,0.04633,0.04637,0.04597,0.04609,8243312,380922.9935,2324,4255090,196588.16185,0.0002170138888888,ARPA-USDT,0.0463227575473261,0.0462655063090758,
2023-08-17 14:00:00,0.04608,0.04611,0.04546,0.04571,20664551,945151.53324,3975,9675092,442437.49136,-0.0010926573426573,ARPA-USDT,0.0460596265341317,0.0459796003858377,
2023-08-17 15:00:00,0.0457,0.04612,0.04496,0.04522,46469173,2115089.90195,9660,23823864,1084615.82753,-0.0006629834254142,ARPA-USDT,0.0457159000156368,0.0457143208119639,
2023-08-17 16:00:00,0.04522,0.04588,0.04474,0.04558,45209103,2046757.23638,8954,25276482,1143728.38878,-0.0017520805957073,ARPA-USDT,0.0452956859086414,0.0451854386821523,0.0001
2023-08-17 17:00:00,0.04558,0.04598,0.04557,0.04594,10028455,459696.19555,2660,4872691,223333.06937,0.0,ARPA-USDT,0.0456340059040907,0.0456787001763132,
2023-08-17 18:00:00,0.04594,0.04604,0.04555,0.04567,10818942,495035.26513,2899,4640255,212226.16714,0.0,ARPA-USDT,0.0459591244995783,0.0459948565797759,
2023-08-17 19:00:00,0.04568,0.04599,0.04561,0.04591,6403582,293317.18239000003,1986,3172898,145308.3884,-0.0004354452427607,ARPA-USDT,0.0456479288795232,0.0456818771112236,
2023-08-17 20:00:00,0.04592,0.04603,0.04501,0.04532,25439622,1156155.94101,5463,12259741,556934.33445,-0.0008818342151675,ARPA-USDT,0.0459554901174041,0.0459439087520637,
2023-08-17 21:00:00,0.0453,0.04545,0.03375,0.03995,161716131,6468033.24008,31642,63393436,2528489.26125,-0.0002502502502502,ARPA-USDT,0.0453269244538099,0.045340486509328,
2023-08-17 22:00:00,0.03993,0.04062,0.03916,0.04031,138185992,5484062.53456,35591,55276186,2194179.20996,-0.000991325898389,ARPA-USDT,0.0398143415604522,0.039966750686631,
2023-08-17 23:00:00,0.04033,0.04106,0.03921,0.03927,121590782,4891086.52114,24051,59868667,2410402.25081,0.0002547121752418,ARPA-USDT,0.0401994104426066,0.0402729081598115,
2023-08-18 00:00:00,0.03928,0.04,0.03927,0.03989,69829425,2766593.73219,11752,37147641,1472025.10762,-0.0007515030060118,ARPA-USDT,0.0393542999897957,0.0394459713213267,-8.984e-05
2023-08-18 01:00:00,0.03989,0.03993,0.03935,0.03954,32766451,1296101.53152,4945,17385162,687707.71712,-0.0002528445006322,ARPA-USDT,0.0398542362759315,0.0397740779039664,
2023-08-18 02:00:00,0.03953,0.04006,0.03941,0.03947,43633701,1731654.23071,6878,23514157,933130.9471,-0.0007594936708861,ARPA-USDT,0.0396154221241937,0.0397890001886831,
2023-08-18 03:00:00,0.03947,0.03981,0.03945,0.03963,24891757,986010.00885,4682,12529912,496356.22906,-0.0002522704339051,ARPA-USDT,0.0394875597470144,0.0395817596291677,
2023-08-18 04:00:00,0.03963,0.0398,0.03923,0.03951,25557768,1008992.03203,5131,12539517,494919.71051,0.0,ARPA-USDT,0.039729820583064,0.0397361846187231,
2023-08-18 05:00:00,0.03951,0.04031,0.03949,0.04028,20283569,809085.65056,4199,11516492,459397.26289,-0.0009920634920634,ARPA-USDT,0.0395274517606739,0.0395747827229033,
2023-08-18 06:00:00,0.04028,0.04069,0.04012,0.04023,30565006,1234961.17576,6567,13178262,532489.35439,-0.000248508946322,ARPA-USDT,0.0401964868526207,0.0402878561831319,
2023-08-18 07:00:00,0.04023,0.04051,0.04006,0.04023,26111228,1050456.20851,4843,11997219,482718.03073,-0.000248508946322,ARPA-USDT,0.0402902425631594,0.0402985651000688,
2023-08-18 08:00:00,0.04022,0.04107,0.04022,0.04058,53077928,2155074.95256,8869,28967536,1175983.10086,-0.0007387343018961,ARPA-USDT,0.0402493307898211,0.0403140994299253,1.888e-05
2023-08-18 09:00:00,0.04057,0.04063,0.04019,0.04022,17236505,696913.81389,4263,7511271,303791.95897,-0.0009935419771485,ARPA-USDT,0.0405408124965825,0.0404945868482694,
2023-08-18 10:00:00,0.04023,0.04028,0.04,0.04008,18593947,746339.58814,4062,8783331,352517.42149,-0.0004987531172069,ARPA-USDT,0.0401949120507174,0.0402122135097978,
2023-08-18 11:00:00,0.04008,0.04045,0.03995,0.04037,20437642,822318.59392,4314,10656413,428726.46141,-0.0007425742574256,ARPA-USDT,0.0400902250815545,0.0400842503332685,
2023-08-18 12:00:00,0.04037,0.04037,0.03979,0.03986,27742684,1109629.16536,5640,13572021,542868.19155,-0.0005015045135405,ARPA-USDT,0.0402618802193198,0.0402191809841849,
2023-08-18 13:00:00,0.03987,0.0404,0.03969,0.04011,37343785,1495431.43405,6560,21826369,873951.15313,-0.0004983802641415,ARPA-USDT,0.0398886056212992,0.0398734735623622,
2023-08-18 14:00:00,0.04012,0.04013,0.03968,0.03986,33812194,1349227.9091,6023,17535693,699702.05883,-0.0010025062656641,ARPA-USDT,0.0400701824023887,0.0399802483625514,
2023-08-18 15:00:00,0.03985,0.04035,0.03981,0.04023,20731548,831832.9741400001,4513,10615249,425853.22952,-0.000248508946322,ARPA-USDT,0.0399005080208587,0.0399554831609901,
2023-08-18 16:00:00,0.04022,0.04043,0.03974,0.04002,25031163,1004221.88482,4959,12681793,509011.86571,-0.0004995004995004,ARPA-USDT,0.0400802190234058,0.0401092630096003,-0.00017991
2023-08-18 17:00:00,0.04001,0.04052,0.0394,0.04025,44369553,1773495.66191,7952,19689571,787016.6176,0.0,ARPA-USDT,0.0400075679815044,0.0399584355902966,
2023-08-18 18:00:00,0.04024,0.04033,0.0399,0.04003,19537440,783331.06504,4574,9576874,383904.96048,0.0002498750624688,ARPA-USDT,0.0402284654257906,0.0401699750077982,
2023-08-18 19:00:00,0.04002,0.04006,0.03966,0.03979,16804937,669140.68344,3554,8106358,322688.9951,-0.0007533902561527,ARPA-USDT,0.0400113515824361,0.0399011845806826,
2023-08-18 20:00:00,0.03979,0.04034,0.03975,0.04012,15815191,634394.03913,3402,8337802,334372.26695,-0.0009960159362549,ARPA-USDT,0.0397884332455689,0.039828129555866,
2023-08-18 21:00:00,0.04012,0.04033,0.04003,0.04013,10370201,416631.64554,2752,4811553,193284.66355,-0.001492908683752,ARPA-USDT,0.0401227767883164,0.0401518043936542,
2023-08-18 22:00:00,0.04012,0.04052,0.0401,0.04032,11605850,467999.17871,2574,7212257,290833.30791,-0.0012385434728758,ARPA-USDT,0.04014390977663,0.0401731850268265,
2023-08-18 23:00:00,0.04031,0.04047,0.04012,0.04015,13263866,534157.72334,2947,6670412,268633.99581,-0.0009952724558347,ARPA-USDT,0.040336469644554,0.0403461805660439,
2023-08-19 00:00:00,0.04014,0.04087,0.04011,0.0408,22055737,893071.07241,5474,11924594,482759.77377,-0.0009794319294809,ARPA-USDT,0.0401599907735233,0.040202893762578,5.103e-05
2023-08-19 01:00:00,0.04079,0.0408,0.04037,0.04041,11291907,457918.84331,2887,5192883,210561.74378,-0.0022222222222222,ARPA-USDT,0.0407558950154895,0.0407403103431081,
2023-08-19 02:00:00,0.0404,0.04083,0.04034,0.04065,12139872,492411.9392,2839,6347984,257403.59509,-0.0012285012285012,ARPA-USDT,0.0403820418670845,0.0404137428051241,
2023-08-19 03:00:00,0.04065,0.04065,0.04029,0.04061,9498724,384483.99372,2631,5158008,208790.91186,-0.0004922471080481,ARPA-USDT,0.0406282238519421,0.0405135763313784,
2023-08-19 04:00:00,0.04061,0.04073,0.04039,0.04073,7653879,310517.50972,2360,3704608,150321.0932,-0.0004907975460122,ARPA-USDT,0.0405867725811336,0.0405344477086327,
2023-08-19 05:00:00,0.04072,0.04079,0.0406,0.04063,10395051,423068.43248,2790,5077892,206688.94622,-0.0012291052114061,ARPA-USDT,0.0407264318299321,0.0406669912321584,
2023-08-19 06:00:00,0.04063,0.04081,0.04045,0.0405,11201322,454947.92114,2792,4874878,197959.39095,0.0002469745616202,ARPA-USDT,0.0405858205112184,0.0405762167084813,
2023-08-19 07:00:00,0.04051,0.04063,0.04032,0.0406,10694456,432833.51088,2759,4935274,199786.31897,0.0,ARPA-USDT,0.0405088138673107,0.0404546107298229,
2023-08-19 08:00:00,0.04061,0.04098,0.04039,0.04094,18765301,763795.4489,4375,8483459,345427.01018,-0.0007322431047108,ARPA-USDT,0.0406284274674073,0.0405660803635996,7.658e-05
2023-08-19 09:00:00,0.04094,0.04112,0.04067,0.04093,11434936,467453.83711,3636,6087329,248913.66213,-0.0004884004884004,ARPA-USDT,0.0409060807797803,0.040830819620305,
2023-08-19 10:00:00,0.04092,0.04098,0.0407,0.04096,12264419,500757.19859,3436,6926607,282919.35426,-0.0004880429477793,ARPA-USDT,0.0409002520955855,0.0408562281056891,
2023-08-19 11:00:00,0.04096,0.04102,0.04072,0.04086,18248188,746953.20834,3546,8360563,342245.0263,-0.0002446782481037,ARPA-USDT,0.0409859762574226,0.0409895811850983,
2023-08-19 12:00:00,0.04085,0.04096,0.0407,0.04082,18133895,740432.35357,4143,9473072,386855.91037,-0.0002449179524858,ARPA-USDT,0.0407689311309618,0.0408738738406881,
2023-08-19 13:00:00,0.04081,0.041,0.04072,0.04089,6741650,275627.87033,1994,2616173,106913.5176,0.0,ARPA-USDT,0.0408092395398713,0.0407793797924317,
2023-08-19 14:00:00,0.04089,0.04129,0.04083,0.04111,12162664,499783.04591,3638,6609028,271532.69149,-0.0004862630683198,ARPA-USDT,0.0408717159014694,0.0409081014959671,
2023-08-19 15:00:00,0.04111,0.04141,0.04101,0.04139,12527492,516640.50176,3783,5935764,244759.34622,-0.0004829751267809,ARPA-USDT,0.0411001415538339,0.0410589464685226,
2023-08-19 16:00:00,0.04139,0.04153,0.04117,0.04149,17019891,703509.32015,4927,6877916,284324.3775,-0.0007225433526012,ARPA-USDT,0.0413664327771172,0.0413987924652021,0.0001
2023-08-19 17:00:00,0.04148,0.04167,0.04069,0.04105,40630703,1675491.26853,7210,18019452,743200.52579,-0.0014594989053757,ARPA-USDT,0.0414789621659981,0.0415210032746602,
2023-08-19 18:00:00,0.04105,0.04106,0.04075,0.04082,11975576,489195.32391,2819,4303068,175786.61903,-0.0014677103718199,ARPA-USDT,0.0409936260970409,0.0408818879061821,
2023-08-19 19:00:00,0.04081,0.04095,0.04075,0.04083,7785584,318129.99911,2487,4126949,168619.84641,-0.0004895960832312,ARPA-USDT,0.0408191787346688,0.0407932308486443,
2023-08-19 20:00:00,0.04082,0.04087,0.04028,0.04051,21819450,883929.92443,5022,9371920,379571.94474,-0.001232741617357,ARPA-USDT,0.0408373058696146,0.0407446491734092,
2023-08-19 21:00:00,0.04051,0.04076,0.04049,0.04062,10263692,416677.78338,2623,5169079,209878.10629,0.0,ARPA-USDT,0.0405293402510321,0.0405432270522679,
2023-08-19 22:00:00,0.04062,0.04067,0.04037,0.0404,8831500,357575.22308,2685,4526914,183314.74467,-0.0017296763034346,ARPA-USDT,0.0406289710082411,0.0405472336484389,
2023-08-19 23:00:00,0.04041,0.04083,0.0404,0.04075,6893607,280479.07513,1977,3683918,149844.41868,-0.0012254901960784,ARPA-USDT,0.0404266854550262,0.0404616927918765,
2023-08-20 00:00:00,0.04074,0.04085,0.04042,0.04069,14754817,599637.78599,3434,7104484,288798.03543,-0.0007367387033399,ARPA-USDT,0.0407818111606639,0.0407309908744118,9.343e-05
2023-08-20 01:00:00,0.0407,0.04075,0.04037,0.04041,6285337,254323.7483,1589,3216397,130134.37052,-0.0007418397626111,ARPA-USDT,0.0407120832732082,0.0406540703279723,
2023-08-20 02:00:00,0.0404,0.04055,0.04032,0.04044,7151345,289044.67335,1929,3462747,139963.91138,-0.0012348728081007,ARPA-USDT,0.0404447966984045,0.0403692366933638,
2023-08-20 03:00:00,0.04045,0.04056,0.04038,0.04049,3641206,147395.21543,1422,1939757,78502.40553,-0.001233349777997,ARPA-USDT,0.0404406842084492,0.0404201285469969,
2023-08-20 04:00:00,0.04049,0.04063,0.04041,0.04051,4420467,179118.33147,1567,2426633,98343.08128,-0.0007400098667982,ARPA-USDT,0.040496941967915,0.0405247986291052,
2023-08-20 05:00:00,0.0405,0.04073,0.04046,0.04049,9126036,370600.57473,2488,4978971,202182.60665,-0.0007403751233958,ARPA-USDT,0.0405087945216884,0.040488154454165,
2023-08-20 06:00:00,0.04049,0.0405,0.04017,0.04033,13808517,556666.45572,3084,6371748,256894.16468,-0.0007433102081269,ARPA-USDT,0.0404614403818629,0.0404531434683744,
2023-08-20 07:00:00,0.04032,0.04055,0.04031,0.04054,6900432,279136.68803,2008,3489696,141144.27637,-0.0007394626571358,ARPA-USDT,0.0403274827983464,0.0403567002129698,
2023-08-20 08:00:00,0.04054,0.04065,0.04037,0.04063,7809121,316154.88291,2256,3716462,150449.95953,-0.000737825873094,ARPA-USDT,0.0405506031946497,0.0404933930418198,-2.315e-05
2023-08-20 09:00:00,0.04063,0.04067,0.04054,0.04063,6627255,269198.34916,2071,3156312,128211.91209,-0.000737825873094,ARPA-USDT,0.0406304016460199,0.0406007895296986,
2023-08-20 10:00:00,0.04062,0.04092,0.04057,0.04074,16685862,680058.42891,3449,9199480,374946.76662,-0.0012257906349595,ARPA-USDT,0.0406002987081286,0.0406385932770385,
2023-08-20 11:00:00,0.04075,0.04098,0.04075,0.04097,8378268,342477.46983,2139,4157088,169940.49088,-0.0002440214738897,ARPA-USDT,0.0407665231969811,0.0407705859057329,
2023-08-20 12:00:00,0.04096,0.04097,0.04074,0.04093,6932402,283095.11514,1714,3416596,139549.29189,-0.0004884004884004,ARPA-USDT,0.0409432480924326,0.0409044649527232,
2023-08-20 13:00:00,0.04093,0.04095,0.04076,0.0409,7110287,290578.35978,1801,3668209,149916.45704,-0.0004887585532746,ARPA-USDT,0.0409302774577025,0.0409356760994577,
2023-08-20 14:00:00,0.0409,0.04095,0.04049,0.04057,13294304,541207.93503,2825,6439911,262207.86086,-0.0007389162561575,ARPA-USDT,0.0408925158422521,0.0408966333938535,
2023-08-20 15:00:00,0.04056,0.04074,0.04033,0.04074,14503053,588346.07698,3319,7235840,293562.49353,-0.0004906771344455,ARPA-USDT,0.0405710419266162,0.0405887440744466,
2023-08-20 16:00:00,0.04074,0.04093,0.04049,0.0406,11245994,458424.66442,2633,5359046,218510.2771,-0.0004923682914821,ARPA-USDT,0.0407208563416638,0.0407690774928242,-0.00014653
2023-08-20 17:00:00,0.0406,0.04094,0.04057,0.04086,7601597,309877.6909,1976,3700197,150793.81922,-0.0009779951100243,ARPA-USDT,0.0405954904645833,0.0406083511637414,
2023-08-20 18:00:00,0.04087,0.04104,0.04086,0.04091,12006684,491811.65947,2394,5702279,233594.8125,-0.0002443792766372,ARPA-USDT,0.0408726067033558,0.0409318937972873,
2023-08-20 19:00:00,0.04091,0.04091,0.04072,0.04085,8262827,337206.92371,2011,4324136,176494.49001,-0.0002447381302007,ARPA-USDT,0.0409038205783985,0.0408720013289286,
2023-08-20 20:00:00,0.04084,0.04129,0.04084,0.04114,17136241,704332.76104,4131,9544578,392178.75718,-0.0004859086491739,ARPA-USDT,0.0408496224436287,0.0408646761810219,
2023-08-20 21:00:00,0.04114,0.04118,0.04093,0.04102,11819315,485158.92403,3138,5920532,242993.16725,-0.0002437241043138,ARPA-USDT,0.0411542920951538,0.0411132841462321,
2023-08-20 22:00:00,0.04102,0.04119,0.04099,0.04107,8082612,332232.50599,2062,4957036,203783.35107,-0.0007299270072991,ARPA-USDT,0.0410234892598119,0.0410887260948641,
2023-08-20 23:00:00,0.04107,0.04111,0.04092,0.04092,7910908,324457.75853,1973,3619145,148445.06576,-0.0014641288433383,ARPA-USDT,0.0410804436074746,0.0410847915449575,
2023-08-21 00:00:00,0.04092,0.04119,0.04081,0.04087,17704129,725423.0843,3803,8985773,368279.52726,0.0,ARPA-USDT,0.0409264319382776,0.0410000603307674,2.907e-05
2023-08-21 01:00:00,0.04088,0.04105,0.04082,0.04101,8979341,367655.39286,2113,4721056,193292.32387,0.0002439024390243,ARPA-USDT,0.0408793791767282,0.0409182369248466,
2023-08-21 02:00:00,0.04101,0.04103,0.04079,0.04089,6951349,284338.3214,1757,3079237,125971.21762,-0.0004888780249328,ARPA-USDT,0.0410150605565454,0.0409897208201733,
2023-08-21 03:00:00,0.04088,0.04094,0.04059,0.0407,7287179,297028.62283,1925,2933399,119588.48252,-0.0009818360333824,ARPA-USDT,0.0408831681624581,0.0408779673234387,
2023-08-21 04:00:00,0.0407,0.04081,0.0406,0.0406,7202129,293122.73802,2026,3193907,130020.94893,-0.000984251968504,ARPA-USDT,0.0407099837760287,0.0407272628673768,
2023-08-21 05:00:00,0.0406,0.04107,0.0406,0.04084,15877234,648602.15654,3914,6770886,276636.42784,0.0,ARPA-USDT,0.0406165690964524,0.0406432246073018,
2023-08-21 06:00:00,0.04084,0.04087,0.0404,0.04046,9649830,392698.54024,2271,4278936,174155.47527,0.0,ARPA-USDT,0.0408490297163888,0.0408320879325307,
2023-08-21 07:00:00,0.04046,0.04049,0.04031,0.04044,9802099,396237.9768,2035,4433283,179241.16153,-0.0007412898443291,ARPA-USDT,0.0404705253189548,0.0404462485044945,
2023-08-21 08:00:00,0.04044,0.04045,0.03952,0.04007,38277272,1528976.94742,6494,16164811,645479.2728,0.0,ARPA-USDT,0.0404387892771908,0.0403728908196299,-0.00011847
2023-08-21 09:00:00,0.04006,0.04026,0.03993,0.04003,8274897,331928.43262,2253,4207522,168806.4399,-0.0012475049900197,ARPA-USDT,0.0400347648403766,0.0400346075112949,
2023-08-21 10:00:00,0.04002,0.04004,0.03933,0.03952,40394649,1603223.42706,6799,18787595,745637.86427,-0.0005058168942841,ARPA-USDT,0.0400214258219879,0.039928786187068,
2023-08-21 11:00:00,0.03952,0.04027,0.03944,0.04023,21199495,843626.45609,4145,12247218,488007.97303,-0.0004968944099378,ARPA-USDT,0.0395145853233551,0.0395556541622221,
2023-08-21 12:00:00,0.04024,0.04053,0.03995,0.03996,43018106,1734384.56653,7665,20339631,819912.8904800001,-0.0007501875468866,ARPA-USDT,0.0403978602512049,0.0403959234438362,
2023-08-21 13:00:00,0.03997,0.04041,0.03981,0.04038,21010337,841367.33051,4735,10159499,406747.36418,-0.0009896091044037,ARPA-USDT,0.0399870559918352,0.0400487297971886,
2023-08-21 14:00:00,0.04039,0.04053,0.04016,0.0402,19567041,788771.11019,3803,9942478,400742.06783,-0.0004972650422675,ARPA-USDT,0.0403640327840249,0.0403037895810738,
2023-08-21 15:00:00,0.04019,0.04027,0.03851,0.03942,58332955,2305753.5962,11747,28098603,1111282.67633,-0.0005070993914808,ARPA-USDT,0.0402351605594801,0.0402496869242438,
2023-08-21 16:00:00,0.03942,0.03996,0.03941,0.0397,29730401,1180658.16121,4992,15274054,606374.1908,-0.0005035246727089,ARPA-USDT,0.0394662853977101,0.0394921055683148,0.0001
2023-08-21 17:00:00,0.0397,0.04008,0.03964,0.03992,12696651,506385.39191,2639,6530143,260471.27931,-0.001001001001001,ARPA-USDT,0.0396746950229174,0.0396975345763415,
2023-08-21 18:00:00,0.03993,0.04016,0.03981,0.04,10511816,419924.23602,2363,4727428,188846.58441,-0.0004997501249375,ARPA-USDT,0.0399175759205997,0.0399102577111288,
2023-08-21 19:00:00,0.03999,0.04043,0.03998,0.04029,10813373,435041.67293,2568,4370407,175755.65975,-0.0002481389578165,ARPA-USDT,0.0399895537222836,0.040025561739074,
2023-08-21 20:00:00,0.0403,0.04048,0.04014,0.04026,17395576,700375.92275,2884,7898431,317988.61218,-0.0007446016381236,ARPA-USDT,0.0403433136266105,0.0404026921102615,
2023-08-21 21:00:00,0.04026,0.04039,0.04008,0.04034,13015528,523720.21619,2378,6301832,253642.33008,-0.0002478314745971,ARPA-USDT,0.0402639313676683,0.0402515899245916,
2023-08-21 22:00:00,0.04035,0.04051,0.04025,0.04034,16854148,680541.77189,2762,9099307,367434.86676,-0.0007431260837256,ARPA-USDT,0.0403986860535945,0.0403894528855243,
2023-08-21 23:00:00,0.04035,0.04052,0.04025,0.04029,9018691,364356.35004,2350,4584816,185226.28021,-0.0004961548002976,ARPA-USDT,0.0403486206828588,0.0403894560197916,
2023-08-22 00:00:00,0.0403,0.0404,0.04015,0.04024,14160098,570376.34828,2902,6321992,254660.38982,-0.0009930486593844,ARPA-USDT,0.0402463011024076,0.0402882957013191,-6.11e-06
2023-08-22 01:00:00,0.04023,0.04039,0.0402,0.0403,8871232,357308.82601,1840,4504283,181420.61566,0.0002482005460413,ARPA-USDT,0.0402352020884116,0.0402676605860657,
2023-08-22 02:00:00,0.0403,0.04049,0.04021,0.04049,7311662,295063.17019,2020,3708169,149674.08974999998,0.0,ARPA-USDT,0.0403135691329248,0.0402961309639272,
2023-08-22 03:00:00,0.04048,0.04048,0.04017,0.04036,6890412,277845.03007,1874,3303534,133121.49881,-0.0002477086945752,ARPA-USDT,0.0404654284259355,0.0404586632369161,
2023-08-22 04:00:00,0.04035,0.04043,0.04007,0.04013,11164436,448949.97309,2253,5547046,223084.67388,-0.0004981320049812,ARPA-USDT,0.0403895810269311,0.0403559592655274,
2023-08-22 05:00:00,0.04015,0.04024,0.03994,0.04004,11284699,452208.83446,2246,4630155,185568.73505,-0.0002496878901373,ARPA-USDT,0.0401349822176365,0.0401884804660089,
2023-08-22 06:00:00,0.04004,0.04019,0.03994,0.04019,7125282,285398.12459,1906,4160331,166655.1196,0.0002488800398208,ARPA-USDT,0.0400367388068805,0.0400507129881979,
2023-08-22 07:00:00,0.04019,0.04032,0.04002,0.04017,18758510,753839.46924,3310,8233034,330802.34289,-0.0009947774185526,ARPA-USDT,0.0402092399763472,0.0402293059513942,
2023-08-22 08:00:00,0.04018,0.04027,0.04015,0.04021,12388589,498139.79488,2386,6709677,269809.64529,-0.0007455268389661,ARPA-USDT,0.0402118909289999,0.0402078267753774,7.735e-05
2023-08-22 09:00:00,0.04021,0.04029,0.04011,0.04016,8567475,344386.43852,2123,3839198,154308.10956,-0.0012434717731907,ARPA-USDT,0.0402098233543514,0.0402450266736274,
2023-08-22 10:00:00,0.04015,0.04015,0.03983,0.03988,11896075,476021.47055,2430,5507384,220370.04853,-0.0005012531328321,ARPA-USDT,0.0401148258638679,0.0401035733956972,
2023-08-22 11:00:00,0.03987,0.03988,0.03964,0.03964,7787471,309515.47181,1846,3758955,149380.71581,-0.001008064516129,ARPA-USDT,0.0398693121391983,0.0398264550664702,
2023-08-22 12:00:00,0.03964,0.04015,0.03961,0.04001,23061258,921480.92388,3902,14437688,576938.15925,-0.0007492507492508,ARPA-USDT,0.0396280702852295,0.0396714913996616,
2023-08-22 13:00:00,0.04,0.04,0.03942,0.03946,33670560,1334997.70937,5373,17389494,689506.25257,-0.001012658227848,ARPA-USDT,0.0399858817052235,0.0398493606921458,
2023-08-22 14:00:00,0.03946,0.03971,0.03934,0.03959,25089047,992242.54081,4458,12135165,479888.16084,-0.0007571933366986,ARPA-USDT,0.0394797923979367,0.0395361171792407,
2023-08-22 15:00:00,0.03958,0.04002,0.03956,0.03957,25063043,996600.97133,4077,11541609,458917.35624,-0.0010098459984851,ARPA-USDT,0.0395798360242069,0.0396139784097554,
2023-08-22 16:00:00,0.03956,0.03984,0.03906,0.03982,50264937,1982259.60042,7761,24594531,969911.05245,-0.0002510670348981,ARPA-USDT,0.0395698322581255,0.0395547489105904,-5.263e-05
2023-08-22 17:00:00,0.03981,0.0399,0.03891,0.03892,46225410,1818425.49374,7478,21180820,833159.51643,-0.0007702182284979,ARPA-USDT,0.0398425363727242,0.039813395119596,
2023-08-22 18:00:00,0.03892,0.03978,0.03852,0.03955,48201967,1886555.47556,7597,21660513,847042.6923100001,0.0,ARPA-USDT,0.0388997046679291,0.0388812581704636,
2023-08-22 19:00:00,0.03954,0.03974,0.03927,0.0393,15673631,619030.27946,2851,7427329,293507.75726,-0.0005086469989826,ARPA-USDT,0.0395583887026813,0.0395200106163017,
2023-08-22 20:00:00,0.03929,0.03984,0.03921,0.03982,18963371,748588.52716,3709,9567428,377686.86622,-0.0007528230865745,ARPA-USDT,0.0393368364110883,0.0392911720773057,
2023-08-22 21:00:00,0.03982,0.03986,0.03852,0.0393,34453535,1349167.4185,7127,16466524,644647.78178,-0.0005086469989826,ARPA-USDT,0.0398328796689807,0.0398005877862598,
2023-08-22 22:00:00,0.03929,0.04006,0.03929,0.04001,24445887,971007.6762,4694,12409784,492874.84697,-0.0004996252810394,ARPA-USDT,0.0393469359050643,0.0394143727806674,
2023-08-22 23:00:00,0.04002,0.04057,0.04,0.04035,31065118,1253147.80802,5460,15187005,612521.23175,-0.0004954173891504,ARPA-USDT,0.0400948255069407,0.040086511228389,
2023-08-23 00:00:00,0.04036,0.04054,0.04016,0.0404,22376094,902386.18246,4056,11863085,478375.14021,-0.0007420232500618,ARPA-USDT,0.0403969224090527,0.0403200038834226,0.0001
2023-08-23 01:00:00,0.0404,0.04056,0.04021,0.04043,12403450,500579.36261,2699,6340678,255882.10144,-0.0002472799208703,ARPA-USDT,0.0404048773415927,0.0404172769275081,
2023-08-23 02:00:00,0.04043,0.04057,0.04029,0.0405,10437789,422228.61651,2264,5382395,217733.44082,-0.0007401924500368,ARPA-USDT,0.0404468967097724,0.0404680714804445,
2023-08-23 03:00:00,0.0405,0.0406,0.04023,0.04028,12726601,513996.22539,2445,6493550,262263.50176,-0.0004962779156327,ARPA-USDT,0.040486454562376,0.0405175420633661,
2023-08-23 04:00:00,0.04028,0.04041,0.04022,0.04038,8268922,333206.54736,2083,4250362,171309.08471999998,-0.0009896091044037,ARPA-USDT,0.0402602892698307,0.040246729722986,
2023-08-23 05:00:00,0.04038,0.04039,0.04004,0.04025,11578120,465124.48896,2310,4680287,188074.49744,-0.000248385494287,ARPA-USDT,0.0403879645802801,0.0403371809879584,
2023-08-23 06:00:00,0.04023,0.0406,0.04021,0.04043,19861175,802073.21666,3673,8824360,356458.71691,0.0,ARPA-USDT,0.0402517567244341,0.0402642635218482,
2023-08-23 07:00:00,0.04043,0.0409,0.04014,0.04042,45193451,1829989.79286,6414,22342669,905035.38008,-0.000247341083354,ARPA-USDT,0.0404336486179539,0.0403859363416787,
2023-08-23 08:00:00,0.04042,0.04042,0.04017,0.04027,15209724,612631.96082,2962,7764103,312732.62689,-0.0007444168734491,ARPA-USDT,0.0403783840654785,0.0402980465218394,0.0001
2023-08-23 09:00:00,0.04026,0.04041,0.04016,0.04034,5161806,207850.81317,1680,3003256,120931.37111,-0.0007431260837256,ARPA-USDT,0.0402906031014451,0.0402723627187736,
2023-08-23 10:00:00,0.04034,0.04035,0.04007,0.04007,9463602,380163.73146,1887,4549453,182753.93234,-0.0009972575417601,ARPA-USDT,0.0402996807107171,0.040243155911762,
2023-08-23 11:00:00,0.04007,0.04031,0.0399,0.04028,14045179,563451.68216,2641,8344766,334736.34533,-0.0012397718819735,ARPA-USDT,0.0400847070213772,0.0400892180021098,
2023-08-23 12:00:00,0.04027,0.04048,0.04007,0.04009,24260118,976954.80948,3924,14293807,575729.00481,-0.000996760528283,ARPA-USDT,0.0401988346478161,0.0401882537452382,
2023-08-23 13:00:00,0.04008,0.04049,0.04001,0.04046,16344360,658106.07332,2842,7875130,317100.59341,0.0002472187886279,ARPA-USDT,0.0401303542978447,0.0401608139761982,
2023-08-23 14:00:00,0.04047,0.04066,0.04034,0.04057,15516202,628643.80311,2732,7736756,313437.65637,-0.0007389162561575,ARPA-USDT,0.0404411268335082,0.0405366996667614,
2023-08-23 15:00:00,0.04057,0.04076,0.04054,0.04073,11513073,467951.65261,2494,6352894,258199.66821,0.00024557956778,ARPA-USDT,0.040577803906721,0.0405819906211542,
2023-08-23 16:00:00,0.04073,0.04141,0.04063,0.04131,39639472,1632045.2805,6869,18699388,769970.58042,0.0004843787842092,ARPA-USDT,0.0407282726287149,0.040729120470616,-5.285e-05
2023-08-23 17:00:00,0.04131,0.04141,0.04092,0.04098,28931018,1192815.14671,4988,11998634,494917.41165,-0.0004878048780487,ARPA-USDT,0.0413373802636533,0.0412048185367238,
2023-08-23 18:00:00,0.04098,0.04111,0.04089,0.04094,12601374,516440.26712,2586,5866396,240453.44558,-0.0004882812500001,ARPA-USDT,0.0409887805820242,0.0409893789924612,
2023-08-23 19:00:00,0.04094,0.04166,0.04092,0.04143,22570992,933788.37452,4654,12617637,522119.25127,-0.000723589001447,ARPA-USDT,0.0409582093609027,0.040960323793569,
2023-08-23 20:00:00,0.04143,0.04159,0.04127,0.04131,23635157,978839.5419,4170,10765492,445899.55223,-0.0009673518742442,ARPA-USDT,0.0414134887011035,0.0414266213345922,
2023-08-23 21:00:00,0.04131,0.04133,0.0406,0.04091,14270948,585480.74582,3426,6706647,275227.22587,0.0,ARPA-USDT,0.0412740091694913,0.041227632720974,
2023-08-23 22:00:00,0.04091,0.04115,0.04084,0.04102,19334258,793345.57452,2840,8200773,336476.2832,-0.0009741841207987,ARPA-USDT,0.04089382571754,0.0409824939416223,
2023-08-23 23:00:00,0.04101,0.04109,0.04089,0.0409,10658470,436694.11887,2217,5499397,225295.4112,-0.0012210012210012,ARPA-USDT,0.0410106615546311,0.0410159646082244,
2023-08-24 00:00:00,0.0409,0.04097,0.04067,0.04085,15274271,623202.77393,3104,7283473,297168.97653,-0.0004893564962075,ARPA-USDT,0.0409355594398712,0.040859140524723,0.0001
2023-08-24 01:00:00,0.04084,0.0409,0.04051,0.04052,8656799,351876.09135,1968,4081349,165900.4037,-0.0007398273736128,ARPA-USDT,0.0408698442339306,0.0408223914047378,
2023-08-24 02:00:00,0.04052,0.04056,0.04039,0.04052,9411335,380885.34349,2271,4795318,194110.50939,-0.0009861932938856,ARPA-USDT,0.0404647812521946,0.0404674331735361,
2023-08-24 03:00:00,0.04053,0.04067,0.04046,0.04066,6686383,271183.44239,2080,3994629,162013.26266,-0.0012281994595922,ARPA-USDT,0.0405468141776021,0.0405535873924812,
2023-08-24 04:00:00,0.04066,0.04077,0.0405,0.04065,62131592,2525568.54767,4202,33571339,1365084.53976,-0.0017190569744597,ARPA-USDT,0.0406567681332769,0.0406348672043018,
2023-08-24 05:00:00,0.04065,0.04073,0.04055,0.04057,8517095,346151.6168,1780,5102713,207370.55344,-0.0007389162561575,ARPA-USDT,0.0406494552085861,0.0406569995282663,
2023-08-24 06:00:00,0.04057,0.04088,0.04045,0.04088,14711406,598222.79406,2639,9331597,379468.40308,-0.0009775171065493,ARPA-USDT,0.0405307235945657,0.0404910467895716,
2023-08-24 07:00:00,0.04087,0.04094,0.04066,0.04076,17299302,706355.60266,2877,6998782,285817.87113,-0.0007354743809757,ARPA-USDT,0.0408422502983238,0.0408330581242524,
2023-08-24 08:00:00,0.04076,0.04078,0.04049,0.04061,14600713,593638.78662,3019,7283861,296183.10751,-0.0014752889107449,ARPA-USDT,0.0407290239411573,0.0406988808955681,6.568e-05
2023-08-24 09:00:00,0.04062,0.04073,0.04044,0.04048,11522291,467582.57868,2514,5122723,207910.91303,-0.0009871668311944,ARPA-USDT,0.0406388981742578,0.040684561919555,
2023-08-24 10:00:00,0.04048,0.04056,0.04044,0.04056,7445210,301427.47769,1937,3253087,131698.66292,-0.000739098300074,ARPA-USDT,0.0404822789604667,0.0404718416393714,
2023-08-24 11:00:00,0.04056,0.04093,0.04055,0.04078,13932789,568235.76132,2859,7372455,300693.59271,-0.0007351139426611,ARPA-USDT,0.0405513637106884,0.0406508329789096,
2023-08-24 12:00:00,0.04077,0.0411,0.04067,0.04094,24060607,982785.7789,3872,11547220,471538.48252,-0.0002442002442003,ARPA-USDT,0.040735662282621,0.0407395300077647,
2023-08-24 13:00:00,0.04094,0.04115,0.04083,0.04091,19374678,794340.61883,3538,8966063,367544.0283,-0.000488639139995,ARPA-USDT,0.0409481938266486,0.041012540679839,
2023-08-24 14:00:00,0.04092,0.04109,0.04025,0.04035,35816465,1453432.06122,6337,16773807,680700.34539,-0.0007429420505201,ARPA-USDT,0.0408962245216825,0.0408922697761738,
2023-08-24 15:00:00,0.04034,0.04047,0.04015,0.04029,20101999,810051.20889,3523,10042255,404674.05908,-0.0007440476190476,ARPA-USDT,0.0403332506816665,0.0403641214517187,
2023-08-24 16:00:00,0.04028,0.04073,0.04023,0.0406,14589058,590727.86621,2873,6849708,277286.83411,-0.0007383706620723,ARPA-USDT,0.0402791169419609,0.0403402330159212,-0.00010185
2023-08-24 17:00:00,0.0406,0.04073,0.0403,0.0406,15872648,643483.08069,3205,7121123,288626.23445,-0.0004923682914821,ARPA-USDT,0.0405905012517588,0.040610212425171,
2023-08-24 18:00:00,0.0406,0.04065,0.04042,0.04051,12010030,486940.58987,2822,6138724,248909.52788,-0.0007400098667982,ARPA-USDT,0.0405660155069377,0.0405587071460766,
2023-08-24 19:00:00,0.04051,0.04092,0.0405,0.04074,9269974,377796.04958,2232,4981217,203007.09739,-0.0009808729769494,ARPA-USDT,0.0405093690490624,0.0405633417356647,
2023-08-24 20:00:00,0.04075,0.04091,0.04005,0.04014,35459193,1435331.55296,5952,17073449,690823.04096,-0.0004980079681274,ARPA-USDT,0.0407681715250579,0.0406971242298157,
2023-08-24 21:00:00,0.04015,0.04055,0.03999,0.04053,13731702,552282.56112,3376,6331289,254694.03151,-0.0012321340561853,ARPA-USDT,0.0400940772638751,0.0400662093507264,
2023-08-24 22:00:00,0.04053,0.04088,0.04051,0.04078,18791656,765376.62879,3427,9345301,380557.36716,-0.0009799118079374,ARPA-USDT,0.0405406391608315,0.0406032035569896,
2023-08-24 23:00:00,0.04079,0.04104,0.04067,0.04095,19968942,815819.46653,3549,9605862,392472.44885,-0.0004881620698071,ARPA-USDT,0.0407735130254916,0.0407794611700405,
2023-08-25 00:00:00,0.04095,0.04098,0.04066,0.04069,28558669,1166389.92383,4752,13411417,547725.5882,-0.0007367387033399,ARPA-USDT,0.0408657585623207,0.0408561311776817,0.0001
2023-08-25 01:00:00,0.04069,0.04077,0.04045,0.04062,12252801,497293.1753,2307,6180799,250827.15306,-0.0007380073800736,ARPA-USDT,0.040686908489694,0.0406921934025203,
2023-08-25 02:00:00,0.04062,0.04091,0.04049,0.0405,21182975,860755.65952,3830,11069605,449871.05644,-0.0004935834155972,ARPA-USDT,0.0406487889823993,0.0406592583167153,
2023-08-25 03:00:00,0.0405,0.04056,0.03953,0.03998,38230682,1529386.22552,6968,18630736,745403.66325,-0.0002500625156287,ARPA-USDT,0.0404884653016998,0.0405190263371446,
2023-08-25 04:00:00,0.03998,0.04022,0.03943,0.03963,34721604,1380871.33309,5762,16896281,671969.70964,-0.0007564296520423,ARPA-USDT,0.0399846646063971,0.0399844042036621,
2023-08-25 05:00:00,0.03963,0.04011,0.03947,0.03998,15551486,618192.32415,3477,7556352,300417.63011,-0.0004999999999999,ARPA-USDT,0.0396080676414164,0.0395690232743363,
2023-08-25 06:00:00,0.03997,0.04025,0.03987,0.04016,16584222,665446.07567,3691,9273436,372049.23455,-0.0012434717731907,ARPA-USDT,0.0400201097762865,0.0399592191029285,
2023-08-25 07:00:00,0.04016,0.04046,0.04015,0.0402,11259994,453786.09924,2851,5800226,233763.28307,-0.0012422360248447,ARPA-USDT,0.0401699329840729,0.0401694057921941,
2023-08-25 08:00:00,0.04021,0.041,0.04021,0.04042,43577302,1774120.63147,8083,23010482,936774.67893,-0.0009886307464163,ARPA-USDT,0.0402357236930089,0.040344041045826,0.0001
2023-08-25 09:00:00,0.04042,0.04085,0.04022,0.04075,31346331,1270576.79566,5254,16307413,661190.98405,0.0,ARPA-USDT,0.0404130855332215,0.0403359811472051,
2023-08-25 10:00:00,0.04075,0.04085,0.04056,0.0408,23384944,952177.49228,4093,13884553,565442.70314,0.0,ARPA-USDT,0.0406765609665639,0.0406386175337267,
2023-08-25 11:00:00,0.0408,0.04147,0.04074,0.04117,69589864,2862282.4782,10762,37922910,1559780.19352,-0.0007281553398058,ARPA-USDT,0.0407989736397431,0.0408601424722863,
2023-08-25 12:00:00,0.04117,0.04272,0.04105,0.04196,367787480,15482803.14298,56519,195742032,8240082.8931,-0.0011901928112354,ARPA-USDT,0.0411297701856791,0.0411086269906725,
2023-08-25 13:00:00,0.04196,0.04223,0.04106,0.04138,216458348,8994657.26448,33964,105778493,4395673.55928,-0.0007244626901714,ARPA-USDT,0.041956585525333,0.0420039337004793,
2023-08-25 14:00:00,0.04138,0.04156,0.04076,0.04095,139389511,5738168.69698,26285,65613748,2702786.98717,-0.0014630577907827,ARPA-USDT,0.0411667099569759,0.041233497159409,
2023-08-25 15:00:00,0.04096,0.04145,0.04053,0.04055,73024165,2993317.32924,13750,33307526,1366405.51792,-0.0014774686037921,ARPA-USDT,0.0409947026135506,0.0410306802043151,
2023-08-25 16:00:00,0.04056,0.04069,0.03986,0.04034,94306206,3799511.72208,14829,44887646,1808867.9643,-0.0002478314745971,ARPA-USDT,0.0406010924410449,0.0404753515540088,-0.00020277
2023-08-25 17:00:00,0.04033,0.04117,0.04031,0.04117,42341909,1724121.12545,7729,24122220,982480.96871,-0.0004855547462976,ARPA-USDT,0.0403482774899144,0.0404213772123185,
2023-08-25 18:00:00,0.04117,0.04156,0.04097,0.04126,54035641,2230632.40292,8658,26726836,1103515.26158,-0.0009685230024214,ARPA-USDT,0.0411037466209547,0.0411035755807474,
2023-08-25 19:00:00,0.04127,0.04134,0.04076,0.04081,39687495,1628149.32631,6273,17575882,721309.62603,-0.0007345739471107,ARPA-USDT,0.0412945262806346,0.0411960691405103,
2023-08-25 20:00:00,0.04082,0.04099,0.0406,0.04096,31070057,1265561.98296,5397,14889668,606664.26295,-0.0009756097560975,ARPA-USDT,0.0407008967572037,0.0406821323921536,
2023-08-25 21:00:00,0.04096,0.041,0.04076,0.04097,10254652,419099.32588,2897,5296969,216537.34032,-0.0007317073170731,ARPA-USDT,0.0409761101418921,0.0409231931826266,
2023-08-25 22:00:00,0.04096,0.04102,0.04068,0.04099,16494328,673890.92452,3628,9037375,369210.48212,-0.0004876859302609,ARPA-USDT,0.0409779910253713,0.0409668659405381,
2023-08-25 23:00:00,0.04098,0.04102,0.04073,0.04088,11428120,466804.93691,2924,5254754,214662.22995,-0.0007333170373992,ARPA-USDT,0.0410048768909605,0.040989966476324,
2023-08-26 00:00:00,0.04089,0.04096,0.04032,0.04054,29263255,1186428.4886,5262,12772168,517820.93971,-0.0012318305001232,ARPA-USDT,0.0409269887632776,0.0408381059715919,8.556e-05
2023-08-26 01:00:00,0.04055,0.04074,0.04049,0.04061,8894810,361464.066,2332,4788059,194540.91707,-0.0004922471080481,ARPA-USDT,0.040548045232944,0.0405150659612358,
2023-08-26 02:00:00,0.04062,0.04074,0.0405,0.04066,12416366,504220.87624,2996,4731992,192232.34044,-0.0017186349128406,ARPA-USDT,0.0406587895505044,0.0406061823236682,
2023-08-26 03:00:00,0.04066,0.04084,0.04066,0.04071,9830170,400604.82841,2753,5486499,223579.80376,-0.0012266928361136,ARPA-USDT,0.0407005271852514,0.0407550402217985,
2023-08-26 04:00:00,0.04071,0.04076,0.04042,0.04058,11382172,461859.74886,2856,3697952,150064.08326,-0.0004926108374384,ARPA-USDT,0.0407351712595007,0.0407234982727024,
2023-08-26 05:00:00,0.04057,0.0407,0.04041,0.04043,12654485,513690.09473,2878,6574230,266968.27556,0.0,ARPA-USDT,0.0405873382278074,0.0406203959827644,
2023-08-26 06:00:00,0.04042,0.04063,0.04032,0.04063,12998956,525638.10487,2961,6092992,246521.73786,0.0,ARPA-USDT,0.0404609476405348,0.0404447524107672,
2023-08-26 07:00:00,0.04062,0.04067,0.04038,0.04047,9846661,398860.70696,2387,4817662,195190.44254,-0.0007407407407408,ARPA-USDT,0.0406198388268629,0.0406442973192396,
2023-08-26 08:00:00,0.04047,0.04048,0.03995,0.04018,25504795,1025529.47097,5319,10357687,416282.02343,-0.0009945300845349,ARPA-USDT,0.0404629014505445,0.0404241973368869,9.727e-05
2023-08-26 09:00:00,0.04018,0.04048,0.04017,0.04036,11093259,447324.0368,2584,6013181,242479.01096,-0.0007427581084427,ARPA-USDT,0.0401925629463622,0.040185676423187,
2023-08-26 10:00:00,0.04037,0.04037,0.04013,0.04024,9198147,370020.85337,2259,4092148,164607.42408,-0.0004967709885742,ARPA-USDT,0.0403140153324332,0.0402956168908084,
2023-08-26 11:00:00,0.04024,0.04025,0.04011,0.04023,5301105,212951.18717,1661,3075495,123553.59853,-0.0004968944099378,ARPA-USDT,0.0401925621023979,0.0401436519022294,
2023-08-26 12:00:00,0.04023,0.04023,0.03993,0.04004,18023648,721665.86829,3682,7890269,315882.10512,-0.0007486897928625,ARPA-USDT,0.0401601045557016,0.0400998526529649,
2023-08-26 13:00:00,0.04005,0.04009,0.03993,0.04007,7860390,314520.99035,2068,4014490,160647.59531,-0.0007481296758103,ARPA-USDT,0.0400547971808264,0.0400583088724974,
2023-08-26 14:00:00,0.04006,0.0402,0.03996,0.04014,8733393,350177.02414,2283,4528208,181523.07605,-0.0007468259895443,ARPA-USDT,0.0400661983193277,0.040097620432851,
2023-08-26 15:00:00,0.04014,0.0402,0.04003,0.04013,9043382,362727.92904,2107,4510223,180914.8226,-0.0004981320049812,ARPA-USDT,0.0401470392111554,0.0401636709960934,
2023-08-26 16:00:00,0.04013,0.04015,0.03991,0.03997,10858037,434532.55761,2439,4651742,186162.04501,-0.00075,ARPA-USDT,0.0401324428170932,0.0401042629945616,-8.326e-05
2023-08-26 17:00:00,0.03996,0.04015,0.03982,0.04006,13723738,549259.64703,3264,6321917,252990.12355,-0.0009975062344139,ARPA-USDT,0.0399163705678476,0.0398929955971009,
2023-08-26 18:00:00,0.04005,0.04005,0.03979,0.03998,10599975,423450.39003,2788,5177582,206807.976,-0.0002500625156287,ARPA-USDT,0.0400335712329675,0.0400035319906562,
2023-08-26 19:00:00,0.03997,0.04009,0.03992,0.04008,5755685,230261.16541,1696,2890041,115606.66959,-0.0002494387627838,ARPA-USDT,0.0399403004489888,0.0399627772972181,
2023-08-26 20:00:00,0.04009,0.04011,0.03992,0.04005,8918108,356811.98898,2000,3742958,149755.51751,-0.0002496255616574,ARPA-USDT,0.040075185866232,0.0400371431061613,
2023-08-26 21:00:00,0.04005,0.04022,0.04003,0.04022,5748090,230667.8108,1486,3362641,134956.8114,-0.0002485707183694,ARPA-USDT,0.0400462504000663,0.040051402032904,
2023-08-26 22:00:00,0.04023,0.04023,0.04009,0.04021,5850550,234955.30576,1236,2598332,104341.42097,-0.0002486325211337,ARPA-USDT,0.0402254423611863,0.0401979489960404,
2023-08-26 23:00:00,0.04021,0.04024,0.03998,0.04013,9077721,364042.99251,1786,4837989,193971.79653,-0.0004981320049812,ARPA-USDT,0.0402130896652343,0.0402203626491972,
2023-08-27 00:00:00,0.04013,0.04034,0.03993,0.03997,11260087,452192.60169,2391,5464115,219469.90834,-0.0002501250625313,ARPA-USDT,0.0400947708703317,0.0401343564351617,3.659e-05
2023-08-27 01:00:00,0.03997,0.04013,0.03986,0.04008,9477389,379069.23735,2095,4798037,191886.49475,-0.0009970089730808,ARPA-USDT,0.0399331039218737,0.039905281380475,
2023-08-27 02:00:00,0.04008,0.04015,0.03984,0.03994,8488171,339271.68884,2054,4321758,172745.44926,-0.0007505629221915,ARPA-USDT,0.0401256473274318,0.0400832535530241,
2023-08-27 03:00:00,0.03993,0.04015,0.03993,0.04007,5378450,215444.88916,1544,2736282,109590.11216,-0.0007481296758103,ARPA-USDT,0.0399437843573315,0.0399767165140608,
2023-08-27 04:00:00,0.04006,0.04022,0.04006,0.04018,6234217,250393.03088,1789,3553712,142724.53166,-0.0007460830639145,ARPA-USDT,0.0400894555614584,0.0401268520130307,
2023-08-27 05:00:00,0.04019,0.04024,0.04013,0.04021,5211732,209475.36814,1491,2932534,117875.02242,-0.0002486325211337,ARPA-USDT,0.0401734260074294,0.0401596485965073,
2023-08-27 06:00:00,0.0402,0.04028,0.04011,0.04022,5604712,225341.61297,1542,2868226,115325.35142,-0.0007453416149069,ARPA-USDT,0.0402252062661009,0.0402234654035499,
2023-08-27 07:00:00,0.04023,0.04028,0.04011,0.04025,7958674,319908.13347,1927,4592540,184619.94517,0.0,ARPA-USDT,0.040232200075287,0.040218385504182,
2023-08-27 08:00:00,0.04024,0.0404,0.04015,0.04028,12459929,502038.31686,2746,6908494,278329.66306,-0.0012397718819735,ARPA-USDT,0.0402108260042589,0.0402026668074504,9.098e-05
2023-08-27 09:00:00,0.04028,0.04032,0.04018,0.04029,5420126,218148.33986,1454,2556632,102916.01588,-0.0004961548002976,ARPA-USDT,0.0402811131754249,0.0402768224603179,
2023-08-27 10:00:00,0.04028,0.04048,0.04027,0.04035,8820270,356154.47116,1875,4976150,200924.31211,-0.0012376237623762,ARPA-USDT,0.0402870860725435,0.0402974933081089,
2023-08-27 11:00:00,0.04035,0.04038,0.04011,0.04017,10676824,429354.54454,2476,3966804,159473.48366,-0.0009947774185526,ARPA-USDT,0.0403436294524155,0.0403221944312498,
2023-08-27 12:00:00,0.04018,0.04042,0.04011,0.04041,7752765,312127.2699,2160,4045725,162851.41524,-0.0002474022761008,ARPA-USDT,0.0401463008623391,0.0401403881290925,
2023-08-27 13:00:00,0.04041,0.04043,0.04021,0.04021,4058534,163614.65895,1272,1704815,68717.34508,-0.0012419274714354,ARPA-USDT,0.0403956870627065,0.0403822134467991,
2023-08-27 14:00:00,0.04021,0.04039,0.04011,0.04027,13868219,558420.23829,3121,6202339,249772.86488,-0.0007444168734491,ARPA-USDT,0.0402162540779006,0.04019489246983,
2023-08-27 15:00:00,0.04028,0.04037,0.04021,0.04027,7075289,285054.37134,1943,3336784,134437.39198,-0.0002482621648461,ARPA-USDT,0.0402864086185303,0.0403005895361785,
2023-08-27 16:00:00,0.04027,0.04028,0.04,0.04027,13712162,550334.9304899999,2975,6413782,257443.59019,-0.0002482621648461,ARPA-USDT,0.0402556061157165,0.0401579520919378,-4.384e-05
2023-08-27 17:00:00,0.04027,0.04031,0.03998,0.04007,10332486,415308.35454,2171,4798715,192933.15026,0.0009992505620783,ARPA-USDT,0.0402630633216408,0.0402764851707102,
2023-08-27 18:00:00,0.04007,0.04026,0.03998,0.04023,9838678,394418.97596,2352,5355280,214704.33566,-0.0004968944099378,ARPA-USDT,0.0400339353772961,0.0400698716746672,
2023-08-27 19:00:00,0.04022,0.04034,0.04018,0.04027,10232219,411900.44366,2417,4644582,186978.05859,-0.0007444168734491,ARPA-USDT,0.0401983920183323,0.0402353274607169,
2023-08-27 20:00:00,0.04027,0.04027,0.0401,0.04016,6860720,275607.17062,2071,3162537,127038.87555,-0.0002489419965147,ARPA-USDT,0.0402535185460808,0.0402256215169467,
2023-08-27 21:00:00,0.04015,0.04035,0.03997,0.04005,7577366,304057.78026,1872,3808665,152759.1918,-0.0004991265285749,ARPA-USDT,0.0401455921145385,0.0401176937847102,
2023-08-27 22:00:00,0.04005,0.04019,0.03986,0.04018,11362846,454698.45958,2315,5275736,211091.78744,-0.0004975124378109,ARPA-USDT,0.0400529238884206,0.0400681485035223,
2023-08-27 23:00:00,0.04019,0.0402,0.04003,0.0402,9245712,370754.01069,1693,3171970,127167.17854,0.0,ARPA-USDT,0.0401115102511967,0.0400681444695401,
2023-08-28 00:00:00,0.0402,0.0402,0.03955,0.0398,31186484,1243241.9513,5193,15006678,598227.07319,0.0002513194269917,ARPA-USDT,0.0401398141740849,0.0401059238807112,-7.89e-06
2023-08-28 01:00:00,0.0398,0.03988,0.03948,0.03967,25411562,1009172.67776,4647,11938247,474131.07063,-0.0002520161290323,ARPA-USDT,0.0397920418791307,0.0397302692120846,
2023-08-28 02:00:00,0.03966,0.03983,0.03936,0.03948,15532429,615697.02477,3112,5866953,232604.43261,-0.0017699115044248,ARPA-USDT,0.03965562866061,0.0396790569313193,
2023-08-28 03:00:00,0.03947,0.0397,0.03946,0.03953,10773852,426558.09948,2383,5128893,203033.53039,-0.0010108668182966,ARPA-USDT,0.0395205886527783,0.0395332620159998,
2023-08-28 04:00:00,0.03953,0.0397,0.03935,0.03965,8704156,344048.91133,2048,4459759,176331.33196,-0.0010078105316201,ARPA-USDT,0.0395225456766022,0.0394996497125929,
2023-08-28 05:00:00,0.03965,0.03971,0.03904,0.0394,23192176,913061.67132,5018,10850669,427211.54576,-0.0005073566717401,ARPA-USDT,0.0396506152711284,0.0396200911028086,
2023-08-28 06:00:00,0.03938,0.03944,0.03918,0.03932,8881779,349265.92551000003,2263,3288043,129311.179,0.0,ARPA-USDT,0.03937411343458,0.0393777642570609,
2023-08-28 07:00:00,0.03931,0.03939,0.03877,0.0389,28456087,1109972.17131,5241,12027612,468929.27809,0.0,ARPA-USDT,0.0392988726530349,0.0393374485025184,
2023-08-28 08:00:00,0.03891,0.03896,0.03847,0.0389,24917431,965114.79023,4673,11944765,462603.26585,-0.0007706139224249,ARPA-USDT,0.0389085550351555,0.0389001419292463,-7.675e-05
2023-08-28 09:00:00,0.03887,0.03901,0.03857,0.039,17682389,687266.38947,3707,9459064,367655.29814,-0.000512557662737,ARPA-USDT,0.0388730229444587,0.0389031247847391,
2023-08-28 10:00:00,0.039,0.03987,0.03884,0.03947,30730395,1206967.93034,5239,18969117,745711.52679,-0.0005064573309698,ARPA-USDT,0.0390361041979524,0.0390284854541741,
2023-08-28 11:00:00,0.03948,0.03967,0.03941,0.0396,21505619,850480.42423,3900,9277832,366829.83355,-0.000504795557799,ARPA-USDT,0.0394984561691951,0.0395005746149366,
2023-08-28 12:00:00,0.03961,0.04004,0.03947,0.03981,32384678,1288315.31477,6101,14449371,574835.42171,-0.0005021340697966,ARPA-USDT,0.0396145934034953,0.0395693965465852,
2023-08-28 13:00:00,0.03983,0.03993,0.03963,0.03986,8754824,348166.03756,2561,4040738,160704.95002,0.0,ARPA-USDT,0.0398471633622575,0.0398130774135488,
2023-08-28 14:00:00,0.03987,0.04013,0.03972,0.04011,14262605,570045.99342,3246,6924322,276744.36171,-0.0007473841554559,ARPA-USDT,0.0398374662133554,0.0397944139170327,
2023-08-28 15:00:00,0.04012,0.04038,0.03997,0.04033,15471465,621607.77669,3499,8208554,329840.77102,-0.0002478929102628,ARPA-USDT,0.0401203546483883,0.0400613446244808,
2023-08-28 16:00:00,0.04033,0.04044,0.04014,0.04036,18903436,762232.68393,4129,8959933,361241.79346,-0.0007427581084427,ARPA-USDT,0.0403313255708343,0.0403630482292278,0.0001
2023-08-28 17:00:00,0.04036,0.04073,0.04017,0.04062,24357272,986920.10987,4838,13303093,539120.6311,-0.0004921259842519,ARPA-USDT,0.0403820649243394,0.0403432934048405,
2023-08-28 18:00:00,0.04062,0.04066,0.0403,0.0405,16094388,651487.35262,3455,7007803,283762.06565,-0.0004935834155972,ARPA-USDT,0.0405703063360376,0.0405668289424226,
2023-08-28 19:00:00,0.04051,0.04056,0.03989,0.04013,27002683,1084134.29318,5538,13230570,531079.90767,-0.0004981320049812,ARPA-USDT,0.0404974542297196,0.0405088379415036,
2023-08-28 20:00:00,0.04013,0.04025,0.04003,0.04005,10314032,413985.94623,2442,5357072,215059.88914,-0.0002496255616574,ARPA-USDT,0.0401254593980523,0.0401767588253893,
2023-08-28 21:00:00,0.04005,0.04021,0.03986,0.03998,7179257,287524.60084,2028,3957415,158501.19941,-0.0004999999999999,ARPA-USDT,0.0400531388803411,0.0400421530757637,
2023-08-28 22:00:00,0.03998,0.04019,0.0399,0.04016,5212729,208850.39673,1868,2860079,114563.86802,-0.0007464543418759,ARPA-USDT,0.0399372905467113,0.0399688773239122,
2023-08-28 23:00:00,0.04016,0.04021,0.04005,0.04008,5342988,214450.36469,1952,2234818,89707.05066000001,0.0,ARPA-USDT,0.0401658718652122,0.0401817034925157,
2023-08-29 00:00:00,0.04008,0.04016,0.03979,0.04001,8686853,347390.77699,2712,4584549,183356.85862,-0.0012481278082876,ARPA-USDT,0.0400831750634918,0.0400966241441214,0.0001
2023-08-29 01:00:00,0.04002,0.04019,0.03994,0.04001,6522543,261257.88402,2078,3421216,136969.29131,-0.0004996252810394,ARPA-USDT,0.0400253178669598,0.0399811958542899,
2023-08-29 02:00:00,0.04001,0.04003,0.03976,0.03979,5432068,216528.4822,1916,2538593,101195.73301,-0.0005023863350916,ARPA-USDT,0.0400040029031105,0.0399925361914672,
2023-08-29 03:00:00,0.03979,0.03982,0.03947,0.03966,9534601,377445.33877,2624,3811124,150934.33355,-0.0002520796571715,ARPA-USDT,0.0397806796532672,0.0397907983426351,
2023-08-29 04:00:00,0.03966,0.03972,0.03957,0.03964,5101309,202313.49033,1905,2102004,83355.19904,-0.0005042864346949,ARPA-USDT,0.0396637806099454,0.0396464973368842,
2023-08-29 05:00:00,0.03965,0.03965,0.03954,0.03957,4131308,163550.17556,1556,2259178,89438.5651,-0.0007575757575758,ARPA-USDT,0.0396291728984716,0.0395806012264847,
2023-08-29 06:00:00,0.03958,0.03959,0.03919,0.03925,15259873,601180.80846,3104,6466703,254740.0454,-0.0005092946269417,ARPA-USDT,0.0395750701265955,0.0395587385360276,
2023-08-29 07:00:00,0.03925,0.03933,0.03909,0.03915,10083024,395236.10701,2609,4696193,184109.48075,-0.0007656967840735,ARPA-USDT,0.0391641615205596,0.0391656300200902,
2023-08-29 08:00:00,0.03915,0.03918,0.03894,0.03897,14351253,560852.49201,3268,6415731,250783.56187,-0.0007692307692308,ARPA-USDT,0.0391311761785925,0.0391404873504791,9.1e-06
2023-08-29 09:00:00,0.03897,0.0391,0.03882,0.03886,8119378,316427.13464,2380,3775202,147148.77886,-0.0005144032921809,ARPA-USDT,0.0389631061373693,0.038989488893987,
2023-08-29 10:00:00,0.03886,0.03897,0.03864,0.03877,16607345,644050.76135,3795,7255392,281415.01116,0.0,ARPA-USDT,0.0388620142781054,0.0389161166478776,
2023-08-29 11:00:00,0.03876,0.03947,0.03858,0.03886,50885595,1980922.68602,7081,26322704,1025280.89993,-0.0007714065312419,ARPA-USDT,0.0386809178330964,0.0386423346824749,
2023-08-29 12:00:00,0.03886,0.03909,0.03884,0.03901,14438801,562666.36717,2959,6200190,241645.39876,-0.0002562788313684,ARPA-USDT,0.0388515972496585,0.0389237868221936,
2023-08-29 13:00:00,0.03902,0.03904,0.03883,0.03889,10162474,395588.19669,2566,4600725,179064.70319,-0.0007708119218911,ARPA-USDT,0.0390056247801974,0.0389745775042692,
2023-08-29 14:00:00,0.0389,0.04125,0.0389,0.04083,156226397,6297503.15075,31007,75225048,3030934.80765,-0.0002448579823702,ARPA-USDT,0.0389479291386988,0.0389815209128621,
2023-08-29 15:00:00,0.04083,0.04163,0.04053,0.04131,49023405,2010843.67223,12301,23891886,980398.44212,-0.0004839099927412,ARPA-USDT,0.0408637474060961,0.0408862132495157,
2023-08-29 16:00:00,0.04132,0.04207,0.04131,0.04172,43356473,1806391.30121,10625,22211797,925455.74537,-0.0014360938247964,ARPA-USDT,0.0414460576259943,0.0415454792782744,9.158e-05
2023-08-29 17:00:00,0.04172,0.04188,0.04144,0.04176,20532846,855605.44764,5186,9474838,394804.12133,-0.0002394062724444,ARPA-USDT,0.0417066489666101,0.0415927198200163,
2023-08-29 18:00:00,0.04175,0.04221,0.04175,0.04176,17477241,733848.29283,4577,8304944,348769.75256,-0.0014347202295553,ARPA-USDT,0.0418752959088966,0.041877057217155,
2023-08-29 19:00:00,0.04176,0.04196,0.04157,0.04178,10662963,445489.91646,3151,5343477,223261.07725,-0.0004784688995215,ARPA-USDT,0.0417178402887108,0.041707719239689,
2023-08-29 20:00:00,0.04178,0.04196,0.04151,0.04151,13814465,577195.82598,3905,6564963,274317.79324,-0.0014433485686794,ARPA-USDT,0.0418244003407651,0.0418505503784352,
2023-08-29 21:00:00,0.04152,0.04183,0.04147,0.04183,13734079,572190.90031,3765,6128766,255412.13107,0.0,ARPA-USDT,0.0415846896033955,0.0416249626229656,
2023-08-29 22:00:00,0.04182,0.04231,0.04182,0.04219,17948124,756387.7959,4143,11020273,464378.98554,-0.0002369668246445,ARPA-USDT,0.0418620937415296,0.0419737590946244,
2023-08-29 23:00:00,0.04218,0.04221,0.04169,0.04197,12138216,508270.74181,3428,6022199,252109.71521,0.0011927480916031,ARPA-USDT,0.0421976640049377,0.0421060137741193,
2023-08-30 00:00:00,0.04197,0.04233,0.04173,0.04174,19217379,808208.35528,4822,9855104,414651.33867,-0.0002395209580838,ARPA-USDT,0.0420124989698476,0.0420477451091002,0.0001
2023-08-30 01:00:00,0.04175,0.04187,0.04151,0.04172,18428008,768269.35492,3648,9788410,408172.66058,-0.0007185628742515,ARPA-USDT,0.0417924386121734,0.0418028614196227,
2023-08-30 02:00:00,0.04172,0.04207,0.0417,0.0418,16923272,708871.0145,3892,8963583,375472.93881,-0.0004782400765185,ARPA-USDT,0.0417709564820358,0.0418646109742653,
2023-08-30 03:00:00,0.04179,0.04185,0.04135,0.04164,12779124,531266.24595,3171,6543461,272230.2217,-0.0007199424046074,ARPA-USDT,0.0418025577651021,0.0418011865637781,
2023-08-30 04:00:00,0.04165,0.04181,0.04154,0.04171,7868052,328027.06985,2660,4606374,192046.53857,0.0,ARPA-USDT,0.0416027179375421,0.0416095991840835,
2023-08-30 05:00:00,0.04171,0.04179,0.04153,0.04163,6651023,276927.49868,2109,3825353,159284.49744,0.0,ARPA-USDT,0.0416970061332686,0.0417283053232358,
2023-08-30 06:00:00,0.04163,0.04191,0.0415,0.04161,12381595,516535.64801,3555,6993714,291880.11908,0.0007215007215006,ARPA-USDT,0.0415820956849305,0.0416183430485565,
2023-08-30 07:00:00,0.0416,0.0417,0.0415,0.04154,5369183,223225.87142,1932,2671821,111100.7979,-0.0002406738868832,ARPA-USDT,0.0415696351741421,0.0415826985505475,
2023-08-30 08:00:00,0.04154,0.04208,0.04151,0.04186,15128615,632607.56348,4259,8385765,350524.28977,-0.0002388344876999,ARPA-USDT,0.0415304262378062,0.0415574621704078,0.0001
2023-08-30 09:00:00,0.04186,0.04188,0.04154,0.04169,8809827,367208.91298,2616,4518804,188381.5298,0.0,ARPA-USDT,0.0418629260220679,0.0418372062579111,
2023-08-30 10:00:00,0.04168,0.04195,0.04165,0.04168,8754040,366022.87369,2447,4755753,198840.61528,-0.0004796163069543,ARPA-USDT,0.0416604830777731,0.0417352471855382,
2023-08-30 11:00:00,0.04168,0.0417,0.04139,0.04142,10385078,431471.92119,2780,4351775,180846.01845,-0.0004826254826254,ARPA-USDT,0.0416898003559782,0.0416692264452952,
2023-08-30 12:00:00,0.04142,0.0417,0.04137,0.04151,21280151,884495.16134,3893,10785495,448245.33844,-0.0004815795810257,ARPA-USDT,0.0414235990841483,0.0414890859451449,
2023-08-30 13:00:00,0.0415,0.04167,0.04114,0.04147,18668355,774052.33222,3946,9298076,385601.9767,0.0007239382239383,ARPA-USDT,0.0414971776057733,0.0415193311928225,
2023-08-30 14:00:00,0.04147,0.0417,0.04068,0.04093,24936814,1026877.25785,6172,12040758,495892.25489,-0.0004884004884004,ARPA-USDT,0.0414553956786488,0.041522688069283,
2023-08-30 15:00:00,0.04093,0.04134,0.04067,0.04125,20967208,861049.14593,4635,10916661,448515.17028,0.0,ARPA-USDT,0.0409167142372989,0.0408049758575416,
2023-08-30 16:00:00,0.04124,0.04136,0.04111,0.04132,9470796,390631.06797,2936,3985149,164388.13735,-0.0002419549963705,ARPA-USDT,0.0412245443389326,0.0411670162489363,4.877e-05
2023-08-30 17:00:00,0.04131,0.04165,0.04126,0.04153,9009912,373953.98624,2936,4713111,195654.01838,-0.0007218479307026,ARPA-USDT,0.0413096761244056,0.0413219124282418,
2023-08-30 18:00:00,0.04153,0.04168,0.04139,0.04167,10591431,439998.77722,3226,5011109,208209.85802,-0.0004797313504437,ARPA-USDT,0.0415613806103926,0.0415613872275738,
2023-08-30 19:00:00,0.04167,0.04177,0.04148,0.04156,6732436,280126.6437,1981,2860780,119030.04162,-0.0004810004810004,ARPA-USDT,0.0416689421494179,0.0416975150585324,
2023-08-30 20:00:00,0.04156,0.04182,0.04155,0.04172,4885550,203880.15255,1854,2250364,93898.14774,-0.0009578544061302,ARPA-USDT,0.0415767918351627,0.0416139611726858,
2023-08-30 21:00:00,0.04173,0.04174,0.0414,0.04146,6797686,282563.39939,1740,3299031,137117.10163,-0.0002411381721727,ARPA-USDT,0.0417386828792749,0.0417323484358688,
2023-08-30 22:00:00,0.04147,0.04167,0.04144,0.04162,6107320,253764.67899,1492,3223877,133948.10908,-0.0002402113860198,ARPA-USDT,0.0414903119105413,0.0415156120014754,
2023-08-30 23:00:00,0.04162,0.04166,0.04151,0.04163,4898245,203763.95922,1169,2486358,103415.46639,-0.0004801920768306,ARPA-USDT,0.041609651419159,0.0415936532007717,
2023-08-31 00:00:00,0.04163,0.0417,0.04134,0.04143,8006605,332419.48004,2086,3770630,156576.50578,-0.0004825090470446,ARPA-USDT,0.0416495109386881,0.0416683651586899,0.0001
2023-08-31 01:00:00,0.04143,0.04143,0.04121,0.04125,3442860,142286.25971,1291,1630235,67378.19025,-0.0002423654871545,ARPA-USDT,0.0414031309164922,0.0413896027526049,
2023-08-31 02:00:00,0.04125,0.0415,0.04122,0.04133,4627498,191470.04827,1301,2616324,108237.40612,-0.0009668842156151,ARPA-USDT,0.0412417248343453,0.0412794675449213,
2023-08-31 03:00:00,0.04134,0.04144,0.04131,0.04144,3175482,131374.4514,1152,1696608,70191.12849,-0.0004823926676313,ARPA-USDT,0.04135467177971,0.0413652647958539,
2023-08-31 04:00:00,0.04146,0.04177,0.04144,0.04175,7250067,302103.22052000003,2051,3456532,144007.71015,-0.0004788125448886,ARPA-USDT,0.0414739807040497,0.0414750854401584,
2023-08-31 05:00:00,0.04175,0.04193,0.04168,0.04186,8281802,346457.51689,2029,4841987,202568.19028,-0.0004775549188156,ARPA-USDT,0.0417559908979923,0.0417780052330659,
2023-08-31 06:00:00,0.04187,0.0419,0.04172,0.04182,8207883,343214.20069,1980,3928034,164237.11758,0.0,ARPA-USDT,0.0418579355348184,0.0418654557591192,
2023-08-31 07:00:00,0.04182,0.04188,0.04149,0.04157,14105895,586809.5205,2624,4931028,204996.49953,-0.0004808848280836,ARPA-USDT,0.0418151463184239,0.0418020559673707,
2023-08-31 08:00:00,0.04156,0.04176,0.04148,0.04161,11725592,488002.71045,2788,5976190,248706.8917,-0.0004804227720394,ARPA-USDT,0.0415321093146905,0.0415614968214091,6.607e-05
2023-08-31 09:00:00,0.04161,0.04162,0.04135,0.04146,8330893,345486.29369,2118,3580491,148495.8121,-0.0012045290291496,ARPA-USDT,0.0416040803326987,0.0415689281431483,
2023-08-31 10:00:00,0.04146,0.04155,0.04135,0.04138,5860249,242839.60721,1630,2845355,117912.11114,-0.0004830917874395,ARPA-USDT,0.0414285830810896,0.0414996459721463,
2023-08-31 11:00:00,0.04138,0.04211,0.04128,0.04195,31366400,1308739.45245,5833,18017321,751434.99277,-0.00023832221163,ARPA-USDT,0.0413948413062723,0.0414344037539881,
2023-08-31 12:00:00,0.04195,0.04199,0.04154,0.0419,18039417,753176.15182,3869,8937299,373209.06889,-0.0007154781779156,ARPA-USDT,0.0419279656438796,0.041766100367609,
2023-08-31 13:00:00,0.04191,0.04196,0.04164,0.04179,14892878,622018.6109,3017,6882449,287492.48455,0.0,ARPA-USDT,0.0419475832375772,0.0418612972216063,
2023-08-31 14:00:00,0.04179,0.04182,0.04137,0.04165,17877137,743020.4218,3689,8728001,362725.23423,-0.0004799616030717,ARPA-USDT,0.0417558580621941,0.0417374441256316,
2023-08-31 15:00:00,0.04165,0.04169,0.04072,0.04115,27221116,1119957.24919,6062,13543105,557216.53378,-0.0009711094925952,ARPA-USDT,0.0416555823114401,0.0416454638027423,
2023-08-31 16:00:00,0.04115,0.04131,0.04001,0.0401,47863663,1949907.64647,10102,23216446,945882.06125,-0.0007475703962123,ARPA-USDT,0.0411446703607461,0.0411054375928507,0.0001
2023-08-31 17:00:00,0.0401,0.04014,0.03925,0.0401,49700858,1979951.45175,9969,24227598,965268.23413,-0.0004985044865405,ARPA-USDT,0.0397343231905933,0.039805752953102,
2023-08-31 18:00:00,0.0401,0.04043,0.04006,0.04019,14327115,576739.46379,3571,7636183,307402.25823,-0.0004973887092764,ARPA-USDT,0.0400907375909458,0.040163009975493,
2023-08-31 19:00:00,0.04019,0.04027,0.03981,0.03999,17877101,715722.79324,4077,9157717,366606.19928,-0.0017473789316025,ARPA-USDT,0.0401901802037085,0.0401731058012091,
2023-08-31 20:00:00,0.03999,0.04007,0.03972,0.03977,13379951,534199.69476,3204,6149971,245591.08554,0.0,ARPA-USDT,0.0400074619425782,0.0399874150736828,
2023-08-31 21:00:00,0.03976,0.0398,0.0393,0.0397,22029558,872290.4280000001,4797,11204991,443726.81861,-0.0007550969041028,ARPA-USDT,0.0397118576723707,0.0397150986510874,
2023-08-31 22:00:00,0.0397,0.03998,0.0396,0.03998,6850905,272377.06612,2307,3895573,154900.44642,-0.0004999999999999,ARPA-USDT,0.0397051802570245,0.0397083106676101,
2023-08-31 23:00:00,0.03997,0.03998,0.0397,0.03973,7947483,316517.69508,2200,3287383,130913.69118,-0.0007545271629777,ARPA-USDT,0.0399598148607267,0.0399657902578541,
2023-09-01 00:00:00,0.03973,0.03995,0.03968,0.03991,9517484,378591.75319,2408,5163610,205450.46484,-0.0012512512512512,ARPA-USDT,0.0397302251859481,0.0397487865615701,0.0001
2023-09-01 01:00:00,0.03992,0.03992,0.0393,0.03931,11408599,451106.92873,2629,4371139,172798.03882,-0.0007625826131164,ARPA-USDT,0.0399133471610934,0.039862937587302,
2023-09-01 02:00:00,0.03932,0.03954,0.03924,0.03947,8386179,330229.48525,2300,4596218,181024.22161,-0.0005064573309698,ARPA-USDT,0.0393081637371177,0.0393166579066752,
2023-09-01 03:00:00,0.03948,0.03976,0.0394,0.03972,4661640,184434.35648,1687,2213154,87580.8727,-0.0005032712632108,ARPA-USDT,0.0394755989795585,0.0394507910661856,
2023-09-01 04:00:00,0.03972,0.03973,0.03961,0.03963,4692430,186083.94405,1728,2313485,91742.65814,-0.0002522704339051,ARPA-USDT,0.0396890707651267,0.0396547597714802,
2023-09-01 05:00:00,0.03962,0.03972,0.03957,0.03969,4327795,171622.9853,1693,2203601,87378.55677,0.0,ARPA-USDT,0.0396218152244632,0.0396615562403042,
2023-09-01 06:00:00,0.03969,0.03971,0.03909,0.03917,18998893,747549.49829,3442,7245596,285067.44666,0.0010222335803733,ARPA-USDT,0.0396983428198189,0.0396875415367014,
2023-09-01 07:00:00,0.03918,0.03929,0.03895,0.03921,19168026,749256.95273,3469,8469789,331159.47657,0.0,ARPA-USDT,0.0391823727337749,0.0392375002215529,
2023-09-01 08:00:00,0.03922,0.03924,0.03902,0.0392,10706304,418990.92715,2670,4701436,183981.9213,0.0,ARPA-USDT,0.0392041660462637,0.0391835950637375,-0.00011832
2023-09-01 09:00:00,0.03919,0.03938,0.03916,0.03932,7552423,296818.6927,1980,4224065,166001.94829,-0.0005083884087442,ARPA-USDT,0.0391993788749779,0.0392360727628772,
2023-09-01 10:00:00,0.03931,0.03932,0.03898,0.03909,9452907,369784.09403,2297,4047104,158254.41376999998,-0.0005113781641523,ARPA-USDT,0.0393151593001891,0.0392610549814763,
2023-09-01 11:00:00,0.03909,0.03991,0.03909,0.03977,78658991,3108767.27208,10582,42319148,1672153.50569,-0.0007537688442211,ARPA-USDT,0.0391470979390748,0.0391510649591145,
2023-09-01 12:00:00,0.03978,0.04004,0.03944,0.03951,40099552,1595591.89586,7653,18847043,750210.05805,-0.0005059448520111,ARPA-USDT,0.0398261076712036,0.0398618116675479,
2023-09-01 13:00:00,0.0395,0.03954,0.03891,0.03917,25874852,1015512.05683,5757,11517154,452081.77737,-0.0010201479214485,ARPA-USDT,0.0395257185901744,0.0394997898617852,
2023-09-01 14:00:00,0.03917,0.03922,0.0386,0.03891,32573721,1269009.90263,7437,16271560,634028.96896,-0.0007704160246533,ARPA-USDT,0.0391079601398647,0.0391249256328108,
2023-09-01 15:00:00,0.0389,0.03919,0.0387,0.03872,21566873,840202.9549,4785,9076165,353648.212,-0.0007741935483871,ARPA-USDT,0.0388855629644549,0.0388491656334477,
2023-09-01 16:00:00,0.03873,0.03896,0.03834,0.03843,29173535,1127412.52231,6323,13372864,517047.19973,-0.0005201560468139,ARPA-USDT,0.0387238280092883,0.0386943902843305,0.0001
2023-09-01 17:00:00,0.03841,0.03848,0.0373,0.03785,68632717,2598489.75243,14555,33669680,1274542.73513,-0.0013192612137203,ARPA-USDT,0.0384236068891054,0.0383551983245952,
2023-09-01 18:00:00,0.03785,0.03849,0.03776,0.03829,24087745,917123.23594,5289,11287675,429873.16434,0.0,ARPA-USDT,0.0378435078447413,0.0378197357666858,
2023-09-01 19:00:00,0.03829,0.03834,0.03808,0.03832,8438947,322457.12537,2790,4293727,164081.86199,0.0,ARPA-USDT,0.0382812442551995,0.0383019425569435,
2023-09-01 20:00:00,0.03831,0.0387,0.03808,0.0385,15186282,583608.43277,3989,7467637,287150.73229,-0.0010378827192526,ARPA-USDT,0.0382613899582666,0.0382398173167957,
2023-09-01 21:00:00,0.0385,0.03863,0.03835,0.03843,10127496,390110.0174,3071,4518388,174090.06367,-0.0010397712503248,ARPA-USDT,0.0385255835139153,0.0385227737083892,
2023-09-01 22:00:00,0.03843,0.03851,0.03815,0.03834,13544727,519267.94882,3424,6146438,235614.2027,0.0,ARPA-USDT,0.0384529593349426,0.0384429033981291,
2023-09-01 23:00:00,0.03833,0.03858,0.03828,0.03848,7268671,279311.28734,2469,3682208,141503.62304,-0.0005194805194804,ARPA-USDT,0.0383385805029815,0.0383430418831893,
2023-09-02 00:00:00,0.03849,0.03885,0.03837,0.03883,15789928,609492.34867,4229,8345800,322201.4781,-0.000772002058672,ARPA-USDT,0.0384413413976479,0.0384286359617376,0.0001
2023-09-02 01:00:00,0.03882,0.03893,0.03858,0.03868,14053022,544935.26612,3822,6110811,236931.96435,-0.0010330578512396,ARPA-USDT,0.0387954231493264,0.0387504687569402,
2023-09-02 02:00:00,0.03869,0.03914,0.0385,0.03908,16707485,648523.36876,4012,8545701,331841.12643,-0.0005115089514068,ARPA-USDT,0.0386647960901801,0.038611375226193,
2023-09-02 03:00:00,0.03908,0.04067,0.03906,0.0405,60080460,2394287.14544,12040,32506531,1294896.5459,-0.0004935834155972,ARPA-USDT,0.0390809738042521,0.0392040160895579,
2023-09-02 04:00:00,0.04049,0.04196,0.04002,0.04137,97967615,4025217.01909,20349,51382365,2110612.57269,-0.0012071463061323,ARPA-USDT,0.0404319854213548,0.0403217817825649,
2023-09-02 05:00:00,0.04137,0.04142,0.04069,0.04122,47792445,1960413.91631,10309,22689495,930937.20048,0.0,ARPA-USDT,0.0413315433474371,0.0413080109302066,
2023-09-02 06:00:00,0.04122,0.0415,0.04113,0.04118,42098603,1738086.90992,8452,19458887,803515.21844,-0.0007279786459596,ARPA-USDT,0.0412891330565905,0.0413514430004239,
2023-09-02 07:00:00,0.04118,0.04118,0.04068,0.04073,41744391,1705560.70094,8174,18160028,741735.87575,-0.0004907975460122,ARPA-USDT,0.041140821657083,0.041057939395716,
2023-09-02 08:00:00,0.04073,0.04222,0.04072,0.04111,117773152,4869330.58147,25590,58126128,2403333.4125,-0.001699854298203,ARPA-USDT,0.0407549880659805,0.0407965243076926,8.145e-05
2023-09-02 09:00:00,0.04111,0.04436,0.04076,0.04302,373526387,16004107.24691,87467,188091199,8057481.59002,-0.0025504289357755,ARPA-USDT,0.041199307141151,0.0410246284477835,
2023-09-02 10:00:00,0.04301,0.04428,0.04187,0.04215,206857597,8884198.06099,45911,98981059,4251738.53207,-0.0004742708086317,ARPA-USDT,0.0428075314829616,0.0428182246890217,
2023-09-02 11:00:00,0.04215,0.04275,0.04165,0.04204,94116649,3968096.151,20496,43572864,1837348.66327,-0.0007130972189208,ARPA-USDT,0.0420681718387574,0.0419240189192827,
2023-09-02 12:00:00,0.04205,0.04481,0.0419,0.04432,185437367,8000743.13343,40918,100413929,4337078.68477,-0.00314889788574,ARPA-USDT,0.0419593565827535,0.0421307638704279,
2023-09-02 13:00:00,0.04431,0.04869,0.04413,0.04705,879106007,41004299.73417,177744,433763813,20223869.60914,-0.0050750687248889,ARPA-USDT,0.0445312714544854,0.0450878553609989,
2023-09-02 14:00:00,0.04707,0.04848,0.04505,0.04539,746826410,35317179.63322,166704,363819906,17219517.80296,-0.0011003521126761,ARPA-USDT,0.0468667634170613,0.0477216763510686,
2023-09-02 15:00:00,0.04539,0.04607,0.04317,0.04334,430131430,19212636.42226,89309,200724869,8979679.78604,0.0013863216266172,ARPA-USDT,0.0450082485100324,0.0450107948578365,
2023-09-02 16:00:00,0.04333,0.045,0.04319,0.04486,227773587,10041734.39783,48037,119641826,5274343.21647,-0.0004456327985741,ARPA-USDT,0.0432989545053126,0.0435903411878558,-0.00085642
2023-09-02 17:00:00,0.04486,0.04575,0.04431,0.04466,203246278,9131775.94251,48910,97163891,4366915.15483,-0.0004476275738585,ARPA-USDT,0.0450439297103791,0.0449201017239174,
2023-09-02 18:00:00,0.04466,0.04515,0.04205,0.04257,221585224,9589263.26648,49507,99331446,4295444.06174,-0.0007042253521126,ARPA-USDT,0.044628122213183,0.0447730229430112,
2023-09-02 19:00:00,0.04258,0.04327,0.04213,0.04309,88411859,3772117.20871,20148,44857907,1914354.17572,-0.0011590171534537,ARPA-USDT,0.0425936970920942,0.0427986442829467,
2023-09-02 20:00:00,0.04309,0.04466,0.043,0.04388,128220894,5622388.1174,31574,65011401,2851001.38439,0.0002279462046956,ARPA-USDT,0.0431571995212393,0.043295529510085,
2023-09-02 21:00:00,0.04386,0.04445,0.04312,0.04379,98731983,4326058.03178,22345,48493831,2125302.44032,-0.0009126169290439,ARPA-USDT,0.0438994895498413,0.0438650751491251,
2023-09-02 22:00:00,0.0438,0.0441,0.04274,0.04278,60328718,2610013.61947,12245,26932127,1165281.15572,-0.0011674060238151,ARPA-USDT,0.0440010814477525,0.0439126921768056,
2023-09-02 23:00:00,0.04279,0.04313,0.04254,0.04271,55557611,2379276.22228,10516,28748120,1231487.12412,-0.0011693171188026,ARPA-USDT,0.0428665371762832,0.0428986119795912,
2023-09-03 00:00:00,0.04271,0.04287,0.04103,0.04169,104624848,4366365.67861,19913,45515142,1899655.19542,-0.0004795013186286,ARPA-USDT,0.042781499993701,0.0425410262809836,5.393e-05
2023-09-03 01:00:00,0.04168,0.04237,0.04165,0.04186,71954297,3022972.20322,11900,41002784,1722799.27916,-0.0002388344876999,ARPA-USDT,0.0417674653020128,0.0419238227218099,
2023-09-03 02:00:00,0.04187,0.04238,0.04184,0.04222,34960603,1471287.39603,7130,19791793,832990.56288,-0.0004734848484848,ARPA-USDT,0.0419897626984511,0.0420359897236195,
2023-09-03 03:00:00,0.04221,0.04244,0.04165,0.04195,41721081,1749402.24327,7237,19296675,808956.6782099999,-0.0007146260123869,ARPA-USDT,0.0422718386767602,0.0423413488560282,
2023-09-03 04:00:00,0.04194,0.04231,0.04192,0.04209,37442618,1577047.53812,7770,19317999,813611.19656,-0.0002375296912112,ARPA-USDT,0.0420623021893785,0.042103484654513,
2023-09-03 05:00:00,0.04209,0.04223,0.04145,0.04221,46737370,1950238.10667,9804,22861858,953906.10086,-0.0009467455621302,ARPA-USDT,0.0420505719483757,0.0419272627573188,
2023-09-03 06:00:00,0.0422,0.04245,0.04195,0.04212,37984775,1602041.63249,9280,18640557,786317.17266,-0.0004746084480303,ARPA-USDT,0.0421986742263139,0.0421527206341803,
2023-09-03 07:00:00,0.04212,0.04215,0.0415,0.0417,37930633,1585730.13843,8226,18303097,765493.00707,-0.0007189072609633,ARPA-USDT,0.0420907561745641,0.0420184285728483,
2023-09-03 08:00:00,0.0417,0.04183,0.04113,0.0412,47282578,1956282.14663,10002,19894769,823253.79722,-0.0002426595486531,ARPA-USDT,0.0417475450191367,0.0416990981051222,3.832e-05
2023-09-03 09:00:00,0.04121,0.04152,0.04108,0.0414,31074904,1283469.14811,7355,17495048,722660.79591,-0.0009652509652509,ARPA-USDT,0.0412178624930645,0.0411709259174467,
2023-09-03 10:00:00,0.04141,0.04155,0.04113,0.04124,32275032,1334336.14123,7223,14493352,599393.67752,-0.0007269202810759,ARPA-USDT,0.0413679035652913,0.0413899726578121,
2023-09-03 11:00:00,0.04123,0.04133,0.04093,0.04127,38700402,1593101.91439,7881,20667877,851331.65809,-0.0012100677637948,ARPA-USDT,0.0412565108823299,0.0412888331218088,
2023-09-03 12:00:00,0.04128,0.04163,0.04105,0.04117,40677444,1680760.90203,9030,21256000,878260.20969,-0.0002428363283147,ARPA-USDT,0.0413348725066846,0.0412030802679849,
2023-09-03 13:00:00,0.04118,0.04126,0.04087,0.04094,45663285,1873465.84453,10414,21231686,871214.77163,-0.0009760858955589,ARPA-USDT,0.0410249833495507,0.0410089833883794,
2023-09-03 14:00:00,0.04094,0.0412,0.04093,0.04112,25790253,1059692.90792,6491,14040244,576849.33894,-0.0004861448711717,ARPA-USDT,0.0409985576594264,0.0410424177360548,
2023-09-03 15:00:00,0.04111,0.04133,0.04086,0.04097,38942043,1599321.05603,8421,19978004,820757.93964,-0.0007317073170731,ARPA-USDT,0.041150864885731,0.0411044996745879,
2023-09-03 16:00:00,0.04098,0.04114,0.04037,0.04066,52530104,2140207.06574,11669,21843328,890251.51783,-0.0012281994595922,ARPA-USDT,0.0410084123371866,0.0410657364311098,4.585e-05
2023-09-03 17:00:00,0.04066,0.04082,0.0405,0.0408,23600784,959283.58687,6259,12394177,503802.46067,-0.0009794319294809,ARPA-USDT,0.0406513348769847,0.0407119768902268,
2023-09-03 18:00:00,0.04079,0.04116,0.04076,0.04102,21349530,874993.93972,6320,11523167,472264.82772,-0.0009741841207987,ARPA-USDT,0.0408181297457093,0.0408151587887415,
2023-09-03 19:00:00,0.04102,0.04124,0.04098,0.04121,15762847,648679.45488,4320,8789202,361784.62564,-0.0004850836769344,ARPA-USDT,0.0410113223624366,0.0410315140720833,
2023-09-03 20:00:00,0.0412,0.04138,0.04103,0.04133,21299544,877362.87699,4988,11783434,485468.45572,0.0002420135527587,ARPA-USDT,0.0412047465267723,0.0412215835135035,
2023-09-03 21:00:00,0.04132,0.04145,0.04119,0.04128,16253175,671227.55616,4437,7713240,318560.92631,-0.0007262164124909,ARPA-USDT,0.0413458548710577,0.0413142076426774,
2023-09-03 22:00:00,0.04129,0.04166,0.04119,0.04157,24192752,1001922.72995,4995,12613752,522575.15503,-0.0007211538461537,ARPA-USDT,0.0412609500673015,0.0412441978089603,
2023-09-03 23:00:00,0.04157,0.04193,0.04155,0.0419,28366714,1184837.02174,6716,14669880,612745.18054,-0.0004770992366411,ARPA-USDT,0.0415967527520871,0.0416129894372824,
2023-09-04 00:00:00,0.04189,0.04241,0.04189,0.04238,36442248,1537064.35509,7780,19759089,833423.24047,-0.0002359046945032,ARPA-USDT,0.0419417930740308,0.0420409071448231,0.0001
2023-09-04 01:00:00,0.04237,0.04291,0.04216,0.04253,36728794,1561742.82149,8164,17782160,756287.62027,-0.0004700352526438,ARPA-USDT,0.0423562227478003,0.0424697248280373,
2023-09-04 02:00:00,0.04252,0.04295,0.04231,0.04278,22529931,959641.86325,5858,10495218,447200.25075,-0.0004672897196261,ARPA-USDT,0.0426118503725073,0.0425436669203094,
2023-09-04 03:00:00,0.04277,0.04322,0.04232,0.04237,35420026,1514918.41237,8332,18073825,773375.63826,-0.0007075471698113,ARPA-USDT,0.0428409240231085,0.042798637332861,
2023-09-04 04:00:00,0.04237,0.04254,0.0422,0.04253,19095493,809064.96587,5897,9192963,389563.43014,-0.0004700352526438,ARPA-USDT,0.0424437852743784,0.0424238778027944,
2023-09-04 05:00:00,0.04254,0.04254,0.04193,0.04197,22049155,930118.96138,6003,9352268,394728.96726,0.0,ARPA-USDT,0.0425071027818385,0.0424702102723969,
2023-09-04 06:00:00,0.04197,0.04286,0.04191,0.04225,26244103,1112498.9076,7896,13217053,560086.59561,-0.0004731488052992,ARPA-USDT,0.0419424099586779,0.0419995934134584,
2023-09-04 07:00:00,0.04225,0.04253,0.04209,0.04216,14984747,633498.70955,5155,7630039,322627.95911,-0.0004741583688951,ARPA-USDT,0.042226826010659,0.0422232129127127,
2023-09-04 08:00:00,0.04216,0.04289,0.04208,0.0427,24948290,1062419.19725,7063,12349285,525755.48277,-0.0009358914365933,ARPA-USDT,0.042107424296194,0.0422476948473483,9.921e-05
2023-09-04 09:00:00,0.0427,0.04275,0.04236,0.0425,16000680,680731.44671,4391,7117995,302754.18519,-0.0002352387673487,ARPA-USDT,0.042677111479502,0.0426702546750832,
2023-09-04 10:00:00,0.04249,0.04284,0.04233,0.04241,20166479,858997.94775,5543,10561431,449927.51278,-0.0002357378595001,ARPA-USDT,0.0425011030318335,0.0424988487716,
2023-09-04 11:00:00,0.04242,0.04248,0.04208,0.04214,23816613,1006859.73215,5555,11649059,492562.27622,-0.0011851149561508,ARPA-USDT,0.0424207112743707,0.0424483660948936,
2023-09-04 12:00:00,0.04215,0.0429,0.04205,0.04208,41019020,1741890.62869,10422,20536272,872138.96071,-0.0007124198527665,ARPA-USDT,0.0421618855107027,0.0421947579836293,
2023-09-04 13:00:00,0.04208,0.04245,0.04171,0.04219,32964567,1386402.97041,8284,16363381,688672.84927,-0.0007105637138797,ARPA-USDT,0.0419441250871986,0.0418680723419528,
2023-09-04 14:00:00,0.04219,0.04233,0.04199,0.04202,17607357,742442.41134,5300,8751337,369076.92339,-0.0007134363852555,ARPA-USDT,0.0422049485148906,0.0422048377288076,
2023-09-04 15:00:00,0.04201,0.0423,0.04136,0.04195,50912883,2130204.01385,12193,23177117,969944.04269,-0.0004765308553729,ARPA-USDT,0.0420226503517232,0.0420056851250768,
2023-09-04 16:00:00,0.04195,0.04223,0.04187,0.04194,16854501,708554.42632,5384,8409134,353467.33502,-0.0009528346831826,ARPA-USDT,0.0419603946143671,0.0420493858084907,0.0001
2023-09-04 17:00:00,0.04194,0.04241,0.04186,0.0422,18200358,767756.04376,5059,9289508,391788.8494,-0.0007103954534689,ARPA-USDT,0.0419705364119033,0.0419192826645412,
2023-09-04 18:00:00,0.0422,0.04254,0.0421,0.04214,17031484,720861.28359,4986,8059140,341160.2833,-0.0004743833017079,ARPA-USDT,0.0421947386867121,0.042298707192976,
2023-09-04 19:00:00,0.04213,0.04246,0.0421,0.04225,11867305,501740.18829,3678,6242127,263871.09231,-0.0011820330969265,ARPA-USDT,0.0421451110720178,0.0421500994750915,
2023-09-04 20:00:00,0.04225,0.04263,0.04217,0.04231,17666473,749492.5692,5511,8780173,372498.61381,0.0,ARPA-USDT,0.0422677634667114,0.0423388410666648,
2023-09-04 21:00:00,0.04231,0.04239,0.04198,0.04209,17597114,742813.01508,5429,8578293,362127.18851,-0.0011865211200757,ARPA-USDT,0.0423515673786123,0.0423317308771461,
2023-09-04 22:00:00,0.04209,0.04246,0.04199,0.04218,17930249,756954.96858,4563,9655448,407580.84209,-0.0009474182851728,ARPA-USDT,0.0420672149008045,0.0421819572277687,
2023-09-04 23:00:00,0.04217,0.04247,0.04211,0.04246,9990044,422390.2162,2662,4662731,197121.28649,-0.0002354603249352,ARPA-USDT,0.0422022890517058,0.0422591599068089,
2023-09-05 00:00:00,0.04245,0.04285,0.0423,0.04232,24553090,1045445.65476,5963,12424043,529015.502,-0.0004723665564477,ARPA-USDT,0.0424675019876582,0.042459969634614,0.0001
2023-09-05 01:00:00,0.04232,0.04264,0.04216,0.04246,11202309,474974.06375,3751,5497376,233128.56921,0.0,ARPA-USDT,0.042326052454829,0.0423487535625892,
2023-09-05 02:00:00,0.04247,0.04375,0.04246,0.04291,62452612,2700014.47292,15396,33542124,1449989.66702,-0.0009313154831199,ARPA-USDT,0.0424859024831666,0.0425975449061859,
2023-09-05 03:00:00,0.04291,0.04292,0.04223,0.04226,28650754,1218325.3153,7950,12355851,525574.96309,-0.0004730368968779,ARPA-USDT,0.0428361146188516,0.0427993348598026,
2023-09-05 04:00:00,0.04226,0.04271,0.04213,0.04271,14982433,635548.08526,4305,7766296,329702.83635,-0.0004680552305171,ARPA-USDT,0.0422535422104727,0.0422453637896308,
2023-09-05 05:00:00,0.04271,0.04277,0.0425,0.04265,10795197,460293.63115,3498,5228101,222934.53939,-0.000468713381767,ARPA-USDT,0.0426998881805001,0.042717647441399,
2023-09-05 06:00:00,0.04264,0.04265,0.04181,0.04185,23561455,992855.03433,5444,8373681,352739.73082,-0.0004776689754,ARPA-USDT,0.0426161835724888,0.042527706677417,
2023-09-05 07:00:00,0.04184,0.04207,0.04172,0.04196,14902760,624310.05954,4280,7233085,302993.41674,-0.0002382654276865,ARPA-USDT,0.041883212780467,0.041812394676313,
2023-09-05 08:00:00,0.04196,0.0425,0.04184,0.04244,25165826,1061167.39585,5867,13274264,559819.60995,-0.0007063809748057,ARPA-USDT,0.0418977744721305,0.0419048350976304,0.0001
2023-09-05 09:00:00,0.04245,0.04255,0.04226,0.04227,14948321,633252.00277,3971,7360553,311785.02003,-0.0014174344436569,ARPA-USDT,0.0424839986232006,0.0424907103051659,
2023-09-05 10:00:00,0.04228,0.0424,0.04219,0.04235,10545516,446228.92167,3446,5410441,228957.72681,-0.0004720320981826,ARPA-USDT,0.0422738876476841,0.042238563721538,
2023-09-05 11:00:00,0.04235,0.04267,0.04207,0.04255,25497356,1080445.40674,5322,14108838,597902.91472,-0.0004698144233027,ARPA-USDT,0.0423717955154334,0.0423513379469245,
2023-09-05 12:00:00,0.04254,0.04303,0.0422,0.04286,26305361,1118576.64413,6351,14343074,609977.49159,0.000700443614289,ARPA-USDT,0.042530717122134,0.0424848126857666,
2023-09-05 13:00:00,0.04286,0.04298,0.04233,0.04251,29406841,1255169.77864,6393,13881644,592564.70249,-0.0004702562896778,ARPA-USDT,0.0427838795166908,0.0427787256433898,
2023-09-05 14:00:00,0.04252,0.04317,0.04251,0.04266,41412048,1776686.97307,9654,20569566,882276.8265900001,-0.0004686035613872,ARPA-USDT,0.0428324054069062,0.0429424773305799,
2023-09-05 15:00:00,0.04266,0.04324,0.04257,0.04311,27273223,1172457.77229,6158,14130309,607484.24033,-0.0004637143519591,ARPA-USDT,0.0426190994773113,0.0426947447640643,
2023-09-05 16:00:00,0.0431,0.04493,0.0428,0.04338,151474623,6611262.47339,30146,71753961,3130805.52833,-0.0006910850034552,ARPA-USDT,0.0431407884472395,0.0431346720753359,0.0001
2023-09-05 17:00:00,0.04337,0.04393,0.04294,0.04358,40116868,1743951.33162,9141,22295346,969227.71633,-0.0011460004584001,ARPA-USDT,0.0433667234874929,0.0431792055435482,
2023-09-05 18:00:00,0.04358,0.04369,0.04317,0.04353,27552548,1195395.61501,6163,11219843,487001.32836,-0.0006887052341598,ARPA-USDT,0.0435811210707454,0.0436242338743438,
2023-09-05 19:00:00,0.04352,0.04377,0.04314,0.0434,17088077,742211.75105,4476,7775955,337674.65891,-0.0002303616678184,ARPA-USDT,0.0435636251304592,0.0436348199499852,
2023-09-05 20:00:00,0.04339,0.04355,0.04317,0.04326,15137220,656758.52645,3919,6363952,276213.28196,0.0,ARPA-USDT,0.0434146984792825,0.0434034440333535,
2023-09-05 21:00:00,0.04326,0.04335,0.04303,0.04328,13228501,571754.45879,3476,6469973,279624.49285,-0.0002310002310003,ARPA-USDT,0.0432603899054874,0.0432278908801675,
2023-09-05 22:00:00,0.04327,0.04336,0.04313,0.04335,6862171,296762.62199,2479,3231127,139749.06038,-0.0004611482591653,ARPA-USDT,0.0432955918938889,0.0432509742772273,
2023-09-05 23:00:00,0.04335,0.04347,0.04315,0.04328,12416562,537812.95284,3266,5934261,257115.53032,0.0,ARPA-USDT,0.0433432336675921,0.0433806308760573,
2023-09-06 00:00:00,0.04328,0.04361,0.04305,0.04347,18013327,781677.16912,4792,9680171,420112.38282,-0.0009193288899103,ARPA-USDT,0.0433073711896661,0.0433109746968965,8.064e-05
2023-09-06 01:00:00,0.04345,0.04364,0.04318,0.04343,11966838,519640.00873,3260,5939458,257966.7763,-0.0011499540018398,ARPA-USDT,0.043465516076759,0.0434473686362328,
2023-09-06 02:00:00,0.04343,0.04402,0.04339,0.04392,28670373,1252723.5116,6426,16304834,712280.29675,-0.0004551661356394,ARPA-USDT,0.0434393427822541,0.043424816811167,
2023-09-06 03:00:00,0.04392,0.04409,0.0434,0.04344,23818368,1042922.61236,5728,11109794,486701.58884,-0.0011496895838124,ARPA-USDT,0.0438965883482618,0.0438693347982041,
2023-09-06 04:00:00,0.04344,0.04376,0.04302,0.04314,20697141,897640.7065,5487,8554042,371329.32406,-0.0011576753878212,ARPA-USDT,0.0435089047046271,0.0435331095859924,
2023-09-06 05:00:00,0.04315,0.04341,0.04293,0.04312,16732442,722602.67159,5160,7119932,307633.80210000003,-0.0006952491309386,ARPA-USDT,0.043178733631767,0.0432967604337056,
2023-09-06 06:00:00,0.04312,0.04348,0.04306,0.0434,17850901,773048.21402,5136,8329769,360783.74455,-0.0009208103130754,ARPA-USDT,0.0431105951448242,0.0432346142820375,
2023-09-06 07:00:00,0.04341,0.04383,0.04308,0.04349,53558176,2325818.73115,9926,27484463,1193241.46412,-0.0002298850574711,ARPA-USDT,0.0434148587036625,0.0433569877899717,
2023-09-06 08:00:00,0.04348,0.0443,0.0433,0.04413,29813159,1306035.53166,6431,16336361,715952.79271,0.0,ARPA-USDT,0.0434586839398034,0.0435229720969945,0.0001
2023-09-06 09:00:00,0.04412,0.04535,0.0441,0.04459,78060580,3495387.20334,17034,40316542,1804553.64288,-0.0004483299708585,ARPA-USDT,0.0443310136735917,0.0443729343581765,
2023-09-06 10:00:00,0.04458,0.04475,0.04392,0.04401,33382472,1481762.38837,7990,15961095,708747.08601,-0.0002271694684233,ARPA-USDT,0.0445753878575405,0.0446235696656992,
2023-09-06 11:00:00,0.044,0.04427,0.04377,0.04384,25347346,1114203.27785,5832,11970611,526352.07336,-0.000911577028259,ARPA-USDT,0.0440193927564019,0.0440053910835004,
2023-09-06 12:00:00,0.04384,0.04517,0.04375,0.04472,66492868,2963756.89012,13659,36357849,1619139.27579,-0.0013398838767306,ARPA-USDT,0.0437953567598469,0.0438956327920115,
2023-09-06 13:00:00,0.04471,0.04483,0.04427,0.0444,29054864,1293283.64521,7156,13563600,604038.30167,0.0,ARPA-USDT,0.0447786434631638,0.0447810683667095,
2023-09-06 14:00:00,0.04439,0.04441,0.04369,0.04416,40892910,1802652.38253,9096,20171620,889640.34993,-0.0011309658448315,ARPA-USDT,0.0443350182687583,0.044283096310239,
2023-09-06 15:00:00,0.04416,0.04498,0.04386,0.0446,35394584,1571384.67274,9112,17422087,773700.78461,-0.0011198208286674,ARPA-USDT,0.0441041930588362,0.044135247819474,
2023-09-06 16:00:00,0.0446,0.04485,0.04439,0.04452,28599648,1276368.47152,7911,14377421,641762.5105,-0.0013458950201885,ARPA-USDT,0.044553215574541,0.0446198664814696,4.865e-05
2023-09-06 17:00:00,0.04451,0.04568,0.04395,0.04532,46028322,2064180.62841,12240,22004216,986958.59686,-0.0006615214994487,ARPA-USDT,0.0445002541547693,0.0444617224525126,
2023-09-06 18:00:00,0.0453,0.04585,0.04486,0.04524,38287610,1737613.20368,11295,18505922,840188.86225,-0.0011039964672111,ARPA-USDT,0.0454642269972924,0.0455707201635442,
2023-09-06 19:00:00,0.04524,0.04526,0.04487,0.04521,17222252,775553.43322,4790,8825701,397544.28909,-0.0008839779005525,ARPA-USDT,0.045175724777011,0.0451582755146553,
2023-09-06 20:00:00,0.04522,0.04537,0.04488,0.0449,15838596,714959.75364,4821,8172534,368981.33721,-0.0006677053193856,ARPA-USDT,0.0451731508627271,0.0451803109826235,
2023-09-06 21:00:00,0.0449,0.04516,0.0448,0.04515,13548204,609344.95964,4254,7117509,320204.17035,-0.0004427717511622,ARPA-USDT,0.04487106636168,0.0448868446419746,
2023-09-06 22:00:00,0.04514,0.0456,0.04506,0.04551,21677726,983141.62884,5375,12570267,570129.75731,0.0,ARPA-USDT,0.045181700645922,0.0452398863976376,
2023-09-06 23:00:00,0.0455,0.04619,0.04534,0.04605,23392223,1071073.36646,6376,13469402,616643.5581200001,-0.0004341219882786,ARPA-USDT,0.0454373016405654,0.0454532765818652,
2023-09-07 00:00:00,0.04605,0.04621,0.04511,0.04542,37588882,1714830.29057,9642,17717817,808466.93879,-0.0008798944126704,ARPA-USDT,0.0459780517000912,0.0460396374441482,0.0001
2023-09-07 01:00:00,0.04542,0.04569,0.0453,0.04557,14973881,681396.56094,4286,8075829,367608.60873,-0.0008770006577504,ARPA-USDT,0.0454438484866016,0.0454020520452909,
2023-09-07 02:00:00,0.04557,0.0456,0.04492,0.04509,17634184,798687.51617,5322,6756191,306050.01834,0.0,ARPA-USDT,0.0455140838808191,0.0455064293610318,
2023-09-07 03:00:00,0.04509,0.04549,0.04498,0.0454,10332698,467086.70247,3609,5094765,230358.2268,-0.0006603565925599,ARPA-USDT,0.0450956553073121,0.045050945903153,
2023-09-07 04:00:00,0.0454,0.04569,0.04508,0.04511,15338421,696485.93931,4126,7409438,336795.1323,-0.0002216312056738,ARPA-USDT,0.0453508779230586,0.045437776521394,
2023-09-07 05:00:00,0.04512,0.04519,0.04486,0.04486,13927336,627359.6292,3966,6043747,272390.96019,-0.000890868596882,ARPA-USDT,0.0451448595706856,0.0451437115175986,
2023-09-07 06:00:00,0.04487,0.0454,0.04485,0.04502,21245794,959212.2817,5730,10101649,456072.0167,-0.0002220741727737,ARPA-USDT,0.0449289397870773,0.0449882042415921,
2023-09-07 07:00:00,0.04501,0.04503,0.04429,0.04437,36077970,1607002.38559,8780,13349313,594026.10365,-0.0006756756756757,ARPA-USDT,0.0450125685921333,0.0448912460089811,
2023-09-07 08:00:00,0.04436,0.04478,0.04428,0.04472,20624281,919583.71022,6175,10977580,489503.3299,0.0002236636099306,ARPA-USDT,0.0444333961020636,0.0444150787052654,1.117e-05
2023-09-07 09:00:00,0.04471,0.04493,0.04461,0.04473,9458106,423565.68868,3514,4734259,212037.99933,-0.0011165698972755,ARPA-USDT,0.0447217169781958,0.0447044390821273,
2023-09-07 10:00:00,0.04474,0.04496,0.04428,0.04435,17113650,763419.07429,4749,6514494,290823.88085,-0.0004507550146495,ARPA-USDT,0.0447219041491537,0.0447791451498853,
2023-09-07 11:00:00,0.04435,0.04504,0.04431,0.04449,28045877,1251750.93054,6613,15885375,709073.20973,-0.0011225864391558,ARPA-USDT,0.0443399266852401,0.04442734456795,
2023-09-07 12:00:00,0.04448,0.04484,0.04432,0.04458,14114567,629036.58383,4552,6598555,294079.60228,0.0,ARPA-USDT,0.0444494980586395,0.0444212191370331,
2023-09-07 13:00:00,0.04458,0.0455,0.04444,0.04537,28900811,1299665.53058,7225,17133005,770882.0106,0.0002204585537919,ARPA-USDT,0.0445627826371047,0.0445668971921425,
2023-09-07 14:00:00,0.04536,0.04588,0.04487,0.04568,38442581,1743067.23259,9814,18982700,861104.36528,-0.0010933741526351,ARPA-USDT,0.0453358972375755,0.0454147327718099,
2023-09-07 15:00:00,0.04567,0.04584,0.04492,0.04496,38300387,1738040.23346,9786,15983462,725798.57144,-0.0008888888888888,ARPA-USDT,0.0456971604418672,0.0456893351813818,
2023-09-07 16:00:00,0.04495,0.04527,0.04462,0.04505,29205231,1312344.32969,6676,13615663,611830.99015,-0.0008871146595696,ARPA-USDT,0.0449619481856637,0.0449581134990702,0.0001
2023-09-07 17:00:00,0.04504,0.04534,0.04478,0.04525,11856271,534419.85552,4052,6067015,273626.41716,-0.0006625441696113,ARPA-USDT,0.0450363546367249,0.0449582585370955,
2023-09-07 18:00:00,0.04526,0.04536,0.045,0.04502,10994368,496407.92871,3454,4540658,205081.83981,-0.0002220741727737,ARPA-USDT,0.0453164929584523,0.0452637837133502,
2023-09-07 19:00:00,0.04503,0.04506,0.04478,0.045,9263735,416173.20183,3419,4092571,183856.94935,-0.0006662225183211,ARPA-USDT,0.0450188887939505,0.0449846502132226,
2023-09-07 20:00:00,0.045,0.04511,0.04481,0.04501,8875539,398974.99661,3093,4651926,209194.91329,-0.0004441483455474,ARPA-USDT,0.0450013915992292,0.0449541392729126,
2023-09-07 21:00:00,0.04503,0.0455,0.04497,0.04502,26406658,1194641.07488,7084,13212361,597874.62959,-0.0004440497335701,ARPA-USDT,0.0451104116942692,0.0451011156455114,
2023-09-07 22:00:00,0.04501,0.0455,0.04499,0.04544,11040601,499161.17735,4000,5736263,259430.10512,-0.0006597756762699,ARPA-USDT,0.0450938053352762,0.0450667597701837,
2023-09-07 23:00:00,0.04545,0.04578,0.0452,0.04567,20377434,927890.65555,5900,10433681,475216.40744,-0.0008750820389411,ARPA-USDT,0.0455046494314292,0.0454946480839182,
2023-09-08 00:00:00,0.04568,0.04599,0.04538,0.04587,20545131,937159.05184,5960,10568481,482304.39906,0.0004362050163577,ARPA-USDT,0.0457066167502536,0.0455576247364726,0.0001
2023-09-08 01:00:00,0.04587,0.04597,0.0455,0.04565,10997790,502045.95138,3821,5330991,243415.7333,-0.0008754650908294,ARPA-USDT,0.0459397674465307,0.0458440198848346,
2023-09-08 02:00:00,0.04566,0.04589,0.04523,0.04526,14172306,646706.75683,3781,5180499,236596.30667,0.0004420866489831,ARPA-USDT,0.045724665493047,0.0458133103629765,
2023-09-08 03:00:00,0.04525,0.04532,0.04506,0.04511,10646982,481089.72295,3175,4390648,198427.73911,-0.0004431641923333,ARPA-USDT,0.0452157316986118,0.0452227688837976,
2023-09-08 04:00:00,0.04511,0.04532,0.04493,0.04525,8971152,404594.67618,3199,4290105,193502.04934,-0.0006625441696113,ARPA-USDT,0.0451148311227578,0.0450939237093219,
2023-09-08 05:00:00,0.04526,0.0454,0.04493,0.04506,13729391,620104.30281,4010,6628959,299441.55348,-0.0008869179600886,ARPA-USDT,0.0452720708807616,0.0452638969496002,
2023-09-08 06:00:00,0.04507,0.0451,0.04468,0.04501,16060709,721368.08787,4952,7800028,350353.05642,-0.0002221235006663,ARPA-USDT,0.0450515290423535,0.0450167319778743,
2023-09-08 07:00:00,0.04501,0.04519,0.04471,0.04479,15340995,689641.70806,4034,6734100,302773.24166,0.0,ARPA-USDT,0.0450604693528084,0.0450088479284287,
2023-09-08 08:00:00,0.04479,0.04523,0.0444,0.04518,27115445,1215325.3497,6453,14574822,653607.05188,-0.0002212878955522,ARPA-USDT,0.0447752733734281,0.0447052223173255,0.0001
2023-09-08 09:00:00,0.0452,0.04549,0.04494,0.04518,23748788,1073395.79616,5673,11710067,529149.11541,-0.0008845643520567,ARPA-USDT,0.0451901749875095,0.0451152743992304,
2023-09-08 10:00:00,0.04519,0.04519,0.04429,0.04484,39573248,1772688.40591,11434,17181343,769727.85805,-0.0006685981724984,ARPA-USDT,0.0450246006032516,0.0450163615281093,
2023-09-08 11:00:00,0.04483,0.04489,0.04451,0.04462,11142933,498290.39679,3410,4285818,191768.3818,-0.0006718924972004,ARPA-USDT,0.0448382153280699,0.0448352317021831,
2023-09-08 12:00:00,0.04461,0.04509,0.04451,0.04498,8608157,386028.3985,2809,4434464,198873.08949,-0.0004444444444444,ARPA-USDT,0.0445871954075726,0.0445594175205547,
2023-09-08 13:00:00,0.04497,0.04542,0.04496,0.04531,12985540,586954.67242,4549,5922052,267759.30088,-0.00044120891242,ARPA-USDT,0.0449784919956939,0.0450497038115806,
2023-09-08 14:00:00,0.04531,0.04587,0.04512,0.04573,31058580,1415945.76896,8475,15465274,705062.65986,-0.0006555944055944,ARPA-USDT,0.0453055002568685,0.0452562964454767,
2023-09-08 15:00:00,0.04572,0.04578,0.04543,0.04566,15054338,686082.2993900001,4696,5816806,265141.57660000003,-0.0006565988181221,ARPA-USDT,0.0457206826857862,0.0456335389444755,
2023-09-08 16:00:00,0.04567,0.04593,0.04514,0.04536,31873897,1449711.59387,8782,14110712,641856.28508,-0.0002204099625303,ARPA-USDT,0.0456422870787318,0.0456294619322295,5.732e-05
2023-09-08 17:00:00,0.04535,0.04536,0.04502,0.04523,12458412,562642.1128,3366,5404546,244065.42739,-0.0004419889502762,ARPA-USDT,0.0453325322879158,0.0453152334315973,
2023-09-08 18:00:00,0.04523,0.04527,0.04494,0.04514,13784565,621850.90912,3889,6749336,304430.58089,-0.0004428697962798,ARPA-USDT,0.0452299779131833,0.0451693790822306,
2023-09-08 19:00:00,0.04513,0.04532,0.04503,0.04516,9228271,416979.29897,2606,4436804,200470.53724,0.0,ARPA-USDT,0.0451314564127059,0.0450661644529746,
2023-09-08 20:00:00,0.04516,0.04528,0.04506,0.04515,7140296,322600.11646,2075,3534325,159695.25905,-0.0004427717511622,ARPA-USDT,0.0451388917324753,0.0451583548666666,
2023-09-08 21:00:00,0.04514,0.04522,0.04497,0.04514,8157617,367923.16444,2150,3955271,178421.34321,0.0,ARPA-USDT,0.0451675363633736,0.0451673217556349,
2023-09-08 22:00:00,0.04513,0.04538,0.04508,0.0453,6809808,308125.70267,2214,3273426,148165.31568,-0.0006618133686301,ARPA-USDT,0.0451284291654565,0.0451263063160387,
2023-09-08 23:00:00,0.04529,0.04538,0.0452,0.04526,7199932,326159.73019000003,2032,3663917,165999.74172,-0.0004416961130742,ARPA-USDT,0.0453036380884293,0.0453034463376319,
2023-09-09 00:00:00,0.04527,0.04532,0.0447,0.04482,21087645,950189.45574,5284,8775331,395405.23861,0.0,ARPA-USDT,0.0452446075089645,0.0451959994613694,0.0001
2023-09-09 01:00:00,0.04482,0.04558,0.04482,0.04553,18244121,826256.64506,5268,9898140,448145.95351,-0.0008777704630238,ARPA-USDT,0.0448328215863929,0.0450141787657367,
2023-09-09 02:00:00,0.04554,0.0461,0.0455,0.04604,13408021,613391.48749,4491,7207720,329812.28047,-0.000651182982418,ARPA-USDT,0.045601739779592,0.0456796730543303,
2023-09-09 03:00:00,0.04605,0.04626,0.04576,0.04596,21433944,985733.69928,5824,10132433,466078.72084,0.0,ARPA-USDT,0.0460349792128444,0.0459923548000959,
2023-09-09 04:00:00,0.04597,0.046,0.04562,0.046,15099260,691976.81235,4390,6513015,298540.59311,0.0,ARPA-USDT,0.0459751835099577,0.0458819946086351,
2023-09-09 05:00:00,0.046,0.04606,0.04536,0.04546,18020983,824138.67328,5072,8202671,375375.48635,-0.0004397537379067,ARPA-USDT,0.0460322176785819,0.0459616780966245,
2023-09-09 06:00:00,0.04547,0.04643,0.04544,0.04617,24504896,1127859.44605,6374,13751162,632841.42421,0.0,ARPA-USDT,0.0454898366286246,0.0455438423626702,
2023-09-09 07:00:00,0.04618,0.04656,0.04594,0.04655,29517492,1366756.73429,8051,16862619,780944.7589,-0.0010729613733906,ARPA-USDT,0.0461486360096092,0.04617033693959,
2023-09-09 08:00:00,0.04655,0.04789,0.04631,0.04658,127028315,5973290.90462,31029,65351633,3073426.43171,-0.0004291845493562,ARPA-USDT,0.046466884290674,0.0464273531644138,0.0001
2023-09-09 09:00:00,0.04659,0.04676,0.04587,0.04621,44807310,2069368.43315,12421,20534964,948275.32644,0.0,ARPA-USDT,0.0466868558411378,0.0465771543048487,
2023-09-09 10:00:00,0.0462,0.0469,0.0459,0.04599,33117595,1537538.31462,9310,14564831,676699.09506,-0.0006518904823988,ARPA-USDT,0.046236818151876,0.0462369208212704,
2023-09-09 11:00:00,0.04599,0.04628,0.04576,0.04584,20614265,948245.58773,5941,9281540,427087.4379,-0.0004361098996946,ARPA-USDT,0.0459560708269232,0.0460049051966619,
2023-09-09 12:00:00,0.04584,0.04607,0.04563,0.04567,18872680,864895.8881,5060,8571465,392891.18422,0.0,ARPA-USDT,0.0458420679134498,0.045777509855156,
2023-09-09 13:00:00,0.04567,0.04575,0.04498,0.04508,36640276,1662585.95522,8009,13520983,614088.38601,-0.0002217786648923,ARPA-USDT,0.0456917755740617,0.0456316349004821,
2023-09-09 14:00:00,0.04507,0.04511,0.04451,0.04506,50537902,2264183.59285,10641,23645267,1059591.34096,-0.0006653359946772,ARPA-USDT,0.045065543782743,0.0449227908916553,
2023-09-09 15:00:00,0.04507,0.04567,0.04501,0.04542,17194284,780773.79324,5148,8926862,405320.92078,-0.0004401408450703,ARPA-USDT,0.0450872622765263,0.0451539504788278,
2023-09-09 16:00:00,0.04542,0.04555,0.0452,0.04541,10412787,472597.28081,3876,4372021,198496.06596,-0.0004402377283733,ARPA-USDT,0.0454534698457437,0.0453655790027726,0.0001
2023-09-09 17:00:00,0.0454,0.04555,0.04532,0.04535,7335713,333337.05789,2816,3452477,156907.0083,-0.0006610841780518,ARPA-USDT,0.0453826339797926,0.0454032650946348,
2023-09-09 18:00:00,0.04536,0.04537,0.04509,0.04526,7869421,355825.63116,3307,3051028,137937.24719,-0.0006623978803266,ARPA-USDT,0.0453472167666249,0.0453173860456394,
2023-09-09 19:00:00,0.04527,0.04569,0.04524,0.04561,8468795,384942.50969,3307,4390507,199606.84505,-0.0008762322015335,ARPA-USDT,0.0452634689062187,0.0452688491868198,
2023-09-09 20:00:00,0.04561,0.04568,0.04537,0.04545,7612999,346206.91372,2663,2985936,135782.33796,-0.0002199736031677,ARPA-USDT,0.0456401519452533,0.0455985290450825,
2023-09-09 21:00:00,0.04544,0.04582,0.04542,0.04582,5125412,233804.2494,2104,2480333,113158.08195,-0.0002181976871046,ARPA-USDT,0.0454391663334195,0.0454386208354304,
2023-09-09 22:00:00,0.04582,0.04592,0.04563,0.04569,9405230,430590.86662,2962,3506977,160539.96851,0.0002189141856392,ARPA-USDT,0.0458236671678586,0.0457826285147079,
2023-09-09 23:00:00,0.04569,0.04581,0.04562,0.04563,6490943,296672.84689,2309,2918541,133393.72454,-0.0008758484782134,ARPA-USDT,0.0456740223274236,0.0457125153988863,
2023-09-10 00:00:00,0.04564,0.04576,0.04474,0.04563,24172621,1094268.07503,6941,11171349,505778.28312,-0.0008758484782134,ARPA-USDT,0.0456749499961281,0.0456391472968144,0.0001
2023-09-10 01:00:00,0.04563,0.04704,0.04544,0.04594,59759907,2757326.93223,13013,33398785,1541619.53901,-0.0010871928680148,ARPA-USDT,0.045765437271651,0.0457353367014407,
2023-09-10 02:00:00,0.04594,0.04594,0.04472,0.04536,46872786,2117464.65847,10661,19272343,870065.16675,-0.0004407227853679,ARPA-USDT,0.0458689107549281,0.0457309883517141,
2023-09-10 03:00:00,0.04536,0.04539,0.04495,0.04525,11464732,517637.40858,3590,5692056,257030.44723,-0.0004417936823503,ARPA-USDT,0.0453597149057232,0.0452762070641149,
2023-09-10 04:00:00,0.04525,0.04527,0.0422,0.04461,102815327,4509438.53982,21482,44849479,1969376.44722,-0.0004481290611697,ARPA-USDT,0.0452525994295247,0.0451739094636267,
2023-09-10 05:00:00,0.04461,0.04648,0.04454,0.04638,47522793,2169088.10198,12917,25260651,1154436.84287,-0.0006464124111182,ARPA-USDT,0.0446406104654204,0.0446811066562227,
2023-09-10 06:00:00,0.04637,0.04638,0.04503,0.04514,57741427,2629716.19852,14093,24959068,1136938.6138000002,-0.0004428697962798,ARPA-USDT,0.0461107039827251,0.0459245864787962,
2023-09-10 07:00:00,0.04513,0.04593,0.0451,0.04575,16857927,768847.2419799999,5797,8039616,366481.99507,0.0,ARPA-USDT,0.045124730780423,0.0452271189271147,
2023-09-10 08:00:00,0.04575,0.04596,0.04534,0.04582,21909567,1001886.0367,6068,9391755,429734.35937,-0.00109003706126,ARPA-USDT,0.0457108876407665,0.0456320434002305,0.0001
2023-09-10 09:00:00,0.04582,0.04597,0.04554,0.04578,12839042,587383.45577,4420,6457057,295516.83477,-0.0004366812227074,ARPA-USDT,0.0457881170359385,0.0456694673127534,
2023-09-10 10:00:00,0.04578,0.04611,0.04549,0.04582,19029506,871600.20398,5461,9851775,451391.23749,-0.0002181976871046,ARPA-USDT,0.0457449002006369,0.0456058237208361,
2023-09-10 11:00:00,0.04582,0.04699,0.04582,0.04656,47045208,2183895.6675,11998,26511902,1231386.10307,-0.0006439150032195,ARPA-USDT,0.0458934543434683,0.0460183225553106,
2023-09-10 12:00:00,0.04656,0.0475,0.04621,0.04684,77505893,3638514.73054,20540,38749948,1819863.64786,-0.0004268032437045,ARPA-USDT,0.0466116081209234,0.0464396184381605,
2023-09-10 13:00:00,0.04683,0.04735,0.04608,0.04636,62592876,2918702.47597,16314,29187275,1361306.76484,-0.0006466910972192,ARPA-USDT,0.0469191209381748,0.0470465044805763,
2023-09-10 14:00:00,0.04635,0.04694,0.04556,0.04595,67642258,3123059.76453,15848,28789682,1328919.44501,-0.0006524575902566,ARPA-USDT,0.0464474088992587,0.0465511741558446,
2023-09-10 15:00:00,0.04596,0.04662,0.04532,0.04597,56370382,2593205.78126,14339,29322515,1349665.37691,-0.0010864841373315,ARPA-USDT,0.0458586336697602,0.045719882654582,
2023-09-10 16:00:00,0.04598,0.04636,0.04574,0.04626,29198068,1345363.89276,9784,14531344,669924.5297,-0.0008639308855291,ARPA-USDT,0.0460718236472688,0.0461510699792327,0.0001
2023-09-10 17:00:00,0.04625,0.04626,0.04549,0.04552,28239428,1292533.92633,8966,11612283,531686.15979,-0.0002196354052274,ARPA-USDT,0.0461689569439018,0.0460701418421906,
2023-09-10 18:00:00,0.04552,0.04625,0.0455,0.04604,19938089,917321.89026,6945,10489013,482406.8199,-0.0013015184381779,ARPA-USDT,0.0455558493600573,0.0456220670845042,
2023-09-10 19:00:00,0.04605,0.04646,0.04539,0.04594,41909355,1924575.31609,10748,18680568,859353.76549,-0.0010871928680148,ARPA-USDT,0.0461020226832605,0.0461386662822921,
2023-09-10 20:00:00,0.04594,0.04669,0.0459,0.04665,32074550,1486564.87708,10080,16272303,754416.48625,-0.000428540818513,ARPA-USDT,0.0459550946519465,0.0459994839638013,
2023-09-10 21:00:00,0.04664,0.04691,0.04645,0.04659,19877629,927616.74568,6486,9274528,432939.62753,-0.0006435006435007,ARPA-USDT,0.0465418960283634,0.0466412337460776,
2023-09-10 22:00:00,0.04659,0.04683,0.04617,0.04627,18872236,878404.00877,5736,9681665,450735.28206,-0.0006479481641469,ARPA-USDT,0.0466136617112514,0.0466157858255949,
2023-09-10 23:00:00,0.04626,0.04632,0.04598,0.04621,16197695,747129.48326,4867,8143282,375643.68535,-0.0006487889273356,ARPA-USDT,0.0462668319969827,0.0462840653718093,
2023-09-11 00:00:00,0.04621,0.04672,0.04537,0.04562,29537759,1359973.54326,9487,13116337,604004.75526,-0.0010948105977666,ARPA-USDT,0.0462431635412403,0.0462927749831698,0.0001
2023-09-11 01:00:00,0.04561,0.04615,0.04549,0.04598,19528604,893390.64247,6418,9989335,456952.29905,0.0,ARPA-USDT,0.0456743490355329,0.0457150319740217,
2023-09-11 02:00:00,0.04598,0.04656,0.04542,0.04651,22981136,1058641.39913,7439,10222165,471090.61656,-0.0008592910848549,ARPA-USDT,0.0459549082305406,0.0458479288799174,
2023-09-11 03:00:00,0.04651,0.04725,0.0465,0.04706,37811465,1774916.52501,11041,18453076,866471.07641,-0.0006370779358675,ARPA-USDT,0.0465453260771675,0.0466517975346654,
2023-09-11 04:00:00,0.04705,0.04727,0.04612,0.0463,31915982,1490386.99994,9525,14252745,665789.73583,-0.0017248814144026,ARPA-USDT,0.0469790626619777,0.0470701018048883,
2023-09-11 05:00:00,0.04631,0.04638,0.04595,0.04613,16310641,752211.45936,5274,8971106,413725.14931,-0.0006499133448873,ARPA-USDT,0.046300386282784,0.0461958838065236,
2023-09-11 06:00:00,0.04613,0.04646,0.04605,0.04613,14339863,663714.01563,4502,7760147,359253.05997,-0.0002167316861725,ARPA-USDT,0.0461572567971431,0.0461322104366954,
2023-09-11 07:00:00,0.04612,0.04626,0.04551,0.04556,21478295,983394.31211,5586,8914142,408235.28949,-0.0006580390436498,ARPA-USDT,0.0461115238986095,0.0461429366876652,
2023-09-11 08:00:00,0.04556,0.04583,0.04471,0.04536,51416800,2325095.70074,12985,23961743,1084107.64097,-0.0015408320493066,ARPA-USDT,0.045635601480023,0.0457368817387148,5.427e-05
2023-09-11 09:00:00,0.04537,0.0457,0.04455,0.0446,39089728,1761985.55066,12717,16829686,759285.24216,0.0002242655303881,ARPA-USDT,0.0453552764100966,0.045426163331198,
2023-09-11 10:00:00,0.04459,0.04464,0.043,0.0435,73642545,3226387.90562,21015,31680352,1387221.12304,-0.0006891798759476,ARPA-USDT,0.0445954613358652,0.0443321004862051,
2023-09-11 11:00:00,0.0435,0.04371,0.04305,0.04321,20352490,882394.95215,7116,9599755,416347.08658,-0.0011558021266759,ARPA-USDT,0.0435391097536079,0.043527967784493,
2023-09-11 12:00:00,0.04321,0.04366,0.04314,0.04366,18351497,796413.55819,5644,9218158,400171.52415,-0.0006866559853513,ARPA-USDT,0.0432123222703983,0.043295748889654,
2023-09-11 13:00:00,0.04367,0.04394,0.04333,0.04336,21288090,930568.29182,5509,11091959,485261.14871,-0.0006914035492048,ARPA-USDT,0.0436551430418017,0.0437712253918689,
2023-09-11 14:00:00,0.04334,0.04362,0.0428,0.04344,43193527,1865578.43143,13670,20910967,903808.21987,-0.0002301495972383,ARPA-USDT,0.0433126757950411,0.043323155971059,
2023-09-11 15:00:00,0.04342,0.04354,0.04296,0.043,23217217,1004174.518,7343,11458755,495748.01898,-0.0009293680297398,ARPA-USDT,0.043376047879275,0.0432913443891867,
2023-09-11 16:00:00,0.043,0.04371,0.04282,0.04358,33238524,1437841.30792,8211,20615438,892248.4564799999,-0.0006879156156844,ARPA-USDT,0.0429816183846723,0.0430489891849607,0.0001
2023-09-11 17:00:00,0.04358,0.04431,0.04343,0.04412,29029798,1272967.9683,7062,13587835,595869.26495,-0.0006795016987543,ARPA-USDT,0.0436194296666938,0.0436652211607768,
2023-09-11 18:00:00,0.04412,0.04459,0.04357,0.04369,22826291,1007201.31858,7282,10538575,465168.44926,-0.0004575611988103,ARPA-USDT,0.0441786397526324,0.0441672101564509,
2023-09-11 19:00:00,0.04368,0.04384,0.04289,0.04346,30650138,1328090.1201,10280,13499512,584993.93715,-0.0006898137502874,ARPA-USDT,0.04363459021387,0.0436086088913137,
2023-09-11 20:00:00,0.04345,0.04367,0.04327,0.04365,11780626,512457.21198,5494,6363604,276845.96774,-0.0002290426019239,ARPA-USDT,0.0434957829406516,0.0434197554285143,
2023-09-11 21:00:00,0.04364,0.04389,0.04321,0.0434,9915969,431581.6371,3774,4108692,179022.07594,-0.0004606172270842,ARPA-USDT,0.0436265300402161,0.0435944689338485,
2023-09-11 22:00:00,0.04339,0.04374,0.04336,0.04354,4561774,198877.76629,2309,2079655,90665.40275,-0.0002296211251434,ARPA-USDT,0.0433902596335351,0.0434286731528191,
2023-09-11 23:00:00,0.04353,0.04384,0.04351,0.04366,5532476,241407.14812,2224,3091143,134875.93519,-0.0009153318077804,ARPA-USDT,0.0435502128592241,0.043566015565957,
2023-09-12 00:00:00,0.04365,0.04433,0.04345,0.04407,14389164,631186.97193,4968,7393684,324328.68848,-0.0004536176003628,ARPA-USDT,0.0436400670412969,0.0437535679135762,7.878e-05
2023-09-12 01:00:00,0.04406,0.04423,0.04373,0.0439,8300814,364700.68238,3072,4183333,183857.29743,-0.0002277385561374,ARPA-USDT,0.0440645769919427,0.0440159710568244,
2023-09-12 02:00:00,0.0439,0.04448,0.04387,0.04444,8943812,395336.5339,2958,5715716,252776.98714,-0.0008992805755395,ARPA-USDT,0.0438933367717397,0.0439183855061934,
2023-09-12 03:00:00,0.04443,0.04565,0.04429,0.04556,41296435,1863819.85082,12355,20170193,910980.26286,-0.0004387889425185,ARPA-USDT,0.0444227603547096,0.0444509320526745,
2023-09-12 04:00:00,0.04556,0.04586,0.0447,0.04476,24491846,1107233.87683,7300,10761154,486781.55533,0.0,ARPA-USDT,0.045668060906598,0.0457061645633412,
2023-09-12 05:00:00,0.04475,0.0448,0.04448,0.04459,9167762,408749.47737,3468,4290754,191342.73544,-0.000672344240251,ARPA-USDT,0.044701544400315,0.0446029022515245,
2023-09-12 06:00:00,0.04459,0.04482,0.04448,0.04454,9052512,404186.31196,3053,4639757,207184.64895,-0.0008972633467922,ARPA-USDT,0.0446796571170646,0.0447452798566666,
2023-09-12 07:00:00,0.04454,0.04467,0.04425,0.04452,8455315,375822.95831,3212,4059296,180570.42137,0.0,ARPA-USDT,0.0445631968754051,0.0446060495071254,
2023-09-12 08:00:00,0.04451,0.04466,0.04434,0.04436,9446789,420321.29619,2818,3967521,176577.02015,-0.0011258725512272,ARPA-USDT,0.0445134603995749,0.0444291694242948,0.0001
2023-09-12 09:00:00,0.04437,0.04474,0.04429,0.04473,8572599,381839.09312,2784,4906613,218573.2746,-0.0004469273743016,ARPA-USDT,0.0444017038708246,0.0444480749384477,
2023-09-12 10:00:00,0.04473,0.04579,0.0447,0.0452,27327997,1238159.21192,8698,13264588,600744.20728,-0.0004422821760284,ARPA-USDT,0.0447225747557485,0.044732024264251,
2023-09-12 11:00:00,0.04521,0.04524,0.0442,0.04442,25242069,1127911.89837,4984,7612464,340589.64618,-0.0002250731487732,ARPA-USDT,0.0452125712839663,0.0451041242609917,
2023-09-12 12:00:00,0.04442,0.04454,0.044,0.04405,16551456,733399.98253,4661,8561901,379509.28653,0.0,ARPA-USDT,0.0444585003126595,0.044445568502299,
2023-09-12 13:00:00,0.04405,0.04453,0.04374,0.04448,21726635,957700.91109,5725,13355986,588909.10658,-0.0008984725965858,ARPA-USDT,0.0439746738098672,0.0439411813021903,
2023-09-12 14:00:00,0.04449,0.04463,0.04389,0.04396,16047757,709241.66727,4681,7053333,311668.50346,-0.0004547521600727,ARPA-USDT,0.0445157588631327,0.0445254104708019,
2023-09-12 15:00:00,0.04396,0.04414,0.0437,0.04384,10436952,458134.76502,3250,5602739,246082.62443,-0.0018214936247723,ARPA-USDT,0.0439614523227825,0.044020860203552,
2023-09-12 16:00:00,0.04384,0.04452,0.04383,0.04404,16467768,728089.7441,6120,8597724,380125.10388,0.0006816632583503,ARPA-USDT,0.0438765045502295,0.043945113235386,5.212e-05
2023-09-12 17:00:00,0.04404,0.04406,0.0435,0.0437,11273088,493661.47277,4272,5393002,236189.76599,-0.0018273184102328,ARPA-USDT,0.0439996749479651,0.0440071369652688,
2023-09-12 18:00:00,0.0437,0.04398,0.04368,0.04396,5010570,219709.37381,2649,2975910,130508.22145,-0.0004547521600727,ARPA-USDT,0.0437011642371581,0.0437454686888224,
2023-09-12 19:00:00,0.04396,0.04431,0.04385,0.04388,8025748,353278.74257,3014,3152906,138907.29527,-0.0004555808656035,ARPA-USDT,0.043957165944214,0.0439622692571898,
2023-09-12 20:00:00,0.04387,0.04399,0.04371,0.04371,5397486,236893.00908,2079,2289167,100488.98707,-0.0009142857142856,ARPA-USDT,0.0438729723369275,0.0439100211070787,
2023-09-12 21:00:00,0.04371,0.04402,0.04365,0.04368,4302034,188581.23215,1942,1874358,82158.53158000001,-0.0006863417982155,ARPA-USDT,0.0436775064638744,0.0437361692003315,
2023-09-12 22:00:00,0.04368,0.04369,0.04343,0.04357,7357232,320677.9784,2267,3418586,149023.53329,-0.0006880733944955,ARPA-USDT,0.0436692758210139,0.0436287469541108,
2023-09-12 23:00:00,0.04356,0.04363,0.04338,0.04345,6912193,300754.23836,2221,2885344,125563.80948,0.0004605111673958,ARPA-USDT,0.0435456112583035,0.0435213018503409,
2023-09-13 00:00:00,0.04344,0.04388,0.04328,0.04379,7522779,327887.32338,2523,4050265,176481.13528000002,-0.000228310502283,ARPA-USDT,0.0434275409646112,0.0433875677910289,0.0001
2023-09-13 01:00:00,0.04378,0.04385,0.04355,0.04366,9329050,407547.15061,2338,4797940,209619.59857,0.0004582951420715,ARPA-USDT,0.0437805025323255,0.0437128319300317,
2023-09-13 02:00:00,0.04365,0.04365,0.0434,0.0435,5023578,218671.66875,2091,2416296,105183.1428,-0.0009186954524575,ARPA-USDT,0.0436299577701656,0.0436030705298454,
2023-09-13 03:00:00,0.0435,0.04354,0.04289,0.04306,12033202,519644.00439,3657,5363902,231628.67613,-0.0006962172197726,ARPA-USDT,0.0435170393672561,0.0434557282340969,
2023-09-13 04:00:00,0.04305,0.04346,0.04287,0.0433,11138403,481007.95178,3347,4941785,213323.43364,-0.0006923609508424,ARPA-USDT,0.043059038681328,0.0430765814732437,
2023-09-13 05:00:00,0.04329,0.04344,0.04273,0.04299,8837889,380230.60243,3389,3969352,170804.08575,-0.0002325581395348,ARPA-USDT,0.0433352766911996,0.0433671762281436,
2023-09-13 06:00:00,0.04298,0.04341,0.04274,0.0434,7680620,330959.61059,2854,3595220,154993.86822,0.0,ARPA-USDT,0.0429462621745556,0.0428921100506146,
2023-09-13 07:00:00,0.0434,0.04425,0.04319,0.0434,37119283,1620176.47358,10610,17459259,761870.81444,0.0,ARPA-USDT,0.0433948431036164,0.0434135303452425,
2023-09-13 08:00:00,0.0434,0.04415,0.04329,0.04401,14827824,649899.42179,4728,7244764,317513.39683,0.0,ARPA-USDT,0.0433568801912591,0.0433978091956502,9.145e-05
2023-09-13 09:00:00,0.04401,0.04421,0.04394,0.04405,9315056,410528.3315,3502,4102171,180818.86739,-0.0011337868480726,ARPA-USDT,0.0439985280686695,0.0440322820733486,
2023-09-13 10:00:00,0.04405,0.04413,0.04382,0.04399,10654495,468015.47675,3509,4732727,207925.51644,-0.0002272727272726,ARPA-USDT,0.0440877615948469,0.0439581738651082,
2023-09-13 11:00:00,0.04399,0.0442,0.04399,0.04412,8194823,361462.63332,2627,4039681,178187.60966,-0.0002266032177657,ARPA-USDT,0.0440109813150358,0.044030068933404,
2023-09-13 12:00:00,0.04411,0.04418,0.04369,0.04413,13886183,610453.60673,4768,6768305,297637.8296,-0.0006793478260868,ARPA-USDT,0.0441008419873056,0.0440899956325842,
2023-09-13 13:00:00,0.04414,0.04451,0.044,0.04435,13477506,596182.78382,4357,6925812,306462.03768,-0.0002254283137961,ARPA-USDT,0.0441277239608794,0.044157883349399,
2023-09-13 14:00:00,0.04435,0.04518,0.0442,0.04505,30347797,1359505.41661,7612,19369686,868098.848,0.0002220248667852,ARPA-USDT,0.044343291799152,0.0442885766193989,
2023-09-13 15:00:00,0.04505,0.04531,0.04484,0.04491,15949000,718315.93789,5057,7691792,346558.19131,-0.0002226179875334,ARPA-USDT,0.0450263521768619,0.0450188755069027,
2023-09-13 16:00:00,0.0449,0.04508,0.04468,0.04476,11183322,501858.30018,3824,5301015,237914.56261,0.0,ARPA-USDT,0.044921241877319,0.044805399642715,7.979e-05
2023-09-13 17:00:00,0.04476,0.04487,0.04432,0.04442,13185196,588156.04223,4890,6983846,311483.17201,-0.0002250731487732,ARPA-USDT,0.0447683540153489,0.0447294033248085,
2023-09-13 18:00:00,0.04442,0.04463,0.04427,0.04436,5885513,261657.20933,2491,3041325,135228.24273,-0.0002253775073248,ARPA-USDT,0.0444258284430744,0.0444694617571057,
2023-09-13 19:00:00,0.04435,0.04472,0.0443,0.04453,7774690,346130.02343,2623,4299521,191377.90627,0.0,ARPA-USDT,0.0443424545751156,0.0443448676226721,
2023-09-13 20:00:00,0.04454,0.0447,0.04451,0.04464,4925169,219690.95489,1861,2545896,113557.35097,-0.0006715916722632,ARPA-USDT,0.0446063351079806,0.0446096923867552,
2023-09-13 21:00:00,0.04465,0.04468,0.04446,0.04453,3704062,165123.53328,1490,1478375,65928.345,0.0,ARPA-USDT,0.0446506053212071,0.0446109550523046,
2023-09-13 22:00:00,0.04453,0.04471,0.04442,0.04447,4360530,194381.97467,1895,2431457,108402.81041,0.0002249212775529,ARPA-USDT,0.0445889807023996,0.0445664793646736,
2023-09-13 23:00:00,0.04447,0.04452,0.04424,0.04427,6525685,289767.06247,2254,2617744,116241.73468,-0.0013534852244531,ARPA-USDT,0.0444785609649839,0.0444561271390064,
2023-09-14 00:00:00,0.04428,0.04495,0.04428,0.04495,13626147,607069.59554,4488,6986998,311297.08469,-0.0004447409384035,ARPA-USDT,0.0443812015080479,0.0443680392702694,0.0001
2023-09-14 01:00:00,0.04494,0.04502,0.04438,0.0444,10662717,476717.78988,3906,5049974,225798.60761,-0.0006752194463199,ARPA-USDT,0.0449512520703534,0.0449235656739392,
2023-09-14 02:00:00,0.04439,0.04448,0.04428,0.04438,4878455,216444.65797,2004,2573093,114150.78002,-0.0004504504504504,ARPA-USDT,0.0443575249614701,0.044352277279902,
2023-09-14 03:00:00,0.04437,0.04449,0.04404,0.04412,4776358,211123.39264,2086,2268157,100248.34877,0.0,ARPA-USDT,0.0443995976144633,0.0444054916648369,
2023-09-14 04:00:00,0.04412,0.04416,0.04376,0.04379,7921321,348011.55381,2823,4044533,177616.84387,-0.0004565167769915,ARPA-USDT,0.044108077326693,0.0440608293462011,
2023-09-14 05:00:00,0.04378,0.0439,0.04366,0.04373,7420129,324718.38312,2441,4143089,181308.41962,-0.0002286236854138,ARPA-USDT,0.0437726126195618,0.0438100367606045,
2023-09-14 06:00:00,0.04373,0.04409,0.04372,0.04398,5477042,240632.2433,2338,2966378,130286.60358,-0.0004545454545454,ARPA-USDT,0.0437594246757185,0.0437983955048918,
2023-09-14 07:00:00,0.04399,0.04423,0.04393,0.04414,7484781,330191.44965,2169,4720294,208259.39914,-0.0002265005662515,ARPA-USDT,0.0440243213182286,0.0439961531916161,
2023-09-14 08:00:00,0.04414,0.04423,0.04375,0.04382,7042679,309426.72225,2407,2773570,121879.57093,-0.000456204379562,ARPA-USDT,0.044142514890443,0.0441703444117081,0.0001
2023-09-14 09:00:00,0.04381,0.04412,0.04373,0.04404,13697267,602386.66218,3165,7336375,322707.10194,-0.0006807351940094,ARPA-USDT,0.0438172068279034,0.0437908589607433,
2023-09-14 10:00:00,0.04404,0.04416,0.04384,0.04391,9982808,439149.89597,2418,4140022,182091.11155,-0.0011373976342129,ARPA-USDT,0.0440004169598421,0.0439924821749541,
2023-09-14 11:00:00,0.04392,0.04446,0.04389,0.04441,11527408,509279.37603,3451,6492742,286794.69809,-0.0004501462975466,ARPA-USDT,0.0439186747942544,0.0439759054419185,
2023-09-14 12:00:00,0.04441,0.04455,0.04408,0.04454,13525179,599711.82326,4247,7643093,338833.05923,-0.0004488330341112,ARPA-USDT,0.0443930373227321,0.0444323961334414,
2023-09-14 13:00:00,0.04455,0.04524,0.04451,0.04501,24893622,1118031.85926,7883,13883474,623548.40515,-0.0002221235006663,ARPA-USDT,0.0445369730581778,0.0445647162552344,
2023-09-14 14:00:00,0.04501,0.04527,0.04483,0.0452,13934496,628018.0636999999,4320,7323325,330025.85779,-0.0004422821760284,ARPA-USDT,0.0449701187112356,0.0449680662385767,
2023-09-14 15:00:00,0.04521,0.0454,0.04477,0.04487,8964119,403754.41645,3148,4441141,199989.94937,-0.0008906702293475,ARPA-USDT,0.0453036433651496,0.0452347948322597,
2023-09-14 16:00:00,0.04489,0.04517,0.04485,0.04498,8577043,385783.84957,3257,4974480,223757.79261,-0.0008884940026654,ARPA-USDT,0.0449134082372304,0.0450266051773013,0.0001
2023-09-14 17:00:00,0.04498,0.04507,0.04483,0.04492,7088024,318590.90379,2775,3303403,148505.03299,-0.0011118523460085,ARPA-USDT,0.044990496809758,0.0449796891490959,
2023-09-14 18:00:00,0.04493,0.04535,0.04485,0.04487,8742928,394028.48785,3271,5019793,226240.57255,-0.0006681514476615,ARPA-USDT,0.0450196373929625,0.0450253677540022,
2023-09-14 19:00:00,0.04488,0.04512,0.04479,0.0451,4588898,206163.71103,1886,2679935,120428.80814,0.0,ARPA-USDT,0.0448728054754151,0.0448593378045808,
2023-09-14 20:00:00,0.04512,0.04513,0.04479,0.04485,4406452,197944.95194,1857,2315685,104023.28491,-0.000222915737851,ARPA-USDT,0.0450947945933523,0.0450909908766101,
2023-09-14 21:00:00,0.04484,0.04499,0.04479,0.04498,4066063,182592.11721,1700,2048382,91988.7725,0.0004448398576513,ARPA-USDT,0.0448781397152903,0.0449272738260088,
2023-09-14 22:00:00,0.04498,0.04538,0.04498,0.04528,6140705,277618.46289,2355,3454069,156184.04396,-0.0002207992934422,ARPA-USDT,0.0450312677993672,0.0450362866653281,
2023-09-14 23:00:00,0.0453,0.04533,0.04492,0.04512,6391418,288151.15202,2199,3713600,167399.5531,0.0011093854004882,ARPA-USDT,0.0453102780423622,0.0452451927378645,
2023-09-15 00:00:00,0.04512,0.04524,0.04474,0.04492,8977678,404028.28539,3330,4324036,194634.616,0.0002226675573369,ARPA-USDT,0.0451736187094639,0.0450532431484099,0.0001
2023-09-15 01:00:00,0.04492,0.04529,0.0446,0.04515,8080744,363680.48181,3383,3939848,177330.04088,-0.0004427717511622,ARPA-USDT,0.0449633721224946,0.0449390387196361,
2023-09-15 02:00:00,0.04516,0.04572,0.04516,0.04566,8758316,398786.32681,3299,4922957,224160.18055,-0.0002189621195534,ARPA-USDT,0.0452645180862349,0.045388471652858,
2023-09-15 03:00:00,0.04567,0.04574,0.04541,0.04568,4852135,221409.408,2330,2519445,114966.64542,-0.0004376367614878,ARPA-USDT,0.0457003076605137,0.045578305960999,
2023-09-15 04:00:00,0.04567,0.0458,0.04534,0.04549,7604806,346523.38838,2650,3671255,167338.49301,-0.0004394638540979,ARPA-USDT,0.0456540695981991,0.0456973460649458,
2023-09-15 05:00:00,0.0455,0.04566,0.04525,0.04527,5130537,233302.82995,1959,2448955,111377.47678,-0.0004415985868845,ARPA-USDT,0.0455203766186694,0.0455019933833421,
2023-09-15 06:00:00,0.04528,0.04548,0.0446,0.04461,18424954,828807.31892,4731,6819365,306616.70874000003,-0.0011195700850873,ARPA-USDT,0.0452824363536004,0.0453070931129312,
2023-09-15 07:00:00,0.0446,0.04471,0.04451,0.04456,6351447,283337.32898,2393,3266455,145719.31382,-0.0006727965911638,ARPA-USDT,0.0446101580938786,0.0446602114222559,
2023-09-15 08:00:00,0.04455,0.04478,0.04443,0.04474,6693485,298910.30264,3059,3496176,156142.11084,-0.0006700915791824,ARPA-USDT,0.0445513403261075,0.0445117126329141,9.495e-05
2023-09-15 09:00:00,0.04474,0.04478,0.04436,0.0444,11573050,515383.03101,3545,5195181,231322.65631,-0.0004502476361999,ARPA-USDT,0.0446684718417997,0.0445694610009772,
2023-09-15 10:00:00,0.0444,0.04484,0.04393,0.04415,41615780,1845880.70946,6645,18787788,834094.02234,-0.000452796015395,ARPA-USDT,0.0443751008136784,0.0443254233628849,
2023-09-15 11:00:00,0.04415,0.04416,0.04361,0.04376,37865121,1660637.92313,6431,15094772,661989.81171,-0.0006850879196164,ARPA-USDT,0.0441322919934484,0.0441238758426573,
2023-09-15 12:00:00,0.04377,0.04408,0.04376,0.04396,11649130,512420.39005,3602,5905459,259772.84471,-0.0006819731757218,ARPA-USDT,0.0437885028009234,0.0438974654205092,
2023-09-15 13:00:00,0.04396,0.04424,0.04394,0.04404,8358609,368764.50958,2754,4149399,183066.20259,-0.0011340440009071,ARPA-USDT,0.0439963435764121,0.0440708671481382,
2023-09-15 14:00:00,0.04405,0.04414,0.0437,0.04392,9476032,416572.19432,3205,4553628,200173.49703,-0.0011371389583807,ARPA-USDT,0.0440602379158747,0.0440588758800278,
2023-09-15 15:00:00,0.04392,0.04425,0.04388,0.0441,7817152,344607.93777,2878,3813645,168115.45624,-0.0004533091568449,ARPA-USDT,0.0439192711820278,0.043962764186785,
2023-09-15 16:00:00,0.04411,0.04436,0.04411,0.04433,6425123,284141.23258,2276,3147965,139204.56611,-0.0004509582863584,ARPA-USDT,0.0441529789434427,0.0442136269649241,0.0001
2023-09-15 17:00:00,0.04434,0.04449,0.04424,0.04432,6067834,269272.62541,2475,2759036,122453.40157,-0.0011268875366238,ARPA-USDT,0.0443485659774698,0.0443389092444937,
2023-09-15 18:00:00,0.04434,0.04446,0.04425,0.04438,6486668,287781.41168,2209,3016243,133811.34065,-0.0004504504504504,ARPA-USDT,0.0443846031552238,0.0443813148881422,
2023-09-15 19:00:00,0.04438,0.04466,0.04432,0.04463,7169657,319293.68768,3014,3671131,163485.89639,-0.0008954555630176,ARPA-USDT,0.0443927597015339,0.0443805377382354,
2023-09-15 20:00:00,0.04464,0.0449,0.04458,0.04489,6534269,292212.42396,2903,2903743,129882.5662,0.0,ARPA-USDT,0.0446706602308234,0.0446467227089644,
2023-09-15 21:00:00,0.04489,0.0453,0.04482,0.04491,9131401,411009.58714,3775,4353700,195944.87566,0.0004455335263977,ARPA-USDT,0.0449021293965877,0.0449478662642311,
2023-09-15 22:00:00,0.04491,0.04549,0.04489,0.04549,8478890,383965.57896,4055,4240503,192034.22391,0.0,ARPA-USDT,0.0449527983110538,0.0449268203697598,
2023-09-15 23:00:00,0.04548,0.04565,0.0452,0.04544,10945961,497557.33101,4272,5083826,231155.22014,-0.0002200220022001,ARPA-USDT,0.0454996787640018,0.0455444553834321,
2023-09-16 00:00:00,0.04544,0.04555,0.04522,0.04545,12301112,558380.61839,4025,6166850,279992.2117,-0.0002199736031677,ARPA-USDT,0.0455072665134543,0.045448076505973,0.0001
2023-09-16 01:00:00,0.04546,0.04568,0.04524,0.04565,7456231,338903.90298,2963,4199536,190925.03659,-0.0002190100744633,ARPA-USDT,0.0454596048523926,0.0454402475531819,
2023-09-16 02:00:00,0.04566,0.04627,0.04566,0.04598,14303283,658217.19969,4655,7486241,344421.11672,-0.0008691873098652,ARPA-USDT,0.0456933013792384,0.0457223320947403,
2023-09-16 03:00:00,0.04599,0.04619,0.04529,0.04546,16322414,746974.66993,4873,7213383,330184.18355,-0.0004397537379067,ARPA-USDT,0.0460001252366973,0.0460852663884981,
2023-09-16 04:00:00,0.04546,0.04556,0.04515,0.04542,11427806,518974.10338,4661,5994484,272292.70734,-0.0002201188641866,ARPA-USDT,0.0454872983984593,0.0453576063398329,
2023-09-16 05:00:00,0.04543,0.04551,0.04511,0.04514,8473778,384126.50456,3448,4031908,182841.24561,0.0,ARPA-USDT,0.0454717331252028,0.0454821867543943,
2023-09-16 06:00:00,0.04513,0.04531,0.04471,0.04486,11617378,522713.58771,4304,5109975,229915.06361,-0.0004456327985741,ARPA-USDT,0.045150177255051,0.0452015906714322,
2023-09-16 07:00:00,0.04486,0.04501,0.04481,0.04493,5754463,258444.50844,2513,3274468,147064.20448,-0.0006672597864769,ARPA-USDT,0.0448684805642794,0.0449234470504745,
2023-09-16 08:00:00,0.04493,0.04511,0.04469,0.0449,10725434,481964.62162,3590,5356556,240685.46986,-0.0006677053193856,ARPA-USDT,0.0449382315441986,0.0449096387966219,0.0001
2023-09-16 09:00:00,0.04491,0.04506,0.04482,0.04484,6494257,291830.27673,2640,3458911,155442.87406,-0.0006685981724984,ARPA-USDT,0.0448975029712458,0.0449515079647554,
2023-09-16 10:00:00,0.04483,0.045,0.04478,0.04496,6343879,284811.90975,2806,2836486,127347.11925,-0.000666814847744,ARPA-USDT,0.0448450670627255,0.0448384991311329,
2023-09-16 11:00:00,0.04496,0.04507,0.04485,0.045,6032283,271184.52939,1990,2701814,121515.81649,-0.0004442470013327,ARPA-USDT,0.0449611616785557,0.0449296797923718,
2023-09-16 12:00:00,0.045,0.04505,0.04477,0.04481,6205267,278553.61403,2450,2467849,110775.10761,-0.0002231146809459,ARPA-USDT,0.0450205990239716,0.0449873939703421,
2023-09-16 13:00:00,0.04481,0.04491,0.04441,0.04453,11036159,492322.20076,3350,5241328,233743.06417,0.0002246181491465,ARPA-USDT,0.0447910228003562,0.0448191495393276,
2023-09-16 14:00:00,0.04453,0.04465,0.04407,0.04417,10726967,475538.58684,3637,4256367,188752.13273,0.0,ARPA-USDT,0.0445335203924652,0.0445952027801642,
2023-09-16 15:00:00,0.04416,0.04453,0.04406,0.04444,7702285,341196.62629,2563,4176557,185062.4662,-0.0006746120980436,ARPA-USDT,0.0441191060644363,0.0441960418602175,
2023-09-16 16:00:00,0.04444,0.04465,0.04433,0.04455,5900295,262745.34682,2176,3137318,139736.67965,-0.0011210762331839,ARPA-USDT,0.0444311356406856,0.044414745433675,9.649e-05
2023-09-16 17:00:00,0.04455,0.04477,0.04448,0.0446,4622679,206365.06726,2050,2246131,100285.14313,-0.0004482294935006,ARPA-USDT,0.0445635989236923,0.0445884368219007,
2023-09-16 18:00:00,0.0446,0.04469,0.04447,0.04455,4092086,182426.42317,1881,1699947,75775.28078,-0.0013449899125755,ARPA-USDT,0.0445972839905224,0.0446306991316396,
2023-09-16 19:00:00,0.04454,0.04464,0.04419,0.04434,6966845,309069.15617,2396,3324622,147468.94707,-0.0009013068949978,ARPA-USDT,0.0445415214174876,0.0445703573278803,
2023-09-16 20:00:00,0.04434,0.04449,0.04427,0.04439,4280037,189994.567,1788,2191987,97305.00524,-0.0004503490204909,ARPA-USDT,0.0443177355427978,0.044349712965438,
2023-09-16 21:00:00,0.0444,0.0447,0.04437,0.04468,4386588,195167.4901,1703,2534439,112783.02394,-0.0004474272930649,ARPA-USDT,0.0443839871345368,0.0444252834149996,
2023-09-16 22:00:00,0.04468,0.04469,0.04451,0.04456,4045398,180381.91396,1862,1930374,86065.3024,-0.0002243661655821,ARPA-USDT,0.0446590239321835,0.0446333394887929,
2023-09-16 23:00:00,0.04457,0.04479,0.04444,0.04472,5161830,230301.40332,2248,2424516,108214.77966,0.0002236636099306,ARPA-USDT,0.0445878103381549,0.0445639364596188,
2023-09-17 00:00:00,0.04472,0.04473,0.04385,0.04401,32448158,1434537.75817,9084,14169168,626333.03679,-0.001361470388019,ARPA-USDT,0.0446758310349905,0.044566348645383,0.0001
2023-09-17 01:00:00,0.04402,0.04403,0.04333,0.04367,27887056,1217001.59325,9167,12192458,532108.06759,-0.0004577706569008,ARPA-USDT,0.0439454906066365,0.0437302752730304,
2023-09-17 02:00:00,0.04368,0.04395,0.04358,0.04389,10598412,463367.64423,3720,5516319,241160.1177,-0.0004554771122751,ARPA-USDT,0.0436511356278907,0.0436781021485735,
2023-09-17 03:00:00,0.04388,0.04429,0.04379,0.04415,8052852,355117.18231,3557,4003790,176547.09305,-0.000452796015395,ARPA-USDT,0.0438998552891682,0.0438555814424823,
2023-09-17 04:00:00,0.04414,0.04428,0.04394,0.04413,5350965,235799.24846,2440,2613626,115192.11833,-0.0004530011325027,ARPA-USDT,0.0441659358122574,0.0441586393191324,
2023-09-17 05:00:00,0.04414,0.04419,0.04389,0.04404,4602129,202685.99061,2226,2123924,93566.16552,-0.0011340440009071,ARPA-USDT,0.0441731233391767,0.044097322422934,
2023-09-17 06:00:00,0.04405,0.04432,0.04402,0.0443,7417435,327729.69914,2657,3159350,139582.0612,-0.0004512635379061,ARPA-USDT,0.0440662523936672,0.044106593612696,
2023-09-17 07:00:00,0.0443,0.04436,0.04377,0.04386,6917994,305008.34126,2974,2513012,110767.88846,-0.0004557885141294,ARPA-USDT,0.0442972511494967,0.044251117266975,
2023-09-17 08:00:00,0.04387,0.04403,0.0436,0.04396,8559257,375018.12462,3217,4355788,190921.53923,-0.0002274277916761,ARPA-USDT,0.0437662205471607,0.0437829603808661,0.0001
2023-09-17 09:00:00,0.04396,0.0441,0.0439,0.0441,4746444,208782.36015,2147,2239340,98511.24676,0.0,ARPA-USDT,0.0439521894789986,0.0439542685042224,
2023-09-17 10:00:00,0.04409,0.04417,0.04395,0.04415,4893218,215521.07761,2358,3111165,137043.32166,-0.000452796015395,ARPA-USDT,0.0440683448969165,0.0440156527698814,
2023-09-17 11:00:00,0.04417,0.04419,0.04394,0.04408,5837474,257249.86359,1978,2540920,112028.58508,-0.0006801178871004,ARPA-USDT,0.0441654413491301,0.0441444722413142,
2023-09-17 12:00:00,0.04409,0.04412,0.04399,0.04407,5097946,224567.72541,1854,2739746,120678.92726,-0.0006802721088435,ARPA-USDT,0.0440240120978557,0.0440466697727806,
2023-09-17 13:00:00,0.04407,0.04409,0.04378,0.04388,3828359,168188.26524,1736,1837654,80721.50493,0.0,ARPA-USDT,0.044052120011698,0.0440393477398619,
2023-09-17 14:00:00,0.04387,0.04407,0.04378,0.04397,4228953,185872.11287,1793,2223662,97724.12702,-0.0006818181818181,ARPA-USDT,0.0438355621927695,0.0438254061749031,
2023-09-17 15:00:00,0.04398,0.04405,0.04375,0.04384,7502228,329293.26707,2072,3613786,158625.79333,-0.0004559963520293,ARPA-USDT,0.0439843565631843,0.0439959353272041,
2023-09-17 16:00:00,0.04382,0.04382,0.04304,0.0432,21204926,919269.78333,5527,9358622,405808.53077,-0.0011560693641616,ARPA-USDT,0.0437516164544272,0.0437656441039236,0.0001
2023-09-17 17:00:00,0.04321,0.0433,0.04298,0.04301,10908816,470550.40781,3463,6017089,259609.15706,-0.0011611704598235,ARPA-USDT,0.0431838760801479,0.0431562111621334,
2023-09-17 18:00:00,0.043,0.04337,0.04286,0.04329,8257733,355830.44407,2506,4087696,176146.40289,-0.0006925207756232,ARPA-USDT,0.0429451233983156,0.0429674094988479,
2023-09-17 19:00:00,0.04331,0.04338,0.04323,0.04328,3935741,170446.81942,1520,1758061,76140.46554,-0.0009233610341643,ARPA-USDT,0.0433012600063261,0.0433409533157741,
2023-09-17 20:00:00,0.04329,0.04333,0.04167,0.04181,53530206,2264577.30749,10309,20804068,880270.80905,-0.0009557945041815,ARPA-USDT,0.0432864401875758,0.0432503288363384,
2023-09-17 21:00:00,0.04179,0.04228,0.04174,0.04221,10755285,452323.03009,3770,5785985,243341.95011,-0.0002368545712932,ARPA-USDT,0.0417909508602478,0.0418475950616994,
2023-09-17 22:00:00,0.04221,0.04235,0.04204,0.04215,7904832,333326.48702,2841,3971819,167482.52907,-0.0009480919649205,ARPA-USDT,0.0421441543201497,0.0421332740200977,
2023-09-17 23:00:00,0.04216,0.04236,0.04203,0.04227,13948074,588932.66875,3440,6052797,255571.53,-0.0004729250413809,ARPA-USDT,0.0421212277863161,0.0420805562936432,
2023-09-18 00:00:00,0.04228,0.04238,0.04159,0.04162,17495981,733551.73549,5380,7415562,310964.37254,-0.00096015362458,ARPA-USDT,0.0422719299571898,0.0422518635569471,0.0001
2023-09-18 01:00:00,0.04162,0.04191,0.04159,0.0419,7274582,303920.0842,3238,4184002,174837.60658,-0.0007154781779156,ARPA-USDT,0.0416238283672153,0.041683063264632,
2023-09-18 02:00:00,0.04189,0.04287,0.04184,0.04253,15329207,650397.17028,4309,7216691,306012.6988,-0.0009396288466055,ARPA-USDT,0.0418843353387176,0.0419057992897279,
2023-09-18 03:00:00,0.04253,0.04273,0.04233,0.04264,5505087,234147.91716,2426,2663255,113290.45992,0.0002345765892564,ARPA-USDT,0.0425428320750867,0.0424880570584201,
2023-09-18 04:00:00,0.04264,0.04291,0.04255,0.04291,8101081,345903.7905,3027,4390460,187436.2687,0.0,ARPA-USDT,0.0427115010014888,0.0427009713938634,
2023-09-18 05:00:00,0.04291,0.04315,0.04283,0.04298,6329629,271935.90510000003,2790,3020393,129787.16123,-0.0004651162790697,ARPA-USDT,0.0429210422326133,0.0429344145882989,
2023-09-18 06:00:00,0.04298,0.04308,0.04266,0.04268,5191654,222761.45936,2307,2286024,98060.73902,-0.0007024116132052,ARPA-USDT,0.0430485524052791,0.0430046176589778,
2023-09-18 07:00:00,0.04268,0.04282,0.04209,0.04215,18536493,786156.67643,4367,7430397,314934.3543,-0.0007112375533429,ARPA-USDT,0.0426986150121385,0.0426983881073204,
2023-09-18 08:00:00,0.04215,0.0426,0.04214,0.0426,9987758,423141.88149,2821,6314460,267482.7958,-0.0002346866932645,ARPA-USDT,0.0421723597722607,0.0421862943083702,0.0001
2023-09-18 09:00:00,0.0426,0.04306,0.04257,0.04304,11074139,474614.84405,3176,5790943,248214.36325,-0.000232288037166,ARPA-USDT,0.0426254625307316,0.0426197106290411,
2023-09-18 10:00:00,0.04304,0.04337,0.04287,0.04324,18344138,792072.88608,4626,8826001,381199.56477,-0.0004623208506703,ARPA-USDT,0.0430725030059652,0.0429945995727534,
2023-09-18 11:00:00,0.04325,0.04337,0.0427,0.04273,22001860,945309.35777,5139,11251597,483342.49243,-0.00046783625731,ARPA-USDT,0.0432853390806741,0.0433044532021927,
2023-09-18 12:00:00,0.04273,0.04304,0.04269,0.04288,19215225,823974.07594,4984,10695816,458689.83098,0.0,ARPA-USDT,0.0427389096183425,0.0428997872148866,
2023-09-18 13:00:00,0.04288,0.04312,0.04273,0.04301,15661354,672381.00732,4192,8676144,372574.79886,-0.0009291521486642,ARPA-USDT,0.0428988477905166,0.0428900137332203,
2023-09-18 14:00:00,0.043,0.04318,0.04285,0.04303,8131129,349965.95078,3029,4473104,192570.99029,-0.0006967022758941,ARPA-USDT,0.0430303254173924,0.0430822769249173,
2023-09-18 15:00:00,0.04302,0.04309,0.04288,0.04296,5808447,249666.46781,2318,2849084,122509.07731,0.0002328288707797,ARPA-USDT,0.0430095924092513,0.0430199860247133,
2023-09-18 16:00:00,0.04296,0.04323,0.0428,0.04311,11748340,505189.50396,3513,6874528,295641.69496,-0.0006954102920722,ARPA-USDT,0.0429788440294007,0.0429547579995083,7.925e-05
2023-09-18 17:00:00,0.04311,0.0432,0.04231,0.04259,19942118,850504.83617,5609,9133439,389600.93542,-0.0004693733865289,ARPA-USDT,0.0431354782978635,0.0431570604908872,
2023-09-18 18:00:00,0.04259,0.04283,0.04247,0.04254,7610940,324480.15007,2741,4423590,188669.66428,0.0,ARPA-USDT,0.0425924142765487,0.0425722386027177,
2023-09-18 19:00:00,0.04253,0.04285,0.04241,0.04279,10090353,429716.95612,2867,4167855,177572.73643,-0.0014002333722286,ARPA-USDT,0.0424652016354065,0.0425047151083962,
2023-09-18 20:00:00,0.0428,0.04281,0.0425,0.04255,6630466,282900.99262,2755,2387877,101860.94869,-0.0004698144233027,ARPA-USDT,0.0427706061352477,0.0427129785374835,
2023-09-18 21:00:00,0.04255,0.04263,0.0424,0.04249,4605279,195743.25587,1967,2012680,85567.99248,0.0,ARPA-USDT,0.0425392530907394,0.0425228256123533,
2023-09-18 22:00:00,0.04249,0.04262,0.04236,0.04244,4523286,192183.96064,2010,1819573,77314.06108,-0.0004710315591144,ARPA-USDT,0.0425462767424569,0.0425234390848444,
2023-09-18 23:00:00,0.04243,0.04246,0.04211,0.04216,11017928,465756.92753,2492,4066244,171866.36452,0.0002372479240806,ARPA-USDT,0.0424365862525981,0.042425077482626,
2023-09-19 00:00:00,0.04215,0.04226,0.0418,0.04199,12823765,538668.80425,3370,5149216,216291.08,-0.0002380952380952,ARPA-USDT,0.0421284863884088,0.0421953562384547,-6.28e-06
2023-09-19 01:00:00,0.04198,0.04217,0.04184,0.04217,8307149,348981.17590000003,2040,5191098,218089.39712,-0.0002370791844477,ARPA-USDT,0.0419465305451436,0.0418870208417825,
2023-09-19 02:00:00,0.04217,0.04271,0.04214,0.0427,11178390,473901.4453,2745,6560385,278191.7404,0.0,ARPA-USDT,0.0421678060155358,0.0422364491083424,
2023-09-19 03:00:00,0.0427,0.04288,0.0426,0.04288,9248991,395261.90132,2734,5542151,236866.40862,0.0,ARPA-USDT,0.042761838411429,0.0426937999442057,
2023-09-19 04:00:00,0.04288,0.04355,0.04271,0.0433,18174290,783974.30989,4637,10393015,448211.55413,-0.0002308935580698,ARPA-USDT,0.0428426901146499,0.0428021815691583,
2023-09-19 05:00:00,0.04329,0.0435,0.04324,0.04349,10088293,437634.24333,3616,4558036,197754.71359,-0.0002298850574711,ARPA-USDT,0.0433257629391949,0.0432897852717358,
2023-09-19 06:00:00,0.04348,0.0436,0.04317,0.04346,14759427,640156.1789299999,3973,8562854,371429.60445,-0.0004599816007359,ARPA-USDT,0.0434306898807586,0.0433816032517137,
2023-09-19 07:00:00,0.04345,0.04348,0.04282,0.04301,23696291,1019045.60651,5143,11397361,489857.48629,-0.0004647920055774,ARPA-USDT,0.0434618321399456,0.0433458787805498,
2023-09-19 08:00:00,0.04301,0.0434,0.04296,0.04336,8473291,366010.82817,3024,4833829,208824.10012,-0.0004610419548178,ARPA-USDT,0.0430483986276947,0.0430038493453596,0.0001
2023-09-19 09:00:00,0.04337,0.04402,0.04332,0.04393,17254513,754950.41289,5325,8784821,384245.41803,-0.0006824385805278,ARPA-USDT,0.0433427481819284,0.043393568208746,
2023-09-19 10:00:00,0.04395,0.04397,0.04322,0.04353,10023226,436687.92592,3495,4680065,203754.38597,0.0002297794117647,ARPA-USDT,0.0439478537476088,0.0438759892112805,
2023-09-19 11:00:00,0.04352,0.04395,0.04318,0.04386,24634612,1075064.77607,5342,14001448,610662.41066,-0.0004557885141294,ARPA-USDT,0.0435391507619738,0.0434895781899242,
2023-09-19 12:00:00,0.04387,0.04393,0.04361,0.04365,13096041,573303.6921399999,3257,6140237,268891.26466,-0.0004579803068467,ARPA-USDT,0.0438736734655807,0.0438646692291616,
2023-09-19 13:00:00,0.04364,0.0437,0.04328,0.04333,9111305,396583.12913,2974,4115320,179107.88297,-0.0004613610149941,ARPA-USDT,0.0436294967718794,0.0435922834903889,
2023-09-19 14:00:00,0.04331,0.04364,0.04323,0.04357,11164281,484936.60792,2888,6944296,301588.31625,0.0,ARPA-USDT,0.0432816329233273,0.04330513783949,
2023-09-19 15:00:00,0.04356,0.04458,0.04354,0.04458,39667697,1748888.59677,7749,19255537,848731.80516,-0.0002242655303879,ARPA-USDT,0.043579231631433,0.0436567794079857,
2023-09-19 16:00:00,0.04458,0.04492,0.044,0.04409,24551847,1090616.42477,6637,11263409,500925.21146,-0.0009064128710628,ARPA-USDT,0.0445505473137574,0.0446419168800773,0.0001
2023-09-19 17:00:00,0.04408,0.04411,0.04375,0.04378,13249924,581891.7723600001,3245,6889905,302752.65177,-0.0004566210045662,ARPA-USDT,0.0440373595633611,0.0440074552789352,
2023-09-19 18:00:00,0.04378,0.04397,0.04369,0.04373,9489153,416010.87948,2252,3930494,172337.82243,0.0,ARPA-USDT,0.0438433615638379,0.0438441592610086,
2023-09-19 19:00:00,0.04372,0.04384,0.04361,0.04383,4521396,197708.55203,1799,2030541,88837.84395,-0.0009117848187827,ARPA-USDT,0.043707840108401,0.0437384099582489,
2023-09-19 20:00:00,0.04384,0.04386,0.04357,0.04366,4285387,187086.73939,1992,1913860,83563.68605,-0.0006866559853513,ARPA-USDT,0.0437988532220457,0.0437330792157579,
2023-09-19 21:00:00,0.04365,0.04387,0.04349,0.04384,5032374,219612.98489,2019,2336466,102000.59513,0.0002281542322608,ARPA-USDT,0.043624228084322,0.043598336980932,
2023-09-19 22:00:00,0.04385,0.04409,0.04382,0.04404,5117941,224950.71243,2107,2349780,103276.08252,-0.001360544217687,ARPA-USDT,0.0438687026116668,0.0438664252341367,
2023-09-19 23:00:00,0.04404,0.04421,0.04399,0.04404,5864283,258593.58768,2227,2495112,110025.35175,0.0,ARPA-USDT,0.0440415408928643,0.0440437050981466,
2023-09-20 00:00:00,0.04404,0.0444,0.04391,0.04433,17402464,768289.04082,4495,10030717,442783.21721,-0.0006762849413884,ARPA-USDT,0.0440556406617185,0.044108265916151,0.0001
2023-09-20 01:00:00,0.04433,0.04469,0.04425,0.04468,8029863,357063.17905,2711,4453135,198050.10153,-0.0004474272930649,ARPA-USDT,0.044343924846661,0.0444517680855445,
2023-09-20 02:00:00,0.04468,0.04479,0.04387,0.04404,26516207,1171163.2666,4647,12018202,530957.59132,-0.0009074410163338,ARPA-USDT,0.0447378744914218,0.0447060653694162,
2023-09-20 03:00:00,0.04403,0.04421,0.04349,0.04374,25527101,1117997.12484,4802,10623116,464927.97711,-0.0004570383912247,ARPA-USDT,0.0440257358200474,0.044088411621874,
2023-09-20 04:00:00,0.04374,0.04387,0.04358,0.04371,8376992,366570.88972,2442,4787156,209483.34928,-0.0006858710562415,ARPA-USDT,0.0436888206702569,0.0436782255884873,
2023-09-20 05:00:00,0.04371,0.04385,0.04364,0.04371,5602417,245076.90923,2243,2974195,130099.55342,-0.0011425959780622,ARPA-USDT,0.0437268164537798,0.0436915080040178,
2023-09-20 06:00:00,0.04371,0.04383,0.0435,0.04373,8958990,391409.44758,2619,5064130,221250.858,0.0,ARPA-USDT,0.0437167524970219,0.0436647872651955,
2023-09-20 07:00:00,0.04373,0.04375,0.0434,0.04349,16743510,729015.47338,3434,7154459,311450.03427,-0.0002298850574711,ARPA-USDT,0.04372854737516,0.0437208239603441,
2023-09-20 08:00:00,0.0435,0.04374,0.0434,0.04365,7190837,312826.55166,2439,2939217,127909.27539,-0.0002290426019239,ARPA-USDT,0.0434883909154858,0.0434623146656839,0.0001
2023-09-20 09:00:00,0.04365,0.04374,0.04301,0.04327,15691709,680096.66599,3820,7175585,311008.19258,-0.0006928406466512,ARPA-USDT,0.0436330464869751,0.0436603772044105,
2023-09-20 10:00:00,0.04328,0.04329,0.04302,0.04311,10997309,474415.992,2845,6055739,261238.88535,-0.0004637143519591,ARPA-USDT,0.0432535881929189,0.0431970434821965,
2023-09-20 11:00:00,0.04311,0.04375,0.04309,0.04346,17677121,767276.2951999999,3559,9826070,426522.81455,-0.000919540229885,ARPA-USDT,0.0431679399021175,0.0431431079587815,
2023-09-20 12:00:00,0.04345,0.04354,0.04269,0.04284,25196915,1084967.98317,5396,13079908,563320.16018,-0.0009328358208955,ARPA-USDT,0.0434421463490185,0.0434776026845725,
2023-09-20 13:00:00,0.04283,0.04319,0.04261,0.04314,16044526,687410.40321,3802,9008573,385901.59623,-0.0011576753878212,ARPA-USDT,0.0428341097574706,0.0428424354777761,
2023-09-20 14:00:00,0.04315,0.04346,0.04314,0.0432,13774280,596448.45873,3520,5858960,253707.82365,-0.000462748727441,ARPA-USDT,0.0431801068397113,0.0432613268356825,
2023-09-20 15:00:00,0.0432,0.04342,0.04315,0.0434,3527287,152592.47346,1464,1530060,66219.09421,-0.0006907667510938,ARPA-USDT,0.0431952765798143,0.0431947196707439,
2023-09-20 16:00:00,0.0434,0.04342,0.0431,0.04329,5552040,240036.9711,1993,2883607,124677.50136,-0.0004617871161394,ARPA-USDT,0.0434006174575278,0.0433720664232467,0.0001
2023-09-20 17:00:00,0.04329,0.04339,0.0431,0.04322,3434258,148488.5212,1371,1438639,62213.72459,-0.0013863216266173,ARPA-USDT,0.0432962524808239,0.0432591565909501,
2023-09-20 18:00:00,0.04322,0.04378,0.04305,0.04359,11992562,521237.40999,3707,6742773,293120.88744,-0.000687757909216,ARPA-USDT,0.0432060013240285,0.0432123668815428,
2023-09-20 19:00:00,0.04359,0.04364,0.04263,0.04292,16594615,713053.86633,4257,7868904,338093.37229,-0.0006984866123399,ARPA-USDT,0.0435913645379011,0.0435906692303372,
2023-09-20 20:00:00,0.04292,0.04336,0.04291,0.0433,5794387,250018.44228,2078,3500693,150989.61364,-0.0006923609508424,ARPA-USDT,0.0429296516027883,0.0429998988497319,
2023-09-20 21:00:00,0.04331,0.04372,0.04326,0.04353,7961446,346769.62475,2437,2685963,116963.18458,-0.0009180628873077,ARPA-USDT,0.0432829096960451,0.0432826659959261,
2023-09-20 22:00:00,0.04353,0.04359,0.04343,0.04354,4694982,204246.0621,1800,2479847,107882.60968,-0.0006885471654807,ARPA-USDT,0.0435516261396563,0.0435535100042144,
2023-09-20 23:00:00,0.04355,0.04356,0.04333,0.0435,3939964,171168.62818,1608,2010597,87349.21733,-0.0004595588235295,ARPA-USDT,0.0435412740980202,0.0434569495593731,
2023-09-21 00:00:00,0.0435,0.04399,0.0435,0.04385,10559973,462220.13957,3270,4974339,217710.1039,0.0,ARPA-USDT,0.0435228611919297,0.0435256862483082,0.0001
2023-09-21 01:00:00,0.04385,0.04392,0.04356,0.04377,9766604,426916.5742,2985,5104369,223154.84166,0.0,ARPA-USDT,0.0438527960914091,0.0438423693046069,
2023-09-21 02:00:00,0.04378,0.04398,0.04368,0.04382,4237693,185692.12956,1953,2096864,91876.55433,0.0002282583884956,ARPA-USDT,0.0437825555011789,0.0438571200288616,
2023-09-21 03:00:00,0.04382,0.04399,0.04371,0.04389,6266963,274960.59613,2505,2696414,118290.17494,-0.0002277904328018,ARPA-USDT,0.043840979673605,0.0438612538249447,
2023-09-21 04:00:00,0.04389,0.04419,0.0437,0.044,10832596,475829.97541,3099,6787384,298211.50092,0.000227324391907,ARPA-USDT,0.0438782930531835,0.0438578053215598,
2023-09-21 05:00:00,0.04399,0.04399,0.04331,0.04363,15812847,689034.33349,3386,5562056,242273.91239,0.0,ARPA-USDT,0.0439717355950172,0.0439405612348094,
2023-09-21 06:00:00,0.04363,0.04363,0.04306,0.04325,11046649,477666.02796,3009,5164672,223373.13238,0.0002312673450508,ARPA-USDT,0.0436114801838626,0.043547769716578,
2023-09-21 07:00:00,0.04326,0.04328,0.04291,0.04307,13191970,568397.72254,3235,4712733,203069.90561,-0.0006960556844548,ARPA-USDT,0.0432354891091679,0.0432470777397719,
2023-09-21 08:00:00,0.04307,0.04322,0.04293,0.04298,9596634,413262.48131,2940,4425239,190590.37762,-0.0009298000929801,ARPA-USDT,0.0430295736220899,0.0429895201895147,1.061e-05
2023-09-21 09:00:00,0.04298,0.04301,0.04248,0.04269,12906768,551591.50612,3788,5648562,241460.48723,-0.0009361104610343,ARPA-USDT,0.0429807602101193,0.0429869910833236,
2023-09-21 10:00:00,0.04269,0.04282,0.04225,0.04229,15824482,672994.57674,5004,6823073,290162.24159,-0.0007088846880908,ARPA-USDT,0.0426633377593567,0.0427004213158964,
2023-09-21 11:00:00,0.04229,0.04295,0.04226,0.04294,16540818,706577.1033,4355,9646352,412150.75742,-0.0004655493482308,ARPA-USDT,0.0423185163951341,0.0424494205803886,
2023-09-21 12:00:00,0.04293,0.04305,0.04285,0.04294,10847691,465821.02645,3191,4681326,201064.93269,-0.0006981615080289,ARPA-USDT,0.0429334170261757,0.0429572551212476,
2023-09-21 13:00:00,0.04295,0.04314,0.04261,0.04288,14546261,624449.44283,4872,6853250,294271.50543,-0.0002331545814874,ARPA-USDT,0.0429786786548413,0.0430258266822452,
2023-09-21 14:00:00,0.04288,0.04349,0.04285,0.04345,13578249,587488.25001,3616,7770498,336030.80469,0.0,ARPA-USDT,0.0428797242777496,0.0430421695080536,
2023-09-21 15:00:00,0.04346,0.04352,0.04323,0.04329,9282364,402777.8456,2872,4397128,190847.51085,0.0002310536044363,ARPA-USDT,0.0434651175387013,0.0434582245052085,
2023-09-21 16:00:00,0.04329,0.04332,0.04311,0.0432,4962400,214328.28484,1694,1866142,80616.48029,-0.000462748727441,ARPA-USDT,0.0432954084521382,0.0432437357234263,0.0001
2023-09-21 17:00:00,0.0432,0.04337,0.04305,0.04308,4992611,215686.95452,1928,1992995,86139.489,-0.0002320724065909,ARPA-USDT,0.0432081697706759,0.0432340460105567,
2023-09-21 18:00:00,0.04309,0.04327,0.04305,0.04322,5993928,258901.68652,1731,3545953,153193.925,0.0,ARPA-USDT,0.0430904611709573,0.0430851328505867,
2023-09-21 19:00:00,0.04321,0.04326,0.04308,0.04318,4076033,176048.55036,1405,1917983,82853.72065999999,-0.0004629629629629,ARPA-USDT,0.0432165045851205,0.0432197078591721,
2023-09-21 20:00:00,0.04319,0.04322,0.04281,0.04313,8309336,357575.37483,2106,2577548,110844.42281,-0.0002318034306907,ARPA-USDT,0.0431457853969997,0.0431796386732084,
2023-09-21 21:00:00,0.04312,0.0432,0.0429,0.04318,4335968,186561.71575,1615,2483704,106873.25575,-0.0006942837306177,ARPA-USDT,0.0431260017579729,0.0431171393426222,
2023-09-21 22:00:00,0.04319,0.04332,0.04306,0.04331,4022831,173698.0191,1934,2350613,101537.96931,-0.0006922011998152,ARPA-USDT,0.0431908100337946,0.0431467511182336,
2023-09-21 23:00:00,0.04332,0.0434,0.04309,0.04309,3447653,149019.19972,1945,1460115,63089.91438,-0.0004639294827185,ARPA-USDT,0.0433502986860424,0.0433312717224248,
2023-09-22 00:00:00,0.04309,0.04333,0.04268,0.04328,10006011,430707.00374,4186,5212315,224384.06717,0.0,ARPA-USDT,0.0431014790996784,0.0432073867129185,0.0001
2023-09-22 01:00:00,0.04327,0.04338,0.04302,0.04333,4585404,198287.25381,2477,2222049,96088.49301,-0.0006918819188191,ARPA-USDT,0.0432897266568609,0.0432834762312379,
2023-09-22 02:00:00,0.04334,0.04346,0.04318,0.04326,6079013,263356.89177,2085,2856783,123758.59054,-0.0004621072088724,ARPA-USDT,0.0433491463486728,0.0433292859228175,
2023-09-22 03:00:00,0.04327,0.04358,0.04325,0.04335,10707353,464769.24852,3204,5481634,237919.83131,0.0002307337332718,ARPA-USDT,0.0432769403530127,0.0432821386521159,
2023-09-22 04:00:00,0.04334,0.04347,0.04328,0.04332,7276146,315533.45601,2581,3613336,156697.66071,-0.0004614674665436,ARPA-USDT,0.0433574344484225,0.0433471538809609,
2023-09-22 05:00:00,0.04331,0.04336,0.04314,0.04336,2238187,96848.64506,1356,1210751,52383.27844,0.0,ARPA-USDT,0.0433102302714817,0.0432949677777983,
2023-09-22 06:00:00,0.04336,0.0434,0.04316,0.04318,6329821,273999.18529,1809,4224882,182911.28591,-0.0002315350775641,ARPA-USDT,0.0433519052414886,0.0433248590088311,
2023-09-22 07:00:00,0.04318,0.04322,0.04284,0.04312,9337548,401786.29635,2659,4488301,193096.41681,-0.0009267840593141,ARPA-USDT,0.0431800838344927,0.0431732621045369,
2023-09-22 08:00:00,0.04313,0.04327,0.04309,0.04322,6133054,264875.94516,1804,2559955,110574.91911,0.0,ARPA-USDT,0.0431372940518057,0.0431367813688033,0.0001
2023-09-22 09:00:00,0.04322,0.04348,0.04317,0.04346,5940748,257303.03004,2215,3851696,166777.44392,-0.0002300437083045,ARPA-USDT,0.043242017690631,0.0432163639292819,
2023-09-22 10:00:00,0.04345,0.04348,0.04314,0.04318,4801509,207691.74828,1971,2134958,92347.83982,-0.0002315350775641,ARPA-USDT,0.0434529776602852,0.0434071639061657,
2023-09-22 11:00:00,0.0432,0.04331,0.04314,0.04324,4047851,174942.82975,1678,1309923,56632.75944,-0.0002312138728323,ARPA-USDT,0.0431963157350491,0.0432110887145287,
2023-09-22 12:00:00,0.04324,0.04328,0.04314,0.04322,1776281,76738.78709,1358,902391,38986.77848,-0.0002313208420077,ARPA-USDT,0.043267991610466,0.0432357970500206,
2023-09-22 13:00:00,0.04322,0.04335,0.04316,0.04328,3561902,154072.63253,1746,1782493,77107.31112,0.000231107002542,ARPA-USDT,0.0432211633439368,0.0432042172330409,
2023-09-22 14:00:00,0.04328,0.04337,0.0432,0.04335,4331000,187521.16089,1746,2411155,104403.87727,-0.0002306273062731,ARPA-USDT,0.0432903665519808,0.0432541018781758,
2023-09-22 15:00:00,0.04336,0.04346,0.0432,0.04326,3943743,170949.08645,1704,2079359,90143.18095,-0.0004621072088724,ARPA-USDT,0.0433543394553088,0.0433304888004265,
2023-09-22 16:00:00,0.04326,0.04347,0.04309,0.0431,9095648,393822.68307,2436,4751601,205835.48531,-0.0006955715279388,ARPA-USDT,0.0432619478749864,0.0432484150663684,7.836e-05
2023-09-22 17:00:00,0.0431,0.04327,0.04309,0.04325,5688033,245560.08594,1794,3663295,158151.88576,-0.0002311604253352,ARPA-USDT,0.043110534876641,0.0431761623664641,
2023-09-22 18:00:00,0.04326,0.04348,0.04325,0.04346,3855013,167191.41168,1477,1959257,84983.28968,0.0,ARPA-USDT,0.0432916311278006,0.0432900292522548,
2023-09-22 19:00:00,0.04345,0.04359,0.04333,0.0434,7929617,344690.45619,2285,3606280,156760.48109,-0.0002303616678184,ARPA-USDT,0.043455072964649,0.0434629157912607,
2023-09-22 20:00:00,0.0434,0.04344,0.04314,0.04322,7303125,316075.64698,2076,4799265,207685.44714,-0.0002313208420077,ARPA-USDT,0.0433897311712205,0.0434017525489056,
2023-09-22 21:00:00,0.04323,0.04352,0.04312,0.04347,4831221,209187.01185,1860,2674998,115806.72339,-0.0004598758335249,ARPA-USDT,0.0432377416093491,0.0432262602553828,
2023-09-22 22:00:00,0.04348,0.04357,0.04342,0.04357,3604194,156756.30584,1572,1984366,86315.14189,-0.0002294630564479,ARPA-USDT,0.043495214047545,0.043471332050378,
2023-09-22 23:00:00,0.04357,0.04369,0.04347,0.04368,4003133,174494.08355,1612,2441494,106434.36877,0.0,ARPA-USDT,0.0435722073689811,0.0435649828792081,
2023-09-23 00:00:00,0.04367,0.0439,0.0436,0.04381,7755284,339180.72861,2432,3374517,147643.9553,-0.000456308464522,ARPA-USDT,0.0436862177533748,0.0436831983013796,0.0001
2023-09-23 01:00:00,0.04382,0.04386,0.04357,0.04373,4433584,193933.54983,2281,2153787,94206.79371,0.0,ARPA-USDT,0.0438266008101576,0.0437980390408079,
2023-09-23 02:00:00,0.04372,0.04375,0.04338,0.04348,5250574,228596.33321,1935,2457894,106988.66234,-0.0004597701149424,ARPA-USDT,0.043734498333854,0.0437012197093831,
2023-09-23 03:00:00,0.04348,0.04354,0.04324,0.0433,5639790,244554.40051,1925,2638773,114416.24265,-0.0004616805170821,ARPA-USDT,0.0435158622944613,0.0434583778828408,
2023-09-23 04:00:00,0.04331,0.04345,0.0432,0.04336,5232829,226614.087,1821,2968620,128575.43994,-0.0006914035492048,ARPA-USDT,0.043285858722418,0.0432479867569846,
2023-09-23 05:00:00,0.04337,0.04349,0.04331,0.04336,2989037,129717.05889,1450,1621002,70350.02189,-0.0006914035492048,ARPA-USDT,0.0433764574131956,0.0433717096853521,
2023-09-23 06:00:00,0.04336,0.04343,0.0433,0.04338,2195664,95206.31626,1376,1070112,46402.79824,-0.0002304678497349,ARPA-USDT,0.043355322922889,0.0433405718624495,
2023-09-23 07:00:00,0.04339,0.04341,0.0432,0.04331,3732390,161647.77956999998,1721,1884987,81639.71608,-0.0006922011998152,ARPA-USDT,0.043383937917388,0.0433697964967804,
2023-09-23 08:00:00,0.04332,0.04332,0.04316,0.04329,5648251,244291.17122,1945,3146325,136084.19253,-0.000230946882217,ARPA-USDT,0.0432847789149645,0.0432297595244397,0.0001
2023-09-23 09:00:00,0.04329,0.04335,0.04319,0.04329,2611498,113001.8021,1331,1646842,71251.65454,0.0,ARPA-USDT,0.0433017758517576,0.0432734534824311,
2023-09-23 10:00:00,0.0433,0.04332,0.0432,0.0432,1871780,80994.30069,1137,920854,39852.39944,-0.0011560693641616,ARPA-USDT,0.0433111883090828,0.0433097815475092,
2023-09-23 11:00:00,0.04321,0.04332,0.04319,0.0433,2539352,109867.89655,1278,1396112,60408.61724,-0.0002308935580698,ARPA-USDT,0.0432023526466205,0.0432291538148065,
2023-09-23 12:00:00,0.04331,0.04332,0.04312,0.04314,3221646,139273.09751,1534,1406905,60841.34826,-0.0006949270326616,ARPA-USDT,0.0433116160270078,0.043304636088624,
2023-09-23 13:00:00,0.04314,0.04319,0.04288,0.04294,6272493,270125.48001,1994,3018765,130077.76832,-0.0006981615080289,ARPA-USDT,0.0431452158234157,0.0431618591004214,
2023-09-23 14:00:00,0.04294,0.04313,0.04292,0.04304,4184738,180085.25669,1913,2058605,88602.48041,-0.0006965405154398,ARPA-USDT,0.0429373873248367,0.0429549158486621,
2023-09-23 15:00:00,0.04304,0.04312,0.0429,0.04298,3836664,164973.58583,1581,1812648,77965.8184,-0.0002326122354036,ARPA-USDT,0.0430503897041812,0.0430665444909734,
2023-09-23 16:00:00,0.04298,0.04307,0.04279,0.04301,5018456,215326.13224,2097,2255226,96771.92862,-0.0002324500232451,ARPA-USDT,0.0429794354715715,0.0429461771570042,0.0001
2023-09-23 17:00:00,0.04302,0.04314,0.04294,0.04312,2840426,122268.05154,1726,1491340,64203.40042,0.0,ARPA-USDT,0.0430192134264928,0.0430377979469794,
2023-09-23 18:00:00,0.04312,0.04319,0.04305,0.04312,3086443,133112.62,2104,1312948,56621.36059,-0.0002318571759796,ARPA-USDT,0.043129452117027,0.043129901278808,
2023-09-23 19:00:00,0.04312,0.0433,0.04308,0.04324,2884525,124712.83826,1761,1509575,65266.76075,-0.0004623208506703,ARPA-USDT,0.0430996584938704,0.0431376479072046,
2023-09-23 20:00:00,0.04323,0.04332,0.0431,0.04314,2998253,129561.59271,1632,1316743,56901.77239,-0.0006949270326616,ARPA-USDT,0.0432421021715007,0.043270065654018,
2023-09-23 21:00:00,0.04315,0.04327,0.04309,0.04325,2606663,112599.23963,1934,1357360,58633.46459,0.0,ARPA-USDT,0.0431534365763697,0.0431460504324033,
2023-09-23 22:00:00,0.04325,0.04332,0.0431,0.04317,4831083,208810.61667,2271,2344061,101331.3949,-0.0002315886984716,ARPA-USDT,0.0432695207791124,0.0432752923023223,
2023-09-23 23:00:00,0.04317,0.04349,0.04309,0.04349,4579853,198454.40839,2586,2526801,109522.37683,-0.0002298850574711,ARPA-USDT,0.0431664006239268,0.04313270770623,
2023-09-24 00:00:00,0.04348,0.04349,0.04299,0.0431,6931727,299109.49513,3295,3181859,137296.81253,-0.000927213722763,ARPA-USDT,0.0434722268789808,0.0433680742229243,0.0001
2023-09-24 01:00:00,0.04309,0.04317,0.04292,0.04312,3368627,145054.10706,1780,1917809,82589.98679,-0.0004636068613815,ARPA-USDT,0.0430801475059335,0.0430374068262238,
2023-09-24 02:00:00,0.04313,0.04333,0.04306,0.04324,4135274,178791.81702,1685,1816175,78518.68265,-0.0004623208506703,ARPA-USDT,0.0431585865194272,0.0431455534767218,
2023-09-24 03:00:00,0.04324,0.04333,0.04306,0.04307,3092483,133585.02409,1388,1350112,58315.3862,-0.0004641448131817,ARPA-USDT,0.0432460916837341,0.0432395520349894,
2023-09-24 04:00:00,0.04307,0.04319,0.04296,0.04299,3603194,155163.28536,1595,1713939,73810.41983,-0.0002325581395348,ARPA-USDT,0.0430748161530286,0.0431090616566158,
2023-09-24 05:00:00,0.04299,0.04315,0.04297,0.04304,2937590,126465.44795,1642,1729119,74433.51464,-0.0009285051067779,ARPA-USDT,0.042983322797944,0.0429957725982857,
2023-09-24 06:00:00,0.04305,0.04307,0.04292,0.04295,2978780,128109.05063,2202,1459546,62770.61807,-0.0009304489416143,ARPA-USDT,0.0430488109337211,0.0430346651967026,
2023-09-24 07:00:00,0.04294,0.04304,0.04291,0.04295,2481783,106653.25731,1981,1216266,52268.70428,-0.0002327746741154,ARPA-USDT,0.0429294894575771,0.042966039494328,
2023-09-24 08:00:00,0.04295,0.04314,0.04292,0.04304,2962378,127490.62333,1878,1412400,60779.65055,-0.000232288037166,ARPA-USDT,0.0429356701582498,0.0429704459613304,0.0001
2023-09-24 09:00:00,0.04304,0.04308,0.04294,0.04296,3273582,140799.6625,1913,1506466,64797.11434,-0.0004653327128897,ARPA-USDT,0.0430549304384159,0.0430483971605026,
2023-09-24 10:00:00,0.04295,0.04308,0.04295,0.04298,3184876,136964.42382,1699,1937335,83325.69789,0.0,ARPA-USDT,0.0429780196977525,0.0429765466837928,
2023-09-24 11:00:00,0.04298,0.04319,0.04292,0.04319,3312232,142459.40828,2104,1695093,72916.94162,0.0,ARPA-USDT,0.0429492959029325,0.0429479063133348,
2023-09-24 12:00:00,0.04318,0.04329,0.04305,0.04322,5318178,229496.51235,2769,2982792,128694.82455,-0.0004625346901017,ARPA-USDT,0.0431855918611808,0.0431387841185395,
2023-09-24 13:00:00,0.04321,0.0433,0.0431,0.0431,13443313,580747.61285,3523,6743622,291266.2613,-0.0004638218923933,ARPA-USDT,0.0432260219866509,0.0432395708908663,
2023-09-24 14:00:00,0.0431,0.04327,0.04303,0.04318,4804827,207472.91626,2591,2109492,91096.31649,-0.0009254974548819,ARPA-USDT,0.0430995721744575,0.0430750727096745,
2023-09-24 15:00:00,0.04318,0.04323,0.04307,0.04315,2866648,123714.54076,2034,1273481,54959.3505,-0.000463284688441,ARPA-USDT,0.0431790227890445,0.0432008221902311,
2023-09-24 16:00:00,0.04315,0.04318,0.043,0.04313,3130262,134858.76039,1962,1650592,71096.70429,-0.0006950880444854,ARPA-USDT,0.043164808166801,0.0431540925917212,0.0001
2023-09-24 17:00:00,0.04313,0.04343,0.04309,0.04332,5867072,253777.68188,2452,2971640,128537.21656,-0.0004614674665436,ARPA-USDT,0.0431130183435241,0.0431293653990987,
2023-09-24 18:00:00,0.04333,0.0434,0.04299,0.04317,11870829,513032.24342,4085,5561972,240287.17268,-0.0004630701551284,ARPA-USDT,0.0433109420251574,0.0433378493455627,
2023-09-24 19:00:00,0.04317,0.04327,0.04285,0.04293,8900300,382752.79962,3105,4820052,207308.54243,-0.0006983240223462,ARPA-USDT,0.0431402456806447,0.0431642878429161,
2023-09-24 20:00:00,0.04292,0.04306,0.04291,0.04299,4614481,198430.89699,2837,2442826,105053.5592,-0.0009295840111549,ARPA-USDT,0.0429177762326975,0.0429557120940436,
2023-09-24 21:00:00,0.04299,0.04318,0.04298,0.04316,3464356,149159.72855,2042,1740402,74943.16838,0.0,ARPA-USDT,0.0430187011442778,0.0430309717576498,
2023-09-24 22:00:00,0.04317,0.04332,0.04304,0.04325,3808462,164577.87614,2056,2008326,86776.61729,-0.0004622140050845,ARPA-USDT,0.0431775972388442,0.0431313088232065,
2023-09-24 23:00:00,0.04325,0.04326,0.04244,0.04262,16559838,707598.60175,5387,7396877,316075.81585,-0.0007033997655334,ARPA-USDT,0.0432358249405233,0.0431628416705291,
2023-09-25 00:00:00,0.04262,0.04262,0.04184,0.04259,19253214,813653.5681800001,7188,9346653,395166.44819,-0.0004693733865289,ARPA-USDT,0.0425871949228207,0.0424777019106775,0.0001
2023-09-25 01:00:00,0.04259,0.04307,0.04251,0.04254,28101625,1203584.67761,7191,13038448,558432.9718,-0.00046992481203,ARPA-USDT,0.0425735757514537,0.0426842082853036,
2023-09-25 02:00:00,0.04253,0.043,0.0425,0.04297,7976293,341484.663,3802,4015846,171925.66977,-0.0004652244708071,ARPA-USDT,0.0425193049705867,0.0425908646409871,
2023-09-25 03:00:00,0.04297,0.04317,0.04288,0.04291,5669194,244042.00463,3090,2438524,104969.34931,-0.0004658746797112,ARPA-USDT,0.0429922905949495,0.0429862805541328,
2023-09-25 04:00:00,0.04293,0.04328,0.0429,0.04325,6396480,275766.73183,2952,3257993,140396.24633,-0.0002311604253352,ARPA-USDT,0.0429639067654426,0.0429590738437468,
2023-09-25 05:00:00,0.04324,0.04324,0.04291,0.04299,7920756,340811.56905,3200,3857579,166016.45752,0.0002326663564449,ARPA-USDT,0.0431921998651487,0.0431719288572856,
2023-09-25 06:00:00,0.04299,0.04308,0.04281,0.04303,7199741,309487.54176,2746,3876742,166653.46657,-0.000232342007435,ARPA-USDT,0.0430005068061053,0.043020454060149,
2023-09-25 07:00:00,0.04303,0.04312,0.04281,0.04302,35470098,1524411.51548,7049,17630453,757634.79623,-0.0004646840148698,ARPA-USDT,0.0429854633992108,0.0430125367426839,
2023-09-25 08:00:00,0.04302,0.04332,0.04298,0.04307,14548827,627410.6555999999,4719,6901659,297825.48035,-0.0002321262766945,ARPA-USDT,0.0430479491954738,0.0430276927645984,0.0001
2023-09-25 09:00:00,0.04308,0.04311,0.04288,0.04302,25741566,1106620.45646,5300,12929141,555783.74873,-0.0006968641114981,ARPA-USDT,0.0430359642603766,0.0430092565300423,
2023-09-25 10:00:00,0.04302,0.04341,0.04301,0.04318,23436900,1014020.72882,5628,15844537,685573.93573,-0.0002315350775641,ARPA-USDT,0.0430205773687222,0.0430532183453965,
2023-09-25 11:00:00,0.04318,0.04321,0.04286,0.043,7089072,304998.46272,3165,3240482,139369.4754,-0.0006971880083662,ARPA-USDT,0.043181595728089,0.0431951998857387,
2023-09-25 12:00:00,0.043,0.04313,0.0429,0.0431,4175303,179646.85339,2130,2028658,87275.49204,-0.0004638218923933,ARPA-USDT,0.0430303111198499,0.0430178382576266,
2023-09-25 13:00:00,0.0431,0.04323,0.04298,0.04318,5503531,237311.68616,2342,2864183,123510.91243,-0.0004629629629629,ARPA-USDT,0.0431060946745562,0.0430763817200944,
2023-09-25 14:00:00,0.04319,0.04348,0.04303,0.04326,11897367,515099.83361,3039,6224000,269464.81622,-0.0004621072088724,ARPA-USDT,0.0431847694974003,0.0431855348322491,
2023-09-25 15:00:00,0.04325,0.04347,0.04322,0.04346,11438643,495999.96327,3605,5811262,252026.51008,-0.0004599816007359,ARPA-USDT,0.0432600995650529,0.0432889331166562,
2023-09-25 16:00:00,0.04346,0.04352,0.04336,0.04337,4884328,212189.26866,2487,2349692,102077.71368,-0.000230520977409,ARPA-USDT,0.0434715497472262,0.0434805068207202,0.0001
2023-09-25 17:00:00,0.04337,0.0434,0.04311,0.04331,6733547,291275.79834,2573,3326487,143905.90938,-0.0006922011998152,ARPA-USDT,0.0433681069772213,0.043355301880237,
2023-09-25 18:00:00,0.04331,0.04334,0.04318,0.04321,3170923,137203.6875,1532,1534999,66419.07877,-0.0004626416840156,ARPA-USDT,0.0433327236106543,0.0432967596633188,
2023-09-25 19:00:00,0.04321,0.04323,0.04311,0.04316,2622940,113205.70932,1477,1380771,59597.13859,-0.0006946052326928,ARPA-USDT,0.0432186038129983,0.0431984013509672,
2023-09-25 20:00:00,0.04318,0.04329,0.04302,0.04303,5078603,219116.45941,1664,2360396,101899.24861,-0.0004645760743321,ARPA-USDT,0.0431863898118682,0.0432128636030457,
2023-09-25 21:00:00,0.04304,0.04311,0.04301,0.04306,2398001,103246.67685,1112,1523283,65585.85848,-0.0002321801718132,ARPA-USDT,0.0430465752314072,0.0430661863235201,
2023-09-25 22:00:00,0.04306,0.04313,0.04299,0.04304,2740970,118007.06171,1597,1332669,57379.18201,0.0,ARPA-USDT,0.0430704871667226,0.0430537088314441,
2023-09-25 23:00:00,0.04304,0.04309,0.04297,0.04307,2341759,100764.98938,1411,1168430,50275.01239,-0.0006960556844548,ARPA-USDT,0.0430383289091337,0.0430496905977069,
2023-09-26 00:00:00,0.04307,0.04311,0.04286,0.043,5830223,250400.49311,2106,2735973,117546.49565,-0.0006971880083662,ARPA-USDT,0.0430823528248004,0.0429771618360595,0.0001
2023-09-26 01:00:00,0.04299,0.04316,0.04289,0.04308,4785239,205913.90975,1973,2639976,113597.15948,0.0,ARPA-USDT,0.043000417395306,0.0430039227336559,
2023-09-26 02:00:00,0.04308,0.04321,0.04305,0.04318,4989789,215153.75662,2065,2750566,118598.91852,-0.0009254974548819,ARPA-USDT,0.0430930643639515,0.043080939256749,
2023-09-26 03:00:00,0.04319,0.04335,0.04316,0.04317,5439211,235308.7503,1794,3158362,136615.86074,-0.0009257116408238,ARPA-USDT,0.0431901243349047,0.0432197274962658,
2023-09-26 04:00:00,0.04318,0.04329,0.04302,0.04309,5141215,221860.94268,2004,2491500,107512.9522,-0.0009274287039183,ARPA-USDT,0.0431975495802409,0.0431977424962614,
2023-09-26 05:00:00,0.0431,0.04323,0.04306,0.04314,3741316,161455.5827,1705,1853604,79982.19915,-0.000463392029657,ARPA-USDT,0.0431361744060173,0.0431451094805218,
2023-09-26 06:00:00,0.04313,0.04321,0.04307,0.04314,4108296,177156.00454,1699,2432407,104910.34878,-0.000463392029657,ARPA-USDT,0.0431244747002641,0.0431034605319931,
2023-09-26 07:00:00,0.04314,0.0432,0.04286,0.0429,8293143,356407.17673,2180,3330518,143159.70589,-0.0006988120195667,ARPA-USDT,0.0431466448406437,0.0431360973856333,
2023-09-26 08:00:00,0.04288,0.04295,0.04263,0.04264,41366824,1769487.57113,4470,22050275,943197.42037,-0.0007030700726505,ARPA-USDT,0.0428808622732121,0.0429024414728966,0.0001
2023-09-26 09:00:00,0.04264,0.04269,0.04208,0.04258,29249141,1239963.3495699998,6674,11888852,503807.25122,-0.0007040600797935,ARPA-USDT,0.0426517511707991,0.0423953374024618,
2023-09-26 10:00:00,0.0426,0.04267,0.04246,0.04249,6115380,260297.62625,1998,2511747,106916.60159,-0.0009405125793556,ARPA-USDT,0.042616249307001,0.0426215108916164,
2023-09-26 11:00:00,0.0425,0.04268,0.04248,0.04253,4328587,184198.51013,1906,2092035,89044.95023,-0.0007048872180451,ARPA-USDT,0.0425005386428182,0.0425073792406631,
2023-09-26 12:00:00,0.04252,0.04263,0.04245,0.04249,7897962,335966.19619,2214,4014961,170798.13744,-0.0009405125793556,ARPA-USDT,0.0424940629240479,0.0425231347204858,
2023-09-26 13:00:00,0.0425,0.0426,0.04236,0.04247,4858846,206322.63078,1978,2000221,84953.2144,-0.0004706989879971,ARPA-USDT,0.0424900729316672,0.0424642533283711,
2023-09-26 14:00:00,0.04247,0.04253,0.04225,0.04231,73796501,3129144.76872,5344,33640132,1426755.91315,-0.0004724781478856,ARPA-USDT,0.0424648935075751,0.0424770570168509,
2023-09-26 15:00:00,0.04231,0.04258,0.04221,0.04233,18588019,787524.79286,4616,9032327,382851.30087,-0.0004722550177095,ARPA-USDT,0.0422914703428761,0.042264352472866,
2023-09-26 16:00:00,0.04233,0.04304,0.04231,0.043,23871305,1018565.25564,5195,15191406,647971.78933,-0.0011614401858304,ARPA-USDT,0.0423440686511778,0.042362567498479,0.0001
2023-09-26 17:00:00,0.043,0.04307,0.04266,0.04273,7668522,328574.45739,2807,2770427,118772.01068,-0.0009352349777882,ARPA-USDT,0.0430005650298457,0.043018452943987,
2023-09-26 18:00:00,0.04273,0.04282,0.04265,0.04273,5533087,236451.72493,2190,2849915,121793.2131,-0.0007015902712815,ARPA-USDT,0.0427493493125232,0.0427369808030834,
2023-09-26 19:00:00,0.04274,0.04305,0.04268,0.04292,6424069,275552.60981,2132,3031648,130009.52539,-0.0009310986964617,ARPA-USDT,0.0427466766352398,0.0427160477918628,
2023-09-26 20:00:00,0.04292,0.04305,0.04289,0.04295,6513398,279890.12029,2062,3116168,133900.94737,-0.0009304489416143,ARPA-USDT,0.0429772235995874,0.0429961429153526,
2023-09-26 21:00:00,0.04295,0.043,0.04241,0.04279,9387766,400853.98859,3114,4361599,186329.10743,-0.000933924819052,ARPA-USDT,0.0429614172839506,0.0429605410835781,
2023-09-26 22:00:00,0.0428,0.04291,0.04258,0.04262,4698395,200854.73362,1847,2241259,95809.7525,-0.0007033997655334,ARPA-USDT,0.0427889906285842,0.0427999656401127,
2023-09-26 23:00:00,0.04262,0.04291,0.04256,0.04288,9813342,419888.28109,2433,4827742,206548.20306,-0.0009319664492077,ARPA-USDT,0.0426253176236309,0.0426168751413169,
2023-09-27 00:00:00,0.04288,0.04305,0.04281,0.04299,47761229,2051065.10731,4685,23344010,1002295.2684,-0.000697350069735,ARPA-USDT,0.0428496408250207,0.0428564494824702,0.0001
2023-09-27 01:00:00,0.043,0.04301,0.04275,0.04278,5214781,223344.65602,1572,2272925,97366.81424,-0.0004672897196261,ARPA-USDT,0.0430008743989359,0.0429684631652768,
2023-09-27 02:00:00,0.04279,0.0428,0.0425,0.04251,5561365,237095.93432,1835,2882652,122936.68379,-0.0007052186177715,ARPA-USDT,0.0427832688469215,0.0427696846105437,
2023-09-27 03:00:00,0.04252,0.04289,0.0425,0.04281,3562823,152144.68668,1667,1927682,82291.05453,-0.0011665888940737,ARPA-USDT,0.0425203873946206,0.0425178931439436,
2023-09-27 04:00:00,0.04283,0.04287,0.04269,0.04273,3082218,131792.05381,1767,1734509,74167.06627,-0.0007015902712815,ARPA-USDT,0.0428430298212651,0.0428354514290462,
2023-09-27 05:00:00,0.04274,0.04275,0.04248,0.04251,4202735,179113.55888,2196,1841426,78474.991,-0.0007052186177715,ARPA-USDT,0.0427393077687264,0.0427309587778311,
2023-09-27 06:00:00,0.04251,0.04268,0.04249,0.04263,4179276,177826.16762,1717,2410844,102588.65754,-0.0004689331770222,ARPA-USDT,0.0425310289271329,0.0425203525143702,
2023-09-27 07:00:00,0.04262,0.04269,0.04246,0.04248,8176399,348078.30997,1797,3032886,129198.8459,-0.0007057163020466,ARPA-USDT,0.0426293190236489,0.0426552899782663,
2023-09-27 08:00:00,0.04248,0.04258,0.04235,0.04247,4957716,210393.66013,1882,2509970,106532.62321,-0.0007058823529412,ARPA-USDT,0.0424527274133085,0.0424146235836104,0.0001
2023-09-27 09:00:00,0.04248,0.04294,0.04246,0.04291,6851699,292741.4766,2474,3002198,128196.60993,-0.000232991612302,ARPA-USDT,0.0424774286246738,0.042478071276168,
2023-09-27 10:00:00,0.04289,0.0432,0.04288,0.04319,11308681,486459.42141,3641,4358732,187605.88192,-0.0002314814814815,ARPA-USDT,0.0429184540186945,0.0429158206742727,
2023-09-27 11:00:00,0.04317,0.04341,0.04297,0.04333,17459617,754576.70624,4635,8435273,364527.42905,-0.0002307337332717,ARPA-USDT,0.0431889092453407,0.0431373006779351,
2023-09-27 12:00:00,0.04332,0.04347,0.04313,0.04322,13717375,594372.23577,3051,6523068,282545.55433,-0.0004625346901017,ARPA-USDT,0.0433900291920498,0.0434045300168736,
2023-09-27 13:00:00,0.04322,0.04335,0.04296,0.04305,8407876,362895.17422,2770,3801214,164160.32158,0.0,ARPA-USDT,0.0432248999743053,0.0432393053838264,
2023-09-27 14:00:00,0.04305,0.04308,0.04245,0.04276,23953479,1023864.90333,6242,13134661,561392.33995,-0.0004675081813931,ARPA-USDT,0.0430518313056246,0.0430321437907638,
2023-09-27 15:00:00,0.04275,0.04297,0.04264,0.0428,17162747,734496.99753,4155,8994981,384962.15328,-0.0002335902826443,ARPA-USDT,0.0427379798539182,0.0428350824708346,
2023-09-27 16:00:00,0.04279,0.04287,0.04268,0.04281,4038739,172796.92097,2378,1735163,74244.39948,-0.0009334889148191,ARPA-USDT,0.0427620896209912,0.0427244447000862,0.0001
2023-09-27 17:00:00,0.0428,0.04292,0.04276,0.04285,4381728,187789.1021,2322,1649580,70697.57416,-0.0004665267086541,ARPA-USDT,0.0427831476144732,0.0428032074311365,
2023-09-27 18:00:00,0.04284,0.04285,0.04251,0.04266,6485514,276889.74669,2728,2916381,124477.07647,-0.0011706860220089,ARPA-USDT,0.0428253485821548,0.0427778102528835,
2023-09-27 19:00:00,0.04267,0.04284,0.04264,0.04268,4748328,202965.85018,2180,2223209,95033.65094,-0.0004683840749414,ARPA-USDT,0.0426858316139385,0.042695449115967,
2023-09-27 20:00:00,0.04267,0.04283,0.04236,0.04246,10511063,447590.57728,3497,4383935,186666.9025,-0.0009411764705883,ARPA-USDT,0.0426452786193258,0.0426992390525681,
2023-09-27 21:00:00,0.04247,0.04256,0.04226,0.04237,4861061,206135.29612,1885,2094052,88818.12099,-0.000943173779769,ARPA-USDT,0.0424454928122683,0.0424459709888363,
2023-09-27 22:00:00,0.04236,0.04264,0.04234,0.04264,4037315,171525.17256,1897,2183799,92802.21503,-0.0002344665885112,ARPA-USDT,0.0423686534367509,0.0423601254171617,
2023-09-27 23:00:00,0.04264,0.04267,0.04244,0.04257,5858878,249337.2628,2743,2810054,119560.70308,-0.0002348520432128,ARPA-USDT,0.042647150215048,0.0426358621127273,
2023-09-28 00:00:00,0.04257,0.04281,0.04247,0.04266,9689772,413122.57603,4064,4683087,199641.23898,-0.0002343566908835,ARPA-USDT,0.042498935251772,0.0425378805201208,-0.00011706
2023-09-28 01:00:00,0.04265,0.0428,0.04244,0.04277,6338074,270160.54358,2466,3222837,137361.20321,-0.0004673989249824,ARPA-USDT,0.042674007065223,0.0426143687700228,
2023-09-28 02:00:00,0.04276,0.04286,0.04247,0.04258,5931218,253046.6448,2504,2912462,124255.90377,-0.000469483568075,ARPA-USDT,0.0427807042130994,0.042753993040355,
2023-09-28 03:00:00,0.04258,0.04262,0.0424,0.04249,3793736,161256.05243,2067,2001021,85055.02494,-0.0004704775346976,ARPA-USDT,0.0425856519883003,0.0425648731544061,
2023-09-28 04:00:00,0.04249,0.04259,0.0423,0.04252,5782273,245456.66458,2367,3010546,127791.75383,-0.0011745360582569,ARPA-USDT,0.0424631023348936,0.0424590983605059,
2023-09-28 05:00:00,0.04252,0.04274,0.04251,0.04271,4470565,190634.36712,1944,1967380,83907.49422000001,-0.000701918577445,ARPA-USDT,0.042559793984187,0.0425522763169127,
2023-09-28 06:00:00,0.04271,0.04295,0.04261,0.04293,6625105,283310.24146,2383,2675350,114431.04945,-0.0006983240223462,ARPA-USDT,0.0427144374730457,0.0426958857418021,
2023-09-28 07:00:00,0.04294,0.04315,0.04286,0.04304,7741288,333043.83832,2364,3996594,172004.90843,-0.000232288037166,ARPA-USDT,0.0429247525529826,0.0429220101690316,
2023-09-28 08:00:00,0.04304,0.04321,0.04281,0.04315,11270366,484935.4777,2867,5304114,228293.78067,-0.0011574074074074,ARPA-USDT,0.0430831823850464,0.0429923662137319,0.0001
2023-09-28 09:00:00,0.04315,0.0433,0.04303,0.04327,9917383,427957.35653,3054,3995354,172420.42019,-0.0004620004620004,ARPA-USDT,0.0431750568307687,0.0431322735242343,
2023-09-28 10:00:00,0.04327,0.04342,0.04302,0.0432,20886235,902633.81027,4325,7458788,322360.98572,-0.000462748727441,ARPA-USDT,0.0433007925040738,0.0432695582925894,
2023-09-28 11:00:00,0.0432,0.04324,0.04293,0.04299,4359453,187723.82125,1720,1597567,68816.76403,-0.0004650081376423,ARPA-USDT,0.0431988381309173,0.0431956062220106,
2023-09-28 12:00:00,0.04299,0.04318,0.04288,0.04289,5762781,247878.01045,2084,2480478,106685.92362,-0.0006989748369059,ARPA-USDT,0.0429982294022756,0.0430151193134198,
2023-09-28 13:00:00,0.04289,0.0431,0.04286,0.0431,4223275,181442.38574,1668,2223544,95554.7816,0.0002320724065907,ARPA-USDT,0.0428947271192618,0.0428970051480797,
2023-09-28 14:00:00,0.0431,0.0434,0.043,0.0433,13768033,594929.71889,4086,6102234,263694.99686,-0.0006923609508424,ARPA-USDT,0.0431357348368534,0.0431195038508903,
2023-09-28 15:00:00,0.04329,0.04335,0.04299,0.04323,10415522,449752.15713,3102,5405412,233426.94482,-0.0020775623268698,ARPA-USDT,0.0433259765139755,0.0432653049705277,
2023-09-28 16:00:00,0.04325,0.04347,0.04305,0.04305,12692719,549367.24068,4315,5146728,222811.44752,-0.0011600928074245,ARPA-USDT,0.0433172889090637,0.0433794642894349,0.0001
2023-09-28 17:00:00,0.04306,0.04325,0.04304,0.04314,5699609,245863.73816,2191,3354613,144728.57075,-0.0006949270326616,ARPA-USDT,0.0430773451890997,0.0430900874677035,
2023-09-28 18:00:00,0.04314,0.04324,0.04277,0.04296,9556367,410752.452,2671,4930451,211969.52301,0.0004657661853748,ARPA-USDT,0.0431845754119408,0.043165565108297,
2023-09-28 19:00:00,0.04295,0.04338,0.04287,0.04338,18831925,813129.28999,4106,12836364,554071.829,-0.0009212344541685,ARPA-USDT,0.0429463746356061,0.0429363209543292,
2023-09-28 20:00:00,0.04339,0.04343,0.04312,0.04324,5664066,245217.88054,1777,2151275,93155.59378,-0.0011550011550012,ARPA-USDT,0.0433871147876378,0.0433680377494812,
2023-09-28 21:00:00,0.04324,0.04327,0.04301,0.04322,4855103,209341.97581,2021,2619280,112967.36693,-0.0009246417013406,ARPA-USDT,0.043254629190841,0.0432416356281464,
2023-09-28 22:00:00,0.04322,0.04333,0.04316,0.04324,2731438,118106.08143,1481,1303182,56356.15546,-0.0004623208506703,ARPA-USDT,0.0432513171094609,0.0432413239134843,
2023-09-28 23:00:00,0.04324,0.04337,0.04317,0.04333,3429865,148481.47905,1510,1532114,66321.91097,-0.0002307337332717,ARPA-USDT,0.0432340230009764,0.0432051851929879,
2023-09-29 00:00:00,0.04333,0.04338,0.04306,0.04321,4175939,180611.04817,2194,2133102,92248.73306,-0.0002313743637205,ARPA-USDT,0.0433396324672019,0.0433369994655903,-6.896e-05
2023-09-29 01:00:00,0.04321,0.0433,0.04303,0.04327,5038508,217375.92602,2071,2634568,113664.49757,-0.0004620004620004,ARPA-USDT,0.0432252885553298,0.0432119527573639,
2023-09-29 02:00:00,0.04327,0.0433,0.04295,0.04303,4032013,173796.57542,1925,2089637,90067.58754,0.0002324500232449,ARPA-USDT,0.0432798852223816,0.0432760246293325,
2023-09-29 03:00:00,0.04302,0.04308,0.04289,0.04306,4002451,172094.52456,2080,2064377,88756.49671,-0.0006962172197726,ARPA-USDT,0.0430304150882889,0.0430415144504729,
2023-09-29 04:00:00,0.04305,0.04318,0.043,0.04317,2587392,111432.1957,1264,1226673,52839.23683,-0.0004630701551284,ARPA-USDT,0.0430606350182924,0.0430617480553793,
2023-09-29 05:00:00,0.04317,0.04325,0.04312,0.0432,3322642,143420.69882,1646,2060935,88964.40913,-0.0009250693802034,ARPA-USDT,0.0431836971330878,0.0431657601150156,
2023-09-29 06:00:00,0.0432,0.04336,0.04318,0.0433,4733913,204777.20861,1729,2464131,106601.04265,-0.0004616805170821,ARPA-USDT,0.0431919615869353,0.0432218227490577,
2023-09-29 07:00:00,0.04329,0.04366,0.04324,0.04366,11835671,514345.64962,3809,7199036,312877.80709,-0.0004578754578754,ARPA-USDT,0.0432657797627763,0.0432697471720883,
2023-09-29 08:00:00,0.04365,0.04366,0.04321,0.04326,8687391,377045.22194,3271,4107033,178236.62011,-0.0006930006930007,ARPA-USDT,0.0436188994459443,0.043525785154778,0.0001
2023-09-29 09:00:00,0.04327,0.0434,0.04319,0.04328,5450224,235927.38802,2147,2714457,117526.43102,-0.0004618937644341,ARPA-USDT,0.0432592661715849,0.0432736250740956,
2023-09-29 10:00:00,0.04328,0.04329,0.04308,0.04309,6281389,271182.72502,2344,2620050,113116.10991,-0.0009274287039183,ARPA-USDT,0.0432804240025843,0.0432273297754256,
2023-09-29 11:00:00,0.04309,0.04313,0.04299,0.04308,4760090,204946.43873,1942,2493492,107364.90218,-0.000695894224078,ARPA-USDT,0.0430804976828675,0.0431039633449444,
2023-09-29 12:00:00,0.04309,0.04322,0.0429,0.04316,14027950,603715.32453,3835,7786375,335131.92503,-0.0006946052326928,ARPA-USDT,0.0430607019997527,0.0430739360810513,
2023-09-29 13:00:00,0.04315,0.04321,0.04297,0.043,6419388,276751.4775,1782,2608635,112484.18104,-0.0013934045517882,ARPA-USDT,0.0431384097986846,0.043144282525291,
2023-09-29 14:00:00,0.04301,0.04317,0.04239,0.04306,33016213,1412387.99534,6958,13821943,591693.86096,-0.0006962172197726,ARPA-USDT,0.0430105564393799,0.0429997399130736,
2023-09-29 15:00:00,0.04306,0.04339,0.04291,0.04325,18630104,803925.43524,4615,11462185,494609.73154,-0.0006931608133087,ARPA-USDT,0.0430400925944577,0.0430301129816445,
2023-09-29 16:00:00,0.04325,0.04325,0.04294,0.04302,9077080,390989.46885,2905,3694580,159079.22468,0.0,ARPA-USDT,0.0431596113581623,0.0431428903976321,5.362e-05
2023-09-29 17:00:00,0.04302,0.04302,0.04288,0.0429,4723024,202875.65852,1853,2224611,95563.1925,-0.0006988120195667,ARPA-USDT,0.0429881538534751,0.0429804192869276,
2023-09-29 18:00:00,0.04289,0.04302,0.04281,0.04301,6587020,282613.69364,2158,3206902,137596.70139,-0.0004647920055774,ARPA-USDT,0.0428895143232694,0.0428626251765361,
2023-09-29 19:00:00,0.043,0.04303,0.04291,0.04299,4548541,195479.55998,1349,2519309,108263.43976,-0.0009295840111549,ARPA-USDT,0.0429992388609211,0.0429881761121451,
2023-09-29 20:00:00,0.04299,0.04319,0.04298,0.04317,7134401,307472.75965,2411,3852212,166014.19914,-0.0004630701551284,ARPA-USDT,0.0429937658865468,0.0430196485021484,
2023-09-29 21:00:00,0.04318,0.04324,0.04308,0.04308,3294355,142161.22919,1309,1186531,51223.21626,-0.000695894224078,ARPA-USDT,0.0431745052789717,0.0431691197146773,
2023-09-29 22:00:00,0.04309,0.04321,0.04301,0.04306,4137429,178328.94068,1463,1694513,73026.66855999999,-0.0002321801718132,ARPA-USDT,0.0430919541682936,0.0431315698372684,
2023-09-29 23:00:00,0.04307,0.0431,0.04301,0.04308,2669476,114937.75193,1340,1771191,76263.83382,0.0,ARPA-USDT,0.0430616775045068,0.0430622281557287,
2023-09-30 00:00:00,0.04308,0.04322,0.04295,0.04316,5209820,224427.25838,1853,2748343,118420.82232,-0.0009259259259259,ARPA-USDT,0.0430843409860122,0.0430794920279908,0.0001
2023-09-30 01:00:00,0.04316,0.04325,0.04302,0.04309,5537767,238824.66236,1959,2832209,122129.72915,-0.0004639294827185,ARPA-USDT,0.0431674222358054,0.0431395454261351,
2023-09-30 02:00:00,0.04309,0.04314,0.04298,0.04306,2757844,118752.2083,1278,1452022,62521.16649,-0.0006962172197726,ARPA-USDT,0.0430620913584455,0.0430637125441936,
2023-09-30 03:00:00,0.04307,0.04313,0.04299,0.04306,2719548,117071.76121,1188,1677443,72205.53459000001,0.0,ARPA-USDT,0.0430787201786902,0.0430981461240555,
2023-09-30 04:00:00,0.04306,0.04314,0.04296,0.04308,5412852,233128.43905,1714,2893675,124625.14487,-0.0004640371229698,ARPA-USDT,0.0430214850245071,0.0430018278448117,
2023-09-30 05:00:00,0.04308,0.04319,0.04302,0.04318,2816820,121328.15501,1242,1701903,73307.59078,-0.0009254974548819,ARPA-USDT,0.0430774622210596,0.0430664700602754,
2023-09-30 06:00:00,0.04319,0.04327,0.04312,0.04316,4766546,205899.5192,1499,1905476,82331.34913,0.0,ARPA-USDT,0.0432269148302792,0.0431897414528012,
2023-09-30 07:00:00,0.04317,0.04322,0.04308,0.0431,2893465,124858.93286,1101,1586613,68462.33393000001,-0.0004638218923933,ARPA-USDT,0.0431654793196248,0.0431706996083773,
2023-09-30 08:00:00,0.04311,0.04326,0.04307,0.04323,4796731,207000.4672,1855,2322595,100242.93833,0.0,ARPA-USDT,0.0431275278372591,0.0431455009577455,0.0001
2023-09-30 09:00:00,0.04323,0.04332,0.04318,0.04326,3976035,171965.29263,1555,1796417,77710.14568,-0.0009237875288683,ARPA-USDT,0.0432391526270193,0.0432299822804029,
2023-09-30 10:00:00,0.04328,0.04336,0.04323,0.04328,4113270,178088.70206,1390,2168621,93901.01584,-0.0002310002310003,ARPA-USDT,0.0432694466462274,0.0433029168212801,
2023-09-30 11:00:00,0.04328,0.04337,0.04296,0.04305,84998170,3677652.62542,5233,42952437,1857933.9972,-0.0009282896263635,ARPA-USDT,0.0432616823237041,0.043267077224761,
2023-09-30 12:00:00,0.04306,0.04346,0.04298,0.0434,17815961,771120.48817,3956,10267851,444547.70656,-0.0002303616678184,ARPA-USDT,0.0430351516366581,0.0430114870452173,
2023-09-30 13:00:00,0.04338,0.04374,0.0433,0.04355,16570881,720893.00858,3763,9779022,425412.66918,-0.0004590314436538,ARPA-USDT,0.0433636081810075,0.0433509102727056,
2023-09-30 14:00:00,0.04356,0.04367,0.04331,0.04345,14352220,623978.58043,3019,5425817,236071.2803,-0.0009197516670498,ARPA-USDT,0.0435707007858922,0.0435692180775009,
2023-09-30 15:00:00,0.04347,0.04362,0.04341,0.04345,5311788,231165.34891,2224,2558905,111378.87129,-0.0004600874166091,ARPA-USDT,0.0434813067549982,0.043479783429396,
2023-09-30 16:00:00,0.04346,0.04362,0.04341,0.04357,5535661,240868.60683,1793,2976831,129508.04394,-0.0004588208304656,ARPA-USDT,0.0434707389440736,0.0434560103343717,0.0001
2023-09-30 17:00:00,0.04356,0.04359,0.04341,0.04347,6995701,304280.33691,2076,3255492,141601.40516,-0.0004598758335249,ARPA-USDT,0.0435795258259964,0.0435073836280031,
2023-09-30 18:00:00,0.04347,0.04354,0.04337,0.04341,3776668,164094.8959,1276,1641890,71349.01001,-0.0004605111673959,ARPA-USDT,0.0435078792864145,0.0434663193367475,
2023-09-30 19:00:00,0.04341,0.04368,0.0434,0.04363,5686869,247816.67399,1814,2948503,128499.64111,-0.0002291475710356,ARPA-USDT,0.0434221748180108,0.0434279444128933,
2023-09-30 20:00:00,0.04363,0.04373,0.04358,0.04365,5208983,227389.70316,1549,2438514,106457.33869,-0.0002290426019239,ARPA-USDT,0.0436230339951633,0.0436661713992111,
2023-09-30 21:00:00,0.04366,0.04376,0.04325,0.04336,9316057,404954.25438,2261,3272072,142312.96213,-0.0004610419548178,ARPA-USDT,0.0436622703485135,0.043659404122478,
2023-09-30 22:00:00,0.04337,0.04361,0.04332,0.04358,7023257,305192.30721,2445,4210825,183024.00233,-0.0004587155963302,ARPA-USDT,0.0433860624660313,0.0433980310079437,
2023-09-30 23:00:00,0.04358,0.04366,0.0435,0.04355,4304815,187581.42832,1509,2057320,89658.64583000001,-0.0002295684113866,ARPA-USDT,0.0436333592184732,0.0436109255631765,
2023-10-01 00:00:00,0.04355,0.04375,0.0435,0.04374,6095004,265818.90057,2103,2860351,124787.35291,-0.0004570383912247,ARPA-USDT,0.0436096919189369,0.0435415557276399,0.0001
2023-10-01 01:00:00,0.04375,0.044,0.04365,0.04396,4653467,204101.28775,2018,2597825,113940.19493,-0.0006819731757218,ARPA-USDT,0.0437734475188311,0.043774256043973,
2023-10-01 02:00:00,0.04396,0.04401,0.04381,0.04387,5212907,228946.48222,1719,2588347,113707.6743,-0.0002278942570648,ARPA-USDT,0.0439563348499921,0.0439653781865627,
2023-10-01 03:00:00,0.04387,0.04426,0.04387,0.04419,7627429,336308.89739,2082,3679399,162239.60152,-0.0002262443438915,ARPA-USDT,0.0438889637185195,0.0439119436855929,
2023-10-01 04:00:00,0.04419,0.04434,0.04409,0.04414,9440114,417188.76434,2361,4171186,184384.0584,0.0,ARPA-USDT,0.044187753993425,0.0442561114872674,
2023-10-01 05:00:00,0.04414,0.04451,0.04413,0.0444,7805638,346291.03778,2354,3582537,158863.47047,-0.0006752194463199,ARPA-USDT,0.0441745913513159,0.044204263271471,
2023-10-01 06:00:00,0.04442,0.04465,0.0444,0.04461,7049744,314031.43451,2263,3366923,150015.82328,-0.0006720430107527,ARPA-USDT,0.0444105960249701,0.0444224688740844,
2023-10-01 07:00:00,0.04462,0.04471,0.04422,0.04426,11609146,516547.32945,3160,3833539,170586.39015,-0.0006773538044705,ARPA-USDT,0.044636853323931,0.0446181465206637,
2023-10-01 08:00:00,0.04426,0.04462,0.04413,0.04452,11236197,497994.0789,3039,5552239,246056.0389,-0.0004490345756624,ARPA-USDT,0.0442610374558665,0.044266452373643,0.0001
2023-10-01 09:00:00,0.04452,0.04484,0.04442,0.04484,8422465,375423.25331,2906,4136517,184452.67825,0.0,ARPA-USDT,0.0445209052393297,0.0444949266208977,
2023-10-01 10:00:00,0.04484,0.04522,0.04473,0.04522,22873830,1027751.73765,6266,10526652,473139.18352,-0.0004420866489831,ARPA-USDT,0.0447944912487576,0.0447800375602465,
2023-10-01 11:00:00,0.04522,0.04528,0.04503,0.04508,9979591,450741.89272,3537,4075957,184090.43513,-0.0002217786648923,ARPA-USDT,0.0452167118429066,0.045153557555491,
2023-10-01 12:00:00,0.04509,0.04514,0.04477,0.04507,12332064,554495.98744,3548,5080039,228397.11892,-0.0004435573297848,ARPA-USDT,0.0450972331135624,0.0450917282595194,
2023-10-01 13:00:00,0.04507,0.04512,0.04485,0.04499,7299556,328219.43723,2293,3180004,142980.02504,-0.0004443457009553,ARPA-USDT,0.0450807856525737,0.0450797510159795,
2023-10-01 14:00:00,0.045,0.0452,0.04467,0.04475,11059189,497009.93835,3404,4569921,205367.15774,-0.0002234137622878,ARPA-USDT,0.0450252153785822,0.0450629833450057,
2023-10-01 15:00:00,0.04476,0.04501,0.04475,0.04496,7663955,344001.145,2471,3749008,168301.99729,-0.0004446420631391,ARPA-USDT,0.0447964910568773,0.0448131574582906,
2023-10-01 16:00:00,0.04497,0.04499,0.04476,0.04491,7632070,342631.15726,2540,3397427,152538.84175,-0.0002226179875334,ARPA-USDT,0.0449412929110678,0.0448927468870514,0.0001
2023-10-01 17:00:00,0.04492,0.04505,0.04456,0.04465,10468671,468827.80207,3415,4723958,211591.22323,-0.0002239140170173,ARPA-USDT,0.044911360751124,0.0449551335907835,
2023-10-01 18:00:00,0.04465,0.04505,0.04461,0.04498,7246526,325216.49017,2608,3407382,152910.18614,-0.000666518551433,ARPA-USDT,0.044639878615697,0.0446829898343194,
2023-10-01 19:00:00,0.04499,0.04502,0.04475,0.04477,8117491,364366.01077,2206,2255703,101270.13301,-0.0006696428571428,ARPA-USDT,0.044985359461632,0.0449344586284867,
2023-10-01 20:00:00,0.04477,0.04504,0.04454,0.0449,11213036,502506.69587,3675,5035479,225677.91519,-0.0004452359750667,ARPA-USDT,0.0447698251593824,0.044678068772968,
2023-10-01 21:00:00,0.04491,0.04518,0.0449,0.04515,7034772,317004.45518,1916,4521493,203750.18337,-0.0002214348981398,ARPA-USDT,0.0449189118383404,0.0449691841827079,
2023-10-01 22:00:00,0.04516,0.04648,0.0451,0.04634,37737083,1734947.49582,11034,17922445,823918.1126100001,-0.0008624407072013,ARPA-USDT,0.0451247372770895,0.0451440158661871,
2023-10-01 23:00:00,0.04634,0.04638,0.04567,0.04571,9638563,443336.17549,3481,4170598,191733.80603,0.0004377325454147,ARPA-USDT,0.0463079971354261,0.0462990005069799,
2023-10-02 00:00:00,0.04571,0.04591,0.04554,0.04565,10433147,477172.2938,3665,4986194,228087.29861,-0.0006567425569176,ARPA-USDT,0.0457900786163944,0.0458380647924716,0.0001
2023-10-02 01:00:00,0.04566,0.04587,0.04551,0.04585,4539060,207390.49094,2310,2247316,102693.83764,-0.000436014824504,ARPA-USDT,0.0456639607266531,0.0457538876693289,
2023-10-02 02:00:00,0.04585,0.04606,0.04582,0.04593,3841652,176411.57364,1964,1935371,88899.06906,0.0,ARPA-USDT,0.0458468987439197,0.0458804649979381,
2023-10-02 03:00:00,0.04593,0.04601,0.04577,0.04581,3498351,160503.35178,1801,1755074,80528.40686,-0.0002182453077259,ARPA-USDT,0.0459393778132907,0.0459347528353877,
2023-10-02 04:00:00,0.04581,0.04582,0.04546,0.04552,4143325,188886.75143,2230,1862676,84901.78547,0.0,ARPA-USDT,0.0457933395558084,0.0457190905274388,
2023-10-02 05:00:00,0.04551,0.04564,0.04529,0.04546,6641278,302156.55235,2522,2979219,135538.43874,-0.0004397537379067,ARPA-USDT,0.0455223646181337,0.0455131204168079,
2023-10-02 06:00:00,0.04545,0.04572,0.04531,0.04559,5656728,257570.56248,2516,2735787,124560.41237,0.0,ARPA-USDT,0.0454451382450909,0.0454156919016458,
2023-10-02 07:00:00,0.0456,0.04566,0.04525,0.04541,12595171,571647.1606000001,3165,4646392,210934.45784,0.0004406256884776,ARPA-USDT,0.0456011759963293,0.0456282142425475,
2023-10-02 08:00:00,0.04541,0.04566,0.04534,0.0454,9051629,411831.2293,3483,4138953,188351.33049,-0.0006603565925599,ARPA-USDT,0.0454081440197939,0.0454058839817122,0.0001
2023-10-02 09:00:00,0.04541,0.04561,0.04526,0.04545,8849384,402261.09176,2469,4739155,215455.39398,-0.001098901098901,ARPA-USDT,0.0454340497559439,0.0454555922257452,
2023-10-02 10:00:00,0.04545,0.04548,0.04529,0.04529,4199487,190557.20396,1770,2021471,91759.9961,-0.0004414036636505,ARPA-USDT,0.0454593076307364,0.0454614713565459,
2023-10-02 11:00:00,0.0453,0.04537,0.04512,0.04521,5857387,265009.6442,1973,2667528,120709.25293,-0.0004421843908909,ARPA-USDT,0.0453115521308424,0.0452916251621663,
2023-10-02 12:00:00,0.04521,0.04533,0.04505,0.0453,11815311,533710.96013,3179,4083571,184460.02664,-0.0006618133686301,ARPA-USDT,0.0452089416507242,0.0451973534868208,
2023-10-02 13:00:00,0.04529,0.04532,0.04494,0.04504,9264018,418425.25935,3005,3562505,160857.41638,-0.0002219755826859,ARPA-USDT,0.0452812866971116,0.0452641296772958,
2023-10-02 14:00:00,0.04504,0.04509,0.04458,0.04489,16598333,743951.74841,4758,6716841,301132.0605,0.0,ARPA-USDT,0.0450518383166502,0.0450072211900621,
2023-10-02 15:00:00,0.04488,0.04502,0.04414,0.0444,13457957,600437.49523,4260,5654881,252542.54709,-0.0004502476361999,ARPA-USDT,0.0448452823260226,0.044889491302242,
2023-10-02 16:00:00,0.04441,0.04466,0.04413,0.04458,10613086,471593.77032,3964,5594877,248600.27685,-0.0004484304932734,ARPA-USDT,0.04447740848901,0.0444030391874093,0.0001
2023-10-02 17:00:00,0.04457,0.04477,0.04445,0.04476,3481638,155312.75154,1503,1632738,72859.76496999999,-0.0002233638597274,ARPA-USDT,0.044578117184837,0.0445713005638859,
2023-10-02 18:00:00,0.04476,0.04476,0.04311,0.0437,21446629,940259.42738,6591,8508341,372821.76891,-0.001142857142857,ARPA-USDT,0.0447462793818449,0.0447044851430529,
2023-10-02 19:00:00,0.04371,0.04411,0.04347,0.04408,7849388,343563.23511,3148,3934096,172262.00632,-0.0006801178871004,ARPA-USDT,0.0436375407905344,0.0436024917271244,
2023-10-02 20:00:00,0.04408,0.0442,0.04398,0.04413,3822398,168524.0666,2096,1565936,69038.0184,-0.0006793478260868,ARPA-USDT,0.0440520222402645,0.044053150851383,
2023-10-02 21:00:00,0.04413,0.04418,0.04351,0.04391,7916965,347437.26106,3682,4235842,185780.11676,-0.0002276867030965,ARPA-USDT,0.0440935772816058,0.0441359587562483,
2023-10-02 22:00:00,0.04391,0.04406,0.04386,0.04404,4084933,179639.71667,2116,2257170,99253.15495,-0.0009074410163338,ARPA-USDT,0.0439132364940339,0.0439651462339033,
2023-10-02 23:00:00,0.04405,0.04418,0.04398,0.04414,1945547,85746.87273,1306,951491,41939.38064,-0.0002265005662515,ARPA-USDT,0.0440270724433358,0.0440560759497078,
2023-10-03 00:00:00,0.04414,0.04432,0.04409,0.04431,3587733,158711.83676,2112,1979573,87580.70406,-0.0004511617414842,ARPA-USDT,0.0441551608700979,0.0441617778458665,0.0001
2023-10-03 01:00:00,0.04431,0.04456,0.04415,0.04455,2939804,130374.02106,1819,1535690,68066.54454,-0.0006729475100942,ARPA-USDT,0.0443124261263366,0.0443218791748513,
2023-10-03 02:00:00,0.04454,0.04459,0.04445,0.04446,1429052,63615.87305,1347,498912,22209.71309,-0.0008988764044943,ARPA-USDT,0.0445414106570926,0.0445284232002747,
2023-10-03 03:00:00,0.04447,0.04454,0.0443,0.04447,1978294,87916.92125,1380,1036039,46042.58651,-0.0008986744551785,ARPA-USDT,0.0444779254595355,0.0444764820781818,
2023-10-03 04:00:00,0.04448,0.04461,0.04437,0.04459,3376663,150225.99101,1669,1812545,80656.72912,-0.0004483299708585,ARPA-USDT,0.0444746204376185,0.0444981057359192,
2023-10-03 05:00:00,0.04458,0.04459,0.04433,0.0444,3232411,143641.23302,1606,1517839,67446.39577,-0.0004502476361999,ARPA-USDT,0.044537683929074,0.0445367729532435,
2023-10-03 06:00:00,0.0444,0.04463,0.04428,0.04458,3681325,163518.24165,1845,1800747,80018.99772,-0.0004484304932734,ARPA-USDT,0.0443979760366997,0.0443683782433614,
2023-10-03 07:00:00,0.04458,0.04466,0.04423,0.04428,8999287,399353.53196,2907,2687162,119277.20163,-0.0004514672686229,ARPA-USDT,0.0445893750426417,0.0446254556956623,
2023-10-03 08:00:00,0.04427,0.04439,0.04419,0.04435,3337172,147797.63587,1788,1633999,72374.42448,-0.0009011038522189,ARPA-USDT,0.0442537477149162,0.044255021806251,0.0001
2023-10-03 09:00:00,0.04435,0.04439,0.04412,0.04415,3111262,137762.47141,1873,1420606,62915.60143,-0.000452796015395,ARPA-USDT,0.0443643940325347,0.0443386009071232,
2023-10-03 10:00:00,0.04414,0.04418,0.04391,0.0441,7442794,327923.73101,2639,3832882,168994.51357,-0.0006798096532971,ARPA-USDT,0.0441501701805742,0.0441391722890334,
2023-10-03 11:00:00,0.0441,0.04417,0.04381,0.04409,10044287,441817.49193,2611,5974057,262721.32944,-0.0006799637352674,ARPA-USDT,0.0441126524634488,0.0441067582256637,
2023-10-03 12:00:00,0.04409,0.0441,0.04363,0.04388,7010872,307351.2017,2624,3319289,145486.43716,-0.0006832156684125,ARPA-USDT,0.0440789984539189,0.044053755426988,
2023-10-03 13:00:00,0.04387,0.04421,0.04384,0.04407,4152113,182984.98592,1714,2182558,96216.18951,-0.0006802721088435,ARPA-USDT,0.0438577905716745,0.0438738209110803,
2023-10-03 14:00:00,0.04406,0.04406,0.04365,0.04378,7265423,318562.79317,2436,3255412,142759.77746,-0.001140771161305,ARPA-USDT,0.0440198938552051,0.0439506979797507,
2023-10-03 15:00:00,0.04377,0.04385,0.04361,0.0437,6037315,264043.3608,1932,3061406,133889.07741,-0.0004574565416285,ARPA-USDT,0.0437820802948502,0.0437419417877145,
2023-10-03 16:00:00,0.0437,0.0439,0.04362,0.04383,4717362,206415.65453,1898,2319313,101490.64531,-0.0002281021897809,ARPA-USDT,0.0436669145953289,0.043690613733403,0.0001
2023-10-03 17:00:00,0.04382,0.04393,0.04372,0.04381,3307081,144892.98132,1618,1453520,63688.92327,-0.0002282062984937,ARPA-USDT,0.0438240265561128,0.0437843172010271,
2023-10-03 18:00:00,0.0438,0.0438,0.04343,0.04343,6749301,294266.41773,2478,2707700,118065.92673,-0.0009201748332182,ARPA-USDT,0.043762316590463,0.0437455173741023,
2023-10-03 19:00:00,0.04344,0.04359,0.0433,0.04344,6280710,272757.2008,2586,3251195,141216.1086,-0.0009199632014719,ARPA-USDT,0.043458725865565,0.0434590771912486,
2023-10-03 20:00:00,0.04343,0.04363,0.04312,0.04362,7168541,311147.19263,2970,3299170,143291.69294,-0.0004582951420715,ARPA-USDT,0.0434347800010632,0.0433756827226749,
2023-10-03 21:00:00,0.04362,0.04365,0.04339,0.04346,3186631,138581.14127,1538,1554485,67608.84236,-0.000919540229885,ARPA-USDT,0.0436332379161181,0.0435893761295831,
2023-10-03 22:00:00,0.04346,0.04367,0.04337,0.04366,4400720,191316.29281,1546,2071059,90027.56712,-0.0004578754578754,ARPA-USDT,0.0434386313985493,0.0434432178016669,
2023-10-03 23:00:00,0.04366,0.04366,0.04331,0.04333,6377758,277077.77823,2804,3229900,140316.63902,-0.0011526048870447,ARPA-USDT,0.0436282542357571,0.0435918160916776,
2023-10-04 00:00:00,0.04333,0.04336,0.04198,0.04246,35616569,1520089.15321,10406,15619808,666072.49416,-0.0004708097928436,ARPA-USDT,0.043334804738007,0.0432910879500954,4.924e-05
2023-10-04 01:00:00,0.04246,0.04255,0.04231,0.04247,9439347,400532.85331,3673,4292854,182180.58509,-0.0004706989879971,ARPA-USDT,0.0423950476383539,0.0423845350074951,
2023-10-04 02:00:00,0.04247,0.04276,0.04243,0.04273,3759484,160226.15033,1559,1843550,78572.14829,-0.0009352349777882,ARPA-USDT,0.0424489080458026,0.0424761919927727,
2023-10-04 03:00:00,0.04273,0.04287,0.04268,0.04277,3465104,148179.04337,1511,1653894,70730.59151,-0.0009343611305768,ARPA-USDT,0.0427231177907574,0.0427176937080945,
2023-10-04 04:00:00,0.04278,0.04281,0.04259,0.04264,4055697,173160.78181,1643,1459417,62347.57967,-0.0007030700726505,ARPA-USDT,0.0427790229703944,0.0427238730276993,
2023-10-04 05:00:00,0.04263,0.04286,0.04256,0.04286,3041848,129858.02151,1493,1446682,61746.90765,-0.0006994637444625,ARPA-USDT,0.0426360977167216,0.042636175824721,
2023-10-04 06:00:00,0.04286,0.04297,0.04268,0.04296,3473784,148644.77861,1296,1850963,79210.68263,-0.0006978367062108,ARPA-USDT,0.0428413149998578,0.0427758872169645,
2023-10-04 07:00:00,0.04296,0.04307,0.04286,0.043,4886735,209934.18743,1608,2037852,87575.71116,-0.0004649000464901,ARPA-USDT,0.04297312805008,0.0429910771311007,
2023-10-04 08:00:00,0.04299,0.04327,0.04281,0.04322,9459054,406687.2586,2764,3656758,157293.98309,-0.0009246417013406,ARPA-USDT,0.0429783308152904,0.0428909115183852,4.64e-05
2023-10-04 09:00:00,0.04322,0.04327,0.04305,0.04312,8056298,347908.89366,2125,4625412,199734.85642,-0.0004636068613815,ARPA-USDT,0.0432144568948173,0.0431847382918034,
2023-10-04 10:00:00,0.04311,0.04321,0.04292,0.04305,11387967,490763.60405,2392,6734940,290221.82911,-0.0004643603436266,ARPA-USDT,0.0431619891671913,0.0431335253008152,
2023-10-04 11:00:00,0.04304,0.04311,0.04299,0.04309,5359293,230695.26513,1587,3116322,134138.49952,-0.0006957328385899,ARPA-USDT,0.0430331082218445,0.0430499710513552,
2023-10-04 12:00:00,0.04309,0.04324,0.043,0.04313,4531446,195497.51973,1471,2254808,97270.95911,-0.0006950880444854,ARPA-USDT,0.0431126168026615,0.0430938249934386,
2023-10-04 13:00:00,0.04313,0.04313,0.04269,0.04287,10911432,467829.31265,2274,5132527,220129.38887,0.0,ARPA-USDT,0.0431194817518248,0.0431026182746532,
2023-10-04 14:00:00,0.04287,0.04299,0.04272,0.04295,8847907,379209.23703,2187,4576840,196190.15301,-0.0004654410053525,ARPA-USDT,0.0428905227399315,0.0428728989651955,
2023-10-04 15:00:00,0.04295,0.04313,0.04289,0.04299,6152107,264691.31831,2017,3221503,138615.38904,-0.0009295840111549,ARPA-USDT,0.042923154092659,0.0429206018923205,
2023-10-04 16:00:00,0.04298,0.0434,0.0429,0.04317,6997975,301647.69519,1948,3772323,162597.62832,-0.0004630701551284,ARPA-USDT,0.0429476411384302,0.0429421758472357,0.0001
2023-10-04 17:00:00,0.04316,0.04326,0.04313,0.0432,1961575,84714.61438,1002,729208,31500.69745,-0.0011560693641616,ARPA-USDT,0.0431445264483452,0.0431390970964571,
2023-10-04 18:00:00,0.0432,0.04327,0.04308,0.04315,6863607,296323.26473,1679,2446949,105661.90528,-0.000463284688441,ARPA-USDT,0.0432163897029247,0.0432086712527262,
2023-10-04 19:00:00,0.04314,0.04355,0.04311,0.04327,7231201,313340.48325,2437,3612491,156530.84379,-0.0004620004620004,ARPA-USDT,0.0432087538752667,0.0432743666843424,
2023-10-04 20:00:00,0.04327,0.04342,0.0432,0.04328,3206375,138921.61498,1161,1405106,60887.565480000005,-0.0006926806742092,ARPA-USDT,0.0432573412132431,0.0432338405230646,
2023-10-04 21:00:00,0.04327,0.04348,0.04327,0.0434,1618560,70240.85913,795,716336,31090.4399,-0.0004606172270842,ARPA-USDT,0.0432812787966821,0.0433184287161358,
2023-10-04 22:00:00,0.0434,0.04359,0.0434,0.04357,1776622,77266.78110000001,902,1106774,48132.90573,-0.0006880733944955,ARPA-USDT,0.0434050434439178,0.043419826165015,
2023-10-04 23:00:00,0.04357,0.04364,0.04339,0.04341,2287814,99606.24433,1017,1077032,46914.3951,-0.0004605111673959,ARPA-USDT,0.043575537062125,0.0435891245978889,
2023-10-05 00:00:00,0.0434,0.0436,0.04321,0.0435,5888663,255359.39088,1558,2723449,118130.0904,-0.0002298322224776,ARPA-USDT,0.0434070756690921,0.0433836376607778,0.0001
2023-10-05 01:00:00,0.04349,0.04353,0.04319,0.04333,2977785,129058.16773,1108,1398345,60622.78854,-0.0009222965183306,ARPA-USDT,0.0434479241915991,0.043478644495414,
2023-10-05 02:00:00,0.04334,0.04335,0.04319,0.04333,1148031,49677.71299,713,514407,22258.45231,-0.0002307337332717,ARPA-USDT,0.043340063781039,0.0433299842182796,
2023-10-05 03:00:00,0.04332,0.04346,0.04329,0.04331,2379721,103235.78532,888,1101246,47791.28257,-0.0011531365313653,ARPA-USDT,0.0433188124197325,0.0433202909720411,
2023-10-05 04:00:00,0.04331,0.04343,0.04327,0.04342,1745940,75703.55486999999,899,919515,39868.827,-0.0002302555836979,ARPA-USDT,0.0433132346294537,0.0433201174889584,
2023-10-05 05:00:00,0.04343,0.04353,0.04337,0.04346,3861915,167871.99046,1000,1819159,79085.52753,-0.0002300437083045,ARPA-USDT,0.0434324465393731,0.0434372428833195,
2023-10-05 06:00:00,0.04345,0.04349,0.04327,0.04328,3590120,155693.92342,1071,1373553,59568.08979,-0.0006926806742092,ARPA-USDT,0.043428898488544,0.0434472478386331,
2023-10-05 07:00:00,0.04328,0.04334,0.04309,0.04314,5033496,217422.14866,1531,1642472,70931.4901,-0.0002317497103129,ARPA-USDT,0.043266481733788,0.0432458738454854,
2023-10-05 08:00:00,0.04314,0.04325,0.04311,0.0432,3035025,130994.95843,1244,1685625,72761.89099,-0.0002314279102059,ARPA-USDT,0.0431516765264387,0.0431950469286701,0.0001
2023-10-05 09:00:00,0.04319,0.04329,0.04313,0.04324,2141497,92564.65879,942,980231,42366.92118,-0.0006933210076265,ARPA-USDT,0.0431958028132703,0.0431595637176789,
2023-10-05 10:00:00,0.04324,0.04335,0.04317,0.04334,2071904,89622.30886,789,1190468,51502.54993,-0.0002306805074971,ARPA-USDT,0.0432654044632847,0.0432808641438169,
2023-10-05 11:00:00,0.04333,0.04337,0.04317,0.04318,1912059,82783.73498000001,978,839626,36359.39068,-0.0013876040703052,ARPA-USDT,0.0433561761119732,0.0433572140113393,
2023-10-05 12:00:00,0.04317,0.04319,0.04298,0.043,5173601,222857.74395,1536,2152029,92697.15755,-0.0002325040688212,ARPA-USDT,0.0431511714373579,0.0431504962157282,
2023-10-05 13:00:00,0.043,0.04332,0.04299,0.04313,7610372,328609.48795,2277,3472987,149994.29845,-0.0006950880444854,ARPA-USDT,0.043007169733369,0.0430279822037545,
2023-10-05 14:00:00,0.04312,0.0432,0.04302,0.04305,5065252,218348.70809,1383,2700893,116452.12719,-0.0002322340919648,ARPA-USDT,0.0430887191921728,0.0430878309355528,
2023-10-05 15:00:00,0.04304,0.04306,0.04239,0.04273,14281397,610091.7209,3463,6465673,276168.29505,-0.00046783625731,ARPA-USDT,0.0430463910542176,0.0429688015402955,
2023-10-05 16:00:00,0.04272,0.04283,0.04254,0.04264,6655816,284167.85633,2157,3338319,142531.06355,0.0,ARPA-USDT,0.0427437762504155,0.0427299104427638,1.929e-05
2023-10-05 17:00:00,0.04262,0.04282,0.04252,0.04282,4120160,175782.73944,1396,2000180,85328.46237,-0.000233481204763,ARPA-USDT,0.0426215633931134,0.0426225999488179,
2023-10-05 18:00:00,0.04281,0.04283,0.04262,0.04281,2426292,103639.51628,1280,1254762,53609.19264,-0.000466962409526,ARPA-USDT,0.0428084993165793,0.0427997818952487,
2023-10-05 19:00:00,0.0428,0.04283,0.0427,0.04281,2194845,93886.69211,924,876122,37473.70725,0.0007012622720898,ARPA-USDT,0.0427900324474464,0.0427925188241088,
2023-10-05 20:00:00,0.0428,0.04294,0.0428,0.04291,1781742,76418.5136,992,727472,31198.00817,-0.000232991612302,ARPA-USDT,0.0428106211631664,0.0428126971665919,
2023-10-05 21:00:00,0.0429,0.04295,0.04285,0.04294,1151829,49408.88093,837,604958,25956.08602,-0.0006981615080289,ARPA-USDT,0.0428962220784776,0.0428926327676746,
2023-10-05 22:00:00,0.04294,0.043,0.04278,0.04297,2391677,102605.24255,1081,890603,38212.32031,-0.0002326663564448,ARPA-USDT,0.0429321947678695,0.0428896010382244,
2023-10-05 23:00:00,0.04298,0.04301,0.04274,0.04277,2646560,113424.99363,888,643283,27551.61082,-0.0002337540906964,ARPA-USDT,0.0429927071001183,0.0429955192160068,
2023-10-06 00:00:00,0.04278,0.04295,0.04275,0.04289,2293338,98275.60813,953,1083144,46408.88701,0.0,ARPA-USDT,0.0427941375266282,0.0428364340632369,0.0001
2023-10-06 01:00:00,0.04289,0.04307,0.04288,0.04302,1312881,56424.52297,606,621114,26686.60639,-0.0002323960027886,ARPA-USDT,0.0428898046822249,0.0429009817195373,
2023-10-06 02:00:00,0.04303,0.04313,0.043,0.0431,1429906,61570.951120000005,738,761615,32793.65275,-0.0004638218923933,ARPA-USDT,0.0430241808938462,0.0430281924757226,
2023-10-06 03:00:00,0.04309,0.0431,0.043,0.04308,744189,32035.69727,571,366154,15761.71988,-0.0002320724065909,ARPA-USDT,0.0430945628814579,0.0430576906493297,
2023-10-06 04:00:00,0.04307,0.0431,0.04286,0.04288,1564961,67214.9127,746,670521,28794.5118,-0.0004662004662004,ARPA-USDT,0.0430861453147646,0.0430804431473417,
2023-10-06 05:00:00,0.04288,0.04301,0.04287,0.04298,3077689,132128.61427,1197,1259068,54053.18411,-0.0004651162790697,ARPA-USDT,0.0429048086849269,0.0429007941679101,
2023-10-06 06:00:00,0.04298,0.04339,0.04297,0.04336,6753274,291779.93136,1768,3323652,143594.6919,-0.0004610419548178,ARPA-USDT,0.0429896414799662,0.0430128632073784,
2023-10-06 07:00:00,0.04336,0.04342,0.04317,0.04329,6729964,291419.33257,1637,3356514,145330.62759,-0.0004617871161394,ARPA-USDT,0.0432838162828046,0.0432670818984144,
2023-10-06 08:00:00,0.0433,0.04336,0.0432,0.04323,1610482,69699.23114,858,589491,25508.948,-0.0002312673450509,ARPA-USDT,0.0432930162159313,0.0432973542621622,0.0001
2023-10-06 09:00:00,0.04322,0.04324,0.04306,0.04318,2592428,111824.92921,1038,1362845,58789.91541,0.0,ARPA-USDT,0.0432212272647778,0.0432008071031529,
2023-10-06 10:00:00,0.04318,0.04327,0.04308,0.04308,2702248,116728.25563,882,1220729,52733.3803,-0.0009276437847866,ARPA-USDT,0.0431841463536964,0.0431864470211892,
2023-10-06 11:00:00,0.04308,0.04317,0.04301,0.04312,3013388,129856.66204,1007,1506584,64946.98193,-0.0002318571759796,ARPA-USDT,0.0430979940661008,0.043054150765031,
2023-10-06 12:00:00,0.04311,0.04355,0.04285,0.043,28217898,1216455.8304,5737,16161409,697138.02351,-0.0009293680297398,ARPA-USDT,0.0431075826136764,0.0431177704394197,
2023-10-06 13:00:00,0.04301,0.04348,0.0429,0.04337,9827049,425576.11567,3061,4720256,204452.04927,0.0,ARPA-USDT,0.042952179593353,0.0430570118336447,
2023-10-06 14:00:00,0.04337,0.04347,0.04332,0.04342,2432143,105542.36455,1291,1163323,50490.01982,-0.0004604051565377,ARPA-USDT,0.0433742078335251,0.0433749977640739,
2023-10-06 15:00:00,0.04341,0.04379,0.04339,0.04362,8033170,350507.71849,2386,4470743,195089.66088,-0.0004582951420715,ARPA-USDT,0.0434080442891442,0.0434458286383642,
2023-10-06 16:00:00,0.04361,0.04366,0.04339,0.04352,5437626,236720.17826,1761,2509497,109248.52401,-0.0009182736455463,ARPA-USDT,0.0436389962392911,0.0436283120434006,0.0001
2023-10-06 17:00:00,0.04352,0.04375,0.04345,0.0436,3581782,156283.59897,1190,1790943,78142.47378,-0.0002293052052282,ARPA-USDT,0.0435150261650114,0.0435121445737759,
2023-10-06 18:00:00,0.0436,0.04362,0.04348,0.04354,2472778,107672.64021,1138,1421482,61896.04179,-0.0002296211251434,ARPA-USDT,0.0436054856442059,0.0435948159481441,
2023-10-06 19:00:00,0.04355,0.04363,0.04346,0.04347,3215206,139934.80022,1025,1697532,73879.70676,-0.0009193288899103,ARPA-USDT,0.0435203731309724,0.0435100355460706,
2023-10-06 20:00:00,0.04348,0.04354,0.04343,0.04344,1583336,68847.04127,848,843183,36668.50543,-0.0006901311249137,ARPA-USDT,0.0435185785987394,0.0434952066200836,
2023-10-06 21:00:00,0.04344,0.0438,0.04339,0.04364,4655377,202990.56333,1394,2912634,126978.11642,-0.0006869704602702,ARPA-USDT,0.0434368005969565,0.043437507194992,
2023-10-06 22:00:00,0.04363,0.0437,0.0434,0.04341,3040219,132453.289,1264,1634098,71216.52445,-0.0006906077348066,ARPA-USDT,0.0436619703046935,0.0436361837501629,
2023-10-06 23:00:00,0.04341,0.04345,0.04332,0.04344,3210629,139285.28127,1360,1819461,78935.14457,0.0009216589861751,ARPA-USDT,0.0434242150452631,0.043401018014642,
2023-10-07 00:00:00,0.04345,0.04359,0.04337,0.0435,4193719,182298.92691,1746,2155993,93709.82459,0.0,ARPA-USDT,0.0434668517535896,0.0434378676451844,-0.00015715
2023-10-07 01:00:00,0.0435,0.04355,0.04329,0.04339,2761621,119940.73737,1404,1597334,69398.33658,0.0,ARPA-USDT,0.0434971204484588,0.0435166506842109,
2023-10-07 02:00:00,0.04339,0.04346,0.04332,0.04332,1559118,67680.62126,944,753738,32721.97212,-0.0016132749481447,ARPA-USDT,0.0434369048374746,0.0434107821958633,
2023-10-07 03:00:00,0.04331,0.04344,0.04328,0.04334,1303519,56509.56385,830,576121,24975.08984,-0.000691722388748,ARPA-USDT,0.0433094755537844,0.0433011675857343,
2023-10-07 04:00:00,0.04333,0.04351,0.04333,0.04345,1535394,66687.36381,875,868173,37709.34917,-0.0004600874166091,ARPA-USDT,0.0433466980982252,0.0433576883461191,
2023-10-07 05:00:00,0.04345,0.04356,0.04341,0.0435,2214730,96289.57596,834,1136131,49400.407790000005,-0.0006891798759476,ARPA-USDT,0.0434618855408366,0.043444131434977,
2023-10-07 06:00:00,0.04351,0.04352,0.04326,0.04328,3243973,140649.83728,1135,1757063,76166.50757999999,-0.0004618937644341,ARPA-USDT,0.043506102632161,0.0435090623350539,
2023-10-07 07:00:00,0.04328,0.04338,0.04321,0.04329,3565421,154303.82074,1055,1522783,65924.78458,-0.0004617871161394,ARPA-USDT,0.0432646428888369,0.0432708736111336,
2023-10-07 08:00:00,0.04328,0.04347,0.0432,0.04343,2588662,112050.28358,1248,1407706,60925.3482,-0.000690289921767,ARPA-USDT,0.043265719144706,0.0432551286536961,2.696e-05
2023-10-07 09:00:00,0.04344,0.04346,0.04327,0.04329,1339887,58071.24627,1003,665757,28858.42595,-0.0006925207756232,ARPA-USDT,0.0434495981771535,0.0434358225007754,
2023-10-07 10:00:00,0.0433,0.04337,0.04327,0.04332,1046312,45325.05961,930,497876,21568.9959,-0.0006920415224913,ARPA-USDT,0.0432948856381062,0.0432912689714336,
2023-10-07 11:00:00,0.04331,0.04342,0.04326,0.0433,2295907,99519.80655,1188,1114718,48320.85294,-0.0009229349330871,ARPA-USDT,0.0433217559262511,0.0433421233977613,
2023-10-07 12:00:00,0.0433,0.04337,0.04327,0.04333,1642839,71158.69154,930,748818,32435.83807,-0.0006918819188191,ARPA-USDT,0.0433251543556782,0.0433087362069736,
2023-10-07 13:00:00,0.04333,0.04346,0.04332,0.04335,1696019,73575.81935,861,783719,33996.29462,-0.0013821700069107,ARPA-USDT,0.0433358650905541,0.0433488425484706,
2023-10-07 14:00:00,0.04335,0.04345,0.04328,0.04343,2172413,94162.44824,980,1257302,54515.7827,-0.0004602991944764,ARPA-USDT,0.0433548774696048,0.0433285401134764,
2023-10-07 15:00:00,0.04342,0.04345,0.04321,0.04326,3464406,150080.15521,1060,1399326,60632.125960000005,-0.0004621072088724,ARPA-USDT,0.043417777897516,0.0434178338430505,
2023-10-07 16:00:00,0.04326,0.04332,0.04281,0.0431,17024756,734229.55041,3194,8000100,345221.35421,-0.000927213722763,ARPA-USDT,0.0432627930887169,0.0432529147578818,0.0001
2023-10-07 17:00:00,0.0431,0.04316,0.04288,0.04296,4919694,211547.90165,1441,2073355,89163.26904,-0.0006978367062108,ARPA-USDT,0.0431266105565718,0.0430789856742871,
2023-10-07 18:00:00,0.04296,0.04303,0.04292,0.04293,3414815,146716.44055,954,1534753,65943.42801,-0.0011633317822241,ARPA-USDT,0.0429599676166946,0.0429571107783728,
2023-10-07 19:00:00,0.04293,0.04294,0.0428,0.04284,2771002,118826.51167,1145,1213116,52036.62812,-0.000699790062981,ARPA-USDT,0.0429233542953708,0.0428878519036607,
2023-10-07 20:00:00,0.04284,0.04302,0.04276,0.043,2694458,115503.31339,1218,1377941,59068.17624,-0.0006971880083662,ARPA-USDT,0.0428332036545282,0.0428501816098514,
2023-10-07 21:00:00,0.043,0.04312,0.04296,0.04307,2263898,97411.49482,1031,832670,35840.29019,-0.0004641448131817,ARPA-USDT,0.0429909999704936,0.0429776020936717,
2023-10-07 22:00:00,0.04307,0.04312,0.04298,0.04309,1780290,76663.11604,877,950977,40952.60017,-0.0002320185614848,ARPA-USDT,0.0430916309517403,0.0430953636996591,
2023-10-07 23:00:00,0.04308,0.04309,0.04298,0.04309,1186112,51043.21049,783,596857,25687.78411,0.0,ARPA-USDT,0.0430795766363664,0.0430724108130155,
2023-10-08 00:00:00,0.04308,0.04318,0.043,0.04313,3024955,130344.26627,1195,1683905,72563.53387,-0.0006950880444854,ARPA-USDT,0.0430614799822283,0.0430531684812889,0.0001
2023-10-08 01:00:00,0.04312,0.04315,0.04297,0.04307,3006854,129439.19046,994,1321454,56895.36611,-0.0002321262766945,ARPA-USDT,0.0431147383710206,0.0431213116022666,
2023-10-08 02:00:00,0.04307,0.04321,0.04303,0.04304,1515019,65322.19656,792,765375,33000.297,0.0,ARPA-USDT,0.0430593389824291,0.0430556141719529,
2023-10-08 03:00:00,0.04304,0.04313,0.04295,0.04312,1107451,47658.22914,794,546404,23518.93103,0.0004640371229698,ARPA-USDT,0.0430346885391265,0.0430376453583243,
2023-10-08 04:00:00,0.04311,0.04312,0.04286,0.04287,2920189,125522.19919,1157,1307466,56191.9356,-0.0009321836401771,ARPA-USDT,0.0431096488083383,0.0430884599701231,
2023-10-08 05:00:00,0.04286,0.04291,0.04269,0.04284,4482643,191895.60452,1592,2309233,98855.76023,-0.0004666355576294,ARPA-USDT,0.0428640947627798,0.0428595016625312,
2023-10-08 06:00:00,0.04284,0.04297,0.0428,0.04282,2203253,94528.05887,848,890603,38204.53544,-0.000233481204763,ARPA-USDT,0.0428324651987469,0.0428550949726725,
2023-10-08 07:00:00,0.04281,0.04293,0.0428,0.0429,1269916,54450.71686,701,659736,28289.17433,-0.0002330459100441,ARPA-USDT,0.042816524213075,0.0428444136684874,
2023-10-08 08:00:00,0.0429,0.04296,0.0428,0.04291,2736649,117323.27279,1310,1319152,56556.09217,0.0002331002331001,ARPA-USDT,0.0428746087980391,0.0428330162301516,-6.524e-05
2023-10-08 09:00:00,0.0429,0.04293,0.04262,0.04266,4262120,182276.16705,1539,1397456,59802.1757,-0.0007027406886859,ARPA-USDT,0.042908143525324,0.0429094161699203,
2023-10-08 10:00:00,0.04267,0.04267,0.04187,0.0421,23681939,1001273.12563,6620,7502572,316866.4352,-0.0002374732842556,ARPA-USDT,0.0426471442323569,0.0426316365630312,
2023-10-08 11:00:00,0.04209,0.04224,0.04205,0.04224,4200461,177080.72997,1498,2600225,109637.04076,-0.0002366863905326,ARPA-USDT,0.0420738351147389,0.0421281804766584,
2023-10-08 12:00:00,0.04223,0.0424,0.04217,0.0423,8924125,377310.01903,4546,4715190,199388.27842,-0.0009447331128957,ARPA-USDT,0.0422069858663464,0.0422391976348573,
2023-10-08 13:00:00,0.0423,0.04253,0.0421,0.04245,6038131,255661.06404,2266,2361774,99983.44277,0.0,ARPA-USDT,0.042305671516976,0.0423109594281092,
2023-10-08 14:00:00,0.04244,0.04261,0.04242,0.04255,2482839,105528.88464,1412,1082765,46033.59505,-0.0009391876027238,ARPA-USDT,0.0424385145267802,0.0424593897220853,
2023-10-08 15:00:00,0.04255,0.04266,0.04246,0.04247,3192598,135960.80945,1634,1485098,63259.10004,-0.0007058823529412,ARPA-USDT,0.042573378957411,0.0426146559155655,
2023-10-08 16:00:00,0.04248,0.04267,0.04246,0.0425,2703978,115096.04688,1274,1290086,54915.63562,-0.0004703668861711,ARPA-USDT,0.0424772888264455,0.0425025802689998,3.806e-05
2023-10-08 17:00:00,0.0425,0.04255,0.04231,0.04232,2928654,124249.15014,1370,1048860,44512.13075,-0.0004723665564477,ARPA-USDT,0.0425114213604185,0.0425223795677634,
2023-10-08 18:00:00,0.04232,0.04233,0.04216,0.04227,3320876,140264.7216,1487,1797992,75942.9096,-0.0004729250413809,ARPA-USDT,0.0423042540180021,0.0423000701506428,
2023-10-08 19:00:00,0.04228,0.04238,0.04228,0.04236,1792720,75912.7788,898,1116609,47283.84676,-0.0007077140835101,ARPA-USDT,0.0422918947703429,0.0423097105097933,
2023-10-08 20:00:00,0.04236,0.04253,0.04233,0.04248,2603985,110446.63148,1484,1632200,69232.82582,0.0,ARPA-USDT,0.0423714184026644,0.0423818693706509,
2023-10-08 21:00:00,0.04247,0.04259,0.04244,0.04245,2390316,101613.97854,1151,1333955,56712.31633,-0.0004709206498705,ARPA-USDT,0.042474857690153,0.0425095536162216,
2023-10-08 22:00:00,0.04245,0.04249,0.04229,0.04239,3938854,166873.02254,1652,1808687,76639.12347,-0.0002358490566038,ARPA-USDT,0.0424491730092892,0.0424662668279878,
2023-10-08 23:00:00,0.04238,0.04238,0.04228,0.04237,1930259,81707.67246,1133,1050464,44461.81316,-0.0002359603586598,ARPA-USDT,0.0423402797078705,0.0423436396306124,
2023-10-09 00:00:00,0.04236,0.04237,0.04211,0.04224,4298413,181577.43494,1837,1993316,84222.8384,-0.0011823126034523,ARPA-USDT,0.0423580389711613,0.0423504717315355,7.43e-06
2023-10-09 01:00:00,0.04225,0.04253,0.04216,0.0425,2302210,97384.52725,1295,1155842,48899.53621,-0.0004703668861711,ARPA-USDT,0.0422361048754956,0.0422298095489897,
2023-10-09 02:00:00,0.04251,0.04259,0.04236,0.04255,2623350,111441.18565,1279,1320137,56080.32229,-0.0011737089201878,ARPA-USDT,0.042521513835183,0.0425065191201762,
2023-10-09 03:00:00,0.04254,0.04263,0.04251,0.04252,1621273,69054.95052,909,1026131,43714.10483,-0.000470145745181,ARPA-USDT,0.0425617850117096,0.0425704746494007,
2023-10-09 04:00:00,0.04251,0.04254,0.04245,0.04245,2266220,96297.20116,1098,1039883,44188.21352,-0.0007062146892654,ARPA-USDT,0.0425267582757443,0.0425296523599892,
2023-10-09 05:00:00,0.04245,0.04248,0.0422,0.04222,3621381,153209.49486,1518,1694609,71712.11624,-0.0002367984844896,ARPA-USDT,0.0424481802021798,0.0424455533414575,
2023-10-09 06:00:00,0.04222,0.04228,0.04217,0.04225,3116553,131589.21899,1188,1815016,76643.37157999999,-0.0004731488052992,ARPA-USDT,0.0422025814907943,0.0421905610018378,
2023-10-09 07:00:00,0.04225,0.04227,0.04165,0.04182,18174363,761223.0954700001,4063,6733431,281885.12047,-0.0004780114722753,ARPA-USDT,0.0422374327030033,0.0422368815951088,
2023-10-09 08:00:00,0.04182,0.04184,0.04145,0.04159,13796894,574573.70994,3881,5920594,246663.489,-0.000480653689017,ARPA-USDT,0.041814389422098,0.0418145016162689,-4.683e-05
2023-10-09 09:00:00,0.04159,0.04164,0.03977,0.04055,39291791,1597376.95804,9303,17532082,712576.31979,-0.0009854644000985,ARPA-USDT,0.0415714223879239,0.0415327779855217,
2023-10-09 10:00:00,0.04054,0.04075,0.04047,0.04062,11454125,465639.51784,3999,5837142,237288.17049,-0.0009837678307919,ARPA-USDT,0.0405155455135146,0.0406269004837167,
2023-10-09 11:00:00,0.04062,0.04064,0.04022,0.0403,10792796,435971.57175,3199,4754425,192044.71626,0.0,ARPA-USDT,0.0406126437491526,0.0406200719303829,
2023-10-09 12:00:00,0.04029,0.04049,0.04016,0.04038,8541423,344273.85148,2631,4176844,168338.99807,-0.0007423904974016,ARPA-USDT,0.0402824168654952,0.0402420995405302,
2023-10-09 13:00:00,0.04037,0.04063,0.04036,0.04061,5061600,204930.74354,1648,2715309,109917.05243,-0.000738188976378,ARPA-USDT,0.0403838901673097,0.0403894531776462,
2023-10-09 14:00:00,0.0406,0.04069,0.04047,0.04048,4845673,196656.54371,2015,1894146,76906.18647,-0.0007405578869413,ARPA-USDT,0.0405984951711451,0.0406093372661947,
2023-10-09 15:00:00,0.04048,0.04056,0.04034,0.04038,7873690,318613.41183,2591,3195639,129324.68334,-0.0004950495049504,ARPA-USDT,0.0404932235447242,0.0404400478357437,
2023-10-09 16:00:00,0.04038,0.0404,0.03929,0.03993,32040053,1278626.20941,8775,14401573,574641.79729,-0.0005006257822277,ARPA-USDT,0.0403864538659891,0.040283140098491,-5.523e-05
2023-10-09 17:00:00,0.03994,0.04008,0.03978,0.04007,7304381,291364.08482,2339,3425002,136666.50233,0.0,ARPA-USDT,0.0399114782159472,0.0398591361506155,
2023-10-09 18:00:00,0.04006,0.04019,0.03998,0.03998,6749216,270581.107,1837,3225653,129324.61451,0.0002501876407305,ARPA-USDT,0.0400986402206194,0.040129879054517,
2023-10-09 19:00:00,0.03998,0.04004,0.03991,0.04,3519542,140640.90739,1486,1995185,79729.46411,0.0002500625156289,ARPA-USDT,0.0399660022676981,0.0399534109751062,
2023-10-09 20:00:00,0.03999,0.04014,0.03969,0.03971,14030743,560282.45278,4702,6887341,275152.62727,0.0,ARPA-USDT,0.0399688936405396,0.0399638549427584,
2023-10-09 21:00:00,0.0397,0.04,0.03959,0.03992,9117804,362810.92507,2524,5349196,212780.10456,0.0,ARPA-USDT,0.0397186531486375,0.0397054143369463,
2023-10-09 22:00:00,0.03992,0.03996,0.03979,0.03985,5580423,222575.27701,1870,2817718,112389.10384,-0.0005016302984701,ARPA-USDT,0.0399040590539019,0.0398793563775962,
2023-10-09 23:00:00,0.03985,0.04002,0.03985,0.03997,4764992,190261.33772,1456,2443217,97540.01698,0.0002502502502501,ARPA-USDT,0.0398644858512697,0.0398707387235151,
2023-10-10 00:00:00,0.03998,0.04014,0.03986,0.03992,5534416,221461.54829,2351,2786201,111485.33155,-0.0002504382669672,ARPA-USDT,0.0399654635694953,0.0399892698939224,-6.221e-05
2023-10-10 01:00:00,0.03991,0.03996,0.03972,0.03981,4534826,180656.89313,1726,2023376,80593.28651,-0.0007530120481927,ARPA-USDT,0.0399388062833539,0.0399331893279975,
2023-10-10 02:00:00,0.03981,0.0401,0.03971,0.04003,4117275,164102.11223,1622,2090014,83284.54139,-0.0007488766849724,ARPA-USDT,0.0398119236146415,0.0398085396396236,
2023-10-10 03:00:00,0.04004,0.04013,0.03994,0.03998,2248958,90021.10941,1374,1123527,44966.71623,-0.0002500625156287,ARPA-USDT,0.0400483826549244,0.0400260095952485,
2023-10-10 04:00:00,0.03997,0.04005,0.0398,0.03981,10748721,429393.74232,3250,4760241,190221.44529,-0.0005021340697966,ARPA-USDT,0.039978153156471,0.0399606590937504,
2023-10-10 05:00:00,0.0398,0.03999,0.03972,0.03995,2450912,97631.36804,1309,1388409,55295.41967,-0.0002502502502502,ARPA-USDT,0.0398040496523402,0.0397979162790231,
2023-10-10 06:00:00,0.03995,0.04019,0.03993,0.04018,3690390,147815.58906,1952,2079683,83320.37662,-0.0002488181139586,ARPA-USDT,0.0399559010928892,0.039947749003261,
2023-10-10 07:00:00,0.04018,0.04025,0.04005,0.04005,2882688,115835.2441,1514,1406967,56551.96474,-0.0007485029940118,ARPA-USDT,0.0401696263730009,0.0401591888013469,
2023-10-10 08:00:00,0.04005,0.04016,0.04003,0.04005,2714498,108810.3389,1338,1351321,54169.72598,0.0,ARPA-USDT,0.0400567436708273,0.0400688135248747,-0.00014553
2023-10-10 09:00:00,0.04004,0.04023,0.03997,0.04019,4539548,181938.24855,1600,2121083,85036.95565999999,-0.0002487562189055,ARPA-USDT,0.0400352753922378,0.0400177988752684,
2023-10-10 10:00:00,0.04019,0.04025,0.04005,0.04006,3576252,143596.58140999998,1768,1641453,65908.94963,-0.0007483162883512,ARPA-USDT,0.0402304188381182,0.0401952158559328,
2023-10-10 11:00:00,0.04006,0.04014,0.03997,0.04,2196766,87993.45038000001,1132,1056062,42308.23804,-0.0002499375156209,ARPA-USDT,0.0400636467265309,0.0400676748757024,
2023-10-10 12:00:00,0.03999,0.04013,0.03985,0.03991,12553036,502281.56977,3687,6897114,276019.75178,-0.0002505010020038,ARPA-USDT,0.0399717285032672,0.040014961232297,
2023-10-10 13:00:00,0.0399,0.04013,0.03989,0.04013,7656103,306340.70617,2266,4032052,161308.04698,0.0,ARPA-USDT,0.0399246428452001,0.0399456993395578,
2023-10-10 14:00:00,0.04013,0.04054,0.04012,0.04025,9248318,372995.77112,2522,3829673,154491.70876,-0.0007447864945382,ARPA-USDT,0.0401313163234403,0.040181881631007,
2023-10-10 15:00:00,0.04024,0.04045,0.04022,0.04027,7905205,318905.80567000003,2306,3535516,142620.49714,-0.0007444168734491,ARPA-USDT,0.0402687866937307,0.0403004081683826,
2023-10-10 16:00:00,0.04027,0.0404,0.04014,0.04033,6563964,264389.73939,1816,3132316,126180.06174,0.0,ARPA-USDT,0.0402815996136273,0.0402905592322092,0.0001
2023-10-10 17:00:00,0.04033,0.04037,0.03997,0.04005,4190497,168352.44453,1717,2190884,88005.37183999999,0.0004996252810391,ARPA-USDT,0.0403206133588376,0.0403412057070096,
2023-10-10 18:00:00,0.04004,0.04011,0.03997,0.04004,4042023,161781.30752,1544,2086167,83495.79974,0.0007498125468632,ARPA-USDT,0.0400353721412401,0.0400398289958064,
2023-10-10 19:00:00,0.04003,0.04024,0.03997,0.04021,4545496,182310.18937,1507,2418170,96994.26912,-0.0009937888198757,ARPA-USDT,0.0400331514179966,0.0400767111267572,
2023-10-10 20:00:00,0.04021,0.04036,0.03959,0.03988,24570995,984622.73938,6451,12214263,489793.90908,-0.0005012531328321,ARPA-USDT,0.0401973597444069,0.04022871626426,
2023-10-10 21:00:00,0.03987,0.04007,0.03982,0.04002,4151823,165892.87627,1304,2159597,86284.26987999999,-0.00099850224663,ARPA-USDT,0.0398917741480684,0.0399108413132844,
2023-10-10 22:00:00,0.04003,0.04029,0.04002,0.04019,3488456,140180.76199,1136,1873217,75241.27034,-0.0007458975634013,ARPA-USDT,0.0400836483490098,0.0401416678319292,
2023-10-10 23:00:00,0.04018,0.04024,0.04005,0.0401,3531029,141781.91101,1411,1745161,70046.89153,-0.0004985044865405,ARPA-USDT,0.040171676389207,0.040193234280634,
2023-10-11 00:00:00,0.04011,0.04027,0.03999,0.04025,4567832,183232.21954,1873,2179490,87428.84492999999,-0.0007447864945382,ARPA-USDT,0.0400759586866788,0.0400983092359205,0.0001
2023-10-11 01:00:00,0.04025,0.04036,0.04015,0.04031,2805474,113033.68446,1289,1050518,42316.08474,-0.001238850346878,ARPA-USDT,0.0402269610945774,0.0401903420925095,
2023-10-11 02:00:00,0.04031,0.04032,0.03938,0.03968,16098759,639161.41648,3541,7888301,313058.50372,-0.0002519526329051,ARPA-USDT,0.040297828436339,0.0402907568654159,
2023-10-11 03:00:00,0.03968,0.03994,0.03967,0.03968,5944417,236503.10118,1683,3008874,119719.77791,-0.0010070493454178,ARPA-USDT,0.0397483741474692,0.0397788585237365,
2023-10-11 04:00:00,0.03969,0.03996,0.03963,0.03993,4082148,162352.08662,1436,2178860,86668.99732,-0.0007507507507508,ARPA-USDT,0.0396739913945601,0.0397333415382717,
2023-10-11 05:00:00,0.03993,0.04,0.03978,0.03985,5321447,212306.81518,1778,2226454,88824.97694,-0.0002508780732565,ARPA-USDT,0.0399275718342799,0.0398957137022177,
2023-10-11 06:00:00,0.03985,0.03991,0.0397,0.03988,4497175,179094.52658,1548,2301137,91642.15573,0.0,ARPA-USDT,0.0398827722258523,0.0398706078750754,
2023-10-11 07:00:00,0.03987,0.03998,0.03979,0.03989,4248196,169569.2755,1493,1998058,79753.75019,-0.0002506265664159,ARPA-USDT,0.0398783633576808,0.0399377032340786,
2023-10-11 08:00:00,0.03987,0.04,0.03973,0.03999,7137065,284586.84244,2164,3908655,155867.89071,-0.0007496251874063,ARPA-USDT,0.0398605454261165,0.0398309063870569,0.0001
2023-10-11 09:00:00,0.04,0.04097,0.04,0.04056,24950464,1013543.17209,7089,11900497,483307.40358,-0.000739098300074,ARPA-USDT,0.0400289470144452,0.0400836615058717,
2023-10-11 10:00:00,0.04056,0.0408,0.04038,0.0404,14282312,579938.25672,3842,7115558,289043.02347,-0.0004948045522018,ARPA-USDT,0.0405295538769698,0.0405940814967704,
2023-10-11 11:00:00,0.04041,0.04042,0.04006,0.0401,9305735,374248.65214,2322,4196423,168738.16715,-0.0007475703962123,ARPA-USDT,0.0403946272575322,0.0403865120271895,
2023-10-11 12:00:00,0.0401,0.04036,0.04004,0.04034,11729442,471635.88374,3357,6517608,262085.50918,-0.0004955401387511,ARPA-USDT,0.0400864141597537,0.0400876988559904,
2023-10-11 13:00:00,0.04034,0.04048,0.04011,0.04025,8573123,345585.32224,2115,4269063,172121.94777,-0.0007447864945382,ARPA-USDT,0.040332339926501,0.0403896267026294,
2023-10-11 14:00:00,0.04025,0.04028,0.04014,0.04016,4208477,169231.99147,1062,2033019,81751.95427,-0.0004977600796416,ARPA-USDT,0.0402520045010969,0.0402351634959302,
2023-10-11 15:00:00,0.04016,0.04026,0.03973,0.0401,20802885,832648.75669,4756,11039286,442035.48858,-0.0014940239043825,ARPA-USDT,0.0401642220256523,0.0401745838889596,
2023-10-11 16:00:00,0.04011,0.04014,0.03982,0.03997,10248578,410102.15097,2231,5437508,217597.49755,-0.0009997500624843,ARPA-USDT,0.0400963789638231,0.0400960960499592,0.0001
2023-10-11 17:00:00,0.03995,0.04017,0.03988,0.04004,4940556,197805.42297,1597,2107247,84372.68439,-0.0024912805181863,ARPA-USDT,0.0399426785023276,0.0399398432230249,
2023-10-11 18:00:00,0.04004,0.04047,0.03999,0.04046,5172137,207941.55942,1567,3013673,121216.38831,-0.0012342631449023,ARPA-USDT,0.0400500883449977,0.0401033351717327,
2023-10-11 19:00:00,0.04046,0.04056,0.04019,0.04026,10259612,414160.18266,2060,4995916,201692.18573,-0.0007446016381236,ARPA-USDT,0.0404669822316219,0.0404769760199802,
2023-10-11 20:00:00,0.04026,0.04042,0.04012,0.04039,10706851,430787.73569,3134,5093482,204998.88055,-0.0004949269982676,ARPA-USDT,0.0403093217717813,0.0402556525840944,
2023-10-11 21:00:00,0.04038,0.0404,0.04025,0.04036,3540524,142758.07045,971,1934426,78002.81403,-0.0012373174956694,ARPA-USDT,0.0403907407640704,0.0403774508731125,
2023-10-11 22:00:00,0.04036,0.04045,0.04035,0.04043,2886888,116657.99769,989,1680765,67921.06706,0.0,ARPA-USDT,0.040365362478121,0.0403747970673111,
2023-10-11 23:00:00,0.04042,0.04045,0.0403,0.04044,4143697,167341.78931,1214,1691054,68292.91241,0.0004948045522019,ARPA-USDT,0.0404276643343361,0.0404125876916758,
2023-10-12 00:00:00,0.04042,0.04043,0.04017,0.04021,2615060,105427.39822,1028,801684,32320.59651,-0.0009937888198757,ARPA-USDT,0.0403645075665047,0.0403236359385874,0.0001
2023-10-12 01:00:00,0.04021,0.04021,0.04001,0.04002,2867859,115019.22899,1072,1206632,48388.70292,0.0,ARPA-USDT,0.0401986223880056,0.040169856026145,
2023-10-12 02:00:00,0.04001,0.04026,0.03995,0.04018,2870229,115151.86884,1091,1423531,57099.34888,-0.0007460830639145,ARPA-USDT,0.040021666524411,0.0400102697483389,
2023-10-12 03:00:00,0.04019,0.04022,0.04,0.04001,2158189,86577.71091,964,895823,35931.37731,-0.0009987515605494,ARPA-USDT,0.0402096246745299,0.0401851225719096,
2023-10-12 04:00:00,0.04002,0.04027,0.03983,0.04011,11041294,441946.07436,3651,5542817,221865.50871,-0.0007473841554559,ARPA-USDT,0.0400049952244508,0.0399335027947407,
2023-10-12 05:00:00,0.04011,0.04026,0.04002,0.04026,2535029,101736.61075,1121,1136569,45606.81383,-0.0004965243296922,ARPA-USDT,0.0401038675563814,0.0401070862563848,
2023-10-12 06:00:00,0.04025,0.04046,0.0402,0.04031,2957992,119367.53704,1249,1356680,54780.14432,-0.0007436787307883,ARPA-USDT,0.0402577787958115,0.0402269199100718,
2023-10-12 07:00:00,0.0403,0.04031,0.03996,0.03996,6190122,248603.16947,1288,2458870,98760.03923,-0.001,ARPA-USDT,0.0402948474437208,0.0402854182109492,
2023-10-12 08:00:00,0.03997,0.04008,0.03988,0.04,4513578,180460.83002,1208,2340846,93594.28212,-0.0002499375156209,ARPA-USDT,0.0399925977225123,0.0399910971604144,0.0001
2023-10-12 09:00:00,0.03998,0.04003,0.0392,0.03942,14091465,558389.78549,2784,7192202,285125.34511,0.0005076142131978,ARPA-USDT,0.0399896364333519,0.0399840536735435,
2023-10-12 10:00:00,0.03943,0.03968,0.03941,0.03966,8397828,331870.02365,1733,5421767,214314.58393,-0.0007558578987151,ARPA-USDT,0.0394610452040497,0.0394662904291153,
2023-10-12 11:00:00,0.03965,0.03988,0.03964,0.03978,9773480,388472.77428,1993,3440074,136750.30409,-0.0002513194269916,ARPA-USDT,0.0396472376207531,0.0396815007722221,
2023-10-12 12:00:00,0.03978,0.03988,0.03951,0.03964,11858326,470721.51365,3674,4584816,182045.29489,-0.0007562389715148,ARPA-USDT,0.0397685506180284,0.0397802015560838,
2023-10-12 13:00:00,0.03964,0.03984,0.03952,0.03959,3700482,146798.89593,1416,1870432,74198.40387,-0.0005049229992425,ARPA-USDT,0.0396205663518065,0.0396609252115013,
2023-10-12 14:00:00,0.03959,0.03967,0.03951,0.03961,5681350,224949.52751,1504,3266366,129372.12523,0.0010108668182966,ARPA-USDT,0.039567312036033,0.0395456349532363,
2023-10-12 15:00:00,0.0396,0.03976,0.03958,0.03971,2377195,94330.10946,947,1095547,43471.2812,-0.001006289308176,ARPA-USDT,0.0395907362389962,0.0395943484264551,
2023-10-12 16:00:00,0.03971,0.03995,0.03922,0.03981,16324690,647515.83832,3573,8464384,335913.25796,-0.0002511300853843,ARPA-USDT,0.0397105192113332,0.0397097677314224,0.0001
2023-10-12 17:00:00,0.0398,0.03989,0.0396,0.03988,5844892,232501.76495,1653,2920646,116181.20791,-0.0007516913054372,ARPA-USDT,0.0397613159828391,0.0397560290669406,
2023-10-12 18:00:00,0.03988,0.03995,0.03979,0.03983,4363919,173964.73065,1355,1812482,72243.15657,-0.0007526342197692,ARPA-USDT,0.0398731128578732,0.0398767477480319,
2023-10-12 19:00:00,0.03983,0.03991,0.0397,0.03972,4139797,164833.00537,1067,1451568,57780.18024,-0.0007547169811321,ARPA-USDT,0.0398431765025016,0.0398211154092592,
2023-10-12 20:00:00,0.03973,0.03975,0.03957,0.03971,5507329,218557.02319,1954,3159747,125407.67418,-0.0007549068948161,ARPA-USDT,0.0396910464203943,0.0396861471489592,
2023-10-12 21:00:00,0.03972,0.03982,0.03962,0.03981,2213728,87926.25424,1172,1042057,41380.31593,-0.0005021340697966,ARPA-USDT,0.0397484200488149,0.0397326187288896,
2023-10-12 22:00:00,0.03982,0.03988,0.03971,0.03983,2383796,94899.22974,1182,1069498,42576.92499,-0.0005018820577163,ARPA-USDT,0.0398575814924835,0.0398204035335324,
2023-10-12 23:00:00,0.03982,0.03986,0.03974,0.03982,2540383,101105.86487,1181,1281091,50993.67424,-0.0005020080321285,ARPA-USDT,0.0398167324458494,0.0398142270861874,
2023-10-13 00:00:00,0.03981,0.03996,0.03971,0.03995,2958222,117842.18842,1112,1755109,69927.72301999999,-0.000500375281461,ARPA-USDT,0.0397942724533216,0.0397493170789655,0.0001
2023-10-13 01:00:00,0.03995,0.04003,0.03988,0.03998,2642571,105584.56236,1229,1275627,50969.68065,-0.0017478152309613,ARPA-USDT,0.0399483760139408,0.0399353079947751,
2023-10-13 02:00:00,0.03998,0.04011,0.03991,0.03995,2198814,87972.11257,1188,1058764,42364.52183,-0.0007503751875937,ARPA-USDT,0.0399840466263169,0.0400001751093467,
2023-10-13 03:00:00,0.03994,0.04001,0.03977,0.0398,2373403,94677.25384,1152,1088304,43391.63695,0.0002513194269917,ARPA-USDT,0.0399504259978102,0.039964163054308,
2023-10-13 04:00:00,0.0398,0.03997,0.03975,0.03995,3124771,124575.02735,1121,1320710,52641.43128,0.0,ARPA-USDT,0.0398130767057426,0.0397829745362016,
2023-10-13 05:00:00,0.03995,0.04004,0.03988,0.03994,3432694,137165.28726,1207,1177359,47049.21864,-0.0005005005005004,ARPA-USDT,0.0399677388651061,0.0399826266910502,
2023-10-13 06:00:00,0.03995,0.04011,0.03993,0.04007,3166842,126736.32367,931,1484230,59399.5121,-0.0007481296758103,ARPA-USDT,0.0399480812279094,0.0399431938849809,
2023-10-13 07:00:00,0.04007,0.04033,0.04004,0.04016,3939296,158348.93792,1587,1811706,72839.77265,-0.0004977600796416,ARPA-USDT,0.0400739319829957,0.0400658841954595,
2023-10-13 08:00:00,0.04016,0.04029,0.04001,0.04001,5096187,204699.19266,1506,2469362,99196.93894,-0.0004996252810394,ARPA-USDT,0.0401846159902181,0.0401844944105355,0.0001
2023-10-13 09:00:00,0.04001,0.0401,0.0399,0.03993,3772762,150998.3602,1321,2000545,80080.96141,-0.0005006257822277,ARPA-USDT,0.0400244027005031,0.0400369477011792,
2023-10-13 10:00:00,0.03992,0.04005,0.03989,0.04005,2738466,109452.75269,981,1367438,54655.88657,-0.0002496255616574,ARPA-USDT,0.0399027693504004,0.0399163162062427,
2023-10-13 11:00:00,0.04004,0.04018,0.03999,0.04007,5225566,209466.4284,1777,2008223,80519.649,-0.0007481296758103,ARPA-USDT,0.0400347352076933,0.0400228411591707,
2023-10-13 12:00:00,0.04007,0.04018,0.03999,0.04007,7599249,304445.72448,2042,2732976,109485.53606,-0.0002495009980039,ARPA-USDT,0.0401028875419347,0.0401061690057642,
2023-10-13 13:00:00,0.04007,0.04011,0.03988,0.04,2498685,99919.97145,1263,1263662,50535.82581,0.0,ARPA-USDT,0.0400751744622558,0.0400742455388321,
2023-10-13 14:00:00,0.03999,0.04002,0.0398,0.03981,3207419,128039.12733,1185,1602178,63978.25032,-0.0007530120481927,ARPA-USDT,0.0399732653513274,0.0399889319604285,
2023-10-13 15:00:00,0.03981,0.03993,0.03968,0.03972,4437217,176573.86789,1741,1706749,67943.52212,-0.0010060362173037,ARPA-USDT,0.0398155678460023,0.039815330981107,
2023-10-13 16:00:00,0.03972,0.04,0.0397,0.03995,5684481,226760.12404,1617,3179582,126825.22008,-0.000500375281461,ARPA-USDT,0.0397239303944315,0.0397374801047658,0.0001
2023-10-13 17:00:00,0.03995,0.04,0.03986,0.03994,2055904,82096.98343,1028,1113562,44466.08462,-0.0005005005005004,ARPA-USDT,0.0399671590461631,0.0399624447283074,
2023-10-13 18:00:00,0.03995,0.03995,0.03975,0.03981,2581364,102889.27065,993,1233332,49178.51826,-0.0002511300853843,ARPA-USDT,0.0399350139905888,0.0399206557198257,
2023-10-13 19:00:00,0.0398,0.03988,0.03972,0.03981,3493415,139036.4611,1242,2016695,80271.90524000001,0.0,ARPA-USDT,0.0398080091434486,0.0398264492630316,
2023-10-13 20:00:00,0.03981,0.0401,0.03968,0.0401,9966668,397365.54262,2202,5561760,221665.94513,0.0002494387627836,ARPA-USDT,0.0398038982798924,0.0397970587304394,
2023-10-13 21:00:00,0.0401,0.04037,0.03995,0.04017,9874783,396812.07234,2828,4962485,199444.93991,-0.0012431626056688,ARPA-USDT,0.0401301904014296,0.040256382534332,
2023-10-13 22:00:00,0.04016,0.04032,0.03996,0.04005,4535871,182214.02677,1895,2110324,84750.8452,0.0002497502497502,ARPA-USDT,0.0402100178178128,0.0402117143409497,
2023-10-13 23:00:00,0.04004,0.04008,0.03996,0.04,2562361,102501.19802,1262,908906,36363.0637,-0.0004997501249375,ARPA-USDT,0.0400286307687655,0.040023116835825,
2023-10-14 00:00:00,0.04001,0.04016,0.03994,0.04015,2457136,98489.2307,1365,1265975,50746.60085,-0.0002490039840638,ARPA-USDT,0.0399927930158484,0.0399835145560898,0.0001
2023-10-14 01:00:00,0.04014,0.04022,0.04002,0.04021,2048427,82184.17326,1067,1094925,43940.73688,0.0002487562189055,ARPA-USDT,0.0401341558574462,0.0401298518634988,
2023-10-14 02:00:00,0.0402,0.04033,0.04019,0.04019,3921612,157908.47178,1346,1675131,67436.45247,-0.0009942828734775,ARPA-USDT,0.0402232672686931,0.0402470641869777,
2023-10-14 03:00:00,0.04018,0.0404,0.04018,0.04033,6162770,248287.16454,1583,3338250,134491.42195,-0.0002478929102628,ARPA-USDT,0.0402367942790017,0.0402742745096964,
2023-10-14 04:00:00,0.04033,0.04045,0.04008,0.0401,6503247,261983.331,1938,2794332,112654.32782,-0.00024931438544,ARPA-USDT,0.0403272325368173,0.0403133416383805,
2023-10-14 05:00:00,0.04009,0.04013,0.04001,0.04006,2744986,110024.62072,1457,1558422,62471.81639,-0.0002495632642876,ARPA-USDT,0.0400988832744229,0.0400711910452668,
2023-10-14 06:00:00,0.04005,0.04008,0.03993,0.03996,2932246,117256.62236,1446,1258931,50345.93755,-0.001,ARPA-USDT,0.0400584854244253,0.0400464204212345,
2023-10-14 07:00:00,0.03996,0.04005,0.03992,0.04003,2135831,85458.14773,977,1102205,44104.91086,-0.0007488766849724,ARPA-USDT,0.0399411934280588,0.039952991387482,
2023-10-14 08:00:00,0.04003,0.04012,0.04002,0.04009,2132357,85455.69964,866,1046867,41958.94705,-0.0002493765586033,ARPA-USDT,0.0400662355460583,0.0400938643502663,5.321e-05
2023-10-14 09:00:00,0.04008,0.04019,0.04006,0.04019,2067529,82971.5536,844,1102219,44241.67906,-0.0004973887092764,ARPA-USDT,0.0400734939955442,0.0400928967794015,
2023-10-14 10:00:00,0.04019,0.04024,0.04009,0.04017,3639343,146195.61753,1201,1468265,58987.46101,-0.0009947774185526,ARPA-USDT,0.0401869395080182,0.0401767710705772,
2023-10-14 11:00:00,0.04018,0.04023,0.04015,0.04017,2921667,117452.49656,1011,1111462,44690.91788,-0.0004976362279173,ARPA-USDT,0.040204403319102,0.040200539740369,
2023-10-14 12:00:00,0.04017,0.04018,0.03999,0.04006,15070858,603852.57803,4639,6518350,261227.33311,-0.0012465719272002,ARPA-USDT,0.0401030197960192,0.0400977969271024,
2023-10-14 13:00:00,0.04006,0.04033,0.04005,0.04028,10851069,436427.77579,2581,7057573,283818.05377,-0.0004962779156327,ARPA-USDT,0.0400807058677679,0.0400764273632053,
2023-10-14 14:00:00,0.04027,0.0405,0.04027,0.04042,8904429,359805.80412,2285,5305059,214337.88067,-0.0007416563658838,ARPA-USDT,0.040289357154685,0.040357784502329,
2023-10-14 15:00:00,0.04041,0.04047,0.0403,0.04044,4809197,194152.67664,1623,2448309,98854.66801,-0.0012348728081007,ARPA-USDT,0.0404130620994954,0.040401197158928,
2023-10-14 16:00:00,0.04045,0.04049,0.04031,0.04036,5265883,212824.8935,1684,2084088,84234.0202,-0.0004952947003467,ARPA-USDT,0.0404401569396461,0.0404387273517029,0.0001
2023-10-14 17:00:00,0.04036,0.04041,0.04029,0.04035,2230063,90001.36413,1015,1016213,41013.78032,-0.0004954173891504,ARPA-USDT,0.0403682092519434,0.0403791278402814,
2023-10-14 18:00:00,0.04036,0.04038,0.04025,0.04029,2474688,99723.32274,1103,1029070,41472.99012,0.0,ARPA-USDT,0.0403652921135158,0.0403683613469787,
2023-10-14 19:00:00,0.04029,0.04032,0.0402,0.0403,2257532,90877.68595,923,1039485,41847.11973,-0.000743863129184,ARPA-USDT,0.0402787193548387,0.0402720632057881,
2023-10-14 20:00:00,0.0403,0.04047,0.04017,0.04024,11430887,460543.96566,4019,6121154,246743.80931,-0.0012410027302059,ARPA-USDT,0.0402710802013297,0.0403064907796913,
2023-10-14 21:00:00,0.04025,0.04036,0.04025,0.04025,2277937,91808.49803,1074,1359960,54815.148,-0.0007447864945382,ARPA-USDT,0.0402615634027905,0.0402904306879111,
2023-10-14 22:00:00,0.04026,0.0403,0.04018,0.04022,2793984,112435.27841,1091,1479293,59533.42841,-0.0004970178926441,ARPA-USDT,0.040253443206124,0.0402669503246406,
2023-10-14 23:00:00,0.04023,0.04026,0.04013,0.04015,2433087,97781.53468,1087,847437,34056.55804,-0.0002490039840638,ARPA-USDT,0.0402075166247981,0.0402129718061366,
2023-10-15 00:00:00,0.04015,0.04016,0.04002,0.04008,6367567,255267.18281,1518,1853202,74312.20231,-0.0002494387627838,ARPA-USDT,0.0401503465933078,0.0401308922580976,-5.016e-05
2023-10-15 01:00:00,0.04007,0.04058,0.04007,0.04028,11712857,472741.48461,2325,5636259,227391.91543,-0.0007442322004463,ARPA-USDT,0.0400808545048578,0.0400904063802617,
2023-10-15 02:00:00,0.04028,0.04049,0.04026,0.04048,3924386,158527.85113,1406,2278981,92075.05328,0.0004943153732079,ARPA-USDT,0.0402927809637245,0.0403375344183426,
2023-10-15 03:00:00,0.04049,0.04061,0.04044,0.04048,6777250,274735.87766,1601,4250672,172339.04377,-0.0007405578869413,ARPA-USDT,0.0404867255336702,0.0404899230904538,
2023-10-15 04:00:00,0.04048,0.04062,0.04034,0.04059,13721766,555294.13146,2815,6210976,251326.68878,0.0,ARPA-USDT,0.0404851688066755,0.0404842236603209,
2023-10-15 05:00:00,0.0406,0.0406,0.0405,0.04055,2213636,89762.12725,1059,973620,39483.32717,-0.0004929751047572,ARPA-USDT,0.0405819819161053,0.040559814388494,
2023-10-15 06:00:00,0.04055,0.04059,0.04038,0.04045,3119872,126215.47099,1051,897429,36328.25488,-0.0004941932295526,ARPA-USDT,0.0405699528433067,0.0405719616764298,
2023-10-15 07:00:00,0.04046,0.04049,0.0403,0.04034,3221900,130182.52829,1388,1162541,46980.17053,-0.0004955401387511,ARPA-USDT,0.0404745246660587,0.0404661125393757,
2023-10-15 08:00:00,0.04033,0.04047,0.04025,0.04045,4025410,162432.71536,1303,2403921,97022.18933,-0.0007411067193676,ARPA-USDT,0.0403273549915397,0.0403245891133374,0.0001
2023-10-15 09:00:00,0.04046,0.04048,0.04041,0.04045,1531547,61949.15896,997,807328,32656.75379,-0.0004941932295526,ARPA-USDT,0.0404438965303888,0.0404454909993169,
2023-10-15 10:00:00,0.04046,0.04047,0.04037,0.04043,1726356,69770.5419,946,775791,31356.8789,-0.0007414730598122,ARPA-USDT,0.0404527612336137,0.0404156136052344,
2023-10-15 11:00:00,0.04043,0.04043,0.04026,0.04028,5474859,220674.45807,1701,2228285,89810.76608,-0.0007442322004463,ARPA-USDT,0.0404225663436402,0.0403674597580278,
2023-10-15 12:00:00,0.04028,0.0403,0.04014,0.04016,6391244,256964.0039,2152,2560873,103001.42898,-0.0007464543418759,ARPA-USDT,0.0402846730274363,0.0402603501962132,
2023-10-15 13:00:00,0.04015,0.04029,0.04005,0.0401,7995848,321181.0152,2475,3985770,160114.09368,-0.0007475703962123,ARPA-USDT,0.0401483090363383,0.0401092347709061,
2023-10-15 14:00:00,0.0401,0.04039,0.04009,0.04032,3564262,143527.17107,1193,1933142,77854.06491,-0.0007434944237917,ARPA-USDT,0.0401388672644589,0.0401713737570246,
2023-10-15 15:00:00,0.04031,0.04042,0.04029,0.04042,2314835,93411.95407,1085,1109102,44762.46066,-0.0004945598417408,ARPA-USDT,0.0403222296518718,0.040321171317504,
2023-10-15 16:00:00,0.04041,0.04049,0.04038,0.04048,3386380,136963.05461,1174,1732595,70082.88877,-0.00024697456162,ARPA-USDT,0.0404190919417866,0.0404386515275724,3.53e-05
2023-10-15 17:00:00,0.04048,0.04058,0.04044,0.04051,2949080,119453.88783,1119,1321779,53540.7848,-0.0007400098667982,ARPA-USDT,0.0404678050013865,0.0404779413081901,
2023-10-15 18:00:00,0.04052,0.04056,0.04045,0.04052,2230894,90351.35232,1066,1191677,48267.89569,-0.0004933399111988,ARPA-USDT,0.0405308299425562,0.0405373991784086,
2023-10-15 19:00:00,0.04053,0.04054,0.04035,0.04045,2881526,116500.08804,1355,1580495,63887.32988,-0.0002471576866041,ARPA-USDT,0.0405292004638675,0.0404996636492812,
2023-10-15 20:00:00,0.04045,0.04105,0.04036,0.04089,16661573,679681.74183,4355,9376655,382395.0091,-0.0007331378299119,ARPA-USDT,0.0404437508207137,0.0404377588879374,
2023-10-15 21:00:00,0.04089,0.0409,0.0405,0.04051,7490461,304664.80521,2379,2602732,105900.46218,-0.0009864364981505,ARPA-USDT,0.0408415968419785,0.0408200170422801,
2023-10-15 22:00:00,0.04051,0.04066,0.04039,0.0404,4556097,184793.64873,1488,1888249,76596.62948,-0.0007420232500618,ARPA-USDT,0.0405387239599966,0.0405851744351178,
2023-10-15 23:00:00,0.0404,0.0404,0.04027,0.04034,5548512,223755.27778,1346,2347795,94696.48638,-0.0004955401387511,ARPA-USDT,0.0403814132664978,0.040333425997046,
2023-10-16 00:00:00,0.04035,0.0404,0.0403,0.04033,3116368,125756.61936,1018,1779646,71819.26139,-0.0007433102081269,ARPA-USDT,0.0403515187614393,0.040362255844963,9.64e-06
2023-10-16 01:00:00,0.04034,0.04062,0.04032,0.04055,2192719,88825.05006,947,894573,36207.75843,-0.0012315270935959,ARPA-USDT,0.0403588961632155,0.0403456637657705,
2023-10-16 02:00:00,0.04055,0.0407,0.04047,0.0405,3356974,136218.48736,1001,1596835,64794.81082,-0.0009866798223976,ARPA-USDT,0.0405428495224423,0.0405107643239215,
2023-10-16 03:00:00,0.04052,0.04073,0.04045,0.04071,2537325,102970.09704,817,1515117,61485.85676,-0.0004910385465258,ARPA-USDT,0.0405086600486056,0.040475491013474,
2023-10-16 04:00:00,0.04072,0.04074,0.04046,0.04056,5274700,214041.93436,1805,1950110,79114.17683,0.0,ARPA-USDT,0.0406954934770328,0.0406704083350939,
2023-10-16 05:00:00,0.04056,0.04138,0.04056,0.04125,22743874,934914.53676,5244,11714937,481266.66227,-0.0002423654871545,ARPA-USDT,0.0405655880886371,0.040574405959586,
2023-10-16 06:00:00,0.04125,0.04132,0.04104,0.04112,5847030,240671.17458,1814,2772141,114109.69007,-0.0007290400972054,ARPA-USDT,0.0412825865436719,0.0412684881991452,
2023-10-16 07:00:00,0.04113,0.04118,0.04096,0.04098,4970694,204137.04436,1706,2747229,112838.52838,-0.0004878048780487,ARPA-USDT,0.0411609555535439,0.0411561603207563,
2023-10-16 08:00:00,0.04098,0.04104,0.04095,0.04098,2478705,101628.0524,1001,1138182,46672.34226,-0.0004878048780487,ARPA-USDT,0.0409978392592825,0.0410187879501869,9.928e-05
2023-10-16 09:00:00,0.04098,0.04101,0.04074,0.04099,5167453,211126.95754,1455,2751857,112448.49628,-0.0004876859302609,ARPA-USDT,0.0409639944457624,0.0409266047206726,
2023-10-16 10:00:00,0.04098,0.041,0.04079,0.0408,2750450,112415.0127,975,1080961,44191.35096,-0.0002450379808869,ARPA-USDT,0.0409732226807823,0.0409357030665801,
2023-10-16 11:00:00,0.0408,0.04094,0.04063,0.04093,15430653,629731.66844,2807,7818035,319075.58618,-0.0002442598925255,ARPA-USDT,0.0407058690196285,0.0407253760817315,
2023-10-16 12:00:00,0.04092,0.04138,0.04089,0.04127,19866486,817521.19473,4588,11114737,457280.92399,0.0,ARPA-USDT,0.0409099852986532,0.0409368998767601,
2023-10-16 13:00:00,0.04127,0.04217,0.04058,0.04102,81204386,3370327.06814,17138,38893467,1615145.84965,-0.0014605647517039,ARPA-USDT,0.0412683317376333,0.0412879400845303,
2023-10-16 14:00:00,0.04103,0.04122,0.04091,0.04109,11892132,488441.17957,2699,6319807,259596.00257,-0.0009725261366398,ARPA-USDT,0.0410443361032874,0.0410432242472572,
2023-10-16 15:00:00,0.04111,0.04114,0.0408,0.04088,4585360,187807.35119,1557,2116064,86673.33863,-0.0009775171065493,ARPA-USDT,0.0411255058929923,0.0411022399826082,
2023-10-16 16:00:00,0.04089,0.04109,0.04089,0.04097,5648934,231552.70719,1633,2801778,114860.72536,-0.0012189176011702,ARPA-USDT,0.0409091357569594,0.0409370076762494,7.962e-05
2023-10-16 17:00:00,0.04098,0.04111,0.04093,0.04106,3937559,161503.23196,1318,2137758,87690.24304,0.0,ARPA-USDT,0.0409804929510382,0.0410047089521101,
2023-10-16 18:00:00,0.04105,0.04116,0.04091,0.04109,6909103,283555.98975,1834,3359571,137875.04444,0.0002434274586173,ARPA-USDT,0.0410497169516263,0.0410704603129249,
2023-10-16 19:00:00,0.04109,0.04127,0.04102,0.04111,7169756,295163.18313,1913,3458169,142376.58134,-0.0007292173067574,ARPA-USDT,0.0410795166178351,0.0410786566937513,
2023-10-16 20:00:00,0.04112,0.04135,0.04097,0.04113,7482865,307950.18612,2297,3990321,164292.43741,-0.0004860267314702,ARPA-USDT,0.0411291381919785,0.0410821952134487,
2023-10-16 21:00:00,0.04113,0.04121,0.04099,0.0412,2806047,115352.54532,1078,1452106,59707.33832,-0.0012121212121212,ARPA-USDT,0.0411286668139916,0.0411184620912242,
2023-10-16 22:00:00,0.04121,0.04146,0.04121,0.04136,4127306,170503.14395,1236,2278076,94096.62501,0.0,ARPA-USDT,0.041229734736722,0.0412519306179913,
2023-10-16 23:00:00,0.04135,0.04136,0.0411,0.0411,3358902,138435.74123,960,1645427,67838.35974,-0.001457725947522,ARPA-USDT,0.041358932701323,0.0413407571231018,
2023-10-17 00:00:00,0.0411,0.04112,0.04074,0.04079,8237610,337353.45911,2250,3647303,149451.13906,-0.000734933855953,ARPA-USDT,0.0411104687087404,0.041059644386969,0.0001
2023-10-17 01:00:00,0.04078,0.04104,0.04077,0.04091,2924705,119677.80433,1059,1430531,58520.0018,-0.000488639139995,ARPA-USDT,0.0407911563064673,0.0408409692440844,
2023-10-17 02:00:00,0.04092,0.04107,0.04081,0.04107,2735577,111984.77432,1167,1421643,58185.66459,-0.0004867364322219,ARPA-USDT,0.0409316994746162,0.0409230364354377,
2023-10-17 03:00:00,0.04106,0.04113,0.04091,0.04097,4841129,198646.53353,1809,1955943,80272.42947,-0.0007317073170731,ARPA-USDT,0.0410733650601877,0.0410811320614309,
2023-10-17 04:00:00,0.04097,0.04101,0.04076,0.04096,6054950,247547.16899,1690,3333386,136278.42732,-0.0012192148256521,ARPA-USDT,0.0409077977531541,0.0408689262226653,
2023-10-17 05:00:00,0.04096,0.041,0.0409,0.04093,4259907,174469.10781,1021,2394182,98065.80363,-0.0014637716516222,ARPA-USDT,0.0409621455392981,0.0409676207914738,
2023-10-17 06:00:00,0.04093,0.04094,0.04063,0.04075,9359452,381735.78263,1959,3976707,162259.82474,-0.0012254901960784,ARPA-USDT,0.0409214228855721,0.0409118727553008,
2023-10-17 07:00:00,0.04075,0.04086,0.04066,0.04082,6456780,263216.65863,1535,2354088,95984.6832,-0.0007343941248468,ARPA-USDT,0.0407358628810223,0.0407120930403486,
2023-10-17 08:00:00,0.04082,0.04106,0.04069,0.04076,17578999,718224.23398,2665,10288710,420515.55022,-0.0004904364884746,ARPA-USDT,0.0408242443964646,0.0408290852676181,3.091e-05
2023-10-17 09:00:00,0.04077,0.04087,0.04073,0.04074,8341605,340197.47209,1437,2621083,106920.70799,-0.0004906771344455,ARPA-USDT,0.0407769794845977,0.0407809283776753,
2023-10-17 10:00:00,0.04074,0.04082,0.04068,0.04074,5604765,228358.78545,1532,2677525,109119.19311,-0.0007358351729213,ARPA-USDT,0.0407426463852333,0.0407409870232835,
2023-10-17 11:00:00,0.04075,0.04075,0.04056,0.04058,6124871,248850.41284,1348,2319000,94223.99709,-0.0007387343018961,ARPA-USDT,0.0407396170778549,0.0407241878555819,
2023-10-17 12:00:00,0.04059,0.04064,0.04014,0.04015,8038592,324666.17704,2825,3131463,126531.1165,-0.0009952724558347,ARPA-USDT,0.0406126621811082,0.0406272356180292,
2023-10-17 13:00:00,0.04015,0.04031,0.03902,0.03967,25800979,1027278.77002,6998,11492254,457309.14413,-0.0007556675062972,ARPA-USDT,0.040180858337996,0.0401427494081349,
2023-10-17 14:00:00,0.03966,0.03986,0.03958,0.03965,8723818,346416.75834,2616,4222092,167703.5926,-0.0015109544195417,ARPA-USDT,0.0396578722391695,0.0397071042542894,
2023-10-17 15:00:00,0.03964,0.03996,0.03961,0.03981,4014424,159720.6246,1721,2010055,79968.13323,-0.0007530120481927,ARPA-USDT,0.0396414254252593,0.0396569400946878,
2023-10-17 16:00:00,0.0398,0.03992,0.03977,0.03984,2863275,114051.73659,1245,1586110,63183.78048,-0.0007524454477051,ARPA-USDT,0.0397870589408245,0.0397930820493019,1.656e-05
2023-10-17 17:00:00,0.03984,0.03985,0.03954,0.0396,3643131,144594.62945,1446,1424597,56524.57282,-0.0007570022710067,ARPA-USDT,0.0398356658276106,0.0398006512169697,
2023-10-17 18:00:00,0.03959,0.03976,0.03937,0.03949,5134350,203121.04701,2037,2595458,102700.34961,-0.0010118897040224,ARPA-USDT,0.0395896917198603,0.0395653773963554,
2023-10-17 19:00:00,0.03949,0.03974,0.03948,0.03973,2928632,116028.05489,1414,1694552,67143.65106,-0.0010057832537088,ARPA-USDT,0.039506102548451,0.0395376687770239,
2023-10-17 20:00:00,0.03973,0.03994,0.03965,0.0398,9654504,384404.48725,3001,4829784,192322.00043,-0.0020060180541624,ARPA-USDT,0.0397350710640399,0.0397242278156576,
2023-10-17 21:00:00,0.0398,0.03998,0.03976,0.03984,3719451,148259.29054000002,1589,1386948,55283.50046,-0.0012534469791928,ARPA-USDT,0.0398061339091116,0.0398075022738738,
2023-10-17 22:00:00,0.03984,0.03984,0.03973,0.03981,3848433,153099.84521,1481,1867554,74301.74756,-0.0007530120481927,ARPA-USDT,0.0398333408383053,0.0397990251074749,
2023-10-17 23:00:00,0.0398,0.03982,0.03953,0.03957,4023342,159487.49757,1684,1281546,50783.81124,-0.0010098459984851,ARPA-USDT,0.0397939088092076,0.0397389524799545,
2023-10-18 00:00:00,0.03957,0.03962,0.03934,0.03953,6396472,252652.47341,2159,2889640,114127.14056,-0.0005056890012642,ARPA-USDT,0.0395901070921077,0.0395717119723449,3.39e-06
2023-10-18 01:00:00,0.03952,0.03961,0.03929,0.03932,5506197,216856.65942,1512,2159087,85067.7994,-0.001270002540005,ARPA-USDT,0.0395043952416745,0.0394848043409122,
2023-10-18 02:00:00,0.03932,0.0394,0.03911,0.03932,6442991,252910.69874,2059,3325909,130570.99609,0.0,ARPA-USDT,0.039329839184876,0.0393523691855249,
2023-10-18 03:00:00,0.03931,0.03952,0.03925,0.03952,2543545,100097.99292,1145,1437453,56576.79201,-0.0007585335018963,ARPA-USDT,0.0392990480074142,0.0392835156276709,
2023-10-18 04:00:00,0.03951,0.04014,0.03949,0.03995,10122649,402806.92539,3101,5389309,214388.27932,-0.000500375281461,ARPA-USDT,0.0395122920937221,0.0395356038635417,
2023-10-18 05:00:00,0.03997,0.04006,0.03982,0.03987,5271423,210391.99553,2069,2286276,91258.37246,-0.0005013787916771,ARPA-USDT,0.0400156122172685,0.0399493099413249,
2023-10-18 06:00:00,0.03986,0.0399,0.03965,0.03965,4105206,163264.62215,1330,1653744,65734.41702,-0.0007560483870968,ARPA-USDT,0.0398561665406723,0.0398766371431382,
2023-10-18 07:00:00,0.03965,0.03969,0.03949,0.03964,4013689,158980.63845,1285,2107335,83467.52597,-0.0007562389715148,ARPA-USDT,0.0396333687858273,0.039610122708324,
2023-10-18 08:00:00,0.03964,0.03968,0.03951,0.03968,1616400,63991.76745,966,790772,31304.09376,-0.0007554772097708,ARPA-USDT,0.0396311750853199,0.0396109830721269,8.934e-05
2023-10-18 09:00:00,0.03967,0.03967,0.03932,0.03933,3748546,148240.08066,1105,1604025,63453.09613,-0.0015232292460016,ARPA-USDT,0.0396564235214902,0.0396383450427303,
2023-10-18 10:00:00,0.03932,0.03952,0.03932,0.03947,7964473,313955.306,2169,4211394,166017.70304,-0.0007594936708861,ARPA-USDT,0.0393785571012131,0.0393866961596014,
2023-10-18 11:00:00,0.03948,0.03953,0.03938,0.03942,2322328,91622.80303,1011,1042238,41123.02502,-0.0005070993914808,ARPA-USDT,0.0394651817475445,0.0394593013759865,
2023-10-18 12:00:00,0.03941,0.03944,0.03921,0.03927,4913347,193129.58561,1494,2116295,83189.9517,-0.0007633587786259,ARPA-USDT,0.0394255221895431,0.0394188018206506,
2023-10-18 13:00:00,0.03926,0.03935,0.03912,0.03914,4958921,194413.42918,1523,2409262,94473.27601,-0.0012758356723654,ARPA-USDT,0.0392553042158122,0.0392555273186715,
2023-10-18 14:00:00,0.03914,0.03923,0.039,0.03904,9341895,365210.21001,2480,3921267,153359.86028,-0.0010235414534288,ARPA-USDT,0.0391335207521154,0.0391222983465444,
2023-10-18 15:00:00,0.03904,0.03923,0.03902,0.03918,4867281,190384.27899,1313,2498344,97715.82481,-0.0020376974019359,ARPA-USDT,0.0390427604098728,0.0390563461934619,
2023-10-18 16:00:00,0.03918,0.0394,0.03913,0.03932,5540040,217722.70077,1434,2148331,84417.93015,-0.0007623888182973,ARPA-USDT,0.0391638224552441,0.0391831817685244,0.0001
2023-10-18 17:00:00,0.03932,0.03941,0.03922,0.03924,2135914,83978.06711999999,1104,771430,30332.17144,-0.0010183299389003,ARPA-USDT,0.0393230935954423,0.0393351182699211,
2023-10-18 18:00:00,0.03924,0.0393,0.03915,0.03916,2815713,110434.48064,1249,1468155,57589.14536,-0.0010204081632653,ARPA-USDT,0.0392396052595078,0.039231132401365,
2023-10-18 19:00:00,0.03916,0.03916,0.03881,0.03898,8918938,347505.75644,2564,4518876,176020.23383,-0.0012810658467845,ARPA-USDT,0.0391501018866325,0.0391200745728032,
2023-10-18 20:00:00,0.03899,0.03915,0.03892,0.03906,3605406,140825.09094999998,1284,1850707,72290.71119,-0.0017889087656529,ARPA-USDT,0.0389719927571066,0.0389831471009796,
2023-10-18 21:00:00,0.03906,0.03908,0.03889,0.03902,2598488,101339.93715,1064,1247477,48644.23526,-0.0010240655401945,ARPA-USDT,0.0390390710134723,0.0390281418070217,
2023-10-18 22:00:00,0.03902,0.03923,0.03901,0.03921,3070963,120140.31872,1179,1288330,50402.00634,-0.0010191082802547,ARPA-USDT,0.0390260993589393,0.0390500651997497,
2023-10-18 23:00:00,0.03921,0.03932,0.03916,0.03918,4466313,175355.83953,1364,1763043,69227.12205,-0.0007651109410865,ARPA-USDT,0.0392082029606621,0.0392062676275154,
2023-10-19 00:00:00,0.03919,0.03921,0.03897,0.03913,4911255,191920.63321,1395,2256792,88189.59611,-0.0010211896859843,ARPA-USDT,0.0391650717111189,0.0391484218298389,0.0001
2023-10-19 01:00:00,0.03912,0.03921,0.03848,0.03874,15351526,594901.82365,3795,7222698,279864.84581,-0.0010314595152142,ARPA-USDT,0.0391253425308202,0.0391268440558931,
2023-10-19 02:00:00,0.03874,0.03876,0.03849,0.03862,4871810,188019.53885,1717,2389802,92223.64285,-0.0002588661661919,ARPA-USDT,0.0387392122537091,0.0387132599064837,
2023-10-19 03:00:00,0.03862,0.03886,0.0386,0.0388,2594329,100588.63389,1159,1233030,47796.54497,-0.0010298661174047,ARPA-USDT,0.0386172246341135,0.0386492048839919,
2023-10-19 04:00:00,0.03879,0.03891,0.03872,0.03891,2823425,109610.48276,1216,1259616,48899.54776,0.0,ARPA-USDT,0.0387782600423309,0.0387817082269129,
2023-10-19 05:00:00,0.0389,0.03909,0.03889,0.03895,2196472,85684.74037,1073,766889,29913.1702,-0.0005132152938157,ARPA-USDT,0.0389016673960121,0.0389351867599679,
2023-10-19 06:00:00,0.03895,0.03899,0.03885,0.03899,2103274,81876.82279,834,865363,33689.90545,-0.0002564102564103,ARPA-USDT,0.0389666968189356,0.0389417949363532,
2023-10-19 07:00:00,0.03899,0.0392,0.03888,0.03917,4625550,180537.46588,1853,2464612,96197.85419,-0.0010201479214485,ARPA-USDT,0.0389952484980884,0.0390134155337376,
2023-10-19 08:00:00,0.03917,0.03936,0.03915,0.03924,4181427,164132.84798,1288,2194470,86159.85667000001,-0.0010183299389003,ARPA-USDT,0.0391671612726275,0.0391643140573509,0.0001
2023-10-19 09:00:00,0.03924,0.03929,0.03909,0.03913,2961978,116088.3019,1240,1196117,46882.14278,-0.0012761613067892,ARPA-USDT,0.0392333257391656,0.039224569925478,
2023-10-19 10:00:00,0.03912,0.03984,0.03906,0.03984,11862516,468323.50729,3275,7106118,280697.60782000003,-0.0007524454477051,ARPA-USDT,0.0391165451380937,0.0390868455263079,
2023-10-19 11:00:00,0.03983,0.04035,0.03945,0.03962,67783229,2707499.89345,15255,30686188,1225944.48906,-0.0010085728693898,ARPA-USDT,0.0398186631318416,0.0400809388497114,
2023-10-19 12:00:00,0.03962,0.03964,0.03934,0.03941,12004677,473775.58955,3290,5202148,205346.68149,-0.0010139416983523,ARPA-USDT,0.0395671592522963,0.0395223683173449,
2023-10-19 13:00:00,0.0394,0.03965,0.03937,0.03943,8696636,343488.04405,2215,4400842,173850.44081,-0.0010134279199391,ARPA-USDT,0.0394170579520685,0.0393939608346019,
2023-10-19 14:00:00,0.03944,0.03944,0.03913,0.0393,12030689,472663.58783,3167,5056084,198611.55076,-0.0012706480304955,ARPA-USDT,0.0394077700762963,0.0393688100963927,
2023-10-19 15:00:00,0.0393,0.0394,0.03916,0.03918,6174628,242669.21303,1740,2641454,103834.52069,-0.0007651109410865,ARPA-USDT,0.0393263216259497,0.0393551726691051,
2023-10-19 16:00:00,0.03917,0.03956,0.03913,0.03917,10926619,429966.00255,2617,5417504,213252.15704,-0.0002552322613577,ARPA-USDT,0.0391907990929375,0.0392441308972715,-2.365e-05
2023-10-19 17:00:00,0.03917,0.03932,0.03911,0.03929,3942925,154733.05836,1273,1962410,77021.04399,-0.0002544529262087,ARPA-USDT,0.0391650402304671,0.0391862955464541,
2023-10-19 18:00:00,0.03929,0.03944,0.03926,0.03929,3807351,149809.81529,1507,1858446,73125.97822,-0.0012709710218606,ARPA-USDT,0.0393005193418242,0.0392885011922923,
2023-10-19 19:00:00,0.03929,0.0395,0.03926,0.03946,2057957,81053.12355999999,1168,940518,37042.58041,-0.0007596859964547,ARPA-USDT,0.0393148428640076,0.0393270450585195,
2023-10-19 20:00:00,0.03947,0.03964,0.03938,0.03946,6143152,242666.48472,2025,2921611,115408.64786,-0.0015182186234816,ARPA-USDT,0.0394728287816858,0.0394582822591685,
2023-10-19 21:00:00,0.03946,0.03946,0.03911,0.03919,5887424,231191.36302,1833,2675053,105045.2687,-0.0010196278358398,ARPA-USDT,0.0394456780860702,0.0394250325323968,
2023-10-19 22:00:00,0.03918,0.03945,0.03918,0.03929,2521872,99166.09228,980,1245768,48971.82878,-0.0012709710218606,ARPA-USDT,0.0391954070911037,0.0392028507958189,
2023-10-19 23:00:00,0.0393,0.03947,0.03928,0.03946,1870980,73691.22645,1083,960293,37830.96645,-0.0005065856129685,ARPA-USDT,0.0393018332136997,0.0392970168651463,
2023-10-20 00:00:00,0.03945,0.03957,0.03927,0.03934,5092125,200931.55458,1724,2444457,96446.57997,-0.0002541296060991,ARPA-USDT,0.0394623043660906,0.0394767326198735,0.0001
2023-10-20 01:00:00,0.03933,0.03944,0.03918,0.03943,1902912,74726.84265,1099,884788,34740.43237,-0.0007602635580334,ARPA-USDT,0.0393339098337156,0.0393040661110343,
2023-10-20 02:00:00,0.03943,0.03996,0.03942,0.03989,12896922,511750.68789,3156,6856678,272124.71481,-0.0002506265664159,ARPA-USDT,0.0394372092298097,0.0395313433962478,
2023-10-20 03:00:00,0.0399,0.04025,0.03983,0.04008,8893961,356614.31207,2979,4177513,167456.20565,-0.0007479431563202,ARPA-USDT,0.039909354071461,0.039952767385499,
2023-10-20 04:00:00,0.04009,0.04013,0.03995,0.04001,5067212,202831.02469,1620,2460750,98514.24224,-0.0004996252810394,ARPA-USDT,0.0401106708333548,0.04009768377007,
2023-10-20 05:00:00,0.04001,0.04006,0.03988,0.03995,4192074,167611.10577,1281,1790395,71602.22697,-0.0002502502502502,ARPA-USDT,0.0400200260485613,0.040009338884343,
2023-10-20 06:00:00,0.03994,0.04008,0.03985,0.04007,3811664,152238.18529,1180,2089700,83474.34521,-0.0007481296758103,ARPA-USDT,0.0399400547854869,0.0399273548917115,
2023-10-20 07:00:00,0.04008,0.04016,0.03998,0.04,2625594,105282.46976,1221,1280563,51362.34198,-0.0004997501249375,ARPA-USDT,0.04009788148603,0.0400977404399467,
2023-10-20 08:00:00,0.03999,0.0407,0.03996,0.04057,11845566,479524.49556,3850,6178593,250066.70547,-0.0009849790691947,ARPA-USDT,0.0399835015614514,0.0400333714503691,4.321e-05
2023-10-20 09:00:00,0.04057,0.04071,0.04045,0.0407,5741623,232890.08931,2041,2870018,116418.64016,-0.0002456398919185,ARPA-USDT,0.0405782909123498,0.0405369061444594,
2023-10-20 10:00:00,0.0407,0.04091,0.04059,0.04061,7565368,308300.81637,2921,3690815,150406.13438,-0.0014752889107449,ARPA-USDT,0.0407046340874811,0.0407110691980947,
2023-10-20 11:00:00,0.04062,0.04069,0.04029,0.04031,6419197,260296.38336,1844,2738424,111112.21545,-0.0004959087527894,ARPA-USDT,0.040638569041716,0.0406205010293286,
2023-10-20 12:00:00,0.04032,0.04042,0.04005,0.04012,7405477,297920.53859,2525,3390536,136408.09061,0.0,ARPA-USDT,0.0403386647224908,0.0403616282066809,
2023-10-20 13:00:00,0.04012,0.04031,0.04003,0.0403,5063977,203285.27026,1582,3137160,125924.06217,-0.0002480774001487,ARPA-USDT,0.0401321693338692,0.0401339972717064,
2023-10-20 14:00:00,0.0403,0.04034,0.04007,0.04015,4081215,164027.91113,1466,1798870,72314.26049,-0.0004978839930296,ARPA-USDT,0.0403003841450988,0.040307201101395,
2023-10-20 15:00:00,0.04015,0.04025,0.04004,0.04012,3771217,151343.86248,1332,1613004,64743.36467,-0.0004982561036372,ARPA-USDT,0.0401635626048137,0.0401624857727901,
2023-10-20 16:00:00,0.04012,0.04015,0.04004,0.04009,1912271,76697.22822,1124,1084229,43489.39479,-0.0007477567298106,ARPA-USDT,0.0401126213740458,0.040118663065427,0.0001
2023-10-20 17:00:00,0.0401,0.04028,0.03994,0.04027,3345838,134164.94565,1293,1647813,66072.80352,-0.0007444168734491,ARPA-USDT,0.0401068437586302,0.0400937312924452,
2023-10-20 18:00:00,0.04027,0.04037,0.04019,0.04024,3591671,144698.56511,1273,1806484,72791.15878,-0.0004967709885742,ARPA-USDT,0.0402802390816345,0.0403271708928345,
2023-10-20 19:00:00,0.04024,0.04029,0.04016,0.04027,1763655,70953.3954,1027,913173,36736.3256,-0.0004964010920823,ARPA-USDT,0.0402416645756663,0.04023691491395,
2023-10-20 20:00:00,0.04028,0.04034,0.04018,0.04019,2850713,114850.64381,1086,1670246,67307.75134,-0.0004973887092764,ARPA-USDT,0.0402668909457911,0.0402817023111233,
2023-10-20 21:00:00,0.0402,0.04032,0.04019,0.04028,3007931,121052.94798,1106,1507946,60693.67758,-0.0004962779156327,ARPA-USDT,0.0402020435431608,0.0402075893768457,
2023-10-20 22:00:00,0.04029,0.04034,0.04022,0.04028,2280942,91880.19815,779,996870,40156.68831,0.0002483238142538,ARPA-USDT,0.0402835728717097,0.0402896954925095,
2023-10-20 23:00:00,0.04028,0.04031,0.0401,0.04015,3663456,147399.09779,1122,1555739,62601.61839,-0.0004978839930296,ARPA-USDT,0.0402688424051,0.0402688255439648,
2023-10-21 00:00:00,0.04015,0.04025,0.04,0.04008,2806657,112602.97139,1150,1720247,69005.21119,-0.0007479431563202,ARPA-USDT,0.0401751974238528,0.0401613775815329,0.0001
2023-10-21 01:00:00,0.04008,0.04018,0.04003,0.04008,2336707,93699.72151,886,1352493,54231.39059,-0.0009970089730808,ARPA-USDT,0.0400799229395733,0.040084850075178,
2023-10-21 02:00:00,0.0401,0.04028,0.04004,0.04019,3888349,156145.71697,1176,2293625,92096.59653,-0.0002487562189055,ARPA-USDT,0.0401048825664532,0.0400584250927824,
2023-10-21 03:00:00,0.0402,0.04027,0.04003,0.04027,2375144,95386.23588,865,1109809,44565.68801,-0.0009923096005953,ARPA-USDT,0.0402030573045118,0.0401931113376727,
2023-10-21 04:00:00,0.04027,0.04045,0.04022,0.04033,3253531,131295.84798,1093,2066823,83411.07516,-0.0007433102081269,ARPA-USDT,0.0402605027841467,0.0402585608249365,
2023-10-21 05:00:00,0.04034,0.0404,0.04032,0.04035,1390805,56130.45937,582,598412,24154.49728,0.0002478929102627,ARPA-USDT,0.0403361520977105,0.0403309786157581,
2023-10-21 06:00:00,0.04035,0.04071,0.04032,0.04062,6393735,259380.08968,2361,3348247,135815.81241,-0.0009837678307919,ARPA-USDT,0.0403440772580104,0.0403481379380113,
2023-10-21 07:00:00,0.04064,0.04089,0.0406,0.04087,4766622,194132.59868,1599,2484943,101195.71421,-0.0002446183953034,ARPA-USDT,0.0406660218610928,0.0406264592929741,
2023-10-21 08:00:00,0.04086,0.04109,0.04083,0.04088,9706181,397820.92016,2851,3797077,155655.56792,-0.0009775171065493,ARPA-USDT,0.0409005611732066,0.0409447158527956,0.0001
2023-10-21 09:00:00,0.04088,0.04109,0.04075,0.04104,3750203,153383.4974,1371,2172675,88851.67968,-0.0007304601899197,ARPA-USDT,0.0408821209137814,0.0408657371657985,
2023-10-21 10:00:00,0.04105,0.04106,0.04087,0.0409,3638761,149021.54834,1415,1704046,69780.30899,-0.0004887585532746,ARPA-USDT,0.0410405849752717,0.0410030474512861,
2023-10-21 11:00:00,0.0409,0.04118,0.04089,0.04115,4103971,168512.21907,1676,1841991,75626.11844,-0.0009711094925952,ARPA-USDT,0.0409053923634116,0.0409459638251718,
2023-10-21 12:00:00,0.04116,0.04126,0.04097,0.04106,7012935,288280.68298,2096,3207417,131883.11153,-0.0002434867299733,ARPA-USDT,0.041214299181464,0.0412190001317862,
2023-10-21 13:00:00,0.04106,0.04132,0.04096,0.0413,8265672,340153.83577,1581,5691277,234265.08753,-0.0004840271055178,ARPA-USDT,0.0410842118098094,0.0411112707470607,
2023-10-21 14:00:00,0.0413,0.04169,0.0412,0.04166,10299303,427167.15183,3060,5986802,248298.24492,-0.0002399808015357,ARPA-USDT,0.0413009542077846,0.0412649231338538,
2023-10-21 15:00:00,0.04166,0.04175,0.04139,0.04172,9589125,399082.6433,3035,5611458,233531.55282,-0.0004791566842357,ARPA-USDT,0.0416734921344999,0.0416713358353192,
2023-10-21 16:00:00,0.04171,0.04204,0.04166,0.04182,11018600,461170.57238,2989,5575744,233354.39193,-0.0007168458781361,ARPA-USDT,0.0417199230388131,0.0417337599663725,0.0001
2023-10-21 17:00:00,0.04181,0.04237,0.04177,0.0422,12974354,545608.8613,3531,7272310,305585.56436,-0.0007103954534689,ARPA-USDT,0.0417966809448453,0.0418273299597121,
2023-10-21 18:00:00,0.04221,0.04241,0.04187,0.04218,11303074,475802.34729,3429,6191261,260643.77904,0.0,ARPA-USDT,0.0422597355290558,0.042272507856145,
2023-10-21 19:00:00,0.04218,0.0422,0.04188,0.04201,5717621,240130.81517,1754,2984070,125321.13412,0.0,ARPA-USDT,0.0421374525081936,0.0421698076930415,
2023-10-21 20:00:00,0.04203,0.04204,0.04162,0.04163,8419213,351571.96873,2016,2456153,102531.845,-0.000240153698367,ARPA-USDT,0.0420226505037938,0.0420070762904655,
2023-10-21 21:00:00,0.04164,0.0418,0.04156,0.04173,4808199,200559.43563,1116,2600814,108494.33759,-0.0002395783421177,ARPA-USDT,0.04163409964488,0.0416270409761468,
2023-10-21 22:00:00,0.04174,0.04184,0.04156,0.04175,4803622,200263.34537,1307,2704434,112738.52761,-0.0004788125448886,ARPA-USDT,0.0417560430331186,0.0418003495974368,
2023-10-21 23:00:00,0.04176,0.04178,0.04145,0.04167,4950953,205925.06334,1373,2500898,104004.19037,-0.0002399232245682,ARPA-USDT,0.0417688892183655,0.0417380261427305,
2023-10-22 00:00:00,0.04168,0.04192,0.04146,0.04181,5071401,211305.52964,1762,2739914,114161.7145,-0.0002391200382593,ARPA-USDT,0.0416688213103807,0.0415748739973701,0.0001
2023-10-22 01:00:00,0.04181,0.04197,0.04163,0.04185,5515155,230397.79959,1903,3283373,137150.53472,-0.0002388915432394,ARPA-USDT,0.0418342744197558,0.0418378909304624,
2023-10-22 02:00:00,0.04185,0.04192,0.04152,0.04178,4609311,192198.20661,2180,2851336,118896.00636,0.0,ARPA-USDT,0.0418662848053823,0.0418667565582228,
2023-10-22 03:00:00,0.04178,0.04201,0.0417,0.04199,3875954,162172.04464,1870,2394437,100175.97591,-0.0004760771244941,ARPA-USDT,0.0417727373655757,0.0417578863471869,
2023-10-22 04:00:00,0.042,0.04231,0.04192,0.04221,5922830,249448.36216,2131,3378828,142315.94628,0.0,ARPA-USDT,0.0420024980919162,0.0419829782591582,
2023-10-22 05:00:00,0.04222,0.04267,0.04215,0.04254,7199794,305077.56217,2481,3792157,160727.57822999998,-0.000704721634954,ARPA-USDT,0.0422228928412551,0.0422290118885275,
2023-10-22 06:00:00,0.04255,0.04265,0.0422,0.04249,6476859,274727.44477,2058,3365171,142693.2704,-0.0002352941176471,ARPA-USDT,0.0425360060905824,0.0425792184993704,
2023-10-22 07:00:00,0.04249,0.04251,0.04145,0.04193,14699677,616568.53894,4169,7265596,304679.04293,-0.000476758045292,ARPA-USDT,0.0424990210340819,0.0424548081520784,
2023-10-22 08:00:00,0.04192,0.04206,0.04145,0.04158,8404910,350509.08196,2775,3843272,160259.70864,-0.0007209805335256,ARPA-USDT,0.041897133579368,0.0419849692126601,0.0001
2023-10-22 09:00:00,0.04158,0.04201,0.04154,0.04191,8775141,367508.72407,2071,4182635,175142.03929,-0.0004769854519437,ARPA-USDT,0.0415869927112264,0.0415891701440897,
2023-10-22 10:00:00,0.04192,0.04204,0.04184,0.04203,5195137,217894.07396,1658,2536875,106411.17209,0.0,ARPA-USDT,0.041921411162369,0.0419204290217725,
2023-10-22 11:00:00,0.04203,0.04209,0.04163,0.04175,6843919,286014.79979,2010,3443547,143915.8151,0.0007190795781399,ARPA-USDT,0.0420567918091837,0.0420471031267827,
2023-10-22 12:00:00,0.04176,0.04192,0.04174,0.04178,3234936,135302.39563,1318,1775953,74287.11346,0.0,ARPA-USDT,0.0417546902463521,0.0417835842004355,
2023-10-22 13:00:00,0.04178,0.04208,0.04175,0.04207,2433489,102029.62444,1328,1300008,54503.00197,0.0002377555872563,ARPA-USDT,0.0417695258060007,0.041811259503443,
2023-10-22 14:00:00,0.04206,0.04209,0.0417,0.04176,5323198,223055.13831,2136,2686808,112556.94934,-0.0004786979415988,ARPA-USDT,0.0420659344451942,0.0419954119200876,
2023-10-22 15:00:00,0.04176,0.04179,0.04155,0.0416,7949483,331082.38195,2609,4032677,167956.54401,-0.0002403268445085,ARPA-USDT,0.0417626410063505,0.0417324495401762,
2023-10-22 16:00:00,0.0416,0.04185,0.04158,0.04174,5866282,244803.05309,1641,3263289,136185.56741,0.0,ARPA-USDT,0.0415982028131092,0.0416220297506216,0.0001
2023-10-22 17:00:00,0.04175,0.04205,0.04172,0.04192,5079826,212777.16128,1754,2476927,103734.78405,-0.0002384927259719,ARPA-USDT,0.041741817718496,0.0417348272651496,
2023-10-22 18:00:00,0.04192,0.042,0.04167,0.04167,5713431,239046.51568,1517,2917776,122123.52212,-0.0007194244604317,ARPA-USDT,0.0419532907749909,0.0419614193095814,
2023-10-22 19:00:00,0.04168,0.04178,0.04164,0.04169,3801110,158515.87923,1211,2316489,96607.11751,0.0,ARPA-USDT,0.0416960768017506,0.0416993108828775,
2023-10-22 20:00:00,0.04169,0.04186,0.04167,0.04184,3731131,155917.52416,1192,1647403,68857.52081,0.0,ARPA-USDT,0.0416880592016154,0.0417134520592123,
2023-10-22 21:00:00,0.04184,0.04189,0.04163,0.04169,3110099,129910.30122,1054,1480011,61787.39193,-0.0016762452107279,ARPA-USDT,0.0418238733505764,0.0418307128726195,
2023-10-22 22:00:00,0.0417,0.0423,0.0416,0.04229,6887732,289008.64657,1811,3607142,151278.36401,0.0,ARPA-USDT,0.0417194160365244,0.0416723463781789,
2023-10-22 23:00:00,0.0423,0.04252,0.04222,0.04246,7018424,297358.88024,2126,2976805,126132.99293,-0.0007060484819958,ARPA-USDT,0.0423166524310724,0.0422882620227819,
2023-10-23 00:00:00,0.04246,0.04275,0.04228,0.04262,7232019,307529.6548,2355,3574617,151990.34617,-0.0004690431519699,ARPA-USDT,0.0424890611521767,0.0425029236466398,0.0001
2023-10-23 01:00:00,0.04263,0.04311,0.04257,0.04293,8594467,368394.03854,3087,4203472,180175.03314,0.000232991612302,ARPA-USDT,0.0426486681600291,0.0426115609792288,
2023-10-23 02:00:00,0.04293,0.04311,0.04278,0.04293,3259129,140000.47372,1393,1274974,54765.67054,-0.0004656577415599,ARPA-USDT,0.0429268523561263,0.0429174869694616,
2023-10-23 03:00:00,0.04294,0.04316,0.04275,0.04296,6475278,278113.18939,2425,2994848,128630.8343,0.0002328288707797,ARPA-USDT,0.0429785692922374,0.0429759086975764,
2023-10-23 04:00:00,0.04297,0.04313,0.04285,0.04294,5407577,232216.28779,1926,2478433,106453.35645,-0.0006981615080289,ARPA-USDT,0.0430112277978961,0.0430286216612288,
2023-10-23 05:00:00,0.04295,0.04296,0.04251,0.04253,10635051,454560.33169,3299,4788405,204688.52873,-0.0009396288466055,ARPA-USDT,0.0429115033835687,0.0428074233731425,
2023-10-23 06:00:00,0.04254,0.04275,0.04198,0.042,13541204,573551.04557,3456,6406185,271405.3773,-0.0004759638267491,ARPA-USDT,0.0425621398674119,0.0425609810872049,
2023-10-23 07:00:00,0.04199,0.04237,0.04183,0.04235,14395061,605477.90475,4730,8660545,364394.15447,0.0002361832782238,ARPA-USDT,0.0420381623744532,0.0419639437015667,
2023-10-23 08:00:00,0.04234,0.04265,0.04232,0.04254,32209662,1369960.38868,5493,17231759,732747.31891,-0.000704721634954,ARPA-USDT,0.0423972199901779,0.0424193538613329,5.49e-06
2023-10-23 09:00:00,0.04253,0.04259,0.04176,0.04212,9063894,382611.9074,2836,3998355,168811.79839,0.0,ARPA-USDT,0.042502235234712,0.0424680032820293,
2023-10-23 10:00:00,0.04212,0.04275,0.0421,0.04245,6470215,274880.9229,2281,3488382,148113.83446,-0.0002355157795571,ARPA-USDT,0.0421299644860101,0.0421305629967597,
2023-10-23 11:00:00,0.04246,0.04273,0.04244,0.04255,6554289,279136.40913,1567,3123384,132982.63522,-0.000234962406015,ARPA-USDT,0.0424461276434861,0.0424966175645915,
2023-10-23 12:00:00,0.04257,0.04278,0.04247,0.04259,6970147,297131.64608,1844,3025650,128983.36082,0.0,ARPA-USDT,0.0425659281320395,0.0425580961176835,
2023-10-23 13:00:00,0.04259,0.04269,0.0422,0.04236,9791816,414834.18153,2761,3986103,168921.67713,-0.0002360160490912,ARPA-USDT,0.042579199775221,0.0425359255675694,
2023-10-23 14:00:00,0.04236,0.04267,0.04235,0.04257,4125453,175516.23274,1534,2130172,90628.4505,-0.0016416510318949,ARPA-USDT,0.0424002066829849,0.0424431824119046,
2023-10-23 15:00:00,0.04257,0.04266,0.04242,0.0425,5233077,222667.93051,1729,2632045,111983.25403,-0.0002352387673487,ARPA-USDT,0.0425473876772012,0.0425904710781739,
2023-10-23 16:00:00,0.04251,0.04308,0.04243,0.04304,10556606,451420.48593,3000,5576917,238521.06766,-0.000232288037166,ARPA-USDT,0.0425207592675807,0.0425132211336982,0.0001
2023-10-23 17:00:00,0.04305,0.04307,0.04263,0.04287,9124781,391356.05645,2667,4395498,188546.04468,-0.0006993006993007,ARPA-USDT,0.042972669108403,0.0428996646680053,
2023-10-23 18:00:00,0.04288,0.04302,0.04256,0.04301,8895853,381228.09784,2352,4717116,202254.4707,-0.0002324500232451,ARPA-USDT,0.0428914928796202,0.0429279364275123,
2023-10-23 19:00:00,0.04302,0.04318,0.0428,0.04307,7483318,321968.67967,2383,3822316,164449.88332,-0.0002321262766945,ARPA-USDT,0.0430130205013873,0.0430993082894226,
2023-10-23 20:00:00,0.04306,0.04312,0.04277,0.04284,4697936,201989.84439,1719,2529656,108769.3266,0.0,ARPA-USDT,0.0430608401866074,0.043041044257315,
2023-10-23 21:00:00,0.04285,0.0431,0.04278,0.04302,2812060,120718.1132,1079,1556735,66839.22122,-0.0004646840148698,ARPA-USDT,0.0428555248687183,0.042907850058867,
2023-10-23 22:00:00,0.04302,0.04429,0.04295,0.04422,27695066,1210681.95391,9828,13290220,581285.94044,0.001358695652174,ARPA-USDT,0.043019112265861,0.0429873290973773,
2023-10-23 23:00:00,0.04423,0.04441,0.04342,0.04415,17067371,750195.12326,5535,8301239,364842.86117,0.0006799637352674,ARPA-USDT,0.0443322176780217,0.0441927368504389,
2023-10-24 00:00:00,0.04416,0.04468,0.04363,0.04448,17880837,789636.47701,5696,8666857,382955.38257,0.0004498425551056,ARPA-USDT,0.0441958556310106,0.0441587251743928,0.0001
2023-10-24 01:00:00,0.04448,0.04462,0.044,0.04427,6564707,291022.35271,2276,3099287,137407.31121,0.0015837104072395,ARPA-USDT,0.0444674736788064,0.0444147194989587,
2023-10-24 02:00:00,0.04427,0.04533,0.0442,0.04506,18377630,822181.71272,7198,9372788,419628.24448,-0.0002218770800975,ARPA-USDT,0.0442816553691789,0.0443616250224032,
2023-10-24 03:00:00,0.04505,0.04512,0.0439,0.0439,13270735,592464.66573,4341,7385839,329875.04456,-0.0002277385561374,ARPA-USDT,0.0450567177774278,0.044961306982205,
2023-10-24 04:00:00,0.04391,0.04438,0.04388,0.0442,5507306,243379.47838,2117,2757169,121825.73399,-0.0004522840343735,ARPA-USDT,0.0440064926551259,0.0441138903991958,
2023-10-24 05:00:00,0.0442,0.04474,0.04391,0.04407,10096876,448081.98342,3236,5188881,230476.57715,0.0004540295119181,ARPA-USDT,0.0442307566649242,0.0442772730851131,
2023-10-24 06:00:00,0.04407,0.04431,0.04335,0.04385,12701041,556063.38904,4012,5769676,252794.64561,0.000913033553983,ARPA-USDT,0.0440788656375071,0.0441410822261721,
2023-10-24 07:00:00,0.04387,0.04403,0.04358,0.04402,6146256,269171.36559,2049,2689062,117798.10706,0.0015927189988622,ARPA-USDT,0.0438929434492448,0.0438278876250878,
2023-10-24 08:00:00,0.04402,0.04491,0.04393,0.04483,24557002,1093829.10496,5222,13087695,582740.62974,-0.0004459308807134,ARPA-USDT,0.0440633633350335,0.0440241427385587,0.0001
2023-10-24 09:00:00,0.04483,0.04568,0.0447,0.04552,14772877,668536.0315,4273,7686010,347693.51847,0.0002197319270489,ARPA-USDT,0.0448301863412491,0.0447733791633659,
2023-10-24 10:00:00,0.04552,0.04554,0.04515,0.04547,7528053,341352.46008,2108,3306279,149932.66249,0.0002199736031676,ARPA-USDT,0.0454843887969864,0.0454893603381341,
2023-10-24 11:00:00,0.04547,0.04653,0.04542,0.04647,17547086,805164.73042,4707,10255940,470941.16824,0.0004305705059204,ARPA-USDT,0.0454627346164378,0.0454787139935562,
2023-10-24 12:00:00,0.04646,0.04674,0.04604,0.04635,21587778,1001556.49931,7137,10176633,472183.82143,0.0008637443316779,ARPA-USDT,0.0464243619061365,0.0463394976828689,
2023-10-24 13:00:00,0.04634,0.04638,0.04568,0.04618,23696525,1091756.3135,6588,11476871,528737.08525,0.0004332755632581,ARPA-USDT,0.0462605435251217,0.0462169983039515,
2023-10-24 14:00:00,0.04618,0.0473,0.04554,0.04729,20600511,956335.6132,6893,12275997,570210.69589,0.000634786288616,ARPA-USDT,0.0462475429393325,0.0462036278088126,
2023-10-24 15:00:00,0.0473,0.0478,0.04444,0.0453,69799891,3209946.08116,20332,35543022,1636087.58081,0.0015476453681184,ARPA-USDT,0.0473030327713193,0.0473339924491406,
2023-10-24 16:00:00,0.04528,0.04561,0.04457,0.04531,27654108,1252388.64832,6959,17441600,790267.11295,0.0006625441696113,ARPA-USDT,0.0452833369236281,0.045066215322457,0.0001
2023-10-24 17:00:00,0.0453,0.04547,0.04516,0.04526,14161265,642158.2847900001,3026,10570708,479351.69086,0.0006632765863365,ARPA-USDT,0.0453072042561163,0.0453213908020866,
2023-10-24 18:00:00,0.04526,0.04576,0.04478,0.04563,15802052,716811.6203,3852,10536315,478161.69872,-0.0004381161007668,ARPA-USDT,0.0452685964279271,0.0452792237387673,
2023-10-24 19:00:00,0.04564,0.04576,0.04532,0.04533,16060231,731597.30858,3047,10544853,480454.92508,-0.0002205558006174,ARPA-USDT,0.0456421822496219,0.0456809103372644,
2023-10-24 20:00:00,0.04532,0.04545,0.04486,0.04501,12236066,553649.50277,3236,7409778,335330.14334,0.0004445432318291,ARPA-USDT,0.0452980991159055,0.0452781483702108,
2023-10-24 21:00:00,0.04502,0.04551,0.04473,0.04538,13342698,602496.64677,3305,7982958,360531.66745,0.0002204099625302,ARPA-USDT,0.044978582771548,0.0449568027995499,
2023-10-24 22:00:00,0.04538,0.04542,0.04511,0.04532,12437938,563299.04671,3016,7692962,348449.01242,0.0002207018318252,ARPA-USDT,0.0453477739920902,0.0453043943481752,
2023-10-24 23:00:00,0.04531,0.04545,0.04504,0.04532,8610106,389546.14929,2654,5048122,228403.83016,0.0006623978803268,ARPA-USDT,0.0453059720992464,0.0452862955866023,
2023-10-25 00:00:00,0.04533,0.04629,0.04523,0.04618,14149706,646429.56902,4888,8520890,389243.59208,0.0002165908598656,ARPA-USDT,0.0453183599825764,0.0453199365016054,0.0001
2023-10-25 01:00:00,0.04617,0.04635,0.04603,0.04622,11571146,534362.3198,3945,5366819,247871.40867,0.0012998266897745,ARPA-USDT,0.0461514142331239,0.0461631197348448,
2023-10-25 02:00:00,0.04622,0.04628,0.04549,0.0457,11484753,526154.14584,3814,5554539,254463.21528,0.0006568863586597,ARPA-USDT,0.046238393744478,0.046155063595469,
2023-10-25 03:00:00,0.04571,0.0458,0.04538,0.04564,6564935,299426.67672,2963,3760413,171553.40437,0.0,ARPA-USDT,0.0457307029494311,0.0456247056553961,
2023-10-25 04:00:00,0.04566,0.04639,0.04558,0.04637,7624722,350203.70149,3053,4310710,197995.87111,0.000863371465573,ARPA-USDT,0.0456906592673748,0.0457530241378847,
2023-10-25 05:00:00,0.04637,0.04642,0.04589,0.04599,11855664,546573.33764,4104,5899037,271964.57961,0.0010883761427948,ARPA-USDT,0.0463416545467865,0.0463474343142138,
2023-10-25 06:00:00,0.046,0.04695,0.04597,0.04648,15152425,704038.6986700001,4304,8001777,371681.07843,0.0004304778303916,ARPA-USDT,0.0460094515926515,0.0460154324196609,
2023-10-25 07:00:00,0.04647,0.0465,0.04496,0.04549,23640082,1080410.0948,6862,8936734,407963.1948,0.0004398504508469,ARPA-USDT,0.0464503486908228,0.0463587863589972,
2023-10-25 08:00:00,0.0455,0.04574,0.04515,0.04561,9447140,430024.6688,3557,5465154,248900.01271,0.001317233809001,ARPA-USDT,0.0455694938344457,0.0455775838072091,0.0001
2023-10-25 09:00:00,0.04561,0.04613,0.04554,0.04587,7979174,366210.44522,3061,3746432,171933.2117,0.000872790748418,ARPA-USDT,0.045608985459496,0.0456165760290269,
2023-10-25 10:00:00,0.04586,0.04594,0.04566,0.04589,4915824,225299.34762,1965,2472835,113342.2074,0.0004360148245039,ARPA-USDT,0.0458646687557779,0.0457759990988841,
2023-10-25 11:00:00,0.04589,0.04618,0.04571,0.0458,9276984,426207.34874,2756,3668997,168589.11314,0.0004368719965051,ARPA-USDT,0.0458998883092057,0.045945876210213,
2023-10-25 12:00:00,0.0458,0.04615,0.04574,0.0459,8941301,410879.07062,2757,3680466,169113.27288,0.0002179123992156,ARPA-USDT,0.0457858696397451,0.0458066132103442,
2023-10-25 13:00:00,0.04589,0.04632,0.04567,0.04603,9044425,416101.51626,2913,4285481,197097.65362,0.0004346881112802,ARPA-USDT,0.0458796412041105,0.0459322305165339,
2023-10-25 14:00:00,0.04601,0.0467,0.0459,0.04668,10596898,491087.67647,3720,5339425,247469.73761,0.0006430868167202,ARPA-USDT,0.045967961085553,0.0460152697086586,
2023-10-25 15:00:00,0.04665,0.04719,0.04649,0.04689,16603542,777308.32319,6150,8176881,382916.41196,0.0006402048655569,ARPA-USDT,0.0466914666103127,0.0466190479111498,
2023-10-25 16:00:00,0.04689,0.04708,0.04563,0.04577,25845098,1198840.84421,8907,11643147,540256.05927,0.0006558810668997,ARPA-USDT,0.0467948504886894,0.0468477591844698,0.0001
2023-10-25 17:00:00,0.04576,0.0462,0.04554,0.04599,8287539,380895.14399,3430,4160918,191234.38021,0.0006527415143604,ARPA-USDT,0.0458067258773033,0.045748199063052,
2023-10-25 18:00:00,0.04598,0.04618,0.04584,0.04599,7828665,360153.13725,3165,4085111,187920.63532,0.0002174858634189,ARPA-USDT,0.0460181722516871,0.0460911108308403,
2023-10-25 19:00:00,0.046,0.04609,0.04583,0.04593,6651774,305743.32602,2381,3117537,143302.35098,0.0002177700348431,ARPA-USDT,0.0459533987299892,0.0459780572275552,
2023-10-25 20:00:00,0.04592,0.0461,0.04547,0.0455,7079455,324478.2722,2515,3346617,153424.31752,0.0002198285337435,ARPA-USDT,0.0459283771877076,0.0459473045573757,
2023-10-25 21:00:00,0.0455,0.04574,0.04525,0.04569,6567045,298929.6081,2266,3216930,146446.97208,0.0004379242391066,ARPA-USDT,0.0455020105437626,0.0455460987943414,
2023-10-25 22:00:00,0.04571,0.04609,0.04567,0.04591,7609102,349191.79336,2302,4296556,197221.00449,0.0002178649237472,ARPA-USDT,0.0457181174587961,0.0457496030349374,
2023-10-25 23:00:00,0.0459,0.0462,0.04561,0.04619,7797797,357842.2517,2778,3951787,181320.45731,0.0008667388949079,ARPA-USDT,0.0459132009432791,0.0458773910908457,
2023-10-26 00:00:00,0.04618,0.0465,0.04597,0.04644,12999990,601788.09337,4441,6328186,292886.50573,0.0002153779883695,ARPA-USDT,0.0462075480868174,0.0461025139693603,0.0001
2023-10-26 01:00:00,0.04643,0.0468,0.04635,0.04665,9591976,446879.27179,3317,4708280,219343.86639,0.0,ARPA-USDT,0.0464494703758738,0.0465091083811991,
2023-10-26 02:00:00,0.04665,0.04667,0.04631,0.04635,5396490,251083.85776,1794,2407115,112012.27383,0.0012961762799741,ARPA-USDT,0.046623051854588,0.0465403407670834,
2023-10-26 03:00:00,0.04636,0.04693,0.04629,0.04693,6839132,319267.58743,2699,3461776,161611.48997999998,0.0010665529010238,ARPA-USDT,0.0463370521119305,0.0463938847177772,
2023-10-26 04:00:00,0.04691,0.04747,0.04663,0.0473,21453309,1011139.40749,6626,11480344,541028.1354500001,0.0004230118443315,ARPA-USDT,0.0469016363607639,0.04687520477566,
2023-10-26 05:00:00,0.04729,0.04741,0.04707,0.04715,14764766,697186.2762,3976,6968354,329079.23624,0.0004243581582856,ARPA-USDT,0.0472740698463488,0.0472678313476579,
2023-10-26 06:00:00,0.04716,0.04794,0.04668,0.04794,16873755,798418.87402,5294,8865864,419938.63708,0.0010440593025684,ARPA-USDT,0.0471645929534383,0.0470974461938989,
2023-10-26 07:00:00,0.04793,0.0486,0.04781,0.04849,30615248,1478592.65851,8328,15418502,744458.10204,0.0008255933952527,ARPA-USDT,0.0479347562159265,0.0479147059662458,
2023-10-26 08:00:00,0.04848,0.04859,0.0477,0.04812,35302396,1699911.95652,8664,17196034,828412.533,0.0016652789342215,ARPA-USDT,0.0484190934832072,0.0484587095010181,0.0001
2023-10-26 09:00:00,0.04812,0.04814,0.04729,0.04765,31967966,1529225.98076,6587,15847071,758301.0285199999,0.0012607690691321,ARPA-USDT,0.0479311731597358,0.0478935998109981,
2023-10-26 10:00:00,0.04765,0.04768,0.0469,0.0474,14607795,691155.79956,4880,6604664,312539.92291,0.0010559662090812,ARPA-USDT,0.047629478354757,0.0475518971867645,
2023-10-26 11:00:00,0.04741,0.04768,0.04648,0.04693,21956973,1032413.35585,6944,9408604,442588.96138,0.0,ARPA-USDT,0.0474375466853081,0.0474911057543949,
2023-10-26 12:00:00,0.04692,0.04744,0.04685,0.04737,10817955,510187.83673,3637,4516393,212977.50456,0.0002111486486486,ARPA-USDT,0.0469094391154904,0.0469842379670882,
2023-10-26 13:00:00,0.04737,0.04752,0.04659,0.04661,8951123,421997.97557,2857,4296819,202617.44498,0.001073883161512,ARPA-USDT,0.0474014691869048,0.047441538268235,
2023-10-26 14:00:00,0.04661,0.04696,0.0444,0.04554,39149735,1786533.28177,11894,16789672,766801.9100800001,0.0006591957811468,ARPA-USDT,0.0466415417376083,0.0467257870434436,
2023-10-26 15:00:00,0.04555,0.04564,0.04472,0.04544,21617495,975713.4724,6397,10030377,452610.21977,0.0006606474344859,ARPA-USDT,0.0455334526074093,0.0454552667170278,
2023-10-26 16:00:00,0.04545,0.0457,0.04526,0.04535,19084350,867240.6987,5868,10257380,466120.53323,0.0006619593998236,ARPA-USDT,0.0454385893097639,0.0455244381219757,0.0001
2023-10-26 17:00:00,0.04535,0.04619,0.04528,0.04617,9335806,427325.30075,3000,5060890,231588.78229,0.000433369447454,ARPA-USDT,0.0453556440407594,0.0454544715821035,
2023-10-26 18:00:00,0.04616,0.04623,0.04599,0.04608,4796729,221198.37581,1835,2201474,101515.18932,0.0010862480990658,ARPA-USDT,0.0461656880892384,0.0461675583658048,
2023-10-26 19:00:00,0.04607,0.0467,0.04602,0.04656,9028162,418921.21484,2582,5489624,254903.47198,-0.0002147305132059,ARPA-USDT,0.0460639072882958,0.0460874628282288,
2023-10-26 20:00:00,0.04657,0.04682,0.04651,0.04671,6922396,322869.33485,2387,3609585,168373.89184,0.0,ARPA-USDT,0.0465689985645733,0.0466655171567706,
2023-10-26 21:00:00,0.04672,0.04693,0.04634,0.04687,6355267,296227.81357,1632,2950310,137520.9115,-0.0002133105802046,ARPA-USDT,0.0466851063336441,0.0466225749748133,
2023-10-26 22:00:00,0.04686,0.0472,0.04686,0.04714,5542597,260584.07078,1895,2591995,121874.25038,-0.0002120890774124,ARPA-USDT,0.0468939661115494,0.046978219428079,
2023-10-26 23:00:00,0.04713,0.04716,0.0469,0.04704,4623024,217410.6191,1688,2144620,100867.40106,0.0010640561821664,ARPA-USDT,0.0471225314197681,0.0470584297166842,
2023-10-27 00:00:00,0.04704,0.04723,0.04665,0.04675,17182692,807401.81389,3614,7020431,329867.82107,0.0008563476771568,ARPA-USDT,0.0470218106054168,0.0469814468839564,0.0001
2023-10-27 01:00:00,0.04676,0.04689,0.04584,0.04593,11962011,554649.77626,4128,5534450,256518.82877,0.001308044473512,ARPA-USDT,0.0467916294245541,0.0466891801423445,
2023-10-27 02:00:00,0.04594,0.04669,0.04572,0.04657,5872765,271605.30034,2214,2843130,131424.01497,0.0,ARPA-USDT,0.0459327900255012,0.0458360785845888,
2023-10-27 03:00:00,0.04656,0.04674,0.04617,0.04636,11264595,522817.20294,2562,3968947,184399.89817,0.0015122056599696,ARPA-USDT,0.0465826459296403,0.0466218656962803,
2023-10-27 04:00:00,0.04636,0.04658,0.04617,0.04648,5332217,247113.96816,2083,2809939,130273.45712,0.0006458557588806,ARPA-USDT,0.0463589493307365,0.0463090039827819,
2023-10-27 05:00:00,0.04649,0.04649,0.04603,0.04625,5052282,233256.45605,2063,2455208,113349.3476,0.0006490696668108,ARPA-USDT,0.0464423958400679,0.0463977636983554,
2023-10-27 06:00:00,0.04625,0.04677,0.04621,0.04677,3249273,151081.83033,1785,1703320,79196.65473,0.0014989293361884,ARPA-USDT,0.0462923177754576,0.0462745321534746,
2023-10-27 07:00:00,0.04676,0.04677,0.04602,0.04605,6880819,319667.7996,2013,2616861,121545.12757,0.0002172024326672,ARPA-USDT,0.0467101395141624,0.0466742600402002,
2023-10-27 08:00:00,0.04605,0.04641,0.04599,0.04636,5361585,247301.985,1847,2736527,126202.29232,0.0004315925766076,ARPA-USDT,0.046044991824722,0.0460758438128039,0.0001
2023-10-27 09:00:00,0.04637,0.04666,0.04634,0.04665,4318667,201041.37835,1544,2161405,100612.68385,0.0008581849388542,ARPA-USDT,0.0463751064465603,0.0463776998703615,
2023-10-27 10:00:00,0.04665,0.04665,0.04629,0.04631,3585784,166508.72084,1579,1512132,70209.27818,0.0004320587599913,ARPA-USDT,0.0466319818764345,0.0466211584464122,
2023-10-27 11:00:00,0.04631,0.04641,0.04605,0.04638,5802009,268129.49422,2260,3330711,153959.6735,0.0004314063848145,ARPA-USDT,0.0463382670317281,0.046344879210939,
2023-10-27 12:00:00,0.04637,0.04682,0.0462,0.04668,6318904,293701.37665,2418,2958308,137464.59508,0.0010722710701265,ARPA-USDT,0.0463990334230194,0.0464340587357653,
2023-10-27 13:00:00,0.04668,0.04704,0.04661,0.04691,6262157,293305.95693,2479,3074757,144043.09357,0.0014944491887276,ARPA-USDT,0.0466729882047634,0.0467355811239722,
2023-10-27 14:00:00,0.04691,0.04692,0.04591,0.04619,11177026,518321.44067,4072,5343273,247830.89652,0.0010836584308626,ARPA-USDT,0.04687503372715,0.0468161251054513,
2023-10-27 15:00:00,0.0462,0.04664,0.04601,0.04641,6207735,287433.5369,2290,2805511,129855.352,0.001294498381877,ARPA-USDT,0.0461602024572583,0.046137629504024,
2023-10-27 16:00:00,0.04639,0.04652,0.04581,0.04605,7576474,350034.35468,3062,3406959,157390.68015,0.0002172024326672,ARPA-USDT,0.0463674852970999,0.0463702796401898,0.0002637
2023-10-27 17:00:00,0.04605,0.04616,0.04523,0.04584,10674521,488490.42949,4337,4983491,228005.9237,0.0004364906154517,ARPA-USDT,0.0460784592177696,0.0460710616652846,
2023-10-27 18:00:00,0.04583,0.04591,0.04525,0.04562,7603537,346349.32571,3265,3561282,162226.13324999998,0.0004385964912281,ARPA-USDT,0.0458217363884258,0.0458521553799577,
2023-10-27 19:00:00,0.04562,0.04603,0.0456,0.04592,3573011,163685.74378,1482,2044738,93679.77032,0.00109003706126,ARPA-USDT,0.0456333238876055,0.0457113076563934,
2023-10-27 20:00:00,0.04592,0.04604,0.0458,0.04599,3012837,138284.87656,1299,1389349,63771.38907,0.0015243902439023,ARPA-USDT,0.0459340947002431,0.0459488555354303,
2023-10-27 21:00:00,0.04599,0.04606,0.0457,0.04606,2685091,123178.37388,1353,1261135,57855.23574,0.0006517488594393,ARPA-USDT,0.0459565412609325,0.0459259198555563,
2023-10-27 22:00:00,0.04606,0.04607,0.04564,0.04567,2358066,108209.24626,1001,1028828,47201.52725,0.0006573181419806,ARPA-USDT,0.0460599142567795,0.0460491403635936,
2023-10-27 23:00:00,0.04569,0.04607,0.04565,0.0459,2137155,98120.7013,1017,1033358,47426.27289,-0.0006531678641409,ARPA-USDT,0.0456843966841202,0.0457059437188744,
2023-10-28 00:00:00,0.04591,0.04629,0.04583,0.04613,3010940,138721.99936000002,1373,1572724,72451.63378,0.0006507592190887,ARPA-USDT,0.0459380193472107,0.0459440092114657,0.0001
2023-10-28 01:00:00,0.04614,0.04649,0.04608,0.04646,2958675,136865.22052,1444,1474947,68221.61084,0.0010773540185304,ARPA-USDT,0.0461397604873847,0.0461617979505967,
2023-10-28 02:00:00,0.04647,0.04683,0.04633,0.04675,3019616,140648.18622,1479,1567684,73028.35657999999,0.0014995715509853,ARPA-USDT,0.0464543279746138,0.0464194136116526,
2023-10-28 03:00:00,0.04675,0.04689,0.04662,0.04685,2384746,111498.40908,1275,1108323,51820.28114,0.001068376068376,ARPA-USDT,0.0467409495958995,0.0466925491872044,
2023-10-28 04:00:00,0.04685,0.047,0.04668,0.04683,2700520,126537.80749,1011,1300134,60967.90618,0.0012828736369467,ARPA-USDT,0.0468499885934269,0.0468130006760481,
2023-10-28 05:00:00,0.04684,0.04687,0.04652,0.04656,2808462,131277.73454,1618,1135037,53070.22398,0.0010750376263168,ARPA-USDT,0.0468270160027654,0.0468356018148183,
2023-10-28 06:00:00,0.04657,0.04659,0.04624,0.04628,3331458,154589.18652,1574,1484177,68856.35638,0.0010815487778499,ARPA-USDT,0.0465572096328952,0.046540432096499,
2023-10-28 07:00:00,0.04628,0.04677,0.04621,0.04676,3591926,167090.18419,1519,2100693,97738.67925,0.0010704345964462,ARPA-USDT,0.0462801218806011,0.0462657747771242,
2023-10-28 08:00:00,0.04676,0.04713,0.04664,0.04698,4503688,211207.05681,2060,2740121,128518.04752,0.001065416577882,ARPA-USDT,0.0467599110884006,0.0468094866690156,0.0001
2023-10-28 09:00:00,0.04699,0.04703,0.04675,0.04687,2548361,119392.4525,1396,1292105,60517.06005,0.000854153320521,ARPA-USDT,0.0470104292503449,0.0469054171437954,
2023-10-28 10:00:00,0.04689,0.04691,0.04671,0.04687,1574035,73658.34641,1051,848529,39705.02742,0.0014957264957264,ARPA-USDT,0.0468779159216357,0.0468528814887504,
2023-10-28 11:00:00,0.04688,0.04727,0.04678,0.04682,4902112,230491.65092,2244,2115780,99499.60742,0.0010690613641224,ARPA-USDT,0.0468652125662544,0.0468674691449278,
2023-10-28 12:00:00,0.04682,0.04691,0.04593,0.04595,14401620,666357.25537,4607,4699658,217784.89056,-0.0002175805047868,ARPA-USDT,0.0467973238309132,0.046814443334534,
2023-10-28 13:00:00,0.04598,0.04603,0.04479,0.0454,36128312,1642571.18044,12088,12544954,569846.20064,0.0,ARPA-USDT,0.0459325436831911,0.0458844115173472,
2023-10-28 14:00:00,0.04541,0.04642,0.04537,0.04642,16245571,745128.18306,4808,10254188,470636.55533,0.0008624407072015,ARPA-USDT,0.0454354887921712,0.0454441170895254,
2023-10-28 15:00:00,0.04641,0.047,0.04632,0.04665,11464097,535457.68355,4255,6130324,286264.7723,0.0008581849388542,ARPA-USDT,0.0463693900880333,0.0464445463575627,
2023-10-28 16:00:00,0.04665,0.04677,0.04637,0.0467,4127835,192409.37609,1865,1900999,88625.04843,0.0,ARPA-USDT,0.0466386130659525,0.0466160467291906,0.0001
2023-10-28 17:00:00,0.04671,0.04673,0.04643,0.04655,2951501,137397.26374,1338,1268982,59069.13611,0.0004298302170642,ARPA-USDT,0.0466918573412188,0.0466990513797021,
2023-10-28 18:00:00,0.04656,0.04656,0.04609,0.04626,6878473,318276.96423,2602,3318746,153565.10016,0.0,ARPA-USDT,0.046528990352123,0.0464975760003315,
2023-10-28 19:00:00,0.04627,0.0464,0.04595,0.04605,3337043,154234.58994,1286,1499326,69288.86549,0.0,ARPA-USDT,0.0462858743649449,0.0462653788351734,
2023-10-28 20:00:00,0.04606,0.04735,0.046,0.0473,30984043,1448527.03751,7147,17074549,798555.95905,0.0002114611968704,ARPA-USDT,0.0460835354003213,0.0460788231084054,
2023-10-28 21:00:00,0.04729,0.04729,0.04692,0.04716,8004267,377087.49068,2397,3111694,146462.74482,0.0004242681374628,ARPA-USDT,0.0472280891175069,0.0471570760617574,
2023-10-28 22:00:00,0.04715,0.04716,0.04665,0.04693,5402384,253574.41664,2217,2567145,120463.12035,-0.0004259850905218,ARPA-USDT,0.0471260728125205,0.047016031371319,
2023-10-28 23:00:00,0.04693,0.04706,0.04664,0.04703,4512859,211426.77769,1929,2127430,99649.87327,0.0,ARPA-USDT,0.0469178801952835,0.0468781406099573,
2023-10-29 00:00:00,0.04703,0.0473,0.04677,0.0469,8536955,401594.7045,2876,4633702,218001.36845,0.0004266211604095,ARPA-USDT,0.0470936738904195,0.0470707115381774,0.0001
2023-10-29 01:00:00,0.04691,0.04699,0.04623,0.04667,6909007,322191.6884,2564,3253285,151735.87833,-0.0002142245072835,ARPA-USDT,0.0469414780606994,0.0468999067780066,
2023-10-29 02:00:00,0.04667,0.04675,0.04641,0.04674,2199707,102513.89065,1232,1196395,55752.25685,0.0004280821917808,ARPA-USDT,0.0466705717034204,0.0465402208561501,
2023-10-29 03:00:00,0.04674,0.04676,0.04632,0.04644,2105618,98030.19597,1263,1068564,49730.12691,0.0010778184953654,ARPA-USDT,0.0467312031695639,0.0467253468024315,
2023-10-29 04:00:00,0.04643,0.04672,0.04629,0.04667,1539319,71611.62326,1296,854788,39745.70609,-0.0002142245072835,ARPA-USDT,0.0464409677140386,0.0463605288835081,
2023-10-29 05:00:00,0.04667,0.04668,0.04644,0.0466,2738822,127521.56338,1149,1270051,59115.60199,0.0006441915396178,ARPA-USDT,0.0466652487651549,0.0466161127327367,
2023-10-29 06:00:00,0.04659,0.04721,0.04654,0.04711,6668020,313275.77890000003,1947,3939074,184999.84116,0.0010624734381641,ARPA-USDT,0.0465932450956582,0.046568634254526,
2023-10-29 07:00:00,0.0471,0.04745,0.04704,0.04719,13559096,640650.1582,3364,5818511,274916.95883,0.0006361323155217,ARPA-USDT,0.0471165464991445,0.0471824705967478,
2023-10-29 08:00:00,0.04719,0.04771,0.04717,0.04764,7118606,338089.55096,2642,3797760,180392.03742,0.0004199916001679,ARPA-USDT,0.0471912802656122,0.0472033693756342,0.0001
2023-10-29 09:00:00,0.04764,0.04773,0.04735,0.0474,8153226,387470.41146,1875,3850894,183188.6961,0.0008445945945945,ARPA-USDT,0.0476570667833275,0.047582415497832,
2023-10-29 10:00:00,0.04739,0.04741,0.04702,0.04713,8202889,386839.50237,2302,2746581,129592.00573,0.0004245383145828,ARPA-USDT,0.0473980514917938,0.0473530066658278,
2023-10-29 11:00:00,0.04713,0.04725,0.04704,0.04711,2750346,129602.79951,1430,1289169,60755.74421,0.0010624734381641,ARPA-USDT,0.0471402681938112,0.0471098463996857,
2023-10-29 12:00:00,0.0471,0.04754,0.04705,0.04753,4085075,192965.47404,2018,2465315,116477.39829,0.0010530749789385,ARPA-USDT,0.0470859715536634,0.0470757595303625,
2023-10-29 13:00:00,0.04752,0.04759,0.04724,0.04747,4964751,235531.57753,2361,2267407,107574.85436,0.0014767932489452,ARPA-USDT,0.047502397921157,0.0475066117073013,
2023-10-29 14:00:00,0.04745,0.04758,0.04723,0.04754,6195778,293849.58012,2456,3034701,143978.30886,0.0010528532322593,ARPA-USDT,0.0474602993082126,0.0474191215989965,
2023-10-29 15:00:00,0.04753,0.04766,0.04702,0.04717,9024868,426990.85945,3118,4856469,229780.29095,0.000424178154825,ARPA-USDT,0.0475800331354616,0.0475796606589807,
2023-10-29 16:00:00,0.04716,0.04746,0.04708,0.04715,6203195,293181.13117,2706,3762898,177848.91335,0.0008490766291657,ARPA-USDT,0.0471648272740233,0.0471514535378675,0.0001
2023-10-29 17:00:00,0.04715,0.04756,0.047,0.04726,5414171,256093.93326,2596,2754380,130346.99971,0.0023329798515376,ARPA-USDT,0.0471316346499563,0.0470941178309866,
2023-10-29 18:00:00,0.04727,0.04769,0.04727,0.04752,7649117,363394.47565,2976,3968621,188562.28571,0.0010532968190435,ARPA-USDT,0.0473025434950622,0.047370928852794,
2023-10-29 19:00:00,0.04751,0.04765,0.04711,0.04759,6497188,307888.87614,2839,3864923,183259.13209,0.001473063973064,ARPA-USDT,0.047543435318909,0.047501391195166,
2023-10-29 20:00:00,0.04759,0.04778,0.04747,0.04773,4442122,211702.64291,2119,2425290,115611.83363,0.0008387502621094,ARPA-USDT,0.0476112469517043,0.0476357455832983,
2023-10-29 21:00:00,0.04773,0.04891,0.04758,0.0477,33747921,1627354.07839,10197,16608039,802042.2071400001,0.0002096875655273,ARPA-USDT,0.0477284644913627,0.0478655913525076,
2023-10-29 22:00:00,0.04773,0.04807,0.04763,0.0477,11215775,536511.4622600001,3849,4904431,234591.82113,0.0006293266205161,ARPA-USDT,0.0478139901028342,0.0478585337133508,
2023-10-29 23:00:00,0.04769,0.0478,0.0471,0.04749,9419254,446890.84146,3380,5469963,259487.60101,0.0008429926238144,ARPA-USDT,0.0477558234650636,0.0477531157852533,
2023-10-30 00:00:00,0.04749,0.04793,0.04729,0.04772,7673588,365577.88007,3411,4613963,219850.50388,0.0012589173310952,ARPA-USDT,0.0475740884509486,0.0476127104581094,0.0001
2023-10-30 01:00:00,0.04773,0.04807,0.0476,0.04767,12932660,618147.32787,3404,7053938,337157.27271,0.0008398068444257,ARPA-USDT,0.0477489048068558,0.0478131828158907,
2023-10-30 02:00:00,0.04768,0.04782,0.04714,0.04739,10978146,521224.6001,4059,6482492,307789.97913,0.0014792899408284,ARPA-USDT,0.0476562988471919,0.0476032968406886,
2023-10-30 03:00:00,0.04739,0.04753,0.04711,0.04716,16724512,791532.34225,3853,8777583,415287.74128,0.0006365372374284,ARPA-USDT,0.0473704238628376,0.0473474188199733,
2023-10-30 04:00:00,0.04716,0.04785,0.04714,0.04774,5000886,237586.2881,2299,2774853,131805.41535999998,0.0016785564414603,ARPA-USDT,0.0471654570584485,0.0471865059841332,
2023-10-30 05:00:00,0.04774,0.04789,0.04749,0.04762,4780895,228079.31939,2286,2327484,111053.28332,0.0008406893652797,ARPA-USDT,0.0477553553853036,0.0477914503946716,
2023-10-30 06:00:00,0.04762,0.04772,0.04713,0.04762,8394419,398735.41713,3062,4184983,198820.33997,0.0008406893652797,ARPA-USDT,0.0476280931832192,0.0476027602726647,
2023-10-30 07:00:00,0.04761,0.04779,0.04705,0.0471,7917459,374913.79304,3188,3078711,145934.10629,0.0006373486297004,ARPA-USDT,0.0476342905027932,0.0476841887158988,
2023-10-30 08:00:00,0.04709,0.04787,0.04701,0.04774,23662821,1123543.31824,4787,11080108,525611.09626,0.0012583892617448,ARPA-USDT,0.047089267755845,0.0470796474377706,0.0002549
2023-10-30 09:00:00,0.04774,0.04862,0.04773,0.0483,23294701,1125251.08864,6090,11363626,548938.11955,0.0004142502071251,ARPA-USDT,0.0477595910563387,0.0477980827428836,
2023-10-30 10:00:00,0.04829,0.04834,0.04805,0.04827,9350786,450633.81225,2836,4420732,213055.78753,0.0008293593199253,ARPA-USDT,0.0482432127108541,0.04827376193416,
2023-10-30 11:00:00,0.04827,0.04863,0.0482,0.04849,5248456,253997.3727,2403,3142168,152082.44578,0.0010322047894302,ARPA-USDT,0.0483068170609213,0.0483026782075481,
2023-10-30 12:00:00,0.0485,0.04948,0.0484,0.04882,40674747,1987886.99207,11738,19251284,941686.04103,0.0012305168170632,ARPA-USDT,0.0485254641297617,0.048596381134013,
2023-10-30 13:00:00,0.04882,0.04946,0.04849,0.04923,25128368,1233751.94443,7180,12224534,600010.47815,0.0014239218877136,ARPA-USDT,0.0487026177332194,0.0487049045828166,
2023-10-30 14:00:00,0.04922,0.0495,0.04854,0.0487,18659134,915578.10873,5551,8340014,409497.37979,0.0016454134101193,ARPA-USDT,0.04919466063078,0.0492448130816136,
2023-10-30 15:00:00,0.04869,0.04905,0.04858,0.04897,6041944,294825.65564,2384,3361427,164079.71505,0.0014314928425358,ARPA-USDT,0.0486767345864548,0.0487691608891899,
2023-10-30 16:00:00,0.04897,0.05176,0.04882,0.05119,97240074,4919646.26842,27514,49240512,2488174.42919,0.0001953888237591,ARPA-USDT,0.0489528488011283,0.0490308868842511,0.00023181
2023-10-30 17:00:00,0.05119,0.05245,0.04996,0.05196,188299722,9667329.12463,44051,89471053,4594884.02135,0.0003850596842509,ARPA-USDT,0.0511080775234959,0.0512684996069847,
2023-10-30 18:00:00,0.05195,0.05365,0.05085,0.05092,201140221,10540379.63372,47162,97996141,5143301.13243,0.0019677292404565,ARPA-USDT,0.0518104474711151,0.0520514237916325,
2023-10-30 19:00:00,0.05091,0.05098,0.04959,0.05001,131801155,6623785.65003,31189,59843581,3008164.80185,0.0012012012012012,ARPA-USDT,0.0506965344229884,0.0507199474245549,
2023-10-30 20:00:00,0.05001,0.05116,0.04999,0.05081,48692532,2464679.99805,12019,23655835,1197729.32104,0.0011822660098521,ARPA-USDT,0.0501190377430703,0.0501705625756504,
2023-10-30 21:00:00,0.05081,0.05087,0.04977,0.04977,31465192,1578889.13432,9619,13343254,669503.80556,0.0004020100502513,ARPA-USDT,0.0507554300349817,0.0507614579672423,
2023-10-30 22:00:00,0.04979,0.05001,0.04961,0.04996,19512350,972517.99265,5831,10141918,505562.27546,0.00140308679094,ARPA-USDT,0.0498277522371036,0.0498013715146452,
2023-10-30 23:00:00,0.04996,0.05053,0.04969,0.05036,16991778,853158.95055,6322,9914743,497769.72537,0.0005960659646335,ARPA-USDT,0.050005693712984,0.0500152528155247,
2023-10-31 00:00:00,0.05036,0.0507,0.04985,0.05031,29430689,1480269.61945,8277,15662139,787825.26573,0.0011940298507462,ARPA-USDT,0.0503251919065498,0.0501042789169035,0.00036661
2023-10-31 01:00:00,0.05031,0.05073,0.04992,0.05063,11019712,554365.81389,3707,5992736,301595.46971,0.0009885330170027,ARPA-USDT,0.0503150522870123,0.0502193224269799,
2023-10-31 02:00:00,0.05063,0.05081,0.04972,0.05022,27867677,1401638.33376,6232,13305523,669447.76558,0.0009966115208293,ARPA-USDT,0.0506343342928768,0.050597832726068,
2023-10-31 03:00:00,0.05023,0.0503,0.04929,0.04956,21576327,1070301.73307,6298,8327746,413287.40784,0.001009896990507,ARPA-USDT,0.0502117621291957,0.0502229479588891,
2023-10-31 04:00:00,0.04957,0.04991,0.04888,0.04906,27058380,1338452.33297,7029,11224608,555622.99192,0.0018378599142332,ARPA-USDT,0.0496129014923784,0.049574244583275,
2023-10-31 05:00:00,0.04907,0.0494,0.04823,0.0493,36687357,1790657.02566,9471,13900602,679216.50983,0.0016253555465257,ARPA-USDT,0.0490472458949044,0.0489131188662971,
2023-10-31 06:00:00,0.0493,0.04966,0.04903,0.04911,15809602,780393.94871,5117,7463047,368501.25103,0.0008151620134502,ARPA-USDT,0.0492972448605652,0.0492689053130844,
2023-10-31 07:00:00,0.04912,0.04942,0.04824,0.04845,17883993,872493.51511,6832,7705698,375959.18404,0.0012399256044637,ARPA-USDT,0.0490789892809729,0.0491321148413725,
2023-10-31 08:00:00,0.04846,0.04911,0.04785,0.04911,16867751,817848.08796,6567,8111501,393512.34438,0.001223241590214,ARPA-USDT,0.0484941851205934,0.0483569834513522,0.00013688
2023-10-31 09:00:00,0.0491,0.04915,0.04848,0.04867,12172137,593633.28887,4901,4907360,239261.38327,0.0010283833813244,ARPA-USDT,0.0490335164719318,0.0490184122696303,
2023-10-31 10:00:00,0.04867,0.0491,0.04857,0.0487,9999450,487932.96626,4582,5156917,251649.5042,0.0010277492291881,ARPA-USDT,0.048727688159606,0.0487704616482468,
2023-10-31 11:00:00,0.04871,0.0489,0.04829,0.04864,15451060,750684.25736,5705,6590650,320247.04945,0.0014412188593782,ARPA-USDT,0.0486948478761638,0.0485167225808917,
2023-10-31 12:00:00,0.04865,0.04885,0.04771,0.04799,20300943,979045.98498,6922,8490634,409437.92741,0.0012518255789693,ARPA-USDT,0.0486517506179152,0.0486679506948886,
2023-10-31 13:00:00,0.048,0.04806,0.04702,0.04748,23309618,1109253.168,7401,8982349,427670.22081,0.0012652889076341,ARPA-USDT,0.0478961563592946,0.0478955139497269,
2023-10-31 14:00:00,0.04749,0.04772,0.0468,0.04734,37555072,1772870.12444,7859,19505814,920642.06303,0.0012690355329949,ARPA-USDT,0.0475114729528372,0.0474276701895434,
2023-10-31 15:00:00,0.04734,0.04742,0.0455,0.04635,48677786,2251993.99186,13379,21073254,975436.62618,0.0015125324114089,ARPA-USDT,0.0473430573742127,0.0472581320564055,
2023-10-31 16:00:00,0.04636,0.04654,0.04579,0.04641,30063114,1386831.93495,9672,13890853,641165.8919,0.0004311273981461,ARPA-USDT,0.0461732186366128,0.0460610240679269,0.00016501
2023-10-31 17:00:00,0.0464,0.04728,0.04612,0.04689,23766240,1109716.74528,7290,14135590,660197.77436,0.0004267121826329,ARPA-USDT,0.0463760546591992,0.0462996229924511,
2023-10-31 18:00:00,0.04689,0.04732,0.04672,0.0471,22637384,1063596.33585,8525,12051983,566606.35092,0.0014884116521369,ARPA-USDT,0.0468976120300319,0.046939230625378,
2023-10-31 19:00:00,0.0471,0.04731,0.04663,0.04681,14304689,671296.7794700001,7039,6724915,315696.69567,0.0017119623368284,ARPA-USDT,0.0471038586748659,0.0471470943072959,
2023-10-31 20:00:00,0.0468,0.04718,0.04647,0.04694,18416642,861952.09561,6531,8817358,412950.69301,0.002134927412468,ARPA-USDT,0.0467679510072271,0.0468401411721199,
2023-10-31 21:00:00,0.04693,0.04703,0.04599,0.04638,24694625,1147838.05499,6234,9525041,443097.68851,0.0012953367875647,ARPA-USDT,0.0469074503208649,0.046772805231719,
2023-10-31 22:00:00,0.04638,0.047,0.04632,0.04691,10894444,508435.65295,3865,5767847,269083.73808,0.0010670081092616,ARPA-USDT,0.0464007675499926,0.0464076125538106,
2023-10-31 23:00:00,0.04691,0.04756,0.04687,0.04738,27904167,1317616.16487,8090,18377309,867727.60771,-0.0008435259384225,ARPA-USDT,0.046929343771816,0.0469262714914755,
2023-11-01 00:00:00,0.04739,0.04799,0.04714,0.04791,20847827,992374.36101,7852,9982891,475248.86645,0.0012539184952979,ARPA-USDT,0.0473613123998132,0.0473548635948739,0.00036569
2023-11-01 01:00:00,0.04791,0.04825,0.0477,0.04788,20183527,968206.00075,5796,9827924,471374.80343,0.0008361204013378,ARPA-USDT,0.0479633172128886,0.0479789181831216,
2023-11-01 02:00:00,0.04789,0.04825,0.04774,0.04786,16960778,814750.53923,4103,8170274,392261.42973,0.0010458063166702,ARPA-USDT,0.0478810494724335,0.0478673890941491,
2023-11-01 03:00:00,0.04786,0.04815,0.04758,0.04777,8078354,386369.59013,3544,4145425,198292.84646,0.001257597987843,ARPA-USDT,0.0478660556376515,0.0478935717035313,
2023-11-01 04:00:00,0.04777,0.04783,0.04735,0.04773,9344227,444902.91649,3635,4253190,202499.98025,0.0010486577181207,ARPA-USDT,0.0477300849251624,0.0476940705176618,
2023-11-01 05:00:00,0.04773,0.0478,0.04681,0.04691,11571797,546787.59431,4515,4791713,226401.51088,0.0008534243652655,ARPA-USDT,0.0477579404835386,0.0476268621107729,
2023-11-01 06:00:00,0.04692,0.04753,0.04655,0.04749,10924697,513497.88946,4867,5476733,257636.15398,0.0006321112515801,ARPA-USDT,0.0469444581844436,0.0467921182007464,
2023-11-01 07:00:00,0.04749,0.04781,0.04717,0.0473,14161566,671873.88428,5943,6762579,320958.8084,0.0010582010582009,ARPA-USDT,0.0474795700556398,0.0473555599838293,
2023-11-01 08:00:00,0.0473,0.04764,0.0472,0.04748,7437531,352874.04785,3424,4268025,202511.8602,0.0008431703204045,ARPA-USDT,0.0473004794185994,0.0473044963580468,0.00023734
2023-11-01 09:00:00,0.04751,0.04855,0.0473,0.04847,25379434,1218595.49118,9731,15488590,743459.5262,0.0012394133443502,ARPA-USDT,0.0475078718304117,0.0474105683413262,
2023-11-01 10:00:00,0.04846,0.04846,0.04752,0.04761,13500662,648016.95745,5689,5623612,270089.83682,0.0006305170239597,ARPA-USDT,0.0483762756496571,0.0482523447723582,
2023-11-01 11:00:00,0.04762,0.04843,0.04755,0.04828,12163673,584404.11254,4538,6023987,289399.72142,0.0012442969722108,ARPA-USDT,0.0475916313695209,0.0476756893031334,
2023-11-01 12:00:00,0.04827,0.04897,0.04783,0.04866,25849890,1252910.35895,7592,11072479,536755.81685,0.0008227067050596,ARPA-USDT,0.0482135029390759,0.0482262411408179,
2023-11-01 13:00:00,0.04868,0.04912,0.04762,0.0486,31887041,1544915.29434,10353,14397056,698234.27997,0.0008237232289949,ARPA-USDT,0.0486437615883753,0.0486194773989406,
2023-11-01 14:00:00,0.04861,0.04935,0.04817,0.04856,22586680,1099964.87811,7809,10723149,522532.45297,-0.0006174109899156,ARPA-USDT,0.0486816044282545,0.0485917870675545,
2023-11-01 15:00:00,0.04856,0.04885,0.04784,0.04835,16333562,788743.43056,5458,7921951,382697.95349,0.0016573441060698,ARPA-USDT,0.0485678778220854,0.048699495628281,
2023-11-01 16:00:00,0.04834,0.05003,0.04823,0.04912,49232029,2432500.19354,17193,25133109,1242027.56251,0.0010189525168124,ARPA-USDT,0.0483229351632657,0.0483880079590566,0.00014978
2023-11-01 17:00:00,0.04911,0.04938,0.04867,0.04925,18660144,914281.22509,6538,7505921,367864.31759,0.0012197601138443,ARPA-USDT,0.0491734102488757,0.049256400993802,
2023-11-01 18:00:00,0.04924,0.05006,0.04902,0.04931,28681871,1421652.49527,11133,12829573,636356.26022,0.0014216084484159,ARPA-USDT,0.0492325187884705,0.0492514930124571,
2023-11-01 19:00:00,0.0493,0.05072,0.0493,0.05017,64053696,3206554.01625,15419,31596474,1581082.82719,0.0019972039145195,ARPA-USDT,0.049358889211558,0.0493970480212955,
2023-11-01 20:00:00,0.05016,0.05073,0.05012,0.05062,26918941,1356417.29235,9614,12857007,647628.92088,0.0023762376237623,ARPA-USDT,0.0501811107368605,0.0503089630699028,
2023-11-01 21:00:00,0.05062,0.05075,0.0501,0.05064,15999927,806892.05392,5863,7035608,354706.0855,0.0019786307874949,ARPA-USDT,0.0506902056682451,0.0506047921329093,
2023-11-01 22:00:00,0.05068,0.05085,0.05,0.05018,9074549,458058.95201,3919,4048235,204315.82312,0.0013969267611255,ARPA-USDT,0.0507168241586117,0.050645782268945,
2023-11-01 23:00:00,0.05017,0.05065,0.05003,0.05065,16921710,851702.22482,4914,8254834,415329.43968,0.0015819655922484,ARPA-USDT,0.0502188165731943,0.0501952484783851,
2023-11-02 00:00:00,0.05064,0.05077,0.05,0.05032,11049132,555995.47349,4893,4222708,212587.17392,0.0011937922801432,ARPA-USDT,0.0506824544220971,0.0506862494122139,0.00043809
2023-11-02 01:00:00,0.05033,0.05098,0.05014,0.05017,13079411,661781.03878,4501,4690247,237559.13994,0.0011973657952504,ARPA-USDT,0.0503441052678852,0.0504266681655294,
2023-11-02 02:00:00,0.05017,0.0503,0.04979,0.05012,24165086,1210188.79642,6236,11231853,562488.31956,0.0003992015968063,ARPA-USDT,0.0501845480212145,0.0501660805183751,
2023-11-02 03:00:00,0.05012,0.05051,0.05006,0.05006,20892948,1050114.45899,4841,8013576,402639.59145,0.0020016012810248,ARPA-USDT,0.0502032890741448,0.050149962863668,
2023-11-02 04:00:00,0.05006,0.05039,0.04964,0.0498,9474563,474307.06107,3838,3544296,177500.81928,0.0016090104585679,ARPA-USDT,0.050084795385883,0.0500807190964227,
2023-11-02 05:00:00,0.04979,0.04986,0.04933,0.04943,11507134,571035.78886,4581,4631873,229817.79993,0.0010125556905629,ARPA-USDT,0.0497745229838626,0.0498019345562758,
2023-11-02 06:00:00,0.04942,0.04979,0.04935,0.04946,6613118,327586.21741,3167,3654071,181044.44907,0.0018229694146243,ARPA-USDT,0.049443349161821,0.0494443123284432,
2023-11-02 07:00:00,0.04946,0.05012,0.04944,0.04995,15690439,782513.62465,4203,9011005,449295.69729,0.0012026458208058,ARPA-USDT,0.049480883910523,0.0497619039193385,
2023-11-02 08:00:00,0.04995,0.05001,0.04941,0.04984,8381568,416414.16427,2923,3236723,160791.62847999998,0.0018090452261305,ARPA-USDT,0.0499687244275169,0.0498311610780001,0.0003162
2023-11-02 09:00:00,0.04984,0.05023,0.04972,0.05019,28548477,1427495.57147,4869,14751760,737513.58316,0.0017964071856286,ARPA-USDT,0.0498228599456414,0.0498174577047481,
2023-11-02 10:00:00,0.05017,0.05019,0.04923,0.04923,18478706,919389.95932,5441,5497311,273742.92235,0.0012202562538135,ARPA-USDT,0.050136543379843,0.0499981174133156,
2023-11-02 11:00:00,0.04923,0.04957,0.04889,0.04911,28261268,1391078.85604,8732,10753065,529432.16937,0.001223241590214,ARPA-USDT,0.0492544350743389,0.0492325794105736,
2023-11-02 12:00:00,0.04911,0.04932,0.04831,0.04848,21671118,1060556.12609,8412,6986485,342074.15972,0.0018598884066955,ARPA-USDT,0.0491390554719946,0.0490920111277153,
2023-11-02 13:00:00,0.04849,0.04885,0.04724,0.0476,58876388,2821543.5651,17155,26475338,1269877.82184,0.0016835016835017,ARPA-USDT,0.0485890299272567,0.048688526479961,
2023-11-02 14:00:00,0.04757,0.04778,0.04702,0.04725,30339798,1438380.47502,9587,13084345,620726.0848,0.0,ARPA-USDT,0.0476736954796213,0.0476950004693515,
2023-11-02 15:00:00,0.04722,0.04726,0.04575,0.04593,61752543,2879325.4849,15539,23642066,1104361.3759,-0.0006527415143603,ARPA-USDT,0.0472029980441547,0.047120509978657,
2023-11-02 16:00:00,0.04594,0.04686,0.04581,0.04664,42489357,1968943.41469,12665,23369405,1083609.56167,0.0012881064834693,ARPA-USDT,0.0460276949187058,0.0460007093033846,0.0001
2023-11-02 17:00:00,0.04661,0.04702,0.046,0.04696,33651170,1564121.16221,7585,17123811,796496.96867,0.000852514919011,ARPA-USDT,0.0465580505538498,0.0465605295107749,
2023-11-02 18:00:00,0.04696,0.04697,0.04659,0.04675,14099510,659957.48212,4620,7670037,359028.02282,0.0008563476771568,ARPA-USDT,0.0469275504442601,0.0468376633840073,
2023-11-02 19:00:00,0.04675,0.04732,0.04668,0.04729,11321929,532146.65582,4052,5615015,263931.68307,0.0004231013327691,ARPA-USDT,0.0467258079212377,0.0467825871240715,
2023-11-02 20:00:00,0.0473,0.04736,0.04665,0.04694,11304825,531194.05974,4536,4931424,231714.54976,0.0004262574595055,ARPA-USDT,0.0473111550833363,0.0472187455506351,
2023-11-02 21:00:00,0.04695,0.04697,0.04656,0.04697,6029118,281927.54708,2632,3131221,146409.39637,0.0006391137622496,ARPA-USDT,0.0469253156588529,0.0468858958005853,
2023-11-02 22:00:00,0.04697,0.04699,0.04638,0.04663,38329087,1790816.44892,5759,19691436,919856.4475,0.0010734220695576,ARPA-USDT,0.0469783838407632,0.0469378785482471,
2023-11-02 23:00:00,0.04659,0.04662,0.04606,0.04636,13856947,641844.35182,3557,7313915,338803.41952,0.0012958963282936,ARPA-USDT,0.0465621206721628,0.0464855095754435,
2023-11-03 00:00:00,0.04636,0.04654,0.0446,0.04527,53174077,2415156.55899,11254,20570203,935431.41237,0.0,ARPA-USDT,0.0463729650083132,0.0462378487320196,0.0001
2023-11-03 01:00:00,0.0453,0.04549,0.0443,0.04507,21821822,979779.6793,6501,9973462,448685.34736,0.0004439511653717,ARPA-USDT,0.0453357623813783,0.0453141547767826,
2023-11-03 02:00:00,0.04503,0.04533,0.04488,0.04528,10480791,472716.06206,3578,4917539,221811.22652,0.0,ARPA-USDT,0.0449724286381794,0.0450131077152403,
2023-11-03 03:00:00,0.04529,0.04548,0.04507,0.04537,4553639,206192.5639,2501,2342630,106091.71278,-0.0002203613926838,ARPA-USDT,0.045314876510229,0.0452375348323871,
2023-11-03 04:00:00,0.04537,0.04543,0.0448,0.04506,9643616,435654.57619,3499,4182853,189023.83564,0.0,ARPA-USDT,0.0453319900743085,0.045358960794346,
2023-11-03 05:00:00,0.04507,0.04579,0.04479,0.04577,9865482,447300.75159,3428,5927049,268876.71020000003,0.0002185314685314,ARPA-USDT,0.0450754431269747,0.0450536668126453,
2023-11-03 06:00:00,0.04577,0.04602,0.04563,0.0458,12733564,583816.3536,4202,6221407,285309.19914,0.0004368719965051,ARPA-USDT,0.0457605371759846,0.0457798782346772,
2023-11-03 07:00:00,0.04578,0.04598,0.04554,0.04575,9201838,421299.9544,3266,4110559,188216.42652,0.0,ARPA-USDT,0.0457632461467818,0.0457488287989474,
2023-11-03 08:00:00,0.04575,0.04586,0.04515,0.0456,11280759,514172.73925,3686,5211362,237703.29285,0.0004387889425185,ARPA-USDT,0.0456684956205006,0.0455771206022516,0.0001
2023-11-03 09:00:00,0.0456,0.0456,0.04504,0.04509,27315111,1238676.3604,4485,13772034,624505.13126,-0.0004433606739081,ARPA-USDT,0.0455041848408437,0.0454045201189859,
2023-11-03 10:00:00,0.0451,0.04518,0.04439,0.045,24599340,1103087.10054,5480,12072148,541851.92936,0.0004446420631392,ARPA-USDT,0.0450517016686279,0.0449982729370327,
2023-11-03 11:00:00,0.045,0.04515,0.04465,0.04506,6264375,281430.91839,2389,3098084,139192.14112,-0.0006653359946772,ARPA-USDT,0.0448993228575528,0.044947841812043,
2023-11-03 12:00:00,0.04506,0.04561,0.04475,0.04543,12109323,546984.19667,4031,6259140,282863.30755,-0.0008797009016934,ARPA-USDT,0.0449871369693898,0.0449392055961403,
2023-11-03 13:00:00,0.04542,0.04562,0.045,0.04558,9036191,409139.50093,2961,3902727,176789.39662,-0.0008768084173608,ARPA-USDT,0.0454432314696593,0.0455127716160889,
2023-11-03 14:00:00,0.04561,0.04655,0.04539,0.04597,21930556,1005312.27699,6252,12249207,562007.46822,0.0004352557127311,ARPA-USDT,0.0456004731235023,0.0455707544864702,
2023-11-03 15:00:00,0.04596,0.04685,0.04582,0.0468,20334815,942520.4064,6175,11539258,534705.24813,0.0006414368184735,ARPA-USDT,0.0459440075374066,0.0459845391574688,
2023-11-03 16:00:00,0.04677,0.04695,0.046,0.04624,14704717,683666.21344,5842,6610497,307441.89685,0.000649210127678,ARPA-USDT,0.0467400966306721,0.0468508638196564,0.0001
2023-11-03 17:00:00,0.04626,0.04631,0.04567,0.04589,9360811,429982.57492,3374,4248003,195123.36698,0.0004360148245039,ARPA-USDT,0.0462329948425624,0.0462273326911599,
2023-11-03 18:00:00,0.0459,0.04631,0.04575,0.04618,7238372,333320.79743,2613,3869690,178176.01751,-0.0002164970772895,ARPA-USDT,0.0459046805283167,0.0458973660177039,
2023-11-03 19:00:00,0.04617,0.04642,0.04595,0.04616,10713055,494777.61258,2883,3828136,176741.05624,0.0,ARPA-USDT,0.0461839032119454,0.0462403095770709,
2023-11-03 20:00:00,0.04617,0.04677,0.04604,0.04652,9184453,427164.62102,3042,4453687,207202.47978,-0.0002149151085322,ARPA-USDT,0.0461146951413147,0.0461243914493227,
2023-11-03 21:00:00,0.04651,0.04684,0.04648,0.04668,6358928,296814.35948,2372,2746633,128240.44306,0.0008576329331047,ARPA-USDT,0.0465106232063469,0.0465957150414143,
2023-11-03 22:00:00,0.04668,0.04714,0.04658,0.04707,8290423,388650.90664,3246,4812490,225669.35865,0.0010633772862611,ARPA-USDT,0.0467175029589457,0.0467023279151227,
2023-11-03 23:00:00,0.04706,0.04721,0.0469,0.04711,7289338,343147.88592,3267,3635906,171177.80708,-0.0004243581582855,ARPA-USDT,0.0470796841252279,0.047081647498283,
2023-11-04 00:00:00,0.04713,0.04724,0.04687,0.04718,7486286,352483.82042,3421,3429843,161505.75559,-0.0004237288135593,ARPA-USDT,0.0471389996299553,0.0470943449085174,0.0001
2023-11-04 01:00:00,0.04719,0.04751,0.04697,0.04735,7655953,361849.08586,2906,3809452,180060.01718,0.000845487212006,ARPA-USDT,0.0471704022698358,0.0471237661498727,
2023-11-04 02:00:00,0.04737,0.04801,0.04728,0.048,13314129,635008.59444,3952,8981224,428548.96741,0.0002083767451552,ARPA-USDT,0.0473867978163864,0.0473794128500007,
2023-11-04 03:00:00,0.048,0.04823,0.04768,0.04804,12558201,603354.29296,4064,5579573,268162.61798,0.0006248698187878,ARPA-USDT,0.0479651001600907,0.0480076497231293,
2023-11-04 04:00:00,0.04807,0.04816,0.04749,0.04771,9872383,471486.75666,3157,3229993,154475.43017,0.0008391021606881,ARPA-USDT,0.0480518995672325,0.0480019861454822,
2023-11-04 05:00:00,0.04771,0.04788,0.04752,0.04788,6275558,299024.37373,2522,2589056,123394.83647,0.0006269592476488,ARPA-USDT,0.0477099320096922,0.0476959363397656,
2023-11-04 06:00:00,0.04788,0.04809,0.04773,0.04805,9837386,471691.15505,3398,3936004,188719.66915,0.0010416666666666,ARPA-USDT,0.0478915443399595,0.0479020472218035,
2023-11-04 07:00:00,0.04803,0.04831,0.04786,0.0479,6828951,328659.68803,2787,3009288,144859.88318,0.0004177109440266,ARPA-USDT,0.0480563724694423,0.048091522044196,
2023-11-04 08:00:00,0.04791,0.04821,0.04762,0.04819,7593088,364318.87463,2966,3227883,154875.87085,0.0010386373078519,ARPA-USDT,0.0479214284239933,0.0478073848551776,0.0001
2023-11-04 09:00:00,0.04819,0.04836,0.04774,0.04782,8029417,386670.49194,2864,3775919,181844.50038,0.0008371703641689,ARPA-USDT,0.0481836260115607,0.0481968518803185,
2023-11-04 10:00:00,0.04782,0.04809,0.04762,0.04789,5125952,245542.45604,1951,2073106,99346.60036,0.000835945663532,ARPA-USDT,0.0478078529956864,0.0477631001869814,
2023-11-04 11:00:00,0.04788,0.04804,0.04742,0.04756,6993579,334015.59374,2461,2990663,142795.09795,0.000210304942166,ARPA-USDT,0.0478881068314631,0.0479039127485636,
2023-11-04 12:00:00,0.04757,0.04768,0.04704,0.04737,16066717,760984.12196,4308,5689569,269544.4447,0.0006337135614702,ARPA-USDT,0.0474967904105551,0.0474440656267774,
2023-11-04 13:00:00,0.04738,0.04766,0.04725,0.0475,10254298,486734.62414,3445,5421927,257352.22511,0.0002105706464519,ARPA-USDT,0.0473975139886442,0.0473760792126833,
2023-11-04 14:00:00,0.04751,0.04762,0.04702,0.04711,23255749,1100005.06571,5224,9347279,442343.93963,0.0017010418881564,ARPA-USDT,0.0474857274576707,0.0474668750122682,
2023-11-04 15:00:00,0.0471,0.04713,0.04657,0.04696,8917999,418048.91989,3228,3624858,169981.10566,-0.0006384337092997,ARPA-USDT,0.0471047875057519,0.0470875003008252,
2023-11-04 16:00:00,0.04699,0.04727,0.04675,0.04714,11828999,555482.41502,3608,5620938,264004.14578,0.0002121790791429,ARPA-USDT,0.0469307231199444,0.0468488426426283,0.0001
2023-11-04 17:00:00,0.04713,0.04747,0.04709,0.04742,16557376,784089.39532,3107,7817371,370177.76893,0.0004219409282699,ARPA-USDT,0.0471432860143276,0.0471930991883191,
2023-11-04 18:00:00,0.04743,0.04746,0.04715,0.04735,7648384,361832.48229,2032,4185555,198066.74832,0.0002112378538234,ARPA-USDT,0.0474258527234988,0.0473822739670108,
2023-11-04 19:00:00,0.04734,0.04737,0.04693,0.04699,4582466,215966.45754,1860,1700912,80172.99788,-0.0002127659574469,ARPA-USDT,0.0473127098160333,0.0473326068690968,
2023-11-04 20:00:00,0.047,0.04744,0.04696,0.04744,6373806,300847.23912,2523,4039535,190693.80664,0.0,ARPA-USDT,0.0470057490947721,0.0469992761323795,
2023-11-04 21:00:00,0.04743,0.04774,0.04743,0.04769,3834337,182566.9798,2210,2008158,95612.39852,0.0004195510803441,ARPA-USDT,0.0474396677148418,0.0474554621281213,
2023-11-04 22:00:00,0.04768,0.04821,0.04767,0.04817,6608847,317008.83715,2980,3342577,160348.23078,0.001039068994181,ARPA-USDT,0.0477501135500129,0.0477791260937964,
2023-11-04 23:00:00,0.04818,0.04835,0.04739,0.04773,28143183,1344782.37906,6389,9363640,447749.77089,0.0008387502621094,ARPA-USDT,0.048151211009936,0.0482090119589675,
2023-11-05 00:00:00,0.04772,0.04798,0.04756,0.04796,10954262,523114.1818,4710,5796822,276904.99702,0.0006259127894847,ARPA-USDT,0.0477441329464467,0.0477862545701706,0.0001253
2023-11-05 01:00:00,0.04796,0.04826,0.04785,0.04804,5732381,275407.01889,2544,3047473,146425.52399,0.0006248698187878,ARPA-USDT,0.0479598619188231,0.0479501899410166,
2023-11-05 02:00:00,0.04804,0.04804,0.04764,0.04797,4063501,194262.89895,1885,1848734,88376.7306,0.0014613778705636,ARPA-USDT,0.0480064282536151,0.0479403599999912,
2023-11-05 03:00:00,0.04795,0.04808,0.04775,0.04807,8038838,385214.76011,3703,3543698,169806.77664,0.0006244796003331,ARPA-USDT,0.0479272102523499,0.0478557882271211,
2023-11-05 04:00:00,0.04807,0.0482,0.04785,0.04796,7436588,357124.31469,2859,3937476,189170.56536,0.000208550573514,ARPA-USDT,0.0480480376663395,0.0480447243189278,
2023-11-05 05:00:00,0.04795,0.04819,0.04774,0.0479,16444857,788566.4873,3412,8322176,399043.00701,0.0012541806020065,ARPA-USDT,0.0479601512627264,0.0479926708954155,
2023-11-05 06:00:00,0.04791,0.048,0.04747,0.04768,18113125,864650.84073,4410,7794174,372198.65186,0.0021017234131988,ARPA-USDT,0.0479341692924157,0.0479331853998108,
2023-11-05 07:00:00,0.04769,0.04847,0.04752,0.04832,22690023,1087074.07482,4690,12877163,616660.31242,0.000621246634914,ARPA-USDT,0.0475998668099325,0.0477398957973967,
2023-11-05 08:00:00,0.04832,0.04843,0.04767,0.04782,8248028,396997.35396,3988,3853982,185531.28028,0.001046682018003,ARPA-USDT,0.0483199567379832,0.0483634554432148,0.0001
2023-11-05 09:00:00,0.04779,0.04848,0.04766,0.04845,6556314,315484.8182,3322,3700189,178124.97448,0.0010330578512396,ARPA-USDT,0.0477737861643607,0.0477540172204295,
2023-11-05 10:00:00,0.04845,0.04856,0.04803,0.04852,11688903,564859.64086,3731,6158569,297745.32324,0.0012381345439538,ARPA-USDT,0.0484451192939505,0.048421729182531,
2023-11-05 11:00:00,0.04852,0.04908,0.04843,0.0486,19522063,951167.77084,6223,9469595,461293.47348,0.0008237232289949,ARPA-USDT,0.0484809547154094,0.0485115944622596,
2023-11-05 12:00:00,0.04859,0.04943,0.04853,0.0491,29852979,1463852.55302,7405,15753647,772312.51573,0.0006113715100874,ARPA-USDT,0.0485692291857641,0.0488209274302693,
2023-11-05 13:00:00,0.04909,0.04924,0.04729,0.04761,24688035,1195668.6622,7003,8578506,415809.79219,0.0,ARPA-USDT,0.0490682749951939,0.0490926648768074,
2023-11-05 14:00:00,0.04764,0.04856,0.04764,0.04836,21406530,1031930.98616,6669,9702060,467868.97152,0.0008278145695364,ARPA-USDT,0.0477662312802658,0.0480302056304934,
2023-11-05 15:00:00,0.04835,0.04852,0.04783,0.04807,13880229,668381.9012,4632,6405820,308392.71209,0.0012497396375756,ARPA-USDT,0.0483681325181377,0.0483259661156527,
2023-11-05 16:00:00,0.04807,0.04896,0.04798,0.04885,21946588,1067763.52192,6203,12207355,593985.58863,0.0010245901639343,ARPA-USDT,0.0480741705801348,0.0480701351632215,0.0001
2023-11-05 17:00:00,0.04885,0.04892,0.04834,0.0485,12972000,630500.90482,7913,5494677,267191.43567,0.0010319917440659,ARPA-USDT,0.0488202976018736,0.0487441706356055,
2023-11-05 18:00:00,0.04849,0.04852,0.0481,0.04822,9010646,434900.52697,3990,4119283,198847.31847,0.0014537902388369,ARPA-USDT,0.0484607665173992,0.0484588924233199,
2023-11-05 19:00:00,0.04821,0.04843,0.048,0.04802,6909762,333365.68081,3689,3577021,172619.20996,0.0006251302354658,ARPA-USDT,0.0482195035836103,0.0482503928278758,
2023-11-05 20:00:00,0.04803,0.04824,0.04768,0.04783,8397875,403084.55935,3379,3561463,170999.07555,0.0002091175240483,ARPA-USDT,0.0479912415050032,0.0479942056881403,
2023-11-05 21:00:00,0.04783,0.04795,0.04685,0.04721,15150032,718837.28057,6917,6410226,304545.85796,0.0010602205258694,ARPA-USDT,0.0478032192728858,0.0478244104715206,
2023-11-05 22:00:00,0.04721,0.04798,0.04717,0.04797,6745434,320845.54513,3126,3956191,188193.78541,0.0010434056761268,ARPA-USDT,0.0472596190193722,0.0473591675925375,
2023-11-05 23:00:00,0.04796,0.04835,0.0478,0.04786,8493076,408443.85236,3629,4075989,196053.95564,0.001464741577736,ARPA-USDT,0.0479696876373237,0.0480485676793936,
2023-11-06 00:00:00,0.04785,0.04843,0.04772,0.04843,8713614,418360.70284,4726,4480348,215106.04215,0.0012404382881952,ARPA-USDT,0.0478339637506163,0.0478300096617964,0.0001
2023-11-06 01:00:00,0.04843,0.04909,0.04818,0.0484,13896485,676229.19529,4801,6315461,307691.1343,0.0016556291390728,ARPA-USDT,0.048433012172147,0.0484115744360692,
2023-11-06 02:00:00,0.04839,0.04888,0.04838,0.04875,3962972,192722.28756,2395,2158136,104948.22776,0.0008211866146581,ARPA-USDT,0.0484195596646332,0.0485279052304562,
2023-11-06 03:00:00,0.04875,0.04884,0.04842,0.04856,5063816,245965.601,2788,2389047,116050.10077,0.0010307153164297,ARPA-USDT,0.0488045468200703,0.0487191153021644,
2023-11-06 04:00:00,0.04857,0.04861,0.0477,0.04797,7027335,337548.04518,3277,2982062,143279.05146,0.0008345503859794,ARPA-USDT,0.0485686366057838,0.0485267083643965,
2023-11-06 05:00:00,0.04797,0.0482,0.04722,0.04785,11218001,534337.95202,4181,5127664,244325.7584,0.0014650481372957,ARPA-USDT,0.0479602719082452,0.0479140224566549,
2023-11-06 06:00:00,0.04783,0.04828,0.04772,0.04818,4649177,223104.13436,2642,2417935,116059.71761,0.0010388531061709,ARPA-USDT,0.047870367250899,0.0478810952313028,
2023-11-06 07:00:00,0.04817,0.04861,0.04796,0.04858,6716718,324326.14784,3089,3403783,164274.10114,0.0002058884084825,ARPA-USDT,0.0481434745028723,0.0482049071692615,
2023-11-06 08:00:00,0.04857,0.04873,0.04816,0.04867,4917551,238130.73343,2640,2015801,97630.28439,0.0008225375282746,ARPA-USDT,0.0485164285587771,0.048552063257784,0.0001
2023-11-06 09:00:00,0.04867,0.04891,0.04855,0.04888,6464195,315001.33099,3237,3018690,147160.49438,0.0014341323499282,ARPA-USDT,0.0486528806579855,0.0486374038585761,
2023-11-06 10:00:00,0.04888,0.04918,0.04863,0.04892,8965158,438855.59347,3650,4553610,222945.57579,0.0012279983626688,ARPA-USDT,0.0488116942107867,0.0487160862766714,
2023-11-06 11:00:00,0.04892,0.04897,0.04865,0.04887,8784812,428825.36244,3346,3575076,174572.43564,0.0012292562999385,ARPA-USDT,0.0489288094689362,0.0489087667920034,
2023-11-06 12:00:00,0.04886,0.04947,0.04866,0.04933,17719463,870327.85484,5252,9568059,470248.48333,0.0014210312626878,ARPA-USDT,0.0488257980281548,0.0487691846957892,
2023-11-06 13:00:00,0.04934,0.0494,0.04851,0.04898,22326247,1091483.3506,5992,8810301,430784.94798,0.0008173273395997,ARPA-USDT,0.0493470924845685,0.0493282447160247,
2023-11-06 14:00:00,0.04899,0.04922,0.04886,0.04917,8384847,411305.99644,3100,4026866,197535.53479,0.0010179153094462,ARPA-USDT,0.0489801350997655,0.0490939690737028,
2023-11-06 15:00:00,0.04915,0.04932,0.04869,0.04871,9448186,463038.60651,3332,3722967,182525.84877,-0.0002052545155992,ARPA-USDT,0.0491383143246721,0.0491292404132638,
2023-11-06 16:00:00,0.04873,0.049,0.04846,0.04888,10170807,496025.88869,4408,5200083,253641.9159,0.0008190008190007,ARPA-USDT,0.0487467645535215,0.0488261495838733,0.00041608
2023-11-06 17:00:00,0.04887,0.04911,0.04862,0.04897,8207182,401012.61619,3669,3659221,178840.46159,0.0016363264471261,ARPA-USDT,0.0488486328548644,0.0488173728824173,
2023-11-06 18:00:00,0.04896,0.04914,0.04865,0.04904,11399052,557605.31309,3963,5508807,269424.52732,0.0008163265306122,ARPA-USDT,0.0489616276182781,0.0489668562457779,
2023-11-06 19:00:00,0.04904,0.04996,0.04894,0.04965,21918223,1084969.81362,7184,11238086,556362.89784,0.0020181634712412,ARPA-USDT,0.0490363779901278,0.048984074896648,
2023-11-06 20:00:00,0.04966,0.04984,0.04935,0.04981,13605198,674315.57008,4162,5855632,290403.37677,0.0010048231511254,ARPA-USDT,0.0496272098210651,0.0496154359833302,
2023-11-06 21:00:00,0.04981,0.04981,0.04914,0.04941,8561568,423228.40659,3333,3731517,184478.82074,0.0016217311980539,ARPA-USDT,0.0497890872189567,0.0496753305911838,
2023-11-06 22:00:00,0.04941,0.04982,0.04933,0.04977,4790153,237257.28802,1823,2387195,118234.60036,0.0014084507042253,ARPA-USDT,0.0493711586822764,0.0494054895092677,
2023-11-06 23:00:00,0.04977,0.04982,0.04926,0.04954,7224318,357558.55972,3510,3349768,165790.64118,0.0012126111560226,ARPA-USDT,0.0497858828202581,0.0497931625315954,
2023-11-07 00:00:00,0.04955,0.04959,0.04847,0.04895,16324136,800055.82456,6505,7309144,358186.22481,0.0002043318348998,ARPA-USDT,0.0495286649824848,0.0493825983178323,0.00025797
2023-11-07 01:00:00,0.04895,0.04963,0.04886,0.04949,9476535,467380.0356,3755,4981357,245770.02883,0.0008088978766429,ARPA-USDT,0.0489816265544551,0.0489720662831922,
2023-11-07 02:00:00,0.0495,0.04988,0.0487,0.04896,14141667,697253.41337,4482,8314822,409455.76993,0.0018416206261511,ARPA-USDT,0.0495229168254371,0.0496666894436273,
2023-11-07 03:00:00,0.04895,0.04956,0.04869,0.04931,10641623,523493.65384,3828,4292067,210940.20639,0.0010150223304912,ARPA-USDT,0.0488556101424452,0.0489161038986777,
2023-11-07 04:00:00,0.04931,0.04955,0.04907,0.04948,8775079,432964.10287,3512,4974559,245456.3415,0.0006066734074823,ARPA-USDT,0.0492974847564067,0.0493132125700525,
2023-11-07 05:00:00,0.04948,0.04963,0.04906,0.04957,6819219,336721.48168,2959,3466366,171165.24311,0.0012118763886084,ARPA-USDT,0.049543621204358,0.0493812690765189,
2023-11-07 06:00:00,0.04958,0.05018,0.04915,0.05006,15056699,747893.14316,4371,7504484,373304.16699,0.0007996801279488,ARPA-USDT,0.0495742401686702,0.0494874397398755,
2023-11-07 07:00:00,0.05006,0.05024,0.04971,0.05005,14113634,705130.70288,4947,7151660,357418.91733,0.0012002400480095,ARPA-USDT,0.0499904755903215,0.049958315908973,
2023-11-07 08:00:00,0.05006,0.05035,0.04962,0.04977,14612239,730891.65245,4396,6647948,332582.40567,0.0010056315366049,ARPA-USDT,0.0502059201475042,0.0501892963093139,0.00032306
2023-11-07 09:00:00,0.04977,0.04981,0.04857,0.04889,33091473,1626523.69378,10990,13531695,665245.6320399999,0.0004092490280336,ARPA-USDT,0.0497228730531192,0.0496473912037476,
2023-11-07 10:00:00,0.04889,0.04909,0.0482,0.04855,31683473,1542037.10853,8972,13916430,678304.35209,0.0008245722531436,ARPA-USDT,0.0487961426326831,0.0488201631064104,
2023-11-07 11:00:00,0.04854,0.04906,0.04837,0.04879,12019795,586451.83707,4367,6183417,301682.05805,0.0016423732293162,ARPA-USDT,0.0484309021288542,0.0485543845679988,
2023-11-07 12:00:00,0.04879,0.04889,0.04823,0.04883,13588347,660843.29084,4998,5364209,261007.85074,0.0008198401311743,ARPA-USDT,0.0488108774818226,0.0488015518772597,
2023-11-07 13:00:00,0.04883,0.04886,0.04807,0.04849,10757207,521092.75206,4262,4728261,228928.93684,0.0012389015073301,ARPA-USDT,0.0488256366119027,0.0487521918553514,
2023-11-07 14:00:00,0.04848,0.04871,0.04817,0.04838,9885303,479267.50809,3353,4402633,213511.83705,0.0006204756980352,ARPA-USDT,0.0484374388488479,0.0484844887584202,
2023-11-07 15:00:00,0.04839,0.04842,0.04693,0.04747,26740152,1270405.96198,8892,10977038,521329.87362,0.0006323777403034,ARPA-USDT,0.048351648163606,0.0483307498383105,
2023-11-07 16:00:00,0.04748,0.04781,0.04721,0.0473,11561737,550065.50285,4371,6073274,289029.69132,0.0004230118443315,ARPA-USDT,0.0474733501842412,0.0475104967842999,0.0001
2023-11-07 17:00:00,0.04731,0.04871,0.04658,0.04863,30652934,1459862.78825,8836,17811367,850207.12728,0.0006172839506173,ARPA-USDT,0.0472693033122846,0.047106825524077,
2023-11-07 18:00:00,0.04864,0.05053,0.0485,0.05014,80847303,3999243.85821,23093,37485595,1855738.80259,0.0007984031936127,ARPA-USDT,0.048624275784668,0.0487866470069046,
2023-11-07 19:00:00,0.05013,0.05046,0.04953,0.04999,38769244,1935510.1735,15211,17437631,870800.49662,0.0014022435897436,ARPA-USDT,0.0501092310537431,0.0501030557697792,
2023-11-07 20:00:00,0.05,0.05032,0.04977,0.05013,13737564,687671.0488,7030,5856392,293208.16799,0.0007985625873427,ARPA-USDT,0.050014599524998,0.0501011643468572,
2023-11-07 21:00:00,0.05014,0.05027,0.04963,0.04991,9850026,491404.04678,5076,4724393,235752.57187,0.0012036108324975,ARPA-USDT,0.0501674413525222,0.0501659331693018,
2023-11-07 22:00:00,0.04993,0.04993,0.04925,0.0494,12580767,623213.84658,7516,5301896,262651.49455,0.0010131712259371,ARPA-USDT,0.0498688695081098,0.0497628416273313,
2023-11-07 23:00:00,0.04939,0.04967,0.04931,0.04951,12303992,608887.60769,5343,7707545,381379.82447,0.0,ARPA-USDT,0.0494594457793814,0.0494957396159091,
2023-11-08 00:00:00,0.04951,0.04964,0.04894,0.04943,11860674,584003.8459,6787,4922696,242531.35843,0.0014181523500811,ARPA-USDT,0.0495417790720168,0.0494433515880694,0.00028284
2023-11-08 01:00:00,0.04942,0.04968,0.04921,0.04944,4007093,198333.75864,3176,1888872,93478.79193,0.0010123506782748,ARPA-USDT,0.049450760390341,0.0494536431516573,
2023-11-08 02:00:00,0.04945,0.04959,0.04919,0.04921,3517464,173613.57184,2318,1376172,67938.60561,0.0010170870626524,ARPA-USDT,0.049474507653092,0.0494502152946741,
2023-11-08 03:00:00,0.04922,0.0494,0.04904,0.04913,3716702,182897.67367,2452,1623071,79892.15351999999,0.0010187449062755,ARPA-USDT,0.0492508713148989,0.0492536743901642,
2023-11-08 04:00:00,0.04914,0.0493,0.04895,0.04917,4537849,222890.53309,3055,2110284,103645.433,0.0006105006105006,ARPA-USDT,0.0491126069863366,0.0491407569317272,
2023-11-08 05:00:00,0.04917,0.04925,0.04874,0.04909,8618437,422047.18422,4374,3964339,194212.16645,0.0006114961271912,ARPA-USDT,0.0492132114216504,0.0491838456443376,
2023-11-08 06:00:00,0.04909,0.04981,0.04885,0.04967,8683289,428969.46207,4609,5777218,285593.66988,0.0004028197381671,ARPA-USDT,0.049137496944631,0.0491266432058535,
2023-11-08 07:00:00,0.04967,0.05013,0.04962,0.0498,7596406,378578.15862,4567,4091086,203841.66688,0.0010050251256279,ARPA-USDT,0.0497866572423251,0.0497601904204069,
2023-11-08 08:00:00,0.04981,0.05,0.04962,0.04986,6632227,330406.89275,3725,3122986,155605.24981,0.0004012841091491,ARPA-USDT,0.0498152415875754,0.0498550827845688,0.0001
2023-11-08 09:00:00,0.04985,0.0503,0.04985,0.05016,7157440,358690.0182,3714,3785921,189816.63592,0.0007980845969672,ARPA-USDT,0.0498672831202109,0.0500079525675462,
2023-11-08 10:00:00,0.05016,0.05048,0.05004,0.0502,7626783,383272.55893,4481,3491952,175542.2509,0.0007974481658692,ARPA-USDT,0.0501559328343165,0.0501230205913659,
2023-11-08 11:00:00,0.0502,0.05023,0.04965,0.04983,10210313,508957.94944,3391,2882774,143726.43745,0.0008033741715203,ARPA-USDT,0.0501592503542049,0.0500978477181916,
2023-11-08 12:00:00,0.04984,0.05002,0.04967,0.04979,5523509,275315.34795,2696,2536282,126456.65372,0.0012065151819826,ARPA-USDT,0.0498422465656664,0.0499022693358791,
2023-11-08 13:00:00,0.04979,0.0501,0.04955,0.05005,7639923,380901.91853,3343,4103963,204723.877,0.0012002400480095,ARPA-USDT,0.0497845499568358,0.049794591403441,
2023-11-08 14:00:00,0.05006,0.05011,0.04965,0.04979,5909635,295086.10557,2728,3130853,156384.95913,0.0006028938906752,ARPA-USDT,0.0500890871093519,0.05000699018672,
2023-11-08 15:00:00,0.0498,0.04994,0.04933,0.04978,9542832,473201.28558,4153,4635382,229952.71626,0.0012067578439258,ARPA-USDT,0.049794328470244,0.0497860120544018,
2023-11-08 16:00:00,0.04977,0.05033,0.04971,0.05025,11497385,576364.48117,4862,4888740,245038.97152,0.0015945784333266,ARPA-USDT,0.049752952895987,0.0498066947777028,0.0001
2023-11-08 17:00:00,0.05025,0.0503,0.04986,0.05002,6711710,335914.95224,2669,3069899,153641.51950999998,0.0012009607686149,ARPA-USDT,0.0502747342623309,0.0502203365988943,
2023-11-08 18:00:00,0.05002,0.05025,0.04995,0.05006,6352097,318176.38843,2952,3597504,180213.7375,0.0014002800560111,ARPA-USDT,0.0500219201596806,0.0500154978371603,
2023-11-08 19:00:00,0.05006,0.05028,0.04985,0.05002,8066288,403975.97803,3857,3735951,187151.00441,0.0008003201280513,ARPA-USDT,0.0500984038467744,0.0501215596751812,
2023-11-08 20:00:00,0.05002,0.0501,0.04962,0.04984,5165363,257415.74644,3235,2568148,128029.4678,0.0014064697609001,ARPA-USDT,0.0500258030025631,0.0500247391826545,
2023-11-08 21:00:00,0.04984,0.05009,0.04942,0.04964,8226957,409268.86541,4158,4264977,212222.76206,0.0008064516129031,ARPA-USDT,0.049859896157483,0.0498656243044137,
2023-11-08 22:00:00,0.04965,0.04987,0.0496,0.04974,5750167,285968.9558,2574,2937252,146089.19657,0.0014093013891685,ARPA-USDT,0.0496792826772605,0.0497494093886259,
2023-11-08 23:00:00,0.04974,0.04981,0.04942,0.04947,6933297,344011.85125,3346,3871374,192101.79946,0.001417004048583,ARPA-USDT,0.0497465035831334,0.0497638033832004,
2023-11-09 00:00:00,0.04947,0.05,0.04908,0.04997,8499527,420399.40025,4081,4090592,202406.8152,0.001202163895011,ARPA-USDT,0.0494628997882898,0.049478337372814,0.00031433
2023-11-09 01:00:00,0.04998,0.05027,0.04985,0.05011,7157569,358209.51642,3138,3467423,173549.8592,0.0013988808952838,ARPA-USDT,0.0499899460311039,0.0499710178340377,
2023-11-09 02:00:00,0.0501,0.0506,0.04995,0.0503,7990858,402419.93818,4107,3646007,183606.92546,0.0013935894883536,ARPA-USDT,0.0500893193670867,0.0500178842379043,
2023-11-09 03:00:00,0.05029,0.05073,0.05003,0.05069,6946848,350197.78235,3491,3936973,198485.03688,0.001185068141418,ARPA-USDT,0.0503185750011722,0.0502761564875199,
2023-11-09 04:00:00,0.05069,0.05087,0.05039,0.05078,8064330,408540.8335,3500,3523404,178597.51634,0.0001969667126255,ARPA-USDT,0.0506987002751991,0.0507612582211225,
2023-11-09 05:00:00,0.05079,0.05086,0.05019,0.05049,6808074,343678.32378,3371,3305561,166887.10228,0.0001980982567353,ARPA-USDT,0.0508324031951205,0.0507346358124642,
2023-11-09 06:00:00,0.05049,0.05115,0.05048,0.05091,8202098,417264.00127,4154,4352502,221427.37808,0.0013768686073956,ARPA-USDT,0.0505063830065115,0.0505403384066626,
2023-11-09 07:00:00,0.05091,0.05115,0.05013,0.05021,14576926,737450.71288,6181,7567604,383009.86791,0.0009968102073363,ARPA-USDT,0.050890943880845,0.0509047986971592,
2023-11-09 08:00:00,0.05021,0.05083,0.05017,0.05065,6542086,330424.37043,3748,3203171,161802.73875,0.0011860051393555,ARPA-USDT,0.0502169957649443,0.0503041195301343,0.00032789
2023-11-09 09:00:00,0.05066,0.05072,0.05033,0.0505,4681677,236367.3749,2929,2162240,109193.42579,0.0015866719555732,ARPA-USDT,0.0506775004032474,0.0506492924594197,
2023-11-09 10:00:00,0.05049,0.05068,0.05033,0.05039,6741022,340363.38909,3140,3518765,177706.75261,0.0011921319292667,ARPA-USDT,0.0504759650459831,0.050450636790448,
2023-11-09 11:00:00,0.05039,0.05042,0.04978,0.05033,16838088,843093.1879,6130,6880891,344742.18848,0.0015920398009949,ARPA-USDT,0.0504011813813272,0.0503576705841113,
2023-11-09 12:00:00,0.0503,0.05065,0.0502,0.05057,11612381,585656.41078,4628,4945347,249415.5175,0.0003956478733926,ARPA-USDT,0.0502807807347109,0.0502883852844429,
2023-11-09 13:00:00,0.05057,0.05089,0.05014,0.05078,15426529,780579.46644,5288,7287983,369184.5306,0.0013803983435221,ARPA-USDT,0.0505777897824748,0.0506216932389814,
2023-11-09 14:00:00,0.05078,0.05204,0.05055,0.05185,31019273,1597109.33886,13132,16147468,831613.07261,0.0017387944358577,ARPA-USDT,0.0508199729670625,0.0507514967598922,
2023-11-09 15:00:00,0.05184,0.05203,0.05006,0.05079,36932348,1891420.23914,14284,16363007,838816.87481,0.0013801261829653,ARPA-USDT,0.0519119129816897,0.0518141089004843,
2023-11-09 16:00:00,0.0508,0.05127,0.04266,0.04677,145953519,6810098.47898,50064,58491415,2732238.98894,-0.00042744176106,ARPA-USDT,0.050915761569184,0.0510455649500297,0.00021713
2023-11-09 17:00:00,0.04681,0.04753,0.04639,0.04743,35181167,1655873.37924,10802,18369037,864603.22739,0.0002108814846057,ARPA-USDT,0.0469047993024609,0.0470989988252297,
2023-11-09 18:00:00,0.04743,0.04744,0.04658,0.04666,25366672,1192132.9633,7952,12457084,585539.76251,0.0006433626420758,ARPA-USDT,0.047388878710852,0.0472378479518927,
2023-11-09 19:00:00,0.04665,0.0471,0.0464,0.04705,17187759,803384.53704,6721,8434786,394472.56254,-0.0002124946876327,ARPA-USDT,0.0466165926478187,0.0467487699615853,
2023-11-09 20:00:00,0.04704,0.04704,0.04582,0.04652,16007803,741576.85123,7409,7732025,358137.91898,0.0002150075252633,ARPA-USDT,0.0469738586676579,0.046825352196475,
2023-11-09 21:00:00,0.04651,0.04706,0.04638,0.04679,15285871,713959.0384,6208,7584656,354318.23156,0.0002137665669088,ARPA-USDT,0.0465286270580558,0.0464696771079585,
2023-11-09 22:00:00,0.04677,0.04748,0.04672,0.04738,11192120,527302.42403,4514,4648761,219060.57711,-0.0004219409282699,ARPA-USDT,0.0467880892307692,0.0468038560365123,
2023-11-09 23:00:00,0.04739,0.04806,0.04717,0.04797,10896430,519364.68433,4152,5125333,244471.6859,0.0004171011470281,ARPA-USDT,0.0473841590156532,0.0473242577769741,
2023-11-10 00:00:00,0.04797,0.04858,0.04771,0.04783,20600740,991668.26937,8534,9300779,447917.07288,0.0,ARPA-USDT,0.0479302931448507,0.04786194721369,0.0001
2023-11-10 01:00:00,0.04784,0.04842,0.04762,0.04833,8208322,394199.11032,3290,3848282,184790.75239,0.0004139929621196,ARPA-USDT,0.04774734997665,0.0477697206437329,
2023-11-10 02:00:00,0.04832,0.04858,0.04801,0.04858,7822114,377534.70338,3185,4070150,196512.99276,0.0004118616144974,ARPA-USDT,0.0483298015824618,0.0482536445123646,
2023-11-10 03:00:00,0.04856,0.0487,0.04785,0.04792,8103763,391041.79972,4132,3756468,181239.35119,0.0,ARPA-USDT,0.0485727429303313,0.048539276483725,
2023-11-10 04:00:00,0.04792,0.04858,0.04783,0.04853,13212837,636654.05027,4569,7237013,348690.54572,0.0006185567010308,ARPA-USDT,0.0480483339882572,0.048000207116681,
2023-11-10 05:00:00,0.04851,0.04879,0.04826,0.04874,11170966,541150.99002,3796,5218020,252794.90259,-0.0004101722723544,ARPA-USDT,0.0484922613887588,0.0484471241643701,
2023-11-10 06:00:00,0.04873,0.04889,0.04832,0.0486,9826588,477536.62326,3910,4477443,217615.65042,0.002061855670103,ARPA-USDT,0.0487302186547976,0.0487368865316972,
2023-11-10 07:00:00,0.04858,0.04869,0.04796,0.0483,14644886,707273.50574,5352,6857260,331153.08441,0.0,ARPA-USDT,0.0485200402504574,0.0485682863008501,
2023-11-10 08:00:00,0.04829,0.04848,0.04732,0.04818,18228649,872711.7022899999,7338,8825680,422635.14398,0.0004152823920264,ARPA-USDT,0.0483297279456333,0.0483242382890554,0.0001
2023-11-10 09:00:00,0.04819,0.04893,0.04806,0.04873,18986360,923330.62147,6265,10560336,513845.96147,0.0012327922745019,ARPA-USDT,0.0481860335583475,0.0482033275874245,
2023-11-10 10:00:00,0.04873,0.04885,0.04833,0.04871,10262796,499012.03242,4404,4886333,237688.63169,0.0006162695152014,ARPA-USDT,0.0486942969959027,0.0486492930425265,
2023-11-10 11:00:00,0.04872,0.04878,0.04822,0.04856,10802643,524319.50482,4875,4340373,210622.60182,0.0010307153164297,ARPA-USDT,0.0487233638264412,0.0486643538678893,
2023-11-10 12:00:00,0.04857,0.04863,0.04763,0.04843,12325433,593354.3465,4649,5602913,269825.78379,0.0010334849111204,ARPA-USDT,0.0485877203676826,0.0484675195330512,
2023-11-10 13:00:00,0.04841,0.04859,0.04745,0.04755,11886383,571806.64882,5550,5674251,272938.03843,-0.0004204330460374,ARPA-USDT,0.0484213432050144,0.0483983682554412,
2023-11-10 14:00:00,0.04758,0.0478,0.04659,0.04714,22450786,1058606.40792,8970,9526269,449360.38444,0.0002121790791429,ARPA-USDT,0.0476664056130358,0.0477173017922992,
2023-11-10 15:00:00,0.04714,0.04775,0.04699,0.04754,10570215,500818.81581,5468,5042301,238953.04877,0.0004208754208754,ARPA-USDT,0.0471424236199199,0.0471144759191483,
2023-11-10 16:00:00,0.04754,0.04873,0.04746,0.04863,14699357,707873.98586,5770,7828339,377250.29724,0.0004114379757251,ARPA-USDT,0.0475383657044747,0.0475175080720588,0.0001
2023-11-10 17:00:00,0.04862,0.04891,0.04841,0.04878,11171108,543764.60322,4718,5292670,257558.67831,0.0004101722723544,ARPA-USDT,0.0486520009928302,0.0486540764739374,
2023-11-10 18:00:00,0.04879,0.0493,0.04872,0.04894,17785956,871931.15856,7125,7952539,389999.53135,0.0008179959100205,ARPA-USDT,0.0487622697612865,0.0488358484571383,
2023-11-10 19:00:00,0.04893,0.04914,0.04876,0.04883,6555555,320757.24055,3303,3146432,154003.31469,0.0010250102501025,ARPA-USDT,0.0489280951074294,0.0489503434547622,
2023-11-10 20:00:00,0.04882,0.04906,0.04857,0.04905,7810994,381282.46895,3483,3453960,168620.67847,0.0010204081632654,ARPA-USDT,0.0488487382257894,0.0488544307853627,
2023-11-10 21:00:00,0.04904,0.0494,0.04891,0.04936,7199944,354560.49551,3470,3762824,185317.62925,0.0006081491992702,ARPA-USDT,0.0490632758349086,0.0490164421382961,
2023-11-10 22:00:00,0.04936,0.04971,0.04916,0.04952,10742149,531207.38531,4246,5200711,257222.18667,0.001010713563776,ARPA-USDT,0.0493925734715341,0.0493873501078768,
2023-11-10 23:00:00,0.04953,0.04992,0.04951,0.04978,9649918,480300.75633,4532,4521871,225035.27876,0.001609657947686,ARPA-USDT,0.0495443486377784,0.0496334200386562,
2023-11-11 00:00:00,0.04978,0.05041,0.04969,0.05022,14342411,717976.13395,7751,7093090,355094.77522,0.001395812562313,ARPA-USDT,0.0497680417403221,0.0498317478222517,0.0001
2023-11-11 01:00:00,0.05022,0.05048,0.04934,0.04978,17426535,871396.84392,7507,8831798,441800.76924,0.001609657947686,ARPA-USDT,0.0502490419435799,0.0502506947941352,
2023-11-11 02:00:00,0.04978,0.05051,0.04932,0.05042,13353305,668131.20934,5663,7084001,354571.71206,0.0011914217633042,ARPA-USDT,0.0498594913021465,0.0500871478232935,
2023-11-11 03:00:00,0.05043,0.05055,0.04948,0.04949,12294964,615654.43596,5327,5970508,299043.59717,0.0010113268608413,ARPA-USDT,0.0505031123442431,0.0504969645098499,
2023-11-11 04:00:00,0.04948,0.04957,0.04817,0.04931,25942080,1270257.26664,11115,11419279,559569.98794,0.0010150223304912,ARPA-USDT,0.0494778558929156,0.0492650522577272,
2023-11-11 05:00:00,0.04931,0.05087,0.04918,0.0508,19986201,1003376.96129,7224,11184235,561824.66786,0.0009852216748766,ARPA-USDT,0.0492378457345065,0.0492647647525584,
2023-11-11 06:00:00,0.05077,0.05088,0.0502,0.05051,17632362,890748.73732,6251,8010147,404725.17507,0.0011892963330029,ARPA-USDT,0.0508054364522146,0.05070611687116,
2023-11-11 07:00:00,0.05048,0.0508,0.04989,0.05014,15914747,801395.294,6494,7185480,362004.28405,0.0017982017982018,ARPA-USDT,0.050546156692145,0.0505988169055099,
2023-11-11 08:00:00,0.05015,0.05032,0.04971,0.0499,10377930,517977.08081,4576,3933713,196385.01635,0.0016057808109193,ARPA-USDT,0.0502151359104896,0.0501501797144826,0.00017971
2023-11-11 09:00:00,0.04991,0.05067,0.04987,0.0506,10734163,540020.7239100001,4049,6265886,315549.03911,0.001187178472497,ARPA-USDT,0.049984683304048,0.0500303675653307,
2023-11-11 10:00:00,0.05061,0.05068,0.05018,0.05064,9008557,454351.7052,4306,4782274,241247.00897,0.0013842198932172,ARPA-USDT,0.0505336480336418,0.0504955891912863,
2023-11-11 11:00:00,0.05064,0.05065,0.0501,0.05012,10627800,535183.8275,4469,5161642,259967.03897,0.0019992003198718,ARPA-USDT,0.050608267533847,0.0504864312771784,
2023-11-11 12:00:00,0.0501,0.05129,0.0498,0.05112,14450939,732309.89675,5798,7753601,393232.06632,0.0015673981191222,ARPA-USDT,0.0501161226114944,0.0500427672485476,
2023-11-11 13:00:00,0.05111,0.05133,0.05068,0.05092,17252414,879607.665,5943,7018761,358289.41223,0.0019677292404565,ARPA-USDT,0.0511041056289263,0.0510219870843103,
2023-11-11 14:00:00,0.05091,0.05124,0.05083,0.05111,8995009,459100.66785,4852,3689359,188334.92941,0.0015677052714091,ARPA-USDT,0.0508907407771853,0.0509405831111834,
2023-11-11 15:00:00,0.05109,0.05122,0.05049,0.05078,8897628,452084.16052,3958,3377924,171759.07804,0.001775498125863,ARPA-USDT,0.0510928612645579,0.0510966295566125,
2023-11-11 16:00:00,0.05077,0.0513,0.05076,0.05114,11138047,568944.02653,5376,4655511,237859.91426,0.0019592476489027,ARPA-USDT,0.0508206109310903,0.0508979878509878,0.00031777
2023-11-11 17:00:00,0.05114,0.05146,0.05026,0.05137,17178131,875314.2236,7216,7907273,403012.89303,0.0015597582374731,ARPA-USDT,0.0511453866704252,0.0511257343384253,
2023-11-11 18:00:00,0.05136,0.05154,0.05091,0.05125,8524202,436780.44399,4787,3660416,187557.79438,0.0017591868647379,ARPA-USDT,0.0513024677692867,0.0513741049044798,
2023-11-11 19:00:00,0.05124,0.05288,0.05117,0.05235,42209818,2203291.87242,13623,22092176,1152480.51985,0.0028735632183907,ARPA-USDT,0.0512469152256538,0.0513107908340412,
2023-11-11 20:00:00,0.05236,0.05252,0.05126,0.05151,24146644,1252163.71848,8346,10883328,564529.17109,0.0015555123468793,ARPA-USDT,0.0524295301064951,0.0521939434392403,
2023-11-11 21:00:00,0.0515,0.05174,0.05088,0.0511,11994750,615660.59467,5450,4839915,248679.82665,0.0021572857423024,ARPA-USDT,0.0514744316762428,0.0514882064862786,
2023-11-11 22:00:00,0.05111,0.05135,0.05042,0.05126,11500095,585381.96663,5210,5696851,290052.31347,0.0017588430721124,ARPA-USDT,0.0510992248803827,0.0510038742858256,
2023-11-11 23:00:00,0.05125,0.05127,0.05033,0.05111,9670227,491429.59304,5389,3729887,189647.68218,0.0017640141121129,ARPA-USDT,0.0512104659808676,0.0511343176349806,
2023-11-12 00:00:00,0.05112,0.05121,0.04862,0.04951,29554101,1467924.67302,13966,12060369,598717.5811300001,0.0016184503338052,ARPA-USDT,0.0510765418920066,0.0510490864744648,0.00049025
2023-11-12 01:00:00,0.0495,0.05055,0.04933,0.05025,12399278,619482.42355,6497,6086930,304170.59243,0.0007966540529775,ARPA-USDT,0.0495559926821011,0.0495534676643006,
2023-11-12 02:00:00,0.05023,0.05038,0.04948,0.04969,10237980,509881.78048,6355,5067147,252295.2867,0.001208946201894,ARPA-USDT,0.0502722004695043,0.050241444109997,
2023-11-12 03:00:00,0.04968,0.05061,0.04955,0.0506,8685047,434906.43142,4495,5034624,252256.46326,0.001187178472497,ARPA-USDT,0.0497009679789997,0.0496472147109103,
2023-11-12 04:00:00,0.0506,0.05086,0.05019,0.05055,6273370,317085.22605,3604,2985275,150856.05716,0.0009900990099009,ARPA-USDT,0.050572267526449,0.0506585937454969,
2023-11-12 05:00:00,0.05054,0.05098,0.05023,0.05096,7459996,377535.58202,3374,4536635,229806.52203,0.0013755158184318,ARPA-USDT,0.0504979955112041,0.0503494316678772,
2023-11-12 06:00:00,0.05095,0.05234,0.05082,0.05234,19047992,985457.98621,6898,9561338,494424.55381,0.0017224880382775,ARPA-USDT,0.0510154845415108,0.0509926545332828,
2023-11-12 07:00:00,0.05234,0.05335,0.05222,0.05268,24340077,1285531.14306,7664,10392424,548697.93561,0.0019018638265499,ARPA-USDT,0.0523134251136063,0.0523101705662783,
2023-11-12 08:00:00,0.05268,0.0527,0.05177,0.05226,20115340,1052752.84695,7574,8819704,461831.0535,0.0005743825387709,ARPA-USDT,0.0526746486361095,0.0525544920005559,0.00059911
2023-11-12 09:00:00,0.05225,0.05244,0.05154,0.05182,12414390,645064.18155,5473,5102771,265167.62561,0.0027089783281732,ARPA-USDT,0.0523414872306441,0.0523014315149975,
2023-11-12 10:00:00,0.05181,0.05204,0.05121,0.05163,11112547,574367.88671,5167,4883889,252496.07691,0.001940617116243,ARPA-USDT,0.0518035682257026,0.0518390346669391,
2023-11-12 11:00:00,0.05164,0.052,0.05157,0.05167,5670480,293863.82113,3246,2627603,136201.74298,0.0005809450038729,ARPA-USDT,0.0516321520059388,0.0516801004493511,
2023-11-12 12:00:00,0.0517,0.05174,0.05065,0.05106,18712203,957150.3367,7167,8292678,424383.82611,0.0021589793915604,ARPA-USDT,0.0516860537001098,0.0516201911511574,
2023-11-12 13:00:00,0.05104,0.05119,0.0505,0.05098,11179371,568339.78545,5343,5423610,275752.17801000003,0.0011783189316574,ARPA-USDT,0.0509923422161343,0.0507512694002897,
2023-11-12 14:00:00,0.05098,0.05168,0.05097,0.05138,9091735,467050.68223,4920,4967650,255224.05108,0.0013642564802183,ARPA-USDT,0.0510043597702933,0.0510474302201831,
2023-11-12 15:00:00,0.0514,0.05155,0.05092,0.05103,7229031,369915.43797,4549,3354062,171708.8358,0.0017667844522968,ARPA-USDT,0.0514356337401611,0.0514672063081301,
2023-11-12 16:00:00,0.05103,0.05125,0.05054,0.05072,8953337,455828.18767,4566,4151390,211355.09042,0.0017776022121271,ARPA-USDT,0.0511165177192853,0.0511182917537051,0.0005355
2023-11-12 17:00:00,0.05072,0.05073,0.05022,0.05048,7586304,382781.99391,4099,3430474,173152.83067999998,0.0021838395870557,ARPA-USDT,0.0506955904439022,0.0506176934311664,
2023-11-12 18:00:00,0.05048,0.05108,0.05018,0.05088,8585298,435379.85516,4437,4242149,215125.58226,0.0015748031496063,ARPA-USDT,0.0505140907111893,0.0505862831216052,
2023-11-12 19:00:00,0.05091,0.05094,0.05036,0.05056,9105970,461112.28414,4458,4058065,205614.4723,0.0019817677368212,ARPA-USDT,0.0509086987781453,0.0508863028058643,
2023-11-12 20:00:00,0.05057,0.0514,0.05041,0.05134,10597529,540440.35691,4540,6163396,314411.49818,0.0009748488984206,ARPA-USDT,0.050562410731519,0.0504982781027032,
2023-11-12 21:00:00,0.05132,0.05164,0.05105,0.05143,9622728,494493.79165,5323,3807799,195778.24608,0.0013629283489096,ARPA-USDT,0.051338183038575,0.0512320991399996,
2023-11-12 22:00:00,0.05143,0.05149,0.05118,0.05148,4516728,231899.48567,2503,2138786,109818.39442,0.001556420233463,ARPA-USDT,0.0514288180819472,0.0514265582983921,
2023-11-12 23:00:00,0.05147,0.05164,0.05048,0.05129,11861820,604314.15732,5693,6042895,307861.0279,0.0005852516582129,ARPA-USDT,0.051510708735496,0.0515737076866927,
2023-11-13 00:00:00,0.05128,0.05202,0.05075,0.05196,13616912,699034.6645900001,6142,6372190,327147.57168,0.001349007515899,ARPA-USDT,0.0513294459836992,0.0512832158494698,0.00041498
2023-11-13 01:00:00,0.05195,0.0524,0.05181,0.05213,8259934,430393.23361,4696,3265648,170278.95671,0.0015369836695486,ARPA-USDT,0.0519627842319203,0.0519992111117979,
2023-11-13 02:00:00,0.05214,0.05233,0.0516,0.05174,4996949,259984.60064,3380,2230587,116080.44594,0.0015485869144407,ARPA-USDT,0.0521836695366953,0.0521195583320668,
2023-11-13 03:00:00,0.05174,0.05182,0.05009,0.05025,14906824,759107.52822,7239,5857370,298557.9615,0.0007966540529775,ARPA-USDT,0.0517733376643955,0.0517388047576392,
2023-11-13 04:00:00,0.05024,0.05079,0.04971,0.05002,15340618,771475.60177,7926,6378747,321303.34189,0.0006001200240048,ARPA-USDT,0.0503515860420028,0.0505503315360627,
2023-11-13 05:00:00,0.05003,0.05033,0.0497,0.05028,9410525,470484.24437,4982,4905041,245293.88861,0.0009954210631097,ARPA-USDT,0.0499984156244078,0.0499092366686865,
2023-11-13 06:00:00,0.05027,0.05031,0.04954,0.05019,8948667,446605.24067,4003,4560379,227644.00027,0.0013966480446927,ARPA-USDT,0.0502493204655787,0.0502141750496758,
2023-11-13 07:00:00,0.05019,0.05049,0.04989,0.05014,12233221,614217.0247,4555,5785134,290513.8418,0.0011980830670925,ARPA-USDT,0.0501981984164827,0.050042268301604,
2023-11-13 08:00:00,0.05016,0.05074,0.05004,0.05067,7740127,389941.36959,3526,4484055,225981.49522,0.0015813401858073,ARPA-USDT,0.0501546366471085,0.0501580422420564,0.0001
2023-11-13 09:00:00,0.05067,0.0508,0.05042,0.05068,5158356,261196.34847,2839,2659773,134691.03423,0.0015810276679841,ARPA-USDT,0.050754460595913,0.0507428852712306,
2023-11-13 10:00:00,0.05068,0.05084,0.05028,0.05077,8302453,419947.14823,3840,4353591,220459.95552,0.0015782205563228,ARPA-USDT,0.0506675487510309,0.0507017853652969,
2023-11-13 11:00:00,0.05077,0.05078,0.04971,0.05005,11067729,555072.31903,5350,5513459,276405.26816,0.0012002400480095,ARPA-USDT,0.0507378934122497,0.0506821309797454,
2023-11-13 12:00:00,0.05006,0.05092,0.04962,0.05088,9771071,490881.41075,4050,4869234,244703.10965,0.0015748031496063,ARPA-USDT,0.0500304950912814,0.0500862929310749,
2023-11-13 13:00:00,0.05088,0.05092,0.05001,0.05061,13757423,693650.36878,4579,5933553,299340.343,0.0009889240506328,ARPA-USDT,0.0508784138310429,0.050767939705212,
2023-11-13 14:00:00,0.05063,0.05087,0.04868,0.05011,31213588,1554556.5652,11752,13944780,695465.97814,0.0013988808952838,ARPA-USDT,0.0506105786921446,0.0506974381082319,
2023-11-13 15:00:00,0.05011,0.05077,0.05003,0.05066,17945914,905302.51194,6977,8869690,447409.92152,0.0009879470460383,ARPA-USDT,0.0502979794112233,0.0504830329043889,
2023-11-13 16:00:00,0.05067,0.05095,0.05026,0.05053,12140864,615307.07708,5250,5577783,282648.65045,0.0005940594059405,ARPA-USDT,0.0507089311864984,0.0506848707049258,0.00021775
2023-11-13 17:00:00,0.05053,0.05056,0.04949,0.04988,10879777,542733.80648,5236,5397970,269208.2319,0.0018075918859208,ARPA-USDT,0.0505173789888334,0.050392117852881,
2023-11-13 18:00:00,0.04987,0.05046,0.0495,0.05045,10291078,514346.29292,3921,5268689,263624.50832,0.0011907124429451,ARPA-USDT,0.0498485150221577,0.0498706008744339,
2023-11-13 19:00:00,0.05045,0.05083,0.05027,0.05079,5974342,302162.46542,3500,2842530,143743.43334,0.0013801261829653,ARPA-USDT,0.050453778550411,0.050487521608868,
2023-11-13 20:00:00,0.05079,0.05085,0.05002,0.05016,7905309,398833.19051,4590,3190506,160949.64378,0.0021978021978024,ARPA-USDT,0.0507431735210472,0.0507304607977981,
2023-11-13 21:00:00,0.05016,0.05021,0.048,0.04854,36534921,1786846.70285,14128,16379480,801191.3744,0.0008247422680411,ARPA-USDT,0.0501270264793072,0.0499797620853191,
2023-11-13 22:00:00,0.04855,0.04907,0.04833,0.04838,8434806,410799.96912,3666,4024161,196004.61682,0.0010345541071798,ARPA-USDT,0.0485480450791211,0.0486875315199839,
2023-11-13 23:00:00,0.04839,0.04877,0.04804,0.04807,8307862,402558.34102,3742,3657419,177250.5564,0.0008328128253174,ARPA-USDT,0.0483580844578873,0.0484365823531903,
2023-11-14 00:00:00,0.04807,0.04824,0.04677,0.04708,28078892,1327496.1501,9903,12510654,591283.0059699999,0.0010631511800975,ARPA-USDT,0.0480724225316818,0.0481033195310391,0.0001
2023-11-14 01:00:00,0.04706,0.04787,0.04705,0.0474,8701849,414299.29689,3327,4899300,233251.28907,0.0012674271229404,ARPA-USDT,0.0471292529259255,0.047266522615883,
2023-11-14 02:00:00,0.0474,0.04775,0.04732,0.04765,4957511,235709.473,2989,2600586,123665.15313,0.0008401596303297,ARPA-USDT,0.04744215956286,0.0475233814412862,
2023-11-14 03:00:00,0.04765,0.04802,0.04758,0.04781,6727126,321832.20411,3047,3240242,155030.12724,0.0010469011725293,ARPA-USDT,0.0476183136414005,0.0476683329916411,
2023-11-14 04:00:00,0.04781,0.04821,0.04757,0.04812,5851196,280399.92411,2412,3103002,148707.38031,0.0002078569943879,ARPA-USDT,0.0477563679361287,0.0478258887529483,
2023-11-14 05:00:00,0.04812,0.04884,0.04809,0.04882,8708124,422357.67694,3476,5103193,247564.41189,0.0014358974358974,ARPA-USDT,0.0481661207728137,0.0481365006844425,
2023-11-14 06:00:00,0.04882,0.04924,0.04868,0.04916,9209822,451053.56989,4923,5442702,266520.33467,0.0006106248727866,ARPA-USDT,0.0488207899880023,0.0487861420990129,
2023-11-14 07:00:00,0.04916,0.04933,0.04892,0.04895,6057674,297406.83489,3158,3073029,150917.17883,0.0010224948875254,ARPA-USDT,0.0491536060132677,0.0491842525112316,
2023-11-14 08:00:00,0.04894,0.04917,0.04878,0.04911,6856019,335763.71241,2926,3359886,164555.84756999998,0.0010191602119853,ARPA-USDT,0.0489380236593223,0.0489702048332856,0.00019086
2023-11-14 09:00:00,0.04911,0.04913,0.04812,0.04812,8125273,394843.52085,3500,3332675,161886.76832,0.0008319467554078,ARPA-USDT,0.0491004934759018,0.0490686645647614,
2023-11-14 10:00:00,0.04812,0.04834,0.04773,0.0479,9233919,443409.77594,3844,4453905,213913.27607,0.0010449320794148,ARPA-USDT,0.0481833803637038,0.0480346160260049,
2023-11-14 11:00:00,0.04791,0.04803,0.04666,0.04751,17624997,833685.79099,6214,9029636,427071.82341,0.0012644889357218,ARPA-USDT,0.0479859606313277,0.0479315326771414,
2023-11-14 12:00:00,0.04748,0.04773,0.04712,0.0476,10789327,511397.55753,4313,5335275,252950.93715,0.0012620950778292,ARPA-USDT,0.0474680618636452,0.0473966105814432,
2023-11-14 13:00:00,0.0476,0.04878,0.04756,0.04836,23044094,1111841.66376,6916,11064541,533752.90381,0.001034982405299,ARPA-USDT,0.0476050763845867,0.0476882261043858,
2023-11-14 14:00:00,0.04836,0.04883,0.04816,0.04858,11344462,550417.19891,4410,5283722,256373.46761,0.0006179196704427,ARPA-USDT,0.0483307337173904,0.0482820960256309,
2023-11-14 15:00:00,0.04857,0.04867,0.04737,0.04797,21635734,1036765.05329,6563,9762217,467564.0546,0.0006257822277846,ARPA-USDT,0.0485784265164746,0.0485162621799639,
2023-11-14 16:00:00,0.04797,0.04873,0.04793,0.04864,9843625,476997.48773,4178,5837968,282966.06773,0.0012350761630302,ARPA-USDT,0.0479738046237645,0.0480004059360198,0.0001
2023-11-14 17:00:00,0.04864,0.05079,0.04818,0.0503,49976459,2487893.63222,17174,30203143,1502729.36443,0.0015929908403025,ARPA-USDT,0.0486612324377046,0.0486686121192518,
2023-11-14 18:00:00,0.05031,0.05043,0.04621,0.04753,74127451,3603309.7905,23045,31860135,1551717.43075,0.0006315789473685,ARPA-USDT,0.0502074569520765,0.0502091216512794,
2023-11-14 19:00:00,0.04757,0.04827,0.04726,0.04764,38038995,1817091.88963,11239,17318946,827291.54695,0.0004199916001679,ARPA-USDT,0.0476312120762436,0.0476545701841667,
2023-11-14 20:00:00,0.04763,0.04839,0.04748,0.04772,16531378,792699.12735,5592,7847381,376176.8935,0.0004192872117401,ARPA-USDT,0.0475658359112435,0.0476657701608415,
2023-11-14 21:00:00,0.04773,0.05184,0.04767,0.05006,81423829,4032045.75546,18363,44805606,2220622.92388,0.0005996402158705,ARPA-USDT,0.0477278438944103,0.0478221784603332,
2023-11-14 22:00:00,0.05006,0.05083,0.04978,0.05072,21821660,1095184.93611,7441,12844780,644656.61389,0.0009867771857114,ARPA-USDT,0.050068745891098,0.0500679122347291,
2023-11-14 23:00:00,0.05072,0.05132,0.05035,0.05093,21032047,1070742.32627,7485,10521002,535678.94577,0.0009827044025156,ARPA-USDT,0.0506474110177853,0.050568153832029,
2023-11-15 00:00:00,0.05093,0.0516,0.05041,0.05045,22654566,1154319.58799,8748,9961765,508266.93999,0.0011907124429451,ARPA-USDT,0.0508172750619621,0.050713199258526,0.00029516
2023-11-15 01:00:00,0.05044,0.05083,0.05014,0.05046,9960542,503316.93898,3914,4793428,242237.67671,0.0011904761904761,ARPA-USDT,0.0506164693836176,0.0507083231291532,
2023-11-15 02:00:00,0.05046,0.0508,0.04985,0.04997,13904472,700259.99398,5009,5230003,263872.92039,0.000600720865038,ARPA-USDT,0.0505846433867093,0.0506916620628897,
2023-11-15 03:00:00,0.04998,0.05112,0.04972,0.04979,25264466,1273762.20246,7258,13141132,662506.0109700001,0.0008040201005024,ARPA-USDT,0.0500112353508749,0.0499614145331891,
2023-11-15 04:00:00,0.04979,0.05047,0.04942,0.05045,21433496,1068235.45342,6387,10693243,533588.6364,0.0001982553528945,ARPA-USDT,0.0498811508247905,0.0499793203584189,
2023-11-15 05:00:00,0.05046,0.05102,0.05033,0.05073,14079188,713517.96369,5400,7200740,365071.73532,0.0005917159763313,ARPA-USDT,0.0504696101395796,0.0504872090193132,
2023-11-15 06:00:00,0.05073,0.05166,0.05069,0.05157,14332754,733559.52566,5605,7943912,406632.99657,0.0011648223645892,ARPA-USDT,0.0508022957907052,0.0507515849274223,
2023-11-15 07:00:00,0.05157,0.0517,0.05087,0.05109,12511725,640954.37032,5157,5544088,284090.47562,0.0007835455435847,ARPA-USDT,0.051584533876069,0.0515704481515594,
2023-11-15 08:00:00,0.05109,0.05132,0.05104,0.05106,9100335,465660.07881,3707,3744394,191643.15105,0.0007840062720501,ARPA-USDT,0.0512083869704658,0.0512629338218852,0.00021815
2023-11-15 09:00:00,0.05107,0.05149,0.05055,0.05067,15364523,784834.93078,5499,7304815,373622.37034,0.0013833992094862,ARPA-USDT,0.051075922457389,0.0511827438456429,
2023-11-15 10:00:00,0.05067,0.051,0.05067,0.05094,6487442,329814.4388,3466,3653189,185715.32429,0.0007858546168957,ARPA-USDT,0.0507071916277179,0.050765056135342,
2023-11-15 11:00:00,0.05094,0.05138,0.05085,0.05128,9746125,498394.89779,4254,5048003,258149.26462,0.001171417415072,ARPA-USDT,0.0509331673433398,0.0509386584910104,
2023-11-15 12:00:00,0.05128,0.05135,0.05072,0.05073,8980716,457542.50608,3715,3990036,203315.25554,0.0005917159763313,ARPA-USDT,0.0512921068981462,0.051267117617606,
2023-11-15 13:00:00,0.05073,0.05096,0.05028,0.05065,11143651,563238.60312,4257,5094520,257591.11231,0.0011860051393555,ARPA-USDT,0.0507077493325644,0.0507969495124855,
2023-11-15 14:00:00,0.05061,0.05099,0.0502,0.05026,6790460,343699.21248,3355,3197634,161850.31204,0.0009958175662219,ARPA-USDT,0.0506096071979434,0.0507080677541733,
2023-11-15 15:00:00,0.05026,0.05072,0.05025,0.05072,6537488,330218.19287,2975,3762793,190092.089,0.000789265982636,ARPA-USDT,0.0502998974569787,0.050408586411553,
2023-11-15 16:00:00,0.05072,0.05088,0.05044,0.05084,7638826,387258.21335,3597,3499679,177399.23325,0.0005904349537493,ARPA-USDT,0.0506874796328856,0.0507429196533587,0.00024974
2023-11-15 17:00:00,0.05085,0.05087,0.05017,0.05024,11310840,571183.5817,3741,4866895,245859.07594,0.0005974905397332,ARPA-USDT,0.0508436317897394,0.0507773462243393,
2023-11-15 18:00:00,0.05024,0.05149,0.04958,0.05101,51672895,2623375.85863,13624,24636738,1252285.77685,0.0013741656851198,ARPA-USDT,0.0501810060262501,0.0499434230501643,
2023-11-15 19:00:00,0.051,0.05138,0.05063,0.05135,14576884,745114.44727,4623,6395997,327024.81786,0.0005845674201092,ARPA-USDT,0.0510041339536687,0.0510075012081429,
2023-11-15 20:00:00,0.05136,0.05156,0.05116,0.05137,14430769,741640.978,4200,7399890,380442.14728,0.0015597582374731,ARPA-USDT,0.0514022960793074,0.0514190191223301,
2023-11-15 21:00:00,0.05137,0.05137,0.05078,0.05103,11823103,603459.9421399999,4002,4947894,252576.68742,0.0,ARPA-USDT,0.0513449033320072,0.0512442533296469,
2023-11-15 22:00:00,0.05104,0.05155,0.05094,0.05123,6327560,324645.14709,2800,3129257,160556.71786,0.0009769441187963,ARPA-USDT,0.0510432728444696,0.0510139892071941,
2023-11-15 23:00:00,0.05123,0.05134,0.05086,0.05125,11384182,581685.47038,4874,5919877,302683.73675,0.0009765625,ARPA-USDT,0.0512793991782788,0.0512977069692853,
2023-11-16 00:00:00,0.05125,0.05245,0.05102,0.05239,20514455,1060347.83863,8262,12498293,646230.2240200001,0.0009552923194497,ARPA-USDT,0.0512648038492842,0.0511390148281738,0.0001
2023-11-16 01:00:00,0.05239,0.05257,0.05184,0.05228,12261723,639863.20582,6226,6256565,326530.12531000003,0.0009573042312847,ARPA-USDT,0.0523515467108371,0.0523370047316062,
2023-11-16 02:00:00,0.05229,0.05269,0.05206,0.05247,7665355,401595.43457,3935,3992511,209147.97257,0.0005720823798627,ARPA-USDT,0.0522297962914599,0.0522047143873754,
2023-11-16 03:00:00,0.05249,0.05254,0.05178,0.05188,7924383,411982.58095,3650,2810536,146176.07053,0.000964692263168,ARPA-USDT,0.0524588289828177,0.0524219588691469,
2023-11-16 04:00:00,0.05187,0.05202,0.0515,0.05197,7391956,382710.81401,3236,3422147,177205.02839,0.0013487475915221,ARPA-USDT,0.0519247946435005,0.0518863271135646,
2023-11-16 05:00:00,0.05198,0.05201,0.05163,0.05197,5051855,261710.68699,2516,2741168,142043.21621,0.0011558466576768,ARPA-USDT,0.0519665926173224,0.051900741980356,
2023-11-16 06:00:00,0.05198,0.05377,0.05155,0.05355,35582472,1879682.95773,11064,19136399,1010403.6427,0.0009345794392523,ARPA-USDT,0.0519221257543877,0.0519182723309513,
2023-11-16 07:00:00,0.05355,0.05355,0.0519,0.05222,33129135,1745796.12797,10565,13907503,733534.62568,0.0019186492709133,ARPA-USDT,0.0532550341621602,0.0532233158044749,
2023-11-16 08:00:00,0.05221,0.05232,0.05125,0.05162,23019336,1192235.34115,7602,10495927,543895.83243,0.0009695559433779,ARPA-USDT,0.0522379826576479,0.0522512664394575,0.00030794
2023-11-16 09:00:00,0.05163,0.05192,0.05088,0.05137,25222571,1296191.38505,7924,11431185,587941.35384,0.0005843396961433,ARPA-USDT,0.0516507812532286,0.051751791997328,
2023-11-16 10:00:00,0.05139,0.05162,0.05109,0.05118,11222349,576290.08952,3303,4696650,241378.48937,0.0011737089201879,ARPA-USDT,0.0514059704313149,0.051371224032407,
2023-11-16 11:00:00,0.05118,0.05215,0.05111,0.05175,16259556,841399.81476,6702,8297330,429590.73732,0.0005800464037122,ARPA-USDT,0.0511807673747147,0.051242349070747,
2023-11-16 12:00:00,0.05176,0.0522,0.05109,0.05122,21365021,1101417.6729,7590,9786530,504557.74401,0.0013685239491691,ARPA-USDT,0.0517429124559791,0.0514914905032749,
2023-11-16 13:00:00,0.05122,0.05134,0.04889,0.05087,41822137,2105381.49724,13306,18089625,911833.20988,0.0011808699074984,ARPA-USDT,0.0512091229929555,0.0512579028305853,
2023-11-16 14:00:00,0.05088,0.05165,0.05065,0.05155,20440989,1043946.2905,8019,10152046,518612.77114,0.0001940240589832,ARPA-USDT,0.0508862661604212,0.0510659541621684,
2023-11-16 15:00:00,0.05156,0.05163,0.04974,0.05026,20338412,1030545.56421,7819,8949412,453178.6816,0.0003980891719745,ARPA-USDT,0.0515716170747571,0.0515491349552028,
2023-11-16 16:00:00,0.05027,0.05082,0.05026,0.05057,12272496,619792.88382,6429,6083466,307283.99965,0.0011878835874084,ARPA-USDT,0.050400755850031,0.0506495517675055,0.00020259
2023-11-16 17:00:00,0.05057,0.05104,0.05039,0.05053,7480291,379422.22901,3831,3585270,181840.47429,0.0005940594059405,ARPA-USDT,0.050549616320564,0.0505685608319418,
2023-11-16 18:00:00,0.05052,0.05065,0.04991,0.05004,12676133,637311.13519,5777,5897409,296549.08594,0.0005998800239952,ARPA-USDT,0.0504923330189667,0.0505137367007954,
2023-11-16 19:00:00,0.05002,0.05021,0.04845,0.04992,33051738,1625219.9346,13265,15325596,754077.10545,0.0008019246190857,ARPA-USDT,0.050069877709284,0.0500878461140015,
2023-11-16 20:00:00,0.04992,0.0505,0.04958,0.04964,14122340,706596.39083,6069,6468898,323649.39393,0.0014121444422028,ARPA-USDT,0.0499516152080055,0.05013497522051,
2023-11-16 21:00:00,0.04965,0.04985,0.04914,0.0495,10366885,513376.59489,5086,5132147,254124.35909,0.0008087343307725,ARPA-USDT,0.0496428993011809,0.049615697819897,
2023-11-16 22:00:00,0.04949,0.05035,0.04942,0.05002,6909270,345542.8071,3213,3648037,182461.14853,0.0008003201280513,ARPA-USDT,0.049464070522198,0.0495670182600284,
2023-11-16 23:00:00,0.05003,0.05005,0.04902,0.04955,12388010,612672.66048,5337,5658524,280079.82339,0.0008079175924056,ARPA-USDT,0.0500046498850301,0.0499716790174685,
2023-11-17 00:00:00,0.04954,0.05038,0.04943,0.05033,7936434,396279.25505,4372,4148458,207131.62938,0.0005964214711731,ARPA-USDT,0.0495913299323763,0.0495769680055495,0.00010085
2023-11-17 01:00:00,0.05034,0.05086,0.05015,0.05083,5304291,267565.38498,2913,2441548,123120.46311,0.000787556605631,ARPA-USDT,0.0503716778830001,0.0502802820150804,
2023-11-17 02:00:00,0.05082,0.051,0.05049,0.05061,5710295,290121.89135,3156,2524393,128257.62588,0.0007909827961243,ARPA-USDT,0.0508351596192896,0.0508044467748436,
2023-11-17 03:00:00,0.05061,0.05068,0.05015,0.05057,4253755,214566.35184,2772,2117962,106789.46693,0.0009897070467139,ARPA-USDT,0.0506038875722115,0.0506039119146945,
2023-11-17 04:00:00,0.05058,0.0507,0.05017,0.05044,4070213,205010.99093,2620,1891742,95275.51019,0.0015885623510722,ARPA-USDT,0.0505846897776848,0.0506382657401776,
2023-11-17 05:00:00,0.05042,0.05059,0.05017,0.05055,4278444,215626.14536,2419,2024792,102041.91254,0.0009900990099009,ARPA-USDT,0.0504121697960691,0.0504290829601194,
2023-11-17 06:00:00,0.05054,0.05078,0.05019,0.05028,5684736,287077.60024,2462,2912268,147205.7736,0.0007961783439489,ARPA-USDT,0.0505632505621199,0.0505020026448349,
2023-11-17 07:00:00,0.05027,0.05032,0.04963,0.04975,11492878,574022.56769,4028,5678265,283870.42739,0.0010060362173038,ARPA-USDT,0.0502629285400142,0.0502177650695242,
2023-11-17 08:00:00,0.04975,0.05059,0.04964,0.05041,9303439,466298.58194,3802,4919704,246484.43409,0.0011916583912612,ARPA-USDT,0.0496995962549573,0.0497978007814877,0.0001
2023-11-17 09:00:00,0.05041,0.05045,0.04973,0.04997,6188527,309699.36204,2671,3282165,164134.51871,0.0010016025641026,ARPA-USDT,0.0504127616911624,0.0503563838845381,
2023-11-17 10:00:00,0.04998,0.04998,0.0485,0.04902,25978454,1272652.0439,8368,8784436,430128.57805,0.0014300306435137,ARPA-USDT,0.0499401857216137,0.0498814596867017,
2023-11-17 11:00:00,0.04901,0.04916,0.04858,0.04861,8371829,408766.42386,3598,3534685,172666.42747,0.0008235536339302,ARPA-USDT,0.0489802057649667,0.0489398504335264,
2023-11-17 12:00:00,0.04861,0.04868,0.04771,0.04867,19305518,930626.43792,5906,7583603,365651.25904,0.0010283833813244,ARPA-USDT,0.0485906061905053,0.0485660475235017,
2023-11-17 13:00:00,0.04867,0.04919,0.04844,0.04852,10492852,512477.29926,4540,5231944,255429.8068,0.0008250825082507,ARPA-USDT,0.0487560374183879,0.0488241115044561,
2023-11-17 14:00:00,0.04852,0.04879,0.04739,0.04804,19746504,948571.58648,7728,9870706,474466.41363,0.0006248698187878,ARPA-USDT,0.0485505868531823,0.0486172055227655,
2023-11-17 15:00:00,0.04803,0.04816,0.04684,0.04709,22269872,1055458.50285,8680,10296525,488296.09982,0.0006374840628984,ARPA-USDT,0.0480066768051909,0.0479002233082874,
2023-11-17 16:00:00,0.0471,0.04807,0.0468,0.04783,17916242,851748.1690400001,6545,9895333,470555.04841,0.0008369951872775,ARPA-USDT,0.0471375398061489,0.0472062302980166,0.0001
2023-11-17 17:00:00,0.04783,0.04971,0.0478,0.04966,21196494,1035460.18472,8913,11882392,580455.2186,0.0008061265618704,ARPA-USDT,0.0478392386426297,0.0482126880442439,
2023-11-17 18:00:00,0.04967,0.05066,0.04962,0.05053,21165265,1062766.58701,9193,10818526,543208.8385000001,0.0009904912836766,ARPA-USDT,0.0496724084668192,0.0497798286190231,
2023-11-17 19:00:00,0.05053,0.05265,0.05028,0.05055,91413379,4709498.93686,27542,43263575,2228491.69736,0.0009900990099009,ARPA-USDT,0.0505385206849682,0.0505152656050561,
2023-11-17 20:00:00,0.05053,0.05196,0.05036,0.05154,43208811,2215439.55554,14742,23319366,1195577.19442,0.0,ARPA-USDT,0.0505137735657369,0.0506742054241508,
2023-11-17 21:00:00,0.05154,0.05238,0.05124,0.05235,53051273,2750758.47546,18531,27798781,1442080.3255,0.00019105846389,ARPA-USDT,0.0515377651577045,0.0516644884117554,
2023-11-17 22:00:00,0.05236,0.05288,0.05219,0.05222,40504989,2127027.37486,12989,18247247,958401.29168,0.0007665772326563,ARPA-USDT,0.0523399677100293,0.0524192362174777,
2023-11-17 23:00:00,0.05223,0.05247,0.05154,0.05215,23684805,1231527.61475,7849,9941222,516946.88214,0.000575594781274,ARPA-USDT,0.0523057538413227,0.052276601262707,
2023-11-18 00:00:00,0.05215,0.05215,0.05118,0.05127,14385649,741879.91214,6450,6940082,358006.93236,0.0007807925043921,ARPA-USDT,0.0520232123172103,0.0519192271700305,0.00026512
2023-11-18 01:00:00,0.05127,0.05175,0.05108,0.05119,11907359,612046.89524,4369,6336593,325739.49175,0.0005863956215794,ARPA-USDT,0.0512867986929018,0.0513191023762822,
2023-11-18 02:00:00,0.05119,0.05179,0.05107,0.05127,8797399,451929.03698,3823,4233211,217483.94319,0.0011716461628588,ARPA-USDT,0.051206101570242,0.0512522796142395,
2023-11-18 03:00:00,0.05127,0.05133,0.05026,0.05056,17107780,867495.0022,8230,8114222,411575.14025,0.0007917656373712,ARPA-USDT,0.0512862557409618,0.0512028327693749,
2023-11-18 04:00:00,0.05056,0.0508,0.05012,0.05012,11781692,594918.52413,4953,5726101,289174.0446,0.0,ARPA-USDT,0.0504920457984145,0.0505738884226468,
2023-11-18 05:00:00,0.05013,0.05021,0.04902,0.04906,19326237,957533.61269,7967,9539439,472642.36533,0.0008159934720521,ARPA-USDT,0.0501612104845013,0.0500517027981539,
2023-11-18 06:00:00,0.04906,0.04928,0.04842,0.04844,13077193,639456.06768,6051,6146821,300764.14631,0.0006197066721751,ARPA-USDT,0.0490473158790509,0.0491501010173584,
2023-11-18 07:00:00,0.04844,0.05,0.04776,0.04995,23897962,1167177.23953,9678,13188502,644514.94383,0.0,ARPA-USDT,0.0484501660226823,0.0481479038066476,
2023-11-18 08:00:00,0.04993,0.05012,0.04948,0.0499,12214111,608586.29684,5637,6289039,313311.88871,0.0004009623095428,ARPA-USDT,0.0499769996510176,0.0500001968925528,0.0001
2023-11-18 09:00:00,0.0499,0.04994,0.04943,0.04949,6598353,327686.77188,3008,3389877,168393.12319,0.0010113268608413,ARPA-USDT,0.0498735672876246,0.0497889793672806,
2023-11-18 10:00:00,0.04949,0.04984,0.04935,0.04971,8088366,401470.93827,3946,4467793,221809.7476,0.0002012072434607,ARPA-USDT,0.0494616101082712,0.0494403832880874,
2023-11-18 11:00:00,0.04971,0.04974,0.04897,0.04908,13271615,654030.74971,4494,5335411,262861.77964,0.0010197838058332,ARPA-USDT,0.049649229921696,0.0495693493564902,
2023-11-18 12:00:00,0.04907,0.04951,0.04896,0.0492,6404003,315347.34461000003,3391,3644833,179526.98133,0.0,ARPA-USDT,0.0490508881145597,0.0490893161092296,
2023-11-18 13:00:00,0.04921,0.04933,0.04834,0.04899,14001270,684460.28436,6976,7057382,345105.59386,0.0004084133142741,ARPA-USDT,0.0492391614717862,0.0492273366176287,
2023-11-18 14:00:00,0.04899,0.05066,0.0489,0.05045,24612080,1228670.56624,9325,14264695,712248.62901,0.00059500198334,ARPA-USDT,0.0490271578532402,0.0490911111329542,
2023-11-18 15:00:00,0.05044,0.05593,0.0504,0.05364,379851589,20504000.09059,103720,196487134,10607195.47093,0.0009330098899049,ARPA-USDT,0.0505896952098946,0.0508094310266008,
2023-11-18 16:00:00,0.05364,0.05509,0.05015,0.05066,234778334,12333449.61499,62220,117095621,6142941.01394,0.0003949447077409,ARPA-USDT,0.0535903854257741,0.0540712101850268,0.0001
2023-11-18 17:00:00,0.05065,0.05135,0.05028,0.05065,66133163,3356439.11321,19166,33196819,1685264.73182,0.0013839462238038,ARPA-USDT,0.0504713578624211,0.0505608012017074,
2023-11-18 18:00:00,0.05066,0.05084,0.04926,0.05038,68632309,3432015.60593,17348,29730737,1488005.91041,0.0007945967421534,ARPA-USDT,0.0507211595579693,0.0507401178072836,
2023-11-18 19:00:00,0.0504,0.05091,0.05023,0.05056,26894076,1360091.47011,8305,13662655,691088.97977,0.000989902989507,ARPA-USDT,0.050464091701832,0.0504509325750497,
2023-11-18 20:00:00,0.05055,0.05072,0.05007,0.05012,16611906,835934.93403,6390,7130309,358803.85321000003,0.0005989219405069,ARPA-USDT,0.0505550145709597,0.0505414506261254,
2023-11-18 21:00:00,0.05012,0.0503,0.04989,0.04993,14593491,730594.12658,4833,7427402,371865.12019,0.0008017638805373,ARPA-USDT,0.0501005355511722,0.0500315913604597,
2023-11-18 22:00:00,0.04994,0.05023,0.04971,0.0501,13224369,661150.80299,4511,6386596,319217.16777,0.0001996406468356,ARPA-USDT,0.0499786531701833,0.0499413196373308,
2023-11-18 23:00:00,0.0501,0.05021,0.04993,0.04995,7657275,383140.30649,3298,4449668,222643.42626,0.0006009615384616,ARPA-USDT,0.0501275068067846,0.0501468787624229,
2023-11-19 00:00:00,0.04996,0.05014,0.04895,0.04902,30998092,1533717.80531,12121,13328682,660062.14644,0.0008166598611678,ARPA-USDT,0.0498841934705108,0.0497962977197397,0.0001
2023-11-19 01:00:00,0.04903,0.0493,0.04839,0.04888,18571119,907027.29187,6318,8896041,434838.56977,0.0006141248720572,ARPA-USDT,0.0491299212488548,0.0492329031616012,
2023-11-19 02:00:00,0.04888,0.04898,0.0484,0.04883,12491628,608579.4605,5330,6406175,312085.99366,0.0,ARPA-USDT,0.0488169802827222,0.0488254557172144,
2023-11-19 03:00:00,0.04884,0.04944,0.04879,0.04935,12816360,628967.45496,4923,7313519,358903.55759,0.0004054327995135,ARPA-USDT,0.048829895744042,0.0488857583890538,
2023-11-19 04:00:00,0.04936,0.04939,0.04894,0.04924,7882508,387086.86018,3519,4001086,196502.78845,0.0006096321885795,ARPA-USDT,0.0493486385918003,0.0493191316564495,
2023-11-19 05:00:00,0.04924,0.04968,0.04919,0.04961,8419565,416632.58954,3859,5041569,249476.07441,0.0002016129032258,ARPA-USDT,0.0492355748117449,0.049238895373289,
2023-11-19 06:00:00,0.04961,0.05023,0.04961,0.05022,12899434,644641.95386,4872,6547352,327158.32395,0.0007971303308089,ARPA-USDT,0.0496578141885107,0.0497296682146473,
2023-11-19 07:00:00,0.0502,0.05034,0.04986,0.05,8770869,439691.09516,3878,3950768,198104.9053,0.0004001600640257,ARPA-USDT,0.0501706781309724,0.050211579396271,
2023-11-19 08:00:00,0.05001,0.0503,0.04973,0.04979,8240622,412537.4294,4376,4332954,217047.28397,0.0006028938906752,ARPA-USDT,0.0500066568494507,0.0499653138864159,0.0001
2023-11-19 09:00:00,0.0498,0.05009,0.04954,0.05002,12020420,598700.53367,4533,6607084,329248.67506,0.0,ARPA-USDT,0.0498076807443602,0.049711195975277,
2023-11-19 10:00:00,0.05002,0.05005,0.0495,0.04965,6277630,311888.6373,2920,2966194,147357.15522000002,0.0,ARPA-USDT,0.0500289673526482,0.0499820170834917,
2023-11-19 11:00:00,0.04965,0.04967,0.04921,0.04945,10287650,508472.94492,4381,5055971,249921.34971,0.0,ARPA-USDT,0.0496493308239962,0.0496454693169052,
2023-11-19 12:00:00,0.04948,0.04961,0.04906,0.04929,6103539,300978.65312,3051,3039029,149842.10957,0.0008121827411167,ARPA-USDT,0.0494628667937959,0.0494765410247917,
2023-11-19 13:00:00,0.04929,0.04965,0.04927,0.0496,5622770,278149.62472,2944,3091858,152963.19421,0.0,ARPA-USDT,0.049303889945365,0.0493339822175514,
2023-11-19 14:00:00,0.04959,0.0497,0.04919,0.04934,10282402,508886.01199,4003,5582737,276310.61265,0.0002027163997568,ARPA-USDT,0.0495813082570587,0.0496009638952539,
2023-11-19 15:00:00,0.04934,0.04971,0.04907,0.0497,9563630,472451.97126,3697,4784023,236263.18478,0.000402576489533,ARPA-USDT,0.0493290797577558,0.0492628184468479,
2023-11-19 16:00:00,0.0497,0.05008,0.04963,0.05,9472569,471766.5471,3658,4383507,218299.77332,0.0,ARPA-USDT,0.0496715705733285,0.0496590278031637,0.0001
2023-11-19 17:00:00,0.05001,0.05035,0.04983,0.05001,11120915,556945.29981,4036,4770125,238925.00239,0.0,ARPA-USDT,0.0500371248931069,0.0500650411004116,
2023-11-19 18:00:00,0.05003,0.0503,0.04996,0.05026,10850907,544209.34657,3555,4489330,225213.84888,0.0005972526378659,ARPA-USDT,0.0500322189018166,0.05005328295599,
2023-11-19 19:00:00,0.05026,0.05071,0.05013,0.05068,9164228,461461.82951,3718,4513114,227334.27767,0.0005923000987166,ARPA-USDT,0.0502558906987178,0.0502244777883594,
2023-11-19 20:00:00,0.05068,0.05107,0.05027,0.05103,22765896,1152996.86171,7756,10770624,545636.16102,0.0007844675426553,ARPA-USDT,0.0506917502018714,0.0507111271372485,
2023-11-19 21:00:00,0.05104,0.05155,0.051,0.05116,19529652,1000375.36186,6182,9910193,507509.56423,0.0005867396831604,ARPA-USDT,0.0510483892397537,0.0510968731919736,
2023-11-19 22:00:00,0.05115,0.05127,0.05066,0.05101,15680528,798389.10674,4614,6058377,308500.42227,0.0005884660651236,ARPA-USDT,0.0511838809388031,0.0511161363669586,
2023-11-19 23:00:00,0.05102,0.05187,0.05102,0.05175,18476375,952099.92211,7046,9846849,507428.78678,0.0011607661056296,ARPA-USDT,0.0510633146337421,0.0512716887106741,
2023-11-20 00:00:00,0.05174,0.05269,0.05147,0.05269,19914032,1037367.22546,7930,9953358,518860.92268,0.0015206234556168,ARPA-USDT,0.0518474466472593,0.0517403359544504,0.0001
2023-11-20 01:00:00,0.05268,0.05308,0.05242,0.05276,16128112,851035.14662,6038,8275128,436829.85672,0.0005689360895126,ARPA-USDT,0.0527326533044111,0.05272842325622,
2023-11-20 02:00:00,0.05277,0.0549,0.05265,0.0545,40079445,2161336.5300600003,14373,21240284,1145204.83815,0.0007344840249723,ARPA-USDT,0.0528056269316189,0.0527893056945468,
2023-11-20 03:00:00,0.05451,0.0546,0.0535,0.05369,23152590,1249861.1438,9522,10526887,568353.11966,0.0005590756615729,ARPA-USDT,0.0545376107463522,0.0543135561587877,
2023-11-20 04:00:00,0.05369,0.05448,0.05369,0.05432,18709813,1012519.57352,6146,9828083,531964.99671,0.0007369196757553,ARPA-USDT,0.0538020348278441,0.0538949302693998,
2023-11-20 05:00:00,0.05434,0.05434,0.05318,0.0535,26130551,1401641.82014,10110,12940238,693814.32965,0.0009354536950421,ARPA-USDT,0.0542183424711654,0.0540043215569686,
2023-11-20 06:00:00,0.0535,0.05424,0.0535,0.05416,15750721,849326.2945300001,6552,8932043,481714.51947,0.0011090573012939,ARPA-USDT,0.0535937705235378,0.053633437076859,
2023-11-20 07:00:00,0.05418,0.05426,0.05387,0.05409,14148102,764813.45814,5539,8013228,433132.52723,0.0009252405625463,ARPA-USDT,0.0542090264936511,0.0541587607185573,
2023-11-20 08:00:00,0.05409,0.05427,0.05377,0.05397,9948506,537237.52176,4625,4289742,231700.93866,0.0011129660545352,ARPA-USDT,0.0540848513459814,0.0540150129666205,0.00014856
2023-11-20 09:00:00,0.05396,0.05447,0.05393,0.0543,10024434,544241.83099,3957,5051413,274243.58249,0.0011061946902655,ARPA-USDT,0.0540050213109214,0.0540037129315582,
2023-11-20 10:00:00,0.05431,0.05432,0.05368,0.05375,12764965,689324.50995,4833,5130143,277088.93593,0.0009310986964619,ARPA-USDT,0.0542643752828628,0.0542466819161439,
2023-11-20 11:00:00,0.05375,0.054,0.05309,0.05341,14103293,755633.08543,6189,6085778,326165.92114,0.0011246485473288,ARPA-USDT,0.0537649761203276,0.0538305849973659,
2023-11-20 12:00:00,0.05342,0.05412,0.05331,0.05376,21337850,1145264.26044,6760,11070769,594438.30955,0.0016769144773616,ARPA-USDT,0.0534310503470598,0.053410274189308,
2023-11-20 13:00:00,0.05374,0.05467,0.05368,0.05462,26096746,1414748.7809,7532,15584094,845219.8496000001,0.0010997067448681,ARPA-USDT,0.0537476618184324,0.0538605176938364,
2023-11-20 14:00:00,0.05461,0.05475,0.05335,0.05425,42582350,2311045.66789,13539,19608931,1064521.12991,0.0011072153533862,ARPA-USDT,0.054522834623637,0.0543993527726786,
2023-11-20 15:00:00,0.05424,0.05465,0.05382,0.05396,15044577,815253.22948,5354,7464488,404655.70232,0.0005562766549231,ARPA-USDT,0.0542053600492171,0.054151301588161,
2023-11-20 16:00:00,0.05396,0.05461,0.05386,0.05434,26603251,1443562.62295,8910,13865155,752508.80253,0.0005523844595838,ARPA-USDT,0.054108401722864,0.0541934768974902,0.0001
2023-11-20 17:00:00,0.05435,0.05787,0.05427,0.05584,183964095,10339609.51004,53061,92593258,5201921.12889,0.0010756543564001,ARPA-USDT,0.0543548745934623,0.0545142884175287,
2023-11-20 18:00:00,0.05583,0.0559,0.05463,0.05478,40789663,2249475.81921,13587,18044494,995648.90659,0.0009135757354283,ARPA-USDT,0.0558340416412813,0.0558011412752737,
2023-11-20 19:00:00,0.05479,0.05497,0.05402,0.05425,32261687,1755880.71389,11265,14882540,810687.04377,0.0012919896640826,ARPA-USDT,0.0547637051627469,0.0547901742888461,
2023-11-20 20:00:00,0.05424,0.0546,0.05381,0.05399,28114462,1523801.58606,9060,12686498,687766.28412,0.0009269558769002,ARPA-USDT,0.0542796557080444,0.0543402574436716,
2023-11-20 21:00:00,0.054,0.05401,0.05244,0.05356,43303524,2308171.37243,15470,17048918,908915.26999,0.0011214953271028,ARPA-USDT,0.0539729966786854,0.0536594147498269,
2023-11-20 22:00:00,0.05357,0.05429,0.05352,0.05385,12994265,700666.17944,5787,7849239,423238.49005,0.0003715400334385,ARPA-USDT,0.0536636639405143,0.0537307388990929,
2023-11-20 23:00:00,0.05386,0.05397,0.05335,0.05342,7367709,395322.36071,4028,3720292,199659.47276,0.0009368559115607,ARPA-USDT,0.0538653759940246,0.0538852646782937,
2023-11-21 00:00:00,0.05343,0.05398,0.05302,0.05388,12519439,670589.41922,6860,6132035,328635.81079,0.00074294205052,ARPA-USDT,0.0533872204302785,0.0532445080261867,0.0001
2023-11-21 01:00:00,0.05388,0.05427,0.0535,0.05381,9399117,506731.7153,5382,4626755,249444.92794,0.0003718163227366,ARPA-USDT,0.0539534027724731,0.0539574579703842,
2023-11-21 02:00:00,0.0538,0.05391,0.05265,0.05289,12891780,687144.81542,6784,6273722,334421.40566,0.0013252555850056,ARPA-USDT,0.0538165999886375,0.0537369148453551,
2023-11-21 03:00:00,0.05288,0.05323,0.05281,0.05296,7133593,378084.14632,3880,3428881,181802.94699,0.0013235016071091,ARPA-USDT,0.0528806262575688,0.0529541685791883,
2023-11-21 04:00:00,0.05296,0.05298,0.05235,0.0524,8831761,464458.11572,4151,3905614,205382.38932,0.0009551098376312,ARPA-USDT,0.0529600204887161,0.0529242081529308,
2023-11-21 05:00:00,0.0524,0.05257,0.05193,0.05199,9190741,479871.13782,4970,4283013,223657.08923,0.001155401502022,ARPA-USDT,0.0524485880871208,0.052461203333332,
2023-11-21 06:00:00,0.05201,0.05216,0.05172,0.05184,7355258,382062.77152,3886,3911356,203229.89301,0.0003859513701274,ARPA-USDT,0.0519693187271138,0.0519227022520841,
2023-11-21 07:00:00,0.05184,0.05186,0.05073,0.0508,15922446,815827.5464999999,6938,6829017,349895.10003,0.0003938558487592,ARPA-USDT,0.0518193242161481,0.051719840000043,
2023-11-21 08:00:00,0.05079,0.05154,0.05074,0.05143,11681820,596310.52165,5798,7051467,359934.31023,0.0001944768572539,ARPA-USDT,0.0508370541066393,0.0508444635759526,0.0001
2023-11-21 09:00:00,0.05144,0.05171,0.05094,0.05096,12721647,653691.22642,5692,5437681,279668.99373,0.0005890437855879,ARPA-USDT,0.0514724254313401,0.0515115986231448,
2023-11-21 10:00:00,0.05096,0.05154,0.05081,0.05153,10996694,563092.86707,4324,6223782,318939.54667,0.0009712509712509,ARPA-USDT,0.0509627640440838,0.0509399087633676,
2023-11-21 11:00:00,0.05152,0.05157,0.05102,0.05116,10319495,528657.5641,4003,5828754,298601.3666,0.000978282136568,ARPA-USDT,0.0515292199765521,0.0514958294004723,
2023-11-21 12:00:00,0.05116,0.05158,0.05108,0.05148,9395046,482766.8013,4688,5554571,285431.83704,0.0011668611435238,ARPA-USDT,0.0511349744741155,0.0511588527223963,
2023-11-21 13:00:00,0.05147,0.05148,0.05094,0.05098,10222078,523155.50743,4987,5956729,304869.03369,0.0001961938395134,ARPA-USDT,0.051411270156097,0.0513804817727629,
2023-11-21 14:00:00,0.05099,0.05107,0.05031,0.05105,19018239,965144.03918,8472,8539387,433587.26921,0.0017660910518053,ARPA-USDT,0.0509866434418702,0.0508786151600698,
2023-11-21 15:00:00,0.05106,0.0511,0.04941,0.05074,46613713,2341064.47632,21039,20340797,1022168.40391,0.0005915992900809,ARPA-USDT,0.0510327412137295,0.0508935137151288,
2023-11-21 16:00:00,0.05075,0.05155,0.05028,0.05107,19692147,1001407.90482,9114,9555640,486059.87918,0.0005877742946707,ARPA-USDT,0.0508520983425491,0.0505997397318504,0.0001
2023-11-21 17:00:00,0.05108,0.05134,0.0491,0.04954,30662400,1537953.59415,12173,14218659,713072.89861,0.0,ARPA-USDT,0.0509599275304246,0.0509179842755149,
2023-11-21 18:00:00,0.04957,0.04961,0.0484,0.04948,37418080,1833033.22428,13660,17371990,851293.84724,0.0004043671653863,ARPA-USDT,0.0494304043025037,0.0490925503325498,
2023-11-21 19:00:00,0.04948,0.04993,0.04935,0.04953,16726065,831329.56219,6164,8084595,401939.07084,0.0002019386106622,ARPA-USDT,0.0494783877986538,0.0495664387911756,
2023-11-21 20:00:00,0.04954,0.0507,0.04915,0.05029,16352851,816004.19385,6917,8130085,405518.23401,0.0019924287706714,ARPA-USDT,0.0494962250711521,0.0494169086439512,
2023-11-21 21:00:00,0.05028,0.05067,0.04973,0.04978,10052554,504262.85178,4681,4263031,213814.63972,0.0004019292604502,ARPA-USDT,0.0502489434277991,0.0502937145111416,
2023-11-21 22:00:00,0.04978,0.04981,0.04717,0.04792,31164194,1509165.21258,10734,14045764,681036.79948,0.0002087246921309,ARPA-USDT,0.0497216641224489,0.0497147445768188,
2023-11-21 23:00:00,0.0479,0.04856,0.04753,0.04781,15762775,758632.90348,6682,7658475,368766.56495,0.0004184975936387,ARPA-USDT,0.0478452325867994,0.0478082556585654,
2023-11-22 00:00:00,0.0478,0.04871,0.04762,0.04836,14591442,704313.80263,6585,7542327,364054.33734,0.0006207324643079,ARPA-USDT,0.047718473371537,0.0480118786239641,0.0001
2023-11-22 01:00:00,0.04835,0.04862,0.04801,0.04803,10977000,530449.13539,4056,3929228,190006.06191,-0.0002081598667775,ARPA-USDT,0.0483557153713722,0.0483382192424927,
2023-11-22 02:00:00,0.04803,0.04808,0.0465,0.04747,41850589,1975492.75492,12348,14800612,698114.21279,0.0004214963119073,ARPA-USDT,0.0480409791794211,0.0479821032314127,
2023-11-22 03:00:00,0.04748,0.0476,0.04688,0.04719,16406917,775702.3336,6096,7074422,334541.85007,0.0002119542178891,ARPA-USDT,0.0473943551239189,0.0473172631169429,
2023-11-22 04:00:00,0.0472,0.04755,0.04678,0.04724,18301374,863626.1348,7383,7781927,367549.20669,0.0002117298327333,ARPA-USDT,0.0472493404694297,0.0470597298020081,
2023-11-22 05:00:00,0.04722,0.04741,0.0469,0.04698,11944473,562683.44924,5675,4758463,224217.94719,-0.0006381620931716,ARPA-USDT,0.0472055584791942,0.047268534290525,
2023-11-22 06:00:00,0.04701,0.04782,0.047,0.04777,16555446,785441.0822599999,5872,8566578,406414.99358,-0.0002092925910422,ARPA-USDT,0.0471015350688583,0.0471460176624145,
2023-11-22 07:00:00,0.04778,0.048,0.04752,0.04758,15469129,738873.47872,4935,7319133,349754.77175,0.0,ARPA-USDT,0.0477877699064409,0.0477990162160067,
2023-11-22 08:00:00,0.04757,0.04854,0.04756,0.04847,12132951,584076.99295,4698,7542815,363185.79403,0.0006193228736581,ARPA-USDT,0.0475993143119763,0.0476742217036543,0.0001
2023-11-22 09:00:00,0.04847,0.0486,0.0482,0.04857,8965095,434129.89607,3956,3933208,190505.7932,0.0002059308072488,ARPA-USDT,0.0484396331858622,0.0483740074333393,
2023-11-22 10:00:00,0.04856,0.04869,0.04815,0.04839,10096277,488948.47995,5350,4296554,208133.46792,-0.0002066115702478,ARPA-USDT,0.0485331210335899,0.0485794347464538,
2023-11-22 11:00:00,0.04839,0.04845,0.04791,0.04801,8541780,411778.18105,3755,3707435,178877.08092,-0.0004164064126588,ARPA-USDT,0.0483905630805957,0.0483683582045691,
2023-11-22 12:00:00,0.04802,0.04836,0.04786,0.04821,6814498,327989.74599,3677,3076353,148128.27539,0.000207468879668,ARPA-USDT,0.0479800280862906,0.0480130985651179,
2023-11-22 13:00:00,0.0482,0.04855,0.04799,0.04841,8897520,429421.72854,3952,4203791,202934.37747,0.0,ARPA-USDT,0.048219252262692,0.0482703308710327,
2023-11-22 14:00:00,0.04841,0.04862,0.0479,0.04811,9894387,477688.0113,4372,4430041,213940.25514,-0.0004155412424683,ARPA-USDT,0.0484433172840602,0.0484492462994556,
2023-11-22 15:00:00,0.04813,0.04842,0.04765,0.04816,12640570,606831.704,5195,5386502,258714.23462,0.0004154549231407,ARPA-USDT,0.0481191749882396,0.0480467184407943,
2023-11-22 16:00:00,0.04815,0.04847,0.04799,0.04821,8887576,428672.82005,4265,4532031,218567.54149,0.0004150238638722,ARPA-USDT,0.0481263049329855,0.0480976217866006,0.0001
2023-11-22 17:00:00,0.0482,0.04852,0.04814,0.0485,5932312,286813.19701,2494,3161056,152874.67517,0.0018591200165254,ARPA-USDT,0.0481912432652791,0.0482611148418272,
2023-11-22 18:00:00,0.04849,0.04951,0.04834,0.04946,16436240,806389.02307,7149,8501893,416941.87952,0.0,ARPA-USDT,0.0484724724648356,0.048438531851504,
2023-11-22 19:00:00,0.04946,0.04985,0.0493,0.04968,10006605,496496.93839,5132,4764567,236464.57756,0.001007455168245,ARPA-USDT,0.0494591202023207,0.0495207408165679,
2023-11-22 20:00:00,0.04967,0.04991,0.04949,0.04985,6169297,306598.42235,2984,2548487,126691.24645,0.0002006420545745,ARPA-USDT,0.0496752508735087,0.0496154924791496,
2023-11-22 21:00:00,0.04985,0.05009,0.04964,0.04979,7240518,361155.71448,4019,3156036,157457.69852,0.0006028938906752,ARPA-USDT,0.0498409924672408,0.0498064315182963,
2023-11-22 22:00:00,0.04979,0.05017,0.04953,0.04965,6712643,334598.48474,3217,3133772,156260.33853,0.000201450443191,ARPA-USDT,0.049812943894086,0.0498494273983306,
2023-11-22 23:00:00,0.04964,0.04975,0.04938,0.04958,7009146,347158.16906,3086,3565828,176672.5682,0.0,ARPA-USDT,0.0496852508946396,0.0496316920592244,
2023-11-23 00:00:00,0.04959,0.04993,0.04946,0.04964,6111367,303687.91654,3397,3247550,161400.86608,0.0002014910336489,ARPA-USDT,0.0496432704302267,0.0496441151331772,0.0001
2023-11-23 01:00:00,0.04963,0.05063,0.0496,0.05037,8605476,433118.37092,3265,4606532,231695.1086,-0.000198491464867,ARPA-USDT,0.0496296526999191,0.0497292611617117,
2023-11-23 02:00:00,0.05037,0.05047,0.05008,0.05023,5801722,291857.90097,2564,2782922,139977.1764,-0.0001990445859872,ARPA-USDT,0.0504119110183827,0.0503515238750356,
2023-11-23 03:00:00,0.05022,0.05055,0.0502,0.05025,5178144,260298.62165,2376,2361409,118731.41457,0.000398168425244,ARPA-USDT,0.0502401230121608,0.0502611660077231,
2023-11-23 04:00:00,0.05024,0.0505,0.05012,0.05032,4701279,236801.07987,2305,2370847,119426.58506,0.000198767640628,ARPA-USDT,0.0502334664550632,0.0502003810591279,
2023-11-23 05:00:00,0.05034,0.05038,0.04991,0.04996,4155528,208271.60573,2098,1705155,85520.58028,0.0004004805766919,ARPA-USDT,0.0503236146747988,0.0503068150091892,
2023-11-23 06:00:00,0.04994,0.05003,0.04959,0.04972,5776130,287591.2804,2539,2450039,121947.96924,0.0002011667672501,ARPA-USDT,0.0499225051112866,0.049935972538763,
2023-11-23 07:00:00,0.04972,0.04998,0.04944,0.04972,9178899,456134.46544,3047,4497361,223382.40566,0.0004024144869214,ARPA-USDT,0.049775595303488,0.0498426700622208,
2023-11-23 08:00:00,0.04972,0.05008,0.04968,0.05004,5330761,265649.83244,2334,2752735,137209.1274,0.0007999999999999,ARPA-USDT,0.0497433712372623,0.0497351559109218,0.0001
2023-11-23 09:00:00,0.05005,0.05021,0.04985,0.05019,6808687,340566.73209,2749,4169011,208567.97628,0.0001992825827021,ARPA-USDT,0.0500409763419254,0.0499634601231049,
2023-11-23 10:00:00,0.0502,0.0502,0.04966,0.04971,6443425,321309.28421,2604,2508262,125036.94678,0.0004024954719259,ARPA-USDT,0.0501740671557643,0.0501441685995167,
2023-11-23 11:00:00,0.0497,0.04972,0.04904,0.04943,12454151,614339.02855,5393,6227914,307239.39628,0.0,ARPA-USDT,0.0496472253989854,0.0495889383430164,
2023-11-23 12:00:00,0.04943,0.04964,0.04908,0.04913,6610746,326090.19949,3462,3094158,152622.36237,0.0004072490327835,ARPA-USDT,0.0494226361103408,0.0493522524683957,
2023-11-23 13:00:00,0.04913,0.0494,0.04896,0.04905,6252729,307696.18665,3193,2369703,116637.81478,0.0,ARPA-USDT,0.0490893061591224,0.0491537436687478,
2023-11-23 14:00:00,0.04906,0.04933,0.04884,0.04903,7420413,364271.90495,3456,3822790,187623.51504,0.0002039983680128,ARPA-USDT,0.0490558335495955,0.049112402095765,
2023-11-23 15:00:00,0.04903,0.04914,0.0485,0.04866,9345919,455854.19237,4974,4193430,204534.79999,-0.0002054653790835,ARPA-USDT,0.048989288941219,0.0490556307022237,
2023-11-23 16:00:00,0.04869,0.04908,0.04861,0.0488,5257335,256998.16853,2923,2874927,140544.80461,0.0008203445447088,ARPA-USDT,0.048678755670223,0.0487076479438099,0.0001
2023-11-23 17:00:00,0.0488,0.0492,0.04878,0.0491,4020150,197169.17863,2553,2104381,103222.16435,0.0006113715100874,ARPA-USDT,0.0487988754810823,0.0488304144891923,
2023-11-23 18:00:00,0.04909,0.04929,0.04893,0.04899,3556067,174666.57429,2366,1693329,83203.7135,0.0,ARPA-USDT,0.0490573886906711,0.049013435186092,
2023-11-23 19:00:00,0.04899,0.04905,0.04867,0.04876,4653378,227027.77881,2747,1784496,87060.12504,0.000205128205128,ARPA-USDT,0.0490017157649612,0.0489260456335103,
2023-11-23 20:00:00,0.04875,0.04903,0.04868,0.04891,3538567,172885.9614,2555,1836784,89739.27721,0.0,ARPA-USDT,0.0487273618483302,0.0487332736334118,
2023-11-23 21:00:00,0.04891,0.0492,0.0489,0.04915,2828671,138840.63798,2083,1484978,72887.5144,0.0002035002035001,ARPA-USDT,0.0489201949938736,0.0489674214917638,
2023-11-23 22:00:00,0.04916,0.04944,0.04907,0.04939,3055538,150551.40387,1976,1260286,62092.5634,0.0006077795786061,ARPA-USDT,0.0491520681631214,0.0491284381389184,
2023-11-23 23:00:00,0.04938,0.04945,0.04904,0.04909,4641948,228480.01054,3422,1674184,82437.9559,0.0006114961271912,ARPA-USDT,0.0493286628809637,0.049384392290377,
2023-11-24 00:00:00,0.04909,0.04937,0.04881,0.04931,5346996,262652.1729,3499,2764528,135813.57259,-0.0002027575020275,ARPA-USDT,0.0491113578553028,0.0491099084878444,0.0001
2023-11-24 01:00:00,0.04931,0.04966,0.04925,0.04937,3726457,184225.0462,2669,1424141,70454.9255,0.0006080259424401,ARPA-USDT,0.049305988931371,0.0493055481969586,
2023-11-24 02:00:00,0.04935,0.04976,0.04917,0.0497,4656784,230639.70231,2585,2596157,128610.60671,0.0,ARPA-USDT,0.0493739892421228,0.0493897920374305,
2023-11-24 03:00:00,0.0497,0.0499,0.0496,0.04965,3561585,177129.05248,2015,1630344,81074.42197,0.000201450443191,ARPA-USDT,0.0496856777283612,0.0496406929898582,
2023-11-24 04:00:00,0.04964,0.04973,0.04946,0.04958,3033970,150339.13141,1833,1190470,59004.56097,0.0002017349203147,ARPA-USDT,0.049652358255561,0.049679132041081,
2023-11-24 05:00:00,0.04957,0.04973,0.04932,0.04972,3980366,197152.17253,2287,1631351,80848.86343,0.0004024144869214,ARPA-USDT,0.0495783568164084,0.0495975954306935,
2023-11-24 06:00:00,0.04972,0.05009,0.04963,0.04977,6220176,310327.33895,3126,3211094,160220.6727,0.0002009646302252,ARPA-USDT,0.0496939091460107,0.0496870029056627,
2023-11-24 07:00:00,0.04978,0.05014,0.04966,0.05003,7020017,350757.37133,3030,3620729,180933.60155,0.0008001600320064,ARPA-USDT,0.0497588033210974,0.0497203879031582,
2023-11-24 08:00:00,0.05003,0.05007,0.04978,0.0498,4965613,247878.96291,2578,2207469,110197.44045,0.0,ARPA-USDT,0.0500250313114584,0.0500202510248937,0.0001
2023-11-24 09:00:00,0.04979,0.05034,0.04967,0.05019,9686710,485054.79212,4817,4833160,242072.88768,0.0001992825827021,ARPA-USDT,0.0497753280604884,0.0497326592890456,
2023-11-24 10:00:00,0.05018,0.05117,0.05012,0.05069,22985345,1166122.64696,9613,12718262,645098.95469,0.0003947108742845,ARPA-USDT,0.0501626832354832,0.0502138525057003,
2023-11-24 11:00:00,0.0507,0.05209,0.05051,0.05146,32278019,1661861.6809,12295,16169364,832003.35864,0.0003888024883358,ARPA-USDT,0.0506287454094889,0.0507685534328507,
2023-11-24 12:00:00,0.05146,0.05202,0.05122,0.05182,24928440,1284999.76502,10626,12714692,655510.80508,0.0009658103148542,ARPA-USDT,0.0515243291922277,0.0515230584717364,
2023-11-24 13:00:00,0.05182,0.05238,0.05163,0.05182,20535409,1067633.49438,8716,10850985,563972.51985,0.0009658103148542,ARPA-USDT,0.0517995346386208,0.0517520478426964,
2023-11-24 14:00:00,0.05181,0.05186,0.05104,0.05133,12222056,627822.01239,4839,5860797,301039.15858,0.0007798791187365,ARPA-USDT,0.0518200907659269,0.0517525939305388,
2023-11-24 15:00:00,0.05132,0.05153,0.05113,0.05144,12410869,637248.48356,5350,5901680,303047.98888,0.0001944390433599,ARPA-USDT,0.0513540143037337,0.0513510774836409,
2023-11-24 16:00:00,0.05144,0.052,0.05091,0.05123,17966302,925709.66335,6592,7613067,392242.88835,0.0007814026176986,ARPA-USDT,0.051426670036712,0.0516154335255341,0.0001
2023-11-24 17:00:00,0.05122,0.05162,0.05112,0.05126,10498058,539381.37043,3713,4995438,256593.29983,0.0005855943782939,ARPA-USDT,0.0512283043921468,0.051237607469655,
2023-11-24 18:00:00,0.05126,0.05141,0.05089,0.05104,7518220,384398.36055,2871,3668444,187509.37534,0.0007843137254903,ARPA-USDT,0.051229716930404,0.0511981937569924,
2023-11-24 19:00:00,0.05102,0.05118,0.05082,0.05114,7430875,378925.84553,3061,3612323,184228.0824,0.0011746280344557,ARPA-USDT,0.0510206542618708,0.0510224723564041,
2023-11-24 20:00:00,0.05113,0.05134,0.05093,0.0513,5213788,266526.38826,2476,2400407,122686.87729,0.000585137507314,ARPA-USDT,0.0511259445442429,0.0511287478876456,
2023-11-24 21:00:00,0.0513,0.05149,0.0511,0.05115,4061109,208421.03036,1658,1911837,98114.56604,0.0005868544600939,ARPA-USDT,0.0513137287488269,0.0513615617299807,
2023-11-24 22:00:00,0.05115,0.05115,0.05068,0.05077,8308690,422803.58279,2856,3862766,196603.62598,-0.0007872466049989,ARPA-USDT,0.0511026801172119,0.0510894805371735,
2023-11-24 23:00:00,0.05077,0.05101,0.05056,0.05101,5974040,302989.30558,2400,3252414,164949.82463,0.0007847753580536,ARPA-USDT,0.0507608742249131,0.0506928007903207,
2023-11-25 00:00:00,0.05101,0.05132,0.05064,0.05117,5243362,267592.28212,2696,2733102,139518.18873,0.0,ARPA-USDT,0.0509952688908169,0.0508560530631695,0.0001
2023-11-25 01:00:00,0.05116,0.05176,0.05114,0.05174,4285599,220668.48005,1824,2393757,123290.16112,0.0007736943907157,ARPA-USDT,0.0511763182266622,0.0512470943377733,
2023-11-25 02:00:00,0.05173,0.05191,0.05153,0.05185,4466373,231133.87113,2244,2195151,113611.38656,0.0009652509652509,ARPA-USDT,0.0517319241744256,0.0517249718748641,
2023-11-25 03:00:00,0.05184,0.05189,0.05161,0.05171,3500275,181210.40754,1806,1552496,80383.78038,0.0009678668215253,ARPA-USDT,0.0518478933104432,0.0518378738350319,
2023-11-25 04:00:00,0.05171,0.05176,0.05133,0.0515,4283968,220949.38699,1786,2286930,117991.1219,0.0007773027594246,ARPA-USDT,0.0517119847495614,0.0517171771611654,
2023-11-25 05:00:00,0.0515,0.05164,0.05117,0.05152,4487836,230814.2452,1937,2585763,133079.49555,0.0003883495145631,ARPA-USDT,0.0515066874517239,0.051546474402162,
2023-11-25 06:00:00,0.05151,0.05194,0.05151,0.05184,5217183,269782.03351,2582,3425418,177165.66814,0.0,ARPA-USDT,0.0515191950385062,0.051575276285136,
2023-11-25 07:00:00,0.05184,0.05202,0.05175,0.05189,3422171,177539.54479,2036,1376966,71439.08162,0.0009645061728396,ARPA-USDT,0.0518721824496884,0.0519391944265188,
2023-11-25 08:00:00,0.05188,0.05222,0.05181,0.05188,7212882,375504.34617,2500,3186538,165873.27387,0.0001927896664739,ARPA-USDT,0.0519000967768141,0.051937791264777,0.0001
2023-11-25 09:00:00,0.05189,0.052,0.05152,0.05155,5616218,290555.09914,2780,1946105,100750.48853,-0.0001939487975175,ARPA-USDT,0.0519208428225983,0.0519156870459472,
2023-11-25 10:00:00,0.05155,0.05159,0.05097,0.05119,7247087,371299.01706,2846,2717628,139100.16105999998,0.0007820136852394,ARPA-USDT,0.0515533781210141,0.0515405256285703,
2023-11-25 11:00:00,0.05119,0.05138,0.05061,0.05104,6364407,324769.58748,2714,2999210,153131.4374,0.0007843137254903,ARPA-USDT,0.0512017331447822,0.0512857919739612,
2023-11-25 12:00:00,0.05102,0.05143,0.05094,0.0514,4293227,219929.45914,2123,2250237,115418.27957,0.0,ARPA-USDT,0.0510109250287322,0.0509997944193698,
2023-11-25 13:00:00,0.0514,0.05151,0.05115,0.05145,4036801,207053.0248,1681,1707693,87629.2126,0.000583430571762,ARPA-USDT,0.0513809313407976,0.0513382708241847,
2023-11-25 14:00:00,0.05144,0.05147,0.05116,0.05135,2524117,129565.96055,1341,1192548,61204.67879,0.0009746588693957,ARPA-USDT,0.0514490381324859,0.0514434567454653,
2023-11-25 15:00:00,0.05134,0.05141,0.05106,0.05134,2537755,130070.23771,1619,1389554,71215.33451,0.0003897116134061,ARPA-USDT,0.0513493534035591,0.0513720189567406,
2023-11-25 16:00:00,0.05134,0.05147,0.05116,0.0513,2385152,122389.71596,1298,867914,44526.46611,0.0009756097560975,ARPA-USDT,0.0513228478888719,0.0513554497347152,0.0001
2023-11-25 17:00:00,0.05128,0.05155,0.05125,0.05138,3114073,160175.38273,1692,1685884,86706.25581,-0.0001945903872347,ARPA-USDT,0.0512856770128111,0.0513328818459222,
2023-11-25 18:00:00,0.05139,0.0517,0.05136,0.05159,3457584,178204.42355,1981,1878644,96823.80129,0.0007759456838021,ARPA-USDT,0.0513868360193158,0.0513964358846818,
2023-11-25 19:00:00,0.05158,0.05173,0.05126,0.05126,3052080,157021.87997,1589,1318467,67867.32736,0.0009763718023823,ARPA-USDT,0.0516168579236525,0.0516464413817563,
2023-11-25 20:00:00,0.05127,0.05144,0.05115,0.05139,2238501,114864.52677,1277,1126378,57818.71176,0.0,ARPA-USDT,0.051290482298966,0.0513521750210973,
2023-11-25 21:00:00,0.0514,0.05169,0.0514,0.05153,2175571,112140.24089,1581,1416075,72986.93268,0.0009712509712509,ARPA-USDT,0.0514205071186918,0.0514322091468538,
2023-11-25 22:00:00,0.05153,0.05163,0.05143,0.05153,1585468,81691.25399,1166,951759,49042.16873,0.0001940993788818,ARPA-USDT,0.0515390929369537,0.0514905658595835,
2023-11-25 23:00:00,0.05154,0.0517,0.05135,0.05166,5886044,303358.96977,2935,2709015,139732.4878,0.0003872966692486,ARPA-USDT,0.0514261418411014,0.0514620644235119,
2023-11-26 00:00:00,0.05165,0.0521,0.05152,0.05174,6400012,331566.90503,3638,2524394,130743.51867,-0.0003863987635239,ARPA-USDT,0.051696113513471,0.0516465354021828,0.0002666
2023-11-26 01:00:00,0.05177,0.05191,0.05119,0.05123,4269585,220024.05541,2794,2032995,104793.68935,0.0005859374999999,ARPA-USDT,0.0518420473603964,0.0517691099155483,
2023-11-26 02:00:00,0.05123,0.0515,0.0511,0.05145,3281442,168465.95651,2082,1564145,80308.74806,0.0003888780867198,ARPA-USDT,0.0512543135304917,0.0511831215297032,
2023-11-26 03:00:00,0.05145,0.05159,0.05115,0.0513,2429415,124688.80382,1366,956265,49081.83268,0.0009756097560975,ARPA-USDT,0.0514814926837379,0.0515304096953995,
2023-11-26 04:00:00,0.0513,0.05137,0.05104,0.05132,5952482,304608.27879,2852,2814432,144091.46243,0.0003898635477581,ARPA-USDT,0.0513157075462426,0.0512983628469958,
2023-11-26 05:00:00,0.05132,0.05138,0.05118,0.0513,2687531,137868.76295,1677,1223626,62776.29284,0.0001949697796841,ARPA-USDT,0.051332971361534,0.0513120370353746,
2023-11-26 06:00:00,0.0513,0.05135,0.05102,0.05122,3355448,171714.04723,1675,1757300,89931.9909,0.0011727912431587,ARPA-USDT,0.0513128383435456,0.0513148032567362,
2023-11-26 07:00:00,0.05121,0.05125,0.05107,0.05119,3076317,157332.50115,1725,1201105,61437.40603,0.0003908540160248,ARPA-USDT,0.0512007538298195,0.0511423379018132,
2023-11-26 08:00:00,0.05119,0.0513,0.05104,0.05123,3155717,161570.67892,1672,1721257,88131.21289,0.0001952362358452,ARPA-USDT,0.0512031070468639,0.051164780706594,0.0001
2023-11-26 09:00:00,0.05122,0.05165,0.05118,0.05155,5241166,269511.56848,2294,2838676,145930.55659,0.0009708737864078,ARPA-USDT,0.0512235503198943,0.0512153250048069,
2023-11-26 10:00:00,0.05155,0.05167,0.05131,0.05133,3647252,187949.56657,1823,1552134,80015.89081,0.0003897875657765,ARPA-USDT,0.0515604296061566,0.0515822658656704,
2023-11-26 11:00:00,0.05133,0.0515,0.05123,0.05139,3451892,177296.69485,1390,1650369,84758.04064,0.0005841121495326,ARPA-USDT,0.0513571446581026,0.0513443561201987,
2023-11-26 12:00:00,0.0514,0.05195,0.05093,0.0519,10921993,561309.59522,4169,5694793,292888.33047,0.000385505011565,ARPA-USDT,0.0513907898999716,0.0514147954461714,
2023-11-26 13:00:00,0.05191,0.05193,0.05139,0.05175,7657836,395174.97287,3382,3285662,169566.37147,0.0011607661056296,ARPA-USDT,0.0518936421650043,0.051879148214484,
2023-11-26 14:00:00,0.05174,0.05182,0.05082,0.05116,9743444,499555.62511,4284,4468414,229211.75317,0.0005867396831604,ARPA-USDT,0.0517496750380204,0.0517599304560785,
2023-11-26 15:00:00,0.05115,0.05135,0.0503,0.05048,11550629,587682.38394,4474,4963050,252725.64815,0.0003963535473643,ARPA-USDT,0.0510938063505061,0.0510937686562475,
2023-11-26 16:00:00,0.05047,0.05074,0.04909,0.04993,28614845,1426603.9296,9858,11900795,593176.56174,0.000400721298337,ARPA-USDT,0.0504708741604787,0.0506339605055028,0.0001
2023-11-26 17:00:00,0.04991,0.05053,0.04982,0.05039,5952167,299131.60827,2824,2855880,143552.38863,0.000397061743101,ARPA-USDT,0.0498945046580476,0.04995282327373,
2023-11-26 18:00:00,0.05037,0.05062,0.05016,0.0504,7669480,386449.05602,3381,4626064,233163.80994,0.0005955926146516,ARPA-USDT,0.0503688845819247,0.0502906883141898,
2023-11-26 19:00:00,0.05039,0.05172,0.05038,0.0516,26916641,1380174.88477,8464,13117401,672219.90319,0.0003877471888329,ARPA-USDT,0.0504426467654549,0.0504915961434115,
2023-11-26 20:00:00,0.05158,0.05179,0.0513,0.05154,9269715,477432.03453,3509,5007572,257911.5481,0.0001940617116242,ARPA-USDT,0.0515269136613817,0.0515464403542235,
2023-11-26 21:00:00,0.05154,0.05197,0.05135,0.05188,7146970,369135.06212,3096,3681981,190119.86341,0.0,ARPA-USDT,0.0515455231466136,0.05152541533654,
2023-11-26 22:00:00,0.05189,0.05228,0.05186,0.05218,10685580,556722.24358,3834,4993824,260148.0223,0.0001916810427446,ARPA-USDT,0.0519184593798814,0.0519348054832197,
2023-11-26 23:00:00,0.05218,0.0522,0.05179,0.05209,14110906,733289.04547,3129,9126387,474205.67122,0.0005762581636572,ARPA-USDT,0.0521729150920444,0.0521060103753955,
2023-11-27 00:00:00,0.05209,0.05256,0.05181,0.05221,17042572,890614.38878,5210,8265468,432066.46267,0.0007667241709794,ARPA-USDT,0.0522142445170292,0.0522060232098346,0.0001
2023-11-27 01:00:00,0.0522,0.0523,0.05136,0.0521,15732949,816047.6792,4846,9055587,469743.09055,0.0,ARPA-USDT,0.0522453313632942,0.0522310133776618,
2023-11-27 02:00:00,0.0521,0.05223,0.05157,0.05222,8908652,462915.16625,3565,4872367,253169.19437,0.0015343306482547,ARPA-USDT,0.0521168621087538,0.0520058469233837,
2023-11-27 03:00:00,0.0522,0.05225,0.05125,0.05174,7707841,398074.09149,3282,3415572,176449.7701,0.0009673050880247,ARPA-USDT,0.0521778619465067,0.0521811360030958,
2023-11-27 04:00:00,0.05174,0.05326,0.05129,0.05198,18722289,971335.25936,4938,12115462,629083.25411,0.0007701193685021,ARPA-USDT,0.0517351776595618,0.0517060835746374,
2023-11-27 05:00:00,0.05198,0.052,0.05144,0.05163,13376424,691507.7738900001,3281,8025118,414777.50156,0.0005813953488371,ARPA-USDT,0.0519978452576703,0.0519924660326426,
2023-11-27 06:00:00,0.05163,0.05267,0.05162,0.05178,17257640,901442.88852,6242,8198080,428194.19098,0.0005797101449276,ARPA-USDT,0.0517073788656046,0.0517158290460334,
2023-11-27 07:00:00,0.05178,0.05238,0.05091,0.05121,43206967,2230257.51546,11602,19732607,1018927.55396,0.0001953124999998,ARPA-USDT,0.051913925226175,0.0520714278692997,
2023-11-27 08:00:00,0.05121,0.05165,0.05091,0.05096,13056713,668283.59079,4933,5921341,303071.98098,0.0005890437855879,ARPA-USDT,0.0512369727399071,0.0511789511717938,0.0001
2023-11-27 09:00:00,0.05096,0.05134,0.05094,0.05097,6199143,316980.54174,2825,3155139,161304.12843,0.0,ARPA-USDT,0.0509496086265618,0.0510267851670849,
2023-11-27 10:00:00,0.05098,0.05117,0.05054,0.05092,18585457,945383.29127,6972,9167956,466445.7026,0.0003929273084479,ARPA-USDT,0.0509521501152912,0.0509449854199251,
2023-11-27 11:00:00,0.05091,0.05118,0.05034,0.05073,13145937,667711.65755,7750,6131100,311489.13443,0.0007891102781614,ARPA-USDT,0.0509500252172345,0.0510300207352209,
2023-11-27 12:00:00,0.05073,0.05121,0.05058,0.05066,11869522,604753.40731,4695,6107567,311041.89312,0.0007902015013827,ARPA-USDT,0.0506385220395701,0.0506660094789367,
2023-11-27 13:00:00,0.05065,0.05084,0.05006,0.0504,13405570,676498.00498,5815,5998386,302699.94778,0.0001984520738242,ARPA-USDT,0.050627956297762,0.0506681315040717,
2023-11-27 14:00:00,0.05041,0.05058,0.0494,0.04956,13584306,679878.3095,5519,5855968,293181.54351,0.0012121212121212,ARPA-USDT,0.0504079334949095,0.0504575238830924,
2023-11-27 15:00:00,0.04957,0.05008,0.04911,0.04914,10384909,515699.0686,5041,3818799,189733.99551,-0.000203458799593,ARPA-USDT,0.0495293351144821,0.0497286334973685,
2023-11-27 16:00:00,0.04915,0.04974,0.0491,0.04965,13903910,687354.94197,6007,5425234,268258.61188,-0.0006038647342995,ARPA-USDT,0.049204756019239,0.0492372068974426,0.0001
2023-11-27 17:00:00,0.04966,0.04984,0.04901,0.04913,10736035,530856.17233,4306,4118365,203404.4064,0.0,ARPA-USDT,0.0496479481276115,0.0496603275461607,
2023-11-27 18:00:00,0.04912,0.04937,0.04876,0.04878,11166799,548231.65181,4457,4360478,214073.27359,-0.0002049600327936,ARPA-USDT,0.0491294207569887,0.0491897976722428,
2023-11-27 19:00:00,0.04877,0.04896,0.04814,0.04842,16490414,800980.86412,7048,6447363,313223.80032,0.0004132231404958,ARPA-USDT,0.0487997584660443,0.0488678750512031,
2023-11-27 20:00:00,0.04839,0.04862,0.04805,0.04813,12440659,600400.64061,5343,5004397,241525.09106,-0.0002077274615704,ARPA-USDT,0.0483690500499544,0.0484157778240068,
2023-11-27 21:00:00,0.04813,0.04873,0.04812,0.0486,7918480,383710.49887,3712,3358069,162561.82683,0.0004116920543433,ARPA-USDT,0.0481477585999699,0.048224672204364,
2023-11-27 22:00:00,0.04857,0.04904,0.0485,0.04901,5840085,284384.24118,2076,3655065,177990.91604,-0.0004079135223332,ARPA-USDT,0.0485810962635273,0.0486098685109818,
2023-11-27 23:00:00,0.04901,0.04965,0.04901,0.0496,8180342,403912.88328,2884,3746315,184989.88564,0.0002016535591853,ARPA-USDT,0.0490291454116365,0.0490600986606492,
2023-11-28 00:00:00,0.04961,0.04972,0.0492,0.04947,6578533,325564.4861,2853,3022673,149633.39667,0.000202183582693,ARPA-USDT,0.0496195303938785,0.0496088195005792,0.0001
2023-11-28 01:00:00,0.04947,0.04949,0.049,0.0491,5582545,274745.1743,2180,2119806,104321.66461,0.0004074979625101,ARPA-USDT,0.0494512318294056,0.0493797625679229,
2023-11-28 02:00:00,0.04909,0.04912,0.04872,0.04904,5669431,277159.36675,2386,2857511,139712.01763,0.0004079967360262,ARPA-USDT,0.049059850458069,0.0489534821864089,
2023-11-28 03:00:00,0.04904,0.04925,0.04869,0.04883,6059157,296666.70577,2120,2693463,131893.34762000002,0.0004097520999795,ARPA-USDT,0.04900567893112,0.0489687639163833,
2023-11-28 04:00:00,0.04883,0.049,0.04824,0.04835,6149826,298701.87165,2966,2697382,131096.01832,0.0,ARPA-USDT,0.0488209980736058,0.0487291951004085,
2023-11-28 05:00:00,0.04836,0.04844,0.04766,0.04777,15411128,739789.68597,6991,6787872,325906.79414,-0.0002092925910422,ARPA-USDT,0.048394703762818,0.0483392128442021,
2023-11-28 06:00:00,0.04777,0.04849,0.04768,0.04843,7758340,373781.52281,4011,4037979,194632.43471,0.0,ARPA-USDT,0.0477607221951114,0.0478210078414458,
2023-11-28 07:00:00,0.04842,0.04843,0.04778,0.04822,6411615,308288.39889,3647,2836607,136381.71591,-0.0002073398299814,ARPA-USDT,0.0483627548968987,0.0483259971814315,
2023-11-28 08:00:00,0.04822,0.04881,0.04818,0.04856,10260156,497877.81527,4303,5611140,272233.18582,-0.0006174109899156,ARPA-USDT,0.0482205190699278,0.0482570995199318,0.0001
2023-11-28 09:00:00,0.04854,0.04911,0.04848,0.04897,9227201,450237.58275,3604,4259555,207778.49857,0.0004085801838611,ARPA-USDT,0.0485366866927656,0.0486279977921167,
2023-11-28 10:00:00,0.04896,0.04914,0.04868,0.04913,6056695,296282.69384,2591,2934339,143618.22806,0.0002035830618893,ARPA-USDT,0.0489506386441179,0.0488633799413537,
2023-11-28 11:00:00,0.04914,0.0494,0.04897,0.04935,8114877,399346.19872,2605,4515660,222233.26633,0.0,ARPA-USDT,0.049133685359248,0.0491007694386665,
2023-11-28 12:00:00,0.04934,0.04939,0.04871,0.04877,14143437,692641.39225,3515,7800060,381951.61182,-0.0006147540983606,ARPA-USDT,0.0493481388830982,0.0492789810779578,
2023-11-28 13:00:00,0.04877,0.04925,0.0485,0.04916,12617057,615354.01815,4444,7261812,353991.21326,-0.0008130081300812,ARPA-USDT,0.0488044854952188,0.0487579260840502,
2023-11-28 14:00:00,0.04917,0.04931,0.04902,0.04911,5137473,252449.08299,2455,2529938,124353.72681,0.0002036659877802,ARPA-USDT,0.0492577898365461,0.0491831149301574,
2023-11-28 15:00:00,0.0491,0.04954,0.04895,0.04946,11962922,588967.11856,4836,5789272,285026.02622,-0.0002021427127553,ARPA-USDT,0.0490947594650408,0.0490709981655579,
2023-11-28 16:00:00,0.04947,0.05009,0.0493,0.04997,12663763,629298.8913,6498,6456289,320640.01424,0.0004004004004003,ARPA-USDT,0.0495396112951423,0.0495030431740723,0.0001
2023-11-28 17:00:00,0.04996,0.05034,0.04976,0.05006,15920920,797029.4488,5555,6013234,300998.66797,0.0001998001998002,ARPA-USDT,0.0499774816195048,0.0499747310432559,
2023-11-28 18:00:00,0.05006,0.05018,0.04959,0.04979,8476859,422999.0246,3806,3489501,174222.22569,0.0006028938906752,ARPA-USDT,0.0500873561176739,0.0499903068286897,
2023-11-28 19:00:00,0.04979,0.05024,0.04974,0.05001,8084494,404205.35261,2972,3463756,173125.95393000002,0.0006002400960385,ARPA-USDT,0.0497739392673936,0.0498615739953682,
2023-11-28 20:00:00,0.05,0.0502,0.04987,0.05014,5795411,290200.77868,2917,3356648,168112.1732,0.0001994813484937,ARPA-USDT,0.0500962856526813,0.0501415589311804,
2023-11-28 21:00:00,0.05014,0.05017,0.04975,0.04988,4151332,207237.68871,2208,1747252,87218.40758,0.0,ARPA-USDT,0.050136601412642,0.0500723943177025,
2023-11-28 22:00:00,0.04988,0.04998,0.04943,0.04961,3225936,160464.78161,2013,1341966,66785.20578,0.0004033071183706,ARPA-USDT,0.0498940322906155,0.0498415523117841,
2023-11-28 23:00:00,0.04962,0.04988,0.0495,0.04987,2492066,123972.27566,1704,1314342,65375.69544,-0.0002004811547715,ARPA-USDT,0.0496202704117633,0.0495753961778908,
2023-11-29 00:00:00,0.04988,0.05018,0.04951,0.04998,4550045,227040.10175,2473,2718739,135681.43988,0.0004003202562048,ARPA-USDT,0.0499281363666511,0.0498880997316417,0.0001
2023-11-29 01:00:00,0.04998,0.05009,0.04981,0.04985,2353419,117568.08733,1192,1146621,57277.45584,0.0004013646397751,ARPA-USDT,0.0500153156801376,0.0500402556437257,
2023-11-29 02:00:00,0.04985,0.04999,0.04971,0.04984,1742425,86831.0103,1180,844254,42078.91611,0.0002006823198876,ARPA-USDT,0.0498552115191175,0.0498102273848886,
2023-11-29 03:00:00,0.04983,0.04992,0.04962,0.04989,1668681,83017.93586,1188,800773,39840.33235,0.0002004811547713,ARPA-USDT,0.049852495352913,0.0498446327241228,
2023-11-29 04:00:00,0.04989,0.05005,0.04979,0.04995,3296133,164582.25295,2210,2117042,105722.01904,0.0,ARPA-USDT,0.0498996846462124,0.04988671168996,
2023-11-29 05:00:00,0.04994,0.05,0.04961,0.0499,5104817,254031.40231,2758,2029690,101035.07142,0.0002004409701343,ARPA-USDT,0.0499120467684313,0.0498854592253901,
2023-11-29 06:00:00,0.04988,0.05009,0.0497,0.05008,2564603,127868.66277,1745,1150097,57367.16085,0.0005994005994005,ARPA-USDT,0.049814082031082,0.0497683293459409,
2023-11-29 07:00:00,0.05008,0.05034,0.05,0.05027,9474642,475422.61149,4157,5894455,295810.46324,0.0007963368504879,ARPA-USDT,0.0500888738589373,0.0500841429428483,
2023-11-29 08:00:00,0.05026,0.05102,0.05021,0.05081,20823471,1054825.34736,11246,11088975,561532.40612,0.0005907837731391,ARPA-USDT,0.050270860796087,0.0502946904095993,0.0001
2023-11-29 09:00:00,0.05082,0.05163,0.05073,0.0514,16163112,827022.90313,7498,9176467,469509.12706,0.0005839984426707,ARPA-USDT,0.0507984950460262,0.0508895446954933,
2023-11-29 10:00:00,0.0514,0.05147,0.05065,0.05097,19067104,975274.4895,9303,9040252,462693.15071,0.0005889281507656,ARPA-USDT,0.0514260975594869,0.0512747808012177,
2023-11-29 11:00:00,0.05099,0.05104,0.05051,0.05053,7064888,358810.19095,3647,2663888,135330.48871,0.0003959611958028,ARPA-USDT,0.0508658892751255,0.0508612930664154,
2023-11-29 12:00:00,0.05053,0.05055,0.05024,0.05026,8578653,432618.61805,3275,3870254,195209.63031,0.0007964954201513,ARPA-USDT,0.0504997698247239,0.0505208880799942,
2023-11-29 13:00:00,0.05024,0.05051,0.05019,0.05048,5829102,293467.82117,3808,2735330,137711.60283,0.0003963535473643,ARPA-USDT,0.0502242231687226,0.0502357108782887,
2023-11-29 14:00:00,0.05047,0.05063,0.04977,0.05007,9067882,454989.4008,5096,3410921,171102.71233,0.0003996003996005,ARPA-USDT,0.0504847821532731,0.0504800719542983,
2023-11-29 15:00:00,0.05008,0.0504,0.0496,0.05015,8754258,437526.0372,4406,4095782,204643.19367,0.0005985634477254,ARPA-USDT,0.0500610225293427,0.0501264185401664,
2023-11-29 16:00:00,0.05015,0.05022,0.04945,0.0497,8722753,434278.44249,4626,2788395,138788.923,-0.0004022526146419,ARPA-USDT,0.0501163480197232,0.0501519464595703,0.0001
2023-11-29 17:00:00,0.04969,0.04996,0.04951,0.04988,7237057,359794.28654,3864,2420128,120327.69254,-0.0004008016032064,ARPA-USDT,0.0496732736561909,0.0495793935619595,
2023-11-29 18:00:00,0.04988,0.04989,0.04962,0.04981,7801138,388237.92705,3067,3036726,151147.96147,-0.000601926163724,ARPA-USDT,0.049873987278772,0.0498290896208963,
2023-11-29 19:00:00,0.04982,0.05001,0.04934,0.0495,8688515,431035.31123,3899,2425337,120244.34325,0.0002020610224289,ARPA-USDT,0.0497908533639567,0.0498328499659647,
2023-11-29 20:00:00,0.04949,0.04966,0.04909,0.04916,9340093,461381.23907,4841,3760141,185772.46585,0.0004070004070004,ARPA-USDT,0.0495565011209864,0.0495625427313231,
2023-11-29 21:00:00,0.04917,0.04937,0.04888,0.04895,7238087,355459.58762,3519,1916397,94146.58284,0.0010224948875254,ARPA-USDT,0.0492084784694602,0.0492980726142491,
2023-11-29 22:00:00,0.04894,0.04933,0.04892,0.04932,3580372,176126.89784,2104,2050381,100870.65977,-0.0002027163997566,ARPA-USDT,0.0489694395770304,0.0490187246170388,
2023-11-29 23:00:00,0.04932,0.04958,0.04924,0.04943,3963542,195921.27927,2139,2024063,100042.55628,-0.0002022653721681,ARPA-USDT,0.04932345028219,0.0493078916095285,
2023-11-30 00:00:00,0.04944,0.04976,0.04939,0.04952,6106723,303006.45735,3474,2944375,146055.57478,-0.0016129032258064,ARPA-USDT,0.0494165899995602,0.0494258125326496,0.0001
2023-11-30 01:00:00,0.04952,0.04958,0.04918,0.04922,5449055,268927.47251,2850,2909312,143544.52228,0.000609880056922,ARPA-USDT,0.0495273738868713,0.0494205137720767,
2023-11-30 02:00:00,0.04921,0.04965,0.04915,0.04958,4003447,197638.86741,2218,2498848,123320.63591,0.0002017349203147,ARPA-USDT,0.0491706451870483,0.0492576204385987,
2023-11-30 03:00:00,0.04958,0.04978,0.04938,0.04976,3498427,173250.8836,1777,1705182,84427.42906,0.0010058338362501,ARPA-USDT,0.0495953564117193,0.0495499892849101,
2023-11-30 04:00:00,0.04975,0.04982,0.04942,0.04946,3445475,171163.32497,1837,1825952,90730.83026,0.0002022244691606,ARPA-USDT,0.0497603170930865,0.0497559782057621,
2023-11-30 05:00:00,0.04945,0.05027,0.04938,0.05004,20819487,1039133.33033,7401,11285750,563473.49488,-0.0001998001998001,ARPA-USDT,0.0494987808581806,0.0495170031441542,
2023-11-30 06:00:00,0.05005,0.05068,0.04996,0.0505,12839583,646288.68134,5185,5824199,293218.42498,-0.0003958828186856,ARPA-USDT,0.0500251722932379,0.0500579175814667,
2023-11-30 07:00:00,0.05049,0.05072,0.05005,0.05033,13202244,664713.58638,5185,6264395,315676.78395,-0.0005957108816521,ARPA-USDT,0.0504804894032993,0.0504566697135039,
2023-11-30 08:00:00,0.05033,0.05062,0.05014,0.05045,10540728,531362.39128,4862,5382416,271319.99603,0.0001982553528945,ARPA-USDT,0.0503205069238676,0.0503658100314187,0.0001
2023-11-30 09:00:00,0.05045,0.05046,0.05002,0.05005,10088959,506829.63883,5806,4435360,222883.7345,-0.0007985625873428,ARPA-USDT,0.0504200350891576,0.050408232900864,
2023-11-30 10:00:00,0.05006,0.05065,0.05004,0.05034,8882633,447581.22231,5734,4332482,218344.25902,0.0,ARPA-USDT,0.050111441558365,0.05017762299884,
2023-11-30 11:00:00,0.05034,0.05064,0.05028,0.05061,3405161,171721.68924,2346,1607062,81061.24867,0.0,ARPA-USDT,0.0503543689526396,0.0503228654131157,
2023-11-30 12:00:00,0.05062,0.05076,0.05043,0.05049,4988622,252387.97616,2831,2301582,116472.56951,0.0001980982567353,ARPA-USDT,0.0506572853747577,0.0506309509298151,
2023-11-30 13:00:00,0.05048,0.05076,0.05018,0.05046,9520070,480117.34743,3917,5045666,254351.92789,0.0005948839976204,ARPA-USDT,0.0504776556749595,0.0504037868708624,
2023-11-30 14:00:00,0.05045,0.05057,0.05012,0.05048,9236570,465111.24628,3746,4617903,232438.33906,0.0005946481665013,ARPA-USDT,0.0504440836273876,0.0503205845853591,
2023-11-30 15:00:00,0.05049,0.05068,0.05019,0.0503,6615046,333723.11963,3245,3447779,173960.28502,0.0009950248756218,ARPA-USDT,0.050580049461731,0.050586524752455,
2023-11-30 16:00:00,0.05029,0.0505,0.05002,0.05015,6721607,337875.38921,3167,3337373,167859.11603,0.0007982438635003,ARPA-USDT,0.0502917529692931,0.0502544513453405,0.0001
2023-11-30 17:00:00,0.05015,0.05024,0.04977,0.04995,7427375,371209.56,3419,2256508,112749.52449,0.000200240288346,ARPA-USDT,0.0501528458287416,0.0501779023989245,
2023-11-30 18:00:00,0.04995,0.05008,0.04974,0.05003,5659078,282638.17711,3058,2189508,109418.10632,0.0,ARPA-USDT,0.0499487932719719,0.0499222259979297,
2023-11-30 19:00:00,0.05003,0.05013,0.04991,0.04993,3567251,178473.8428,1874,1173367,58716.28529,0.0,ARPA-USDT,0.0500434354444653,0.0500484407663006,
2023-11-30 20:00:00,0.04993,0.05006,0.04969,0.04974,7256259,361752.37237,4373,3418638,170523.92266,-0.0008035355564482,ARPA-USDT,0.0499373555278205,0.0498982904328803,
2023-11-30 21:00:00,0.04972,0.05002,0.04965,0.04988,3493228,174110.47228,2079,1291414,64365.95042,-0.0004008016032064,ARPA-USDT,0.0497485686514108,0.0497364702275225,
2023-11-30 22:00:00,0.04989,0.05008,0.04957,0.04957,3955393,197382.49044,1692,1096787,54752.79325,-0.0002016942315449,ARPA-USDT,0.049862999737594,0.0498478025893702,
2023-11-30 23:00:00,0.04958,0.04997,0.04957,0.04984,4667587,232467.52521,1901,2281012,113586.59072,0.0006022886970489,ARPA-USDT,0.0496138743417834,0.0495987784876894,
2023-12-01 00:00:00,0.04985,0.05002,0.0496,0.04991,5453040,271642.94115,2296,2896941,144351.12729,0.0,ARPA-USDT,0.0498471963003768,0.0497963830356689,0.0001
2023-12-01 01:00:00,0.0499,0.05064,0.04977,0.05058,6759122,339835.25776,2922,3349776,168290.40596,0.0003955696202531,ARPA-USDT,0.0498784982095646,0.0498428570491297,
2023-12-01 02:00:00,0.0506,0.05081,0.0505,0.05052,5164124,261642.20052,2354,2032490,102953.18514,0.0005941770647652,ARPA-USDT,0.0505821275021684,0.050579188628927,
2023-12-01 03:00:00,0.05053,0.05069,0.05045,0.05055,4420927,223693.9842,2163,2181282,110354.18993,0.0,ARPA-USDT,0.050530707129206,0.0505020413775303,
2023-12-01 04:00:00,0.05055,0.05068,0.05027,0.05038,7873968,397668.66576,2567,3390962,171358.97599,0.0,ARPA-USDT,0.0505646091670296,0.0505610326630574,
2023-12-01 05:00:00,0.05037,0.0504,0.05003,0.05005,2939582,147465.3342,1595,1468758,73662.90721,0.0,ARPA-USDT,0.050365203564196,0.0503044235575043,
2023-12-01 06:00:00,0.05004,0.05027,0.04994,0.05025,4922446,246687.60776,1982,3141829,157460.64436,0.0,ARPA-USDT,0.0500505245432845,0.0500180187853363,
2023-12-01 07:00:00,0.05026,0.05036,0.04997,0.05007,5251578,263463.24741,2464,2355516,118132.62891,-0.000199680511182,ARPA-USDT,0.0502486688652919,0.0502487410149222,
2023-12-01 08:00:00,0.05007,0.05034,0.05007,0.05014,5144218,258318.75455,2221,2563736,128753.32803,-0.0003987240829347,ARPA-USDT,0.0500867035797064,0.0501423969334666,0.0001
2023-12-01 09:00:00,0.05014,0.05048,0.05011,0.05047,8522866,428870.02722,3074,4324814,217605.99304,0.000396432111001,ARPA-USDT,0.0501434905502592,0.0501716251607796,
2023-12-01 10:00:00,0.05048,0.05051,0.05015,0.05017,6902067,347385.45486,2390,3514788,176852.04996,0.0003988035892323,ARPA-USDT,0.0504922330808171,0.0504700258825047,
2023-12-01 11:00:00,0.05017,0.0504,0.05016,0.0503,5106993,256808.43227,2057,2308129,116065.92791,0.0,ARPA-USDT,0.0501786883424677,0.0502452234862742,
2023-12-01 12:00:00,0.0503,0.05042,0.04999,0.05006,5928993,297348.10269,2299,2148906,107869.76664,0.0005996402158705,ARPA-USDT,0.0502963724604348,0.0503400897394827,
2023-12-01 13:00:00,0.05005,0.05039,0.05001,0.05031,5663352,284576.64262,2286,2645975,132994.67373,-0.0001987281399045,ARPA-USDT,0.0500705639904449,0.0501093735467508,
2023-12-01 14:00:00,0.05031,0.05049,0.05004,0.05016,14271626,717211.64363,3966,9443684,474591.30859,0.0001994017946163,ARPA-USDT,0.0503182920670812,0.0503253830349958,
2023-12-01 15:00:00,0.05016,0.0506,0.05011,0.05049,8190418,412430.19649,3298,3946040,198652.92539,-0.0009893153937475,ARPA-USDT,0.0501668436045371,0.0502257952226781,
2023-12-01 16:00:00,0.05048,0.05093,0.05036,0.05085,9699867,491040.28915,4285,4558197,230726.30138,0.0,ARPA-USDT,0.050445598304597,0.0504579956597478,0.0001
2023-12-01 17:00:00,0.05085,0.05101,0.05055,0.0508,10278407,521953.02071,4647,4630194,235240.24822,0.0001968891514076,ARPA-USDT,0.0508785480379529,0.0508690985458914,
2023-12-01 18:00:00,0.0508,0.05118,0.0507,0.05081,9495532,483904.81859,3395,5156923,262874.34767,-0.0001967729240456,ARPA-USDT,0.0507775368944839,0.0508119671666724,
2023-12-01 19:00:00,0.05081,0.05099,0.0507,0.05094,4540541,230674.77508,2151,1872505,95161.3641,0.0001963479285291,ARPA-USDT,0.0507988249712023,0.0508461421581359,
2023-12-01 20:00:00,0.05094,0.05095,0.05063,0.05066,4125240,209395.56667,2011,1381688,70124.28588,0.0001974333662388,ARPA-USDT,0.0509334444335406,0.0508841250741186,
2023-12-01 21:00:00,0.05066,0.05078,0.0506,0.0507,3536679,179334.01966,1761,1786278,90594.48718,0.000394632991318,ARPA-USDT,0.0506654600935783,0.0506571101211088,
2023-12-01 22:00:00,0.0507,0.05084,0.05052,0.05053,3886902,197040.32987,1688,1646520,83437.85205,0.0003959611958028,ARPA-USDT,0.0507029406909373,0.0507154453903474,
2023-12-01 23:00:00,0.05052,0.0507,0.0505,0.05065,2687837,135996.35176,1317,1336728,67615.69233,0.0001974723538704,ARPA-USDT,0.0505264702416616,0.0505382430673506,
2023-12-02 00:00:00,0.05064,0.0509,0.05061,0.05087,2419345,122745.28477,1750,1170899,59413.8741,0.0003933136676499,ARPA-USDT,0.0506520769062226,0.0506379683708823,0.0001
2023-12-02 01:00:00,0.05086,0.05108,0.0508,0.05099,3092476,157565.34668000002,1592,1274087,64914.54912,0.0005886970172683,ARPA-USDT,0.050874011336276,0.0508757716957004,
2023-12-02 02:00:00,0.05099,0.05103,0.05069,0.05081,2283663,116098.236,1300,998668,50761.37086,0.0003937783028153,ARPA-USDT,0.0509771695278969,0.0509944966571304,
2023-12-02 03:00:00,0.05081,0.05105,0.05078,0.05092,2550127,129831.01766,1552,1333254,67879.73491,0.0,ARPA-USDT,0.0508412166095774,0.0508000769800531,
2023-12-02 04:00:00,0.05092,0.05111,0.05088,0.0511,2475468,126236.68255,1445,1354119,69052.2746,0.0,ARPA-USDT,0.0509172098815843,0.0509508702921815,
2023-12-02 05:00:00,0.05111,0.05133,0.05102,0.05119,3175622,162554.87405,1646,1933101,98993.97789,-0.0001953125,ARPA-USDT,0.0511165452570273,0.0510831127697249,
2023-12-02 06:00:00,0.0512,0.05137,0.05117,0.05123,3175622,162744.08353,1804,1669607,85546.31093,-0.0001951600312256,ARPA-USDT,0.0511947342763192,0.0512291879427121,
2023-12-02 07:00:00,0.05123,0.05123,0.05097,0.05106,3615204,184707.80538,1909,1132871,57878.67683,0.0001958863858961,ARPA-USDT,0.0512020283293106,0.0511895408360239,
2023-12-02 08:00:00,0.05107,0.05123,0.05089,0.05094,4102002,209336.43654,1735,1619843,82717.73592,0.000392772977219,ARPA-USDT,0.0510732186275697,0.0511172225402775,0.0001
2023-12-02 09:00:00,0.05095,0.05102,0.05079,0.05092,3355132,170752.29686,1645,1346757,68569.13253,0.0007861635220125,ARPA-USDT,0.0509722412883658,0.0509492543205517,
2023-12-02 10:00:00,0.05092,0.05101,0.05077,0.05088,5306152,270096.19356,2169,2951666,150284.97126,0.0003932363350374,ARPA-USDT,0.0509230423316665,0.050891936439216,
2023-12-02 11:00:00,0.05088,0.051,0.05069,0.05092,3208676,163140.05405,1662,1609607,81866.34221,0.0,ARPA-USDT,0.0508785122161992,0.0508772425402291,
2023-12-02 12:00:00,0.05092,0.05112,0.05088,0.05092,4100893,209049.00513,1958,1655491,84412.86786,0.000589506779328,ARPA-USDT,0.0509259803543913,0.0509316400600874,
2023-12-02 13:00:00,0.05092,0.05121,0.0509,0.05119,3998203,204190.78845,2088,2300478,117525.51084,0.0003908540160248,ARPA-USDT,0.0509374033788474,0.0509183081329035,
2023-12-02 14:00:00,0.05119,0.05124,0.05054,0.05084,7771710,395762.24418,3209,2868609,146155.38492,0.0003935458480914,ARPA-USDT,0.0511813319687551,0.0511544163334715,
2023-12-02 15:00:00,0.05084,0.05102,0.05064,0.05092,5573314,283513.80843,3336,2796516,142265.31645,0.0007861635220125,ARPA-USDT,0.0508359021619428,0.0507413868129076,
2023-12-02 16:00:00,0.05091,0.05103,0.05065,0.05081,4863334,247271.17212,2385,2279540,115902.51256,0.0005907837731391,ARPA-USDT,0.0509102083013066,0.0509248533487464,0.0001
2023-12-02 17:00:00,0.05082,0.05141,0.05076,0.05113,9001608,460379.0019,3776,4360594,222922.97286,0.0003913128546273,ARPA-USDT,0.0508198777603103,0.0507971492479026,
2023-12-02 18:00:00,0.05113,0.05154,0.05112,0.05131,7533298,386801.94258,3980,3680452,189010.28495,0.0001949317738791,ARPA-USDT,0.0511964155079266,0.0512949860690733,
2023-12-02 19:00:00,0.05131,0.05189,0.05122,0.05149,15841643,816079.50954,7281,8101216,417478.38552,0.0011666342601595,ARPA-USDT,0.0513293789229754,0.0513628389846743,
2023-12-02 20:00:00,0.05149,0.05165,0.05133,0.05149,7758356,399292.92015,3924,3891942,200289.4741,0.0005829770695686,ARPA-USDT,0.0515334502423122,0.0515125755719525,
2023-12-02 21:00:00,0.05148,0.05168,0.05138,0.05157,5068973,261242.17366,3128,2712027,139793.22682,0.0011648223645892,ARPA-USDT,0.0515081244932539,0.051559343758492,
2023-12-02 22:00:00,0.05156,0.05162,0.05111,0.05127,5319091,273246.72045,2867,2711227,139270.36027,0.0013671875,ARPA-USDT,0.0516011996591877,0.051543043877915,
2023-12-02 23:00:00,0.05127,0.05155,0.05127,0.05144,3668903,188685.7258,2205,2107167,108349.52464,0.0005835440575763,ARPA-USDT,0.0513186823238097,0.0513688700162616,
2023-12-03 00:00:00,0.05145,0.05175,0.05139,0.05167,4425323,228168.12584,2905,2269709,117044.63439,0.0013565891472868,ARPA-USDT,0.0514988670616065,0.0514643586540732,0.0001
2023-12-03 01:00:00,0.05167,0.05183,0.05157,0.05169,4807957,248512.41697,2796,2381629,123102.65559,0.0015500871924045,ARPA-USDT,0.0516795719154885,0.0516745830630989,
2023-12-03 02:00:00,0.05168,0.05177,0.05131,0.05133,4374287,225481.582,2394,1907949,98359.72829,0.0011702750146282,ARPA-USDT,0.0516715190096912,0.0516697453743508,
2023-12-03 03:00:00,0.05133,0.0514,0.05093,0.05125,7443486,380978.7408,4526,3347060,171351.3475,0.0009765625,ARPA-USDT,0.0513569654520837,0.0513334849136151,
2023-12-03 04:00:00,0.05126,0.05138,0.05115,0.0512,3015834,154569.39194,2249,1343801,68888.85627999999,0.0007818608287726,ARPA-USDT,0.0512419843676478,0.0512681119075919,
2023-12-03 05:00:00,0.0512,0.0512,0.05101,0.05111,3752532,191749.30007,2508,1573247,80395.53577,0.001371473354232,ARPA-USDT,0.0511511751753002,0.0511447388932586,
2023-12-03 06:00:00,0.05112,0.05114,0.05084,0.05097,4334440,221041.06752,2525,1884200,96119.85199,0.0007853917141174,ARPA-USDT,0.0511018153689603,0.051087948673466,
2023-12-03 07:00:00,0.05098,0.05139,0.05091,0.05134,5012036,256145.27827,3036,3076777,157240.06583,0.0009748488984206,ARPA-USDT,0.0509402735391172,0.0509586713749073,
2023-12-03 08:00:00,0.05135,0.05138,0.05114,0.05117,3280505,168218.04569,2146,1317344,67588.81868,0.0005866249511146,ARPA-USDT,0.0513687315484611,0.0513609352345348,0.0001
2023-12-03 09:00:00,0.05118,0.05149,0.05113,0.05149,5610792,288112.47716,2866,2906982,149255.97652,0.0013613380007779,ARPA-USDT,0.0511663683082254,0.0511534570605613,
2023-12-03 10:00:00,0.05148,0.0515,0.0512,0.05131,3205290,164479.87784,2152,1288524,66115.79726,0.000975419430355,ARPA-USDT,0.0514849858803986,0.0514594968722175,
2023-12-03 11:00:00,0.05131,0.05136,0.05088,0.05105,5697389,290969.98403,2822,2723501,139064.89256,0.0013730874852884,ARPA-USDT,0.0513253239600253,0.0513005716524703,
2023-12-03 12:00:00,0.05105,0.0511,0.05021,0.05043,10412967,527475.50871,4549,3921543,198568.05878,0.000595238095238,ARPA-USDT,0.0510367819418025,0.0509871618152881,
2023-12-03 13:00:00,0.05044,0.05082,0.05034,0.05058,9978420,505393.38347,5206,5205199,263719.76398,0.000593471810089,ARPA-USDT,0.0504149644823227,0.0505150377352229,
2023-12-03 14:00:00,0.05057,0.05069,0.05019,0.05034,15689293,791035.4309,7059,7536447,379976.70277,0.0003974562798092,ARPA-USDT,0.050611074361306,0.0506389460314742,
2023-12-03 15:00:00,0.05034,0.05088,0.05033,0.05064,9960258,504491.12865,4775,6572098,332812.99833000003,0.0009883376161294,ARPA-USDT,0.0503563792847403,0.0504080508429087,
2023-12-03 16:00:00,0.05065,0.05076,0.05045,0.05066,4273512,216308.34775,2580,1849856,93632.12048,0.0005925340707089,ARPA-USDT,0.0506467332308488,0.050664362674433,0.0001
2023-12-03 17:00:00,0.05067,0.05071,0.05042,0.05054,4362567,220552.31157,2394,2903117,146787.75224,0.0007920792079207,ARPA-USDT,0.0506972305365802,0.050645165367858,
2023-12-03 18:00:00,0.05054,0.05082,0.0505,0.05057,4421525,223984.86486,2129,2432372,123204.89176,0.0009897070467139,ARPA-USDT,0.0505238433015684,0.0505509260022737,
2023-12-03 19:00:00,0.05057,0.05059,0.05025,0.05049,3506677,176763.27255,2199,1088198,54889.20679,0.0011897679952408,ARPA-USDT,0.0505619071726696,0.0505333175941876,
2023-12-03 20:00:00,0.05049,0.05072,0.05044,0.05064,2889389,146288.29544000002,1826,1412812,71530.89004,0.0009883376161294,ARPA-USDT,0.0504738421729467,0.0505633654456818,
2023-12-03 21:00:00,0.05065,0.05103,0.05054,0.05099,4049038,205717.49459,2227,1946578,98916.48412,0.0011780875711759,ARPA-USDT,0.0506601140925417,0.0506429999906001,
2023-12-03 22:00:00,0.05099,0.0517,0.05099,0.05145,12690802,652773.32437,5739,5775450,297029.35034,0.0011675423234092,ARPA-USDT,0.0510019814943248,0.0510573163273596,
2023-12-03 23:00:00,0.05145,0.05154,0.05068,0.05108,7212511,368604.88363,4061,3703932,189284.87061,0.0009798157946305,ARPA-USDT,0.05146252212259,0.0514247069193131,
2023-12-04 00:00:00,0.05108,0.05138,0.05099,0.05135,5642199,288675.7121,2514,2534068,129648.90051,0.0015603666861712,ARPA-USDT,0.0511546724408252,0.0511192273416607,0.00010419
2023-12-04 01:00:00,0.05136,0.05195,0.05122,0.05161,9458415,488325.93047,4235,4128974,213117.5793,0.0021359223300971,ARPA-USDT,0.0513765410795255,0.0513610409702,
2023-12-04 02:00:00,0.05161,0.05193,0.05146,0.05181,6293840,325771.44025,2882,3027801,156705.84898,0.0015464913976417,ARPA-USDT,0.0516307116012974,0.0515756275475542,
2023-12-04 03:00:00,0.05181,0.05199,0.05154,0.0518,8636296,447034.62291,3458,3439280,178099.84778,0.0013531799729364,ARPA-USDT,0.051812037374105,0.0518127208011228,
2023-12-04 04:00:00,0.05181,0.05253,0.05181,0.05249,13861489,723954.33331,5342,6788675,354495.83053,0.0009534706331044,ARPA-USDT,0.051876594624434,0.0519595571931415,
2023-12-04 05:00:00,0.05249,0.05258,0.05161,0.05185,24464411,1270512.25537,9073,8728655,453372.06102,0.0003858769052671,ARPA-USDT,0.0524987639660197,0.0523427946998363,
2023-12-04 06:00:00,0.05184,0.05288,0.05171,0.05271,20644458,1082375.72957,8171,12225501,641541.66007,0.0009494872768704,ARPA-USDT,0.0518148629099173,0.0518062875363997,
2023-12-04 07:00:00,0.05271,0.05299,0.05218,0.05227,14924939,784750.33173,5574,6094314,320560.88769,0.0013409961685821,ARPA-USDT,0.0527434326174426,0.0528566892265564,
2023-12-04 08:00:00,0.05228,0.0529,0.05228,0.05258,7319462,385056.87175,3374,4011402,211028.33073,0.0017146123071061,ARPA-USDT,0.0523503008955532,0.0524038717964132,0.00050353
2023-12-04 09:00:00,0.05258,0.05272,0.05196,0.05205,8850468,463602.90404,3593,3490669,182953.62629,0.001732101616628,ARPA-USDT,0.0526370450561686,0.0526697082206386,
2023-12-04 10:00:00,0.05204,0.05239,0.05181,0.05192,14965545,779491.86078,5486,5397737,281346.37955,0.0011569610489778,ARPA-USDT,0.052064878820307,0.0520659118378255,
2023-12-04 11:00:00,0.05192,0.05193,0.0481,0.05093,71637377,3587182.81369,24495,32197478,1613203.02119,0.0009827044025156,ARPA-USDT,0.0517864196446139,0.0517677290753086,
2023-12-04 12:00:00,0.05094,0.05164,0.05062,0.05155,28631725,1466051.29169,11048,15894948,813960.73219,0.0011652748106427,ARPA-USDT,0.0509436359277831,0.0509669671611747,
2023-12-04 13:00:00,0.05156,0.05164,0.05063,0.05085,15503362,794175.72649,5933,6622325,339328.58398,0.0007872466049989,ARPA-USDT,0.0516013632463297,0.0515097895110371,
2023-12-04 14:00:00,0.05086,0.05096,0.04971,0.05028,30877465,1551245.80819,11366,12424758,624593.22539,0.0003979307600476,ARPA-USDT,0.0508759152337245,0.050826211899214,
2023-12-04 15:00:00,0.05029,0.0504,0.04964,0.04992,11855402,593346.87553,5548,5087158,254567.88175,0.0008019246190857,ARPA-USDT,0.0502941176639485,0.0502346628667522,
2023-12-04 16:00:00,0.04992,0.05048,0.04984,0.0504,12559939,630639.82715,5520,6100296,306382.693,0.0001984520738242,ARPA-USDT,0.0499527713747116,0.0499447529026052,0.0001
2023-12-04 17:00:00,0.05039,0.05042,0.04982,0.05011,12706972,636306.6528,5554,5100191,255456.30646,0.0005990415335463,ARPA-USDT,0.0503550039289716,0.0503537052216982,
2023-12-04 18:00:00,0.0501,0.05026,0.05003,0.05006,8095815,405848.29044,3824,3594943,180256.01715,0.0003996802557952,ARPA-USDT,0.0501138871577813,0.0501679730402551,
2023-12-04 19:00:00,0.05006,0.05029,0.05002,0.05016,8836158,443167.84329,3155,3725634,186883.77932,0.0003988831272438,ARPA-USDT,0.0500444197011182,0.0500667493425613,
2023-12-04 20:00:00,0.05016,0.05051,0.05012,0.05046,9337025,469945.64004,3332,5193272,261352.99568,0.000396510705789,ARPA-USDT,0.0501736741714593,0.0501628453545859,
2023-12-04 21:00:00,0.05046,0.05105,0.05043,0.05099,8315597,422406.43208,3850,4176342,212050.71085,0.0,ARPA-USDT,0.0504657195922493,0.0505312242270003,
2023-12-04 22:00:00,0.051,0.05124,0.05031,0.0506,10330357,525361.57421,4883,3946321,200570.38712,0.0005932370970931,ARPA-USDT,0.0510244543674108,0.0510459970353601,
2023-12-04 23:00:00,0.0506,0.0512,0.0505,0.05118,6284893,320053.17004,3154,3594630,183052.14712,0.0007821666014862,ARPA-USDT,0.0506166642423326,0.0507008812879536,
2023-12-05 00:00:00,0.05118,0.05247,0.05092,0.05242,21337902,1102198.38476,7051,11204160,579015.5505,0.0017198547678196,ARPA-USDT,0.0512323381912845,0.0511966997297028,0.0001
2023-12-05 01:00:00,0.05242,0.05272,0.05161,0.05174,20592387,1076123.44277,8375,9212534,481570.01432,0.0013547513063674,ARPA-USDT,0.0524956372681571,0.0525808271211834,
2023-12-05 02:00:00,0.05175,0.05185,0.05086,0.05149,25960950,1331404.17172,11989,12275323,629612.6669,0.0019459038723488,ARPA-USDT,0.0517926957036904,0.0515565773813933,
2023-12-05 03:00:00,0.05149,0.05192,0.05147,0.05173,7139020,369188.8286,3148,3561731,184162.96361,0.0015488867376571,ARPA-USDT,0.0515231801097334,0.0515938711282134,
2023-12-05 04:00:00,0.05174,0.05182,0.05134,0.05175,6430956,331636.96331,3033,2715489,140069.9522,0.0007735447689034,ARPA-USDT,0.0517710008605085,0.0517317838584616,
2023-12-05 05:00:00,0.05176,0.05301,0.05161,0.05221,20484888,1073933.75475,7249,12132766,635887.69137,0.0015346249760215,ARPA-USDT,0.0517565375735253,0.0517163481030538,
2023-12-05 06:00:00,0.05221,0.05241,0.0516,0.05188,11203342,582223.228,5329,5394215,280284.86252,0.0003856536829927,ARPA-USDT,0.0522117324791885,0.0522537399929078,
2023-12-05 07:00:00,0.05188,0.05194,0.05102,0.05165,17452605,899493.34964,8204,8280476,426799.49634,0.0015512895094047,ARPA-USDT,0.0519092468190949,0.0517352869664751,
2023-12-05 08:00:00,0.05165,0.052,0.05121,0.05164,13311972,687021.88974,5566,6083730,313969.51612,0.0017458777885548,ARPA-USDT,0.0516488206430699,0.0517261922135584,0.00024568
2023-12-05 09:00:00,0.05162,0.05202,0.05119,0.05172,18275403,944643.8069,5284,6997878,361969.92571,0.0007739938080495,ARPA-USDT,0.0516553118510287,0.051665709363086,
2023-12-05 10:00:00,0.05173,0.05176,0.05089,0.05093,7990526,410404.83346,3073,3192487,163941.01617,0.0009827044025156,ARPA-USDT,0.0517385478524578,0.051683706506707,
2023-12-05 11:00:00,0.05093,0.05158,0.05083,0.05143,9001448,461219.90437,3745,5675703,290886.78254,0.0003890293717174,ARPA-USDT,0.0509558453309887,0.0509583572167832,
2023-12-05 12:00:00,0.05143,0.05174,0.05124,0.05132,10776655,555355.7798,3631,4960344,255607.8849,0.0019523623584536,ARPA-USDT,0.0514572426565111,0.0515037961162713,
2023-12-05 13:00:00,0.05133,0.05162,0.05093,0.05095,9134234,467408.11679,3867,4136336,211640.76572,0.0007857002553526,ARPA-USDT,0.0513122057428598,0.0512864299087568,
2023-12-05 14:00:00,0.05095,0.05152,0.0509,0.05137,7065056,362494.87187,3162,3821793,196108.88701,0.0003894839337876,ARPA-USDT,0.0509265204847588,0.0510842858920194,
2023-12-05 15:00:00,0.05138,0.05174,0.05135,0.05169,10739431,553337.1537,4263,5167717,266245.77614,0.0017441860465117,ARPA-USDT,0.0514076747251615,0.0514216627574065,
2023-12-05 16:00:00,0.05168,0.05196,0.05133,0.05194,13148900,679205.5806400001,4748,6619035,342053.43026,0.0009635767970708,ARPA-USDT,0.0517193425172197,0.0515415536785372,0.00028185
2023-12-05 17:00:00,0.05196,0.0528,0.05188,0.05278,31641883,1657612.4143,11688,15063595,789179.69396,0.001518026565465,ARPA-USDT,0.0519333099619369,0.0520481396699363,
2023-12-05 18:00:00,0.05278,0.0531,0.05242,0.05264,21252816,1121408.50224,8060,9211742,486219.6556,0.0019033117624667,ARPA-USDT,0.0528188386052592,0.0528098940838691,
2023-12-05 19:00:00,0.05263,0.05282,0.05224,0.05233,9640466,506509.09192,4016,3625384,190532.25456,0.0011478859766598,ARPA-USDT,0.052639556333258,0.0526471651488392,
2023-12-05 20:00:00,0.05235,0.05266,0.05202,0.05247,8710234,456631.66557,3599,4321704,226610.93843,0.0003813155386083,ARPA-USDT,0.0523757874220045,0.0524655883127251,
2023-12-05 21:00:00,0.05248,0.05259,0.05213,0.05233,8977793,470009.76379,3714,3976184,208213.30677,0.0005736137667304,ARPA-USDT,0.0524811224202452,0.0524215607194272,
2023-12-05 22:00:00,0.05234,0.05255,0.05215,0.05228,6698031,350728.88727,3123,3075804,161045.71261,0.0009573042312847,ARPA-USDT,0.0523317799636864,0.0523096533944989,
2023-12-05 23:00:00,0.05229,0.05348,0.05229,0.05319,18371884,975305.01566,7139,11025854,585300.02516,0.0011293054771317,ARPA-USDT,0.052326137933046,0.0524277105293085,
2023-12-06 00:00:00,0.0532,0.05352,0.05285,0.0534,12252842,652006.2542,5151,5869630,312472.85195,0.0013125820363772,ARPA-USDT,0.0532218755980264,0.0532703785174439,0.000327
2023-12-06 01:00:00,0.05339,0.05351,0.05297,0.05327,9419958,501974.32339,3547,4014660,213923.56171,0.0009394964299134,ARPA-USDT,0.0533580831463626,0.053362133457779,
2023-12-06 02:00:00,0.05327,0.05332,0.05245,0.05288,8886039,469803.52884,3281,4003406,211591.24847,0.0009464319515426,ARPA-USDT,0.0532846991748951,0.0532303566282798,
2023-12-06 03:00:00,0.05288,0.0529,0.05214,0.05247,6731894,353413.46124000003,2844,2758134,144856.0917,0.0015270089711778,ARPA-USDT,0.0528752132775418,0.0528073119441615,
2023-12-06 04:00:00,0.05247,0.05274,0.0524,0.05273,4200824,220836.11431,2272,1881722,98946.78883,0.000949126803341,ARPA-USDT,0.0524613314644676,0.0524964784667657,
2023-12-06 05:00:00,0.05274,0.05282,0.05119,0.05219,21173465,1100965.25243,8601,9998109,519896.46222,0.0021121351766513,ARPA-USDT,0.0527417562930827,0.0527481986114989,
2023-12-06 06:00:00,0.05219,0.05229,0.05137,0.05207,14444602,749385.43355,5898,7768892,402915.59351,0.000384245917387,ARPA-USDT,0.0521425202260579,0.0519823954050487,
2023-12-06 07:00:00,0.05207,0.05282,0.05207,0.05255,12047948,632219.28767,4847,5502775,288658.48281,0.0001903311762465,ARPA-USDT,0.0521504909216669,0.0522002069635981,
2023-12-06 08:00:00,0.05254,0.05264,0.05221,0.05262,8040583,421314.33698,3606,3737069,195827.30697,0.0013320647002854,ARPA-USDT,0.0525790023725235,0.052518893039839,0.0002428
2023-12-06 09:00:00,0.05262,0.05283,0.05192,0.05214,13301740,697422.0419600001,5101,5522253,289801.97032,0.0005757052389177,ARPA-USDT,0.0526030324147637,0.0525700554982666,
2023-12-06 10:00:00,0.05215,0.05245,0.05193,0.05211,14329118,746750.31646,5274,7347781,382846.83214,0.0007681966583445,ARPA-USDT,0.052175113271981,0.05221373879806,
2023-12-06 11:00:00,0.05211,0.05217,0.05088,0.05165,26635086,1372845.87038,11030,12958657,668275.00061,0.0007750435962021,ARPA-USDT,0.0521080617391385,0.0520890116435794,
2023-12-06 12:00:00,0.05164,0.05216,0.0516,0.05207,16378950,850709.68824,4372,8597391,446520.92856,0.000384245917387,ARPA-USDT,0.0516335798174834,0.0517035607972235,
2023-12-06 13:00:00,0.05207,0.05232,0.05148,0.05191,14854247,770619.3043,5449,6123591,318030.25219,0.0005782575173476,ARPA-USDT,0.0520415096400218,0.0521174671722383,
2023-12-06 14:00:00,0.0519,0.05201,0.05124,0.05143,7650148,395540.95375,3578,3462767,179018.51063,0.0005836575875486,ARPA-USDT,0.0519175138034152,0.0519267839038412,
2023-12-06 15:00:00,0.05143,0.05291,0.05133,0.05262,20124325,1052808.88377,7484,11489291,601355.82345,-0.0007595898214963,ARPA-USDT,0.0514054055608628,0.0514760493060818,
2023-12-06 16:00:00,0.05264,0.05284,0.05226,0.05248,14312391,752401.8012699999,5646,7096135,373184.6117,0.001335622972715,ARPA-USDT,0.0527108002048667,0.0526708150986527,0.00014152
2023-12-06 17:00:00,0.05248,0.0526,0.0521,0.05243,11889257,622737.7251,4695,4543374,238055.59581,0.0005725190839693,ARPA-USDT,0.0524540227710364,0.052491824626674,
2023-12-06 18:00:00,0.05245,0.05309,0.05227,0.05299,9626891,507530.33963,4457,5148360,271437.6299,0.0,ARPA-USDT,0.0525214191322073,0.0524455757053414,
2023-12-06 19:00:00,0.053,0.05303,0.0526,0.05288,9822419,518415.9692,3814,4707210,248477.63755,0.0009464319515426,ARPA-USDT,0.0530014776587141,0.052964593600894,
2023-12-06 20:00:00,0.05287,0.05302,0.05216,0.05224,7729927,406217.04797,3434,3380809,177785.93874,0.0001914608462569,ARPA-USDT,0.0528953144685039,0.0529480104092949,
2023-12-06 21:00:00,0.05225,0.05262,0.05165,0.05222,15613761,815242.29263,6217,6983612,364496.88624,0.0015343306482547,ARPA-USDT,0.05230399030783,0.0524249488238156,
2023-12-06 22:00:00,0.05222,0.05255,0.05132,0.05181,8246349,428188.98734,3804,3588457,186492.23241,0.0007726482518835,ARPA-USDT,0.0522462361115322,0.0522266552826859,
2023-12-06 23:00:00,0.05181,0.05199,0.05129,0.05148,8684331,448290.63295,4169,4072156,210233.20931,-0.0003883495145631,ARPA-USDT,0.0518463645851252,0.0518915585970269,
2023-12-07 00:00:00,0.05149,0.05207,0.0514,0.05179,6579962,340260.24366,3753,3051555,157776.1945,0.0003863241259418,ARPA-USDT,0.0515414541497991,0.0515705117626653,0.00016625
2023-12-07 01:00:00,0.05179,0.05192,0.05151,0.05184,3742241,193677.30369,1977,1924660,99633.17492,0.0007722007722006,ARPA-USDT,0.0517654214595511,0.051811087441954,
2023-12-07 02:00:00,0.05185,0.05198,0.05164,0.05175,2827214,146537.82852,1719,1275264,66095.15954,0.0015482872072769,ARPA-USDT,0.0518665291566265,0.0518948873768743,
2023-12-07 03:00:00,0.05175,0.05175,0.05136,0.05166,5274979,271872.45603,2413,2520322,129865.24993,0.0003872966692486,ARPA-USDT,0.0516943300028756,0.0516849085164781,
2023-12-07 04:00:00,0.05166,0.05229,0.05158,0.05221,6306228,328087.68293,2885,2982417,155223.98711,0.0009585889570551,ARPA-USDT,0.0516324807693482,0.0516214031889279,
2023-12-07 05:00:00,0.0522,0.05225,0.05202,0.05211,5637245,293768.02545,2470,3263622,170062.14167,-0.0001918649270913,ARPA-USDT,0.0522134957494032,0.0522042496166094,
2023-12-07 06:00:00,0.05211,0.05257,0.05188,0.05234,11193686,584734.16005,5272,6338731,331065.62528,-0.0001910219675262,ARPA-USDT,0.0521082940376924,0.0521104079270842,
2023-12-07 07:00:00,0.05234,0.05279,0.05234,0.05269,12654855,665340.42221,5289,5933148,311943.2662,-0.0003794346423828,ARPA-USDT,0.0524161723108409,0.0524702051954148,
2023-12-07 08:00:00,0.05269,0.05284,0.05189,0.052,25992439,1363458.35092,10717,11488209,602664.03369,0.0003847633705271,ARPA-USDT,0.052671321961796,0.0526929750515139,0.00037811
2023-12-07 09:00:00,0.05202,0.05212,0.05067,0.05156,33954972,1745886.93303,14030,15841894,814588.23195,0.0003880481179665,ARPA-USDT,0.0520167488974825,0.0520117498915665,
2023-12-07 10:00:00,0.05154,0.05177,0.05105,0.0512,12846475,659834.0859,5094,6497363,333696.6714,0.0005862810240375,ARPA-USDT,0.0515884795043675,0.0516169197122497,
2023-12-07 11:00:00,0.05119,0.0515,0.05101,0.05122,9590300,491604.46004,4046,4365289,223778.30867,-0.0001951981260979,ARPA-USDT,0.0512668416467426,0.0513239425263632,
2023-12-07 12:00:00,0.05122,0.05252,0.0511,0.05229,33703876,1751613.25488,11100,17875679,928319.43815,0.0001912777352717,ARPA-USDT,0.0512518589506367,0.0512115705708925,
2023-12-07 13:00:00,0.05229,0.05242,0.05193,0.05204,10158054,529634.6438,4181,3998631,208460.00198,0.0003844675124953,ARPA-USDT,0.0523013877402091,0.052344573747208,
2023-12-07 14:00:00,0.05203,0.05234,0.05179,0.05222,9469142,493213.20249,4242,4190771,218299.91194,0.0005748227629813,ARPA-USDT,0.052022771886216,0.0520718978700727,
2023-12-07 15:00:00,0.05222,0.05308,0.05208,0.05288,22793716,1201510.72445,8657,10597035,558987.94679,0.0007570022710068,ARPA-USDT,0.0522694213066798,0.0523046738142137,
2023-12-07 16:00:00,0.05289,0.05425,0.05273,0.0541,27980545,1502290.06244,13268,14572358,782462.47941,0.0012955765315565,ARPA-USDT,0.052935205557845,0.0529066158195603,0.00011263
2023-12-07 17:00:00,0.05411,0.05428,0.05326,0.0538,18917656,1016567.08398,8411,8861392,476092.35121,0.0013028103480365,ARPA-USDT,0.0541471293558168,0.0539893063338536,
2023-12-07 18:00:00,0.0538,0.05386,0.05291,0.05311,12530359,668382.58956,5344,5636840,300618.4889,0.0013197586726998,ARPA-USDT,0.0538157097638659,0.053740548277774,
2023-12-07 19:00:00,0.0531,0.05328,0.05212,0.05255,22614364,1189503.48505,8056,8886359,467948.73034,0.0017155928326344,ARPA-USDT,0.0531056141133124,0.0531236323282596,
2023-12-07 20:00:00,0.05255,0.05296,0.05233,0.05282,9569842,504172.73013,4602,4644466,244688.6297,0.0015168752370116,ARPA-USDT,0.0525560113989847,0.0526384178610306,
2023-12-07 21:00:00,0.05282,0.0535,0.05278,0.05345,8997687,478829.8443,4178,4612689,245413.91386,0.0013113525665042,ARPA-USDT,0.0528249122479989,0.0528629629455455,
2023-12-07 22:00:00,0.05345,0.05352,0.05296,0.05305,7803978,415723.85753,3929,4023364,214346.42792,0.0015102888427411,ARPA-USDT,0.05346889962625,0.053466219925412,
2023-12-07 23:00:00,0.05305,0.05359,0.05305,0.05346,6619380,353130.61261,3231,3472974,185374.49011,0.0011235955056179,ARPA-USDT,0.0531076930020968,0.0531758222160405,
2023-12-08 00:00:00,0.05346,0.05412,0.05334,0.05392,11182330,600740.1832399999,4266,6505625,349708.73298,0.0009281603861146,ARPA-USDT,0.0535235907642434,0.0535504857579772,0.00021881
2023-12-08 01:00:00,0.05393,0.05396,0.05345,0.05384,5129719,275708.20489,2576,2002877,107651.18559,0.0005575171901133,ARPA-USDT,0.0538251288117546,0.053734398313704,
2023-12-08 02:00:00,0.05385,0.05396,0.05347,0.05393,5330147,286384.10893,2649,2732565,146811.16863,0.0012996658002228,ARPA-USDT,0.0538137294756355,0.0538128127840825,
2023-12-08 03:00:00,0.05395,0.05453,0.05356,0.05439,13726003,742888.5125899999,5755,8120955,439640.15618,0.0011043622308115,ARPA-USDT,0.0538735403521925,0.0537787202708942,
2023-12-08 04:00:00,0.0544,0.05481,0.05421,0.05427,10330190,563463.98839,4357,5194261,283322.45715000003,0.000737599114881,ARPA-USDT,0.054390839748749,0.0544616397173386,
2023-12-08 05:00:00,0.05428,0.0544,0.05378,0.05385,8150141,440571.80721,3706,3008277,162644.55453,0.0014878184861446,ARPA-USDT,0.0543001129381822,0.0542939775703701,
2023-12-08 06:00:00,0.05385,0.05422,0.05376,0.05386,7298206,393826.72733,3723,2952473,159326.21794,0.0007432181345223,ARPA-USDT,0.0538636932601491,0.0538410769601262,
2023-12-08 07:00:00,0.05387,0.05389,0.0532,0.05345,10081217,539962.62652,4522,4692440,251366.09277,0.0,ARPA-USDT,0.0538429616472537,0.0538163118203678,
2023-12-08 08:00:00,0.05345,0.05396,0.05331,0.05341,7023794,376581.50616,3631,3716659,199353.55683,0.001687921980495,ARPA-USDT,0.0535028492210916,0.0535109848113916,0.0005086
2023-12-08 09:00:00,0.05341,0.05384,0.05327,0.05331,5634209,301688.94654,3314,2484479,133031.29972,0.0009387908374014,ARPA-USDT,0.05338658178603,0.0534310990005092,
2023-12-08 10:00:00,0.05331,0.05366,0.0532,0.05362,4973874,265489.65814,2446,2195783,117231.89918,0.0013071895424836,ARPA-USDT,0.0532939765125224,0.053277539244989,
2023-12-08 11:00:00,0.05362,0.05419,0.05361,0.05397,9267078,499449.8542,3418,4885920,263338.77837,0.0011129660545352,ARPA-USDT,0.0537483435407006,0.0537224653368934,
2023-12-08 12:00:00,0.05397,0.05436,0.05377,0.05426,7942850,429827.88121,2890,3578168,193630.79514,0.0007377351530801,ARPA-USDT,0.0539517696830438,0.0538895477829385,
2023-12-08 13:00:00,0.05426,0.05442,0.05386,0.05408,16839884,912808.1674,6340,7776257,421508.23597,0.001296056285873,ARPA-USDT,0.0541953994045597,0.0540769474783873,
2023-12-08 14:00:00,0.05407,0.05468,0.0538,0.05457,12245212,664695.48554,4594,5966028,323997.47518,0.0005500550055006,ARPA-USDT,0.0540711853431491,0.0542293306775649,
2023-12-08 15:00:00,0.05458,0.05479,0.05415,0.05426,7044720,383568.17224,3413,2999281,163358.85285999998,0.0009223390518355,ARPA-USDT,0.0545519753338804,0.0545986631636566,
2023-12-08 16:00:00,0.05425,0.0546,0.05425,0.05439,9040595,491906.33186,3438,3406877,185417.82044,0.0007359705611775,ARPA-USDT,0.0542710142911,0.0544096116627681,0.00031826
2023-12-08 17:00:00,0.05439,0.05469,0.05412,0.05465,8858577,481604.79473,3598,4426410,240707.98749,0.0018331805682858,ARPA-USDT,0.0544110456933293,0.0543877411666258,
2023-12-08 18:00:00,0.05465,0.05472,0.05431,0.05432,5101065,278045.68457,2585,2158746,117647.99553,0.0009213193292796,ARPA-USDT,0.0546302226134107,0.054648677561598,
2023-12-08 19:00:00,0.05432,0.05466,0.05423,0.05457,4017421,218583.23359,2160,2106034,114585.81947,0.0009170946441672,ARPA-USDT,0.0543533191540915,0.0543648704069029,
2023-12-08 20:00:00,0.05458,0.05512,0.05455,0.05507,6492314,356493.95305,3070,3715530,204018.56348,0.0010907107798581,ARPA-USDT,0.0545751481825974,0.0545905343497711,
2023-12-08 21:00:00,0.05506,0.05514,0.05451,0.05499,10041259,550805.53654,3929,4111338,225583.47627,0.0010922992900053,ARPA-USDT,0.0550725870077648,0.0550820519040496,
2023-12-08 22:00:00,0.05498,0.05562,0.05495,0.05508,16782425,928091.24663,5264,9173508,507343.44194,0.0010905125408942,ARPA-USDT,0.0552799768700113,0.0552866823887332,
2023-12-08 23:00:00,0.05507,0.05558,0.05502,0.05545,6365357,352173.20799,2967,3377445,186827.59468,0.0003608154429008,ARPA-USDT,0.0550692804846798,0.05505548799524,
2023-12-09 00:00:00,0.05545,0.05609,0.05545,0.05591,7857625,438567.39757,4552,3397284,189627.97467,0.0003578457684738,ARPA-USDT,0.0554892120742455,0.0555504412990007,0.00055074
2023-12-09 01:00:00,0.05591,0.05591,0.0551,0.05554,7098274,393739.4298,3367,3050272,169174.34356,0.0014424810674358,ARPA-USDT,0.0558182138029108,0.0557428552134132,
2023-12-09 02:00:00,0.05554,0.05558,0.05488,0.05494,6842503,377532.73301,2455,2480235,136879.2353,0.0012757426644796,ARPA-USDT,0.0555460362080939,0.0554645830514084,
2023-12-09 03:00:00,0.05494,0.05541,0.05493,0.05524,4998313,275959.12936,2020,2494315,137684.19237,0.0014503263234226,ARPA-USDT,0.0549805175011387,0.0550083304935591,
2023-12-09 04:00:00,0.05524,0.05553,0.05517,0.05535,6399128,354032.54849,2750,3120817,172649.45019,0.0014474398407817,ARPA-USDT,0.0552922599933791,0.0553276620619415,
2023-12-09 05:00:00,0.05535,0.0556,0.05525,0.05538,4271445,236673.56664,1926,2016064,111711.31246,0.0010845986984815,ARPA-USDT,0.0553769894449213,0.0553674971893519,
2023-12-09 06:00:00,0.05538,0.05567,0.05526,0.05552,4475810,248448.01739,2143,2329397,129310.50692,0.0016236694930542,ARPA-USDT,0.0554147012981374,0.0553901057527381,
2023-12-09 07:00:00,0.05551,0.05593,0.05537,0.05585,10972772,610936.71178,3537,6185499,344372.1048,0.0012549300824666,ARPA-USDT,0.0555028931287272,0.0554769969180031,
2023-12-09 08:00:00,0.05586,0.05597,0.05368,0.05471,28755329,1577606.58164,11471,11668980,639473.6288300001,0.002014652014652,ARPA-USDT,0.0558703221046591,0.0558922088009534,0.00049794
2023-12-09 09:00:00,0.05471,0.05525,0.05456,0.05475,12559063,689451.58747,5474,5890115,323361.43355,0.0018298261665141,ARPA-USDT,0.0548224561070262,0.0549233526530487,
2023-12-09 10:00:00,0.05476,0.05512,0.05473,0.05501,8345030,458583.47492,3561,3980864,218810.36042,0.0016387472687546,ARPA-USDT,0.0548246582109231,0.054897374335808,
2023-12-09 11:00:00,0.05501,0.05528,0.05475,0.05507,7286000,400994.08395,3317,3662487,201608.6021,0.0023662176920276,ARPA-USDT,0.0550763556381514,0.0551258734104468,
2023-12-09 12:00:00,0.05507,0.05531,0.05484,0.05524,6746986,371713.78256,3323,3385083,186460.70801,0.0018135654697133,ARPA-USDT,0.0550422354356794,0.0549511477528456,
2023-12-09 13:00:00,0.05524,0.0553,0.05483,0.05509,10757365,592542.74591,3889,4274172,235441.08646,0.0016363636363636,ARPA-USDT,0.0552202404381855,0.0551618179165313,
2023-12-09 14:00:00,0.05509,0.05525,0.05406,0.05462,20969233,1145576.20821,9300,10277278,561369.23534,0.0012832263978002,ARPA-USDT,0.0550878776194107,0.0550357038706808,
2023-12-09 15:00:00,0.05463,0.05488,0.05413,0.05484,11999313,653626.34759,6239,5824265,317248.71191,0.0012780719371918,ARPA-USDT,0.0546014795721098,0.0545360492558819,
2023-12-09 16:00:00,0.05485,0.055,0.05377,0.0541,19685276,1068308.66049,8199,9584548,519985.95946,0.0018518518518519,ARPA-USDT,0.0548739681454872,0.0548971719449104,0.00022623
2023-12-09 17:00:00,0.0541,0.05415,0.0534,0.05358,16942904,910838.71645,7207,8790639,472869.71412,0.0011210762331839,ARPA-USDT,0.054089887166346,0.0540561498250886,
2023-12-09 18:00:00,0.05358,0.05426,0.05356,0.05415,7710096,415663.40551,3784,3836258,206766.11723,0.0012943786982246,ARPA-USDT,0.0536204312082025,0.0536421737686219,
2023-12-09 19:00:00,0.05415,0.05439,0.05407,0.0542,3730158,202318.09484,2056,2132158,115664.89119,0.0016632785067454,ARPA-USDT,0.0540993997604907,0.0541594392645112,
2023-12-09 20:00:00,0.05419,0.0544,0.05371,0.05433,8190895,443033.26522,4034,4427046,239667.68685,0.0007367839381102,ARPA-USDT,0.0542275980622584,0.0542670090309482,
2023-12-09 21:00:00,0.05432,0.05472,0.0539,0.05459,10489628,569813.01735,4177,5274436,286549.09847,0.0018351991191045,ARPA-USDT,0.0543828925681346,0.054246015727172,
2023-12-09 22:00:00,0.05459,0.05468,0.05421,0.05434,4826583,263047.55965,2602,2303699,125554.09324,0.0014743826022851,ARPA-USDT,0.0545686332454485,0.0545822963013067,
2023-12-09 23:00:00,0.05433,0.05448,0.05306,0.0537,14553282,780793.04469,7484,6829546,366468.02129,0.0009319664492077,ARPA-USDT,0.0543590119757093,0.0543829003463939,
2023-12-10 00:00:00,0.05371,0.05432,0.05371,0.05432,5379811,290691.62673,3094,2714821,146666.04777,0.0016595980084823,ARPA-USDT,0.053837670020936,0.0539549731100263,0.00012478
2023-12-10 01:00:00,0.05431,0.05437,0.05394,0.0542,2965205,160759.57717,1732,1340469,72687.60933,0.0007385524372229,ARPA-USDT,0.0543186997022218,0.0542749110350695,
2023-12-10 02:00:00,0.0542,0.05437,0.05385,0.05423,4762209,257971.4325,3112,2275920,123295.53906,0.0005535055350553,ARPA-USDT,0.0542420631734629,0.0541872145695656,
2023-12-10 03:00:00,0.05423,0.0545,0.05418,0.05448,3713784,201874.79673,2423,2157146,117253.24014,0.0011025358324145,ARPA-USDT,0.0542434547755369,0.0543290643644236,
2023-12-10 04:00:00,0.05448,0.05482,0.0544,0.05481,3773157,206173.3706,2386,2046855,111849.74224,0.0005476451259582,ARPA-USDT,0.0544877959879375,0.0545080755834793,
2023-12-10 05:00:00,0.05481,0.05502,0.0547,0.05484,4442073,243623.69894,2412,1768656,97001.46448,0.0003648303538854,ARPA-USDT,0.0548085053340819,0.0547701842586203,
2023-12-10 06:00:00,0.05484,0.05553,0.05461,0.05467,25026208,1376999.22629,9312,11481555,631688.21035,0.0010986998718183,ARPA-USDT,0.0548502299883508,0.0547974500879344,
2023-12-10 07:00:00,0.05466,0.05473,0.05413,0.05443,8870840,482635.55115,4182,3570197,194188.19529,0.000919455682236,ARPA-USDT,0.0546831132354484,0.0546679165584528,
2023-12-10 08:00:00,0.05441,0.05443,0.05363,0.05387,11425991,616074.86524,4697,5727852,308627.89366,0.0016734845667534,ARPA-USDT,0.0543307725374951,0.0543527080235968,0.00019387
2023-12-10 09:00:00,0.05386,0.05402,0.05256,0.05258,16452861,875003.8029,6715,7838759,417207.02925,0.0005708848715508,ARPA-USDT,0.0538191097369354,0.0538230366347762,
2023-12-10 10:00:00,0.0526,0.05333,0.05256,0.0533,10094961,535579.31703,4199,4893739,259608.33034,0.0009389671361501,ARPA-USDT,0.0527049129754372,0.0528928740218429,
2023-12-10 11:00:00,0.0533,0.05337,0.05308,0.05312,3717232,197891.0037,2021,1662622,88510.74598,0.0016971525551574,ARPA-USDT,0.05332318463762,0.0533195227390611,
2023-12-10 12:00:00,0.05312,0.05367,0.05306,0.05365,4512562,240995.55896,2644,2158591,115280.43241,0.0009328358208955,ARPA-USDT,0.0531115622520344,0.0531219002809515,
2023-12-10 13:00:00,0.05364,0.05368,0.05311,0.0533,4419184,235665.75067,2341,2025074,107962.98324,0.0013150479053165,ARPA-USDT,0.0536341579918302,0.0536349080890734,
2023-12-10 14:00:00,0.05329,0.0535,0.05305,0.05326,6180427,329212.50581,2771,2892251,154037.26188,0.0003756574004507,ARPA-USDT,0.0532614556887978,0.053292334565717,
2023-12-10 15:00:00,0.05327,0.05372,0.05325,0.0535,7472148,400068.31645,3187,3394067,181697.65947,0.0005610622779128,ARPA-USDT,0.0533016720968652,0.0533357002249796,
2023-12-10 16:00:00,0.05349,0.05361,0.05334,0.0534,4905034,262354.3237,2333,2404764,128602.71327,0.0015003750937734,ARPA-USDT,0.0535276354577786,0.0535283685194679,0.00050357
2023-12-10 17:00:00,0.0534,0.0534,0.05283,0.05301,5705591,302955.91141,2822,2583482,137190.9822,0.0011331444759208,ARPA-USDT,0.0533836592592592,0.0533818241477938,
2023-12-10 18:00:00,0.05301,0.0536,0.05301,0.05337,5562290,296919.22126,2407,2765557,147636.71072,0.001313320825516,ARPA-USDT,0.0530307939962236,0.0531077551522707,
2023-12-10 19:00:00,0.05337,0.05354,0.0532,0.05352,4125334,220172.72176,1871,1557712,83155.48239,0.001309635173059,ARPA-USDT,0.0533662399840542,0.053371919017742,
2023-12-10 20:00:00,0.05352,0.05464,0.05338,0.05457,9755984,527003.34217,4488,5010272,270514.7934,0.0012844036697248,ARPA-USDT,0.0534853136677318,0.0535013176482005,
2023-12-10 21:00:00,0.05457,0.05461,0.05393,0.05393,10069080,545908.28357,5588,4603315,249592.94246,0.0012996658002228,ARPA-USDT,0.05451216791335,0.0543639978565743,
2023-12-10 22:00:00,0.05395,0.05426,0.05382,0.0542,3992995,215938.25373,2344,2145447,116024.27125,0.0012931830777758,ARPA-USDT,0.0539747638019858,0.0539492450342033,
2023-12-10 23:00:00,0.0542,0.05439,0.05364,0.05414,4906401,264968.96073,2931,2173063,117311.28602,0.001294618087664,ARPA-USDT,0.0542752122814639,0.0542922154665064,
2023-12-11 00:00:00,0.05413,0.05439,0.05369,0.05376,6863810,371147.54161,3529,3173392,171495.93916,0.0013037809647979,ARPA-USDT,0.0541989299052502,0.0541774868773528,0.00052277
2023-12-11 01:00:00,0.05377,0.0538,0.05263,0.05355,15010728,798691.56003,6722,7249099,385826.88987,0.0014961660744343,ARPA-USDT,0.0537397792937972,0.0534659492357164,
2023-12-11 02:00:00,0.05356,0.05356,0.04662,0.0496,90296373,4482074.20784,37336,35769685,1774591.96179,0.0006052047609439,ARPA-USDT,0.053521791046073,0.053399560579798,
2023-12-11 03:00:00,0.04961,0.05063,0.04948,0.05019,14247216,713779.65442,7180,7178574,359592.52451,0.0005980861244019,ARPA-USDT,0.0496649651250089,0.0496868280793892,
2023-12-11 04:00:00,0.05018,0.05038,0.04983,0.05012,15372962,769822.73379,6475,8366347,418968.86162,0.0009986019572596,ARPA-USDT,0.0500670150316976,0.0501029354100626,
2023-12-11 05:00:00,0.0501,0.0506,0.04992,0.05044,17917554,899874.82569,7609,10281971,516346.77488,0.0011909487892021,ARPA-USDT,0.0501347170078719,0.0502174649113367,
2023-12-11 06:00:00,0.05043,0.05046,0.0491,0.0499,14339698,712929.0015,6801,7420565,368965.8961,0.0004009623095428,ARPA-USDT,0.050418911560106,0.0503135797253579,
2023-12-11 07:00:00,0.0499,0.05021,0.0495,0.04959,8109788,404532.62605,3452,3934707,196319.62874,0.0010092854259184,ARPA-USDT,0.0498808837111937,0.0500030940513061,
2023-12-11 08:00:00,0.04957,0.04991,0.04918,0.04974,10154309,502320.62846,4987,4681598,231672.94705,0.0004022526146418,ARPA-USDT,0.0495459079394707,0.0495543470358144,0.0001
2023-12-11 09:00:00,0.04973,0.0501,0.04963,0.05002,5526371,275786.27251,2700,2941213,146791.55904,0.0006001200240048,ARPA-USDT,0.0497370250985934,0.0496963063958657,
2023-12-11 10:00:00,0.05002,0.0501,0.04985,0.05005,4364962,218162.24912,2173,2348284,117371.56917,0.0001998401278975,ARPA-USDT,0.050039337164446,0.0500189558009985,
2023-12-11 11:00:00,0.05005,0.05036,0.04999,0.05028,9446160,473955.44165,4074,4479350,224802.44652,0.0001989258006762,ARPA-USDT,0.0500738316295615,0.0500737366539595,
2023-12-11 12:00:00,0.05028,0.05042,0.04982,0.05002,6100552,306262.5215,2891,3126305,156997.99955,0.0003999999999999,ARPA-USDT,0.0502983248849303,0.0503002246625046,
2023-12-11 13:00:00,0.05001,0.05016,0.04938,0.04982,9241378,460492.50114,4438,4517110,225009.4843,0.0010046212577858,ARPA-USDT,0.0499959317326479,0.0500299276642742,
2023-12-11 14:00:00,0.04981,0.05021,0.04925,0.04951,14934120,743087.65208,7154,7437249,370243.86744,0.0006063055780112,ARPA-USDT,0.0498751910768541,0.0500286563756574,
2023-12-11 15:00:00,0.04951,0.04997,0.04922,0.0498,9866700,489588.65674,5686,4372725,216925.87074,0.0008038585209002,ARPA-USDT,0.0495229439860386,0.0495242853968492,
2023-12-11 16:00:00,0.0498,0.05001,0.04931,0.04993,9879186,490545.91209,4922,4311274,214122.68813,0.0002003205128204,ARPA-USDT,0.0497746908451829,0.0497107282304242,0.0001
2023-12-11 17:00:00,0.04993,0.04993,0.04893,0.049,8606441,425024.75559,3763,3686201,182017.48175,0.0,ARPA-USDT,0.0498569814614041,0.0498170270805288,
2023-12-11 18:00:00,0.049,0.04908,0.04764,0.04856,37439749,1812465.62722,15766,16079537,778534.14496,0.0002059732234809,ARPA-USDT,0.0488186298494255,0.0489307806367787,
2023-12-11 19:00:00,0.04857,0.04889,0.04802,0.04884,13767038,666649.03204,5981,6688270,323873.46372,0.0,ARPA-USDT,0.0485264617959864,0.0485782994224205,
2023-12-11 20:00:00,0.04883,0.04883,0.0484,0.04879,8898660,432766.17184,4373,3657416,177869.50756,0.0002050020500206,ARPA-USDT,0.0487678635135961,0.0487498016908345,
2023-12-11 21:00:00,0.04879,0.04956,0.04872,0.04951,10589980,519604.79317,4348,4795272,235462.70439,0.0004041220448576,ARPA-USDT,0.0487849589787345,0.0488192068529774,
2023-12-11 22:00:00,0.04951,0.04981,0.04938,0.04961,5804118,287896.51075,2857,2624938,130209.54744,0.0,ARPA-USDT,0.04949582332582,0.0495365417523719,
2023-12-11 23:00:00,0.04961,0.04977,0.04944,0.04971,2709690,134453.70491,1999,1218323,60450.80015,-0.000201126307321,ARPA-USDT,0.0495884306356272,0.0495875580371407,
2023-12-12 00:00:00,0.04972,0.05021,0.04966,0.04997,5156265,257512.48944,3024,2541099,126869.66072,0.000600720865038,ARPA-USDT,0.0497246568826152,0.0498079959304675,
2023-12-12 01:00:00,0.04997,0.05047,0.04993,0.05041,4985047,250518.36998,2614,2341210,117668.166,0.0003969041476483,ARPA-USDT,0.0499588016378938,0.0499770238536377,
2023-12-12 02:00:00,0.05041,0.05101,0.05035,0.05096,7924684,402431.09544,3107,4224511,214502.70998,0.0009821253191908,ARPA-USDT,0.0504135303326335,0.0504629014678946,
2023-12-12 03:00:00,0.05096,0.05117,0.05056,0.0507,6729214,342610.43782,2719,3338921,170114.60562,0.0009871668311944,ARPA-USDT,0.050955034229849,0.0509049258823404,
2023-12-12 04:00:00,0.0507,0.0509,0.05016,0.05021,5864860,296675.28952,2891,2301256,116464.82421,0.0009968102073363,ARPA-USDT,0.0507541327796073,0.0507748412252798,
2023-12-12 05:00:00,0.0502,0.05078,0.0502,0.05055,4038484,204319.39887,2180,2205415,111558.75629,0.0005938242280283,ARPA-USDT,0.0502606252767638,0.0503246277319262,
2023-12-12 06:00:00,0.05056,0.05062,0.04996,0.05056,8440502,424851.82501,3791,3882935,195443.12025,0.0015847860538829,ARPA-USDT,0.0505613723443345,0.0505505740070542,
2023-12-12 07:00:00,0.05055,0.05094,0.05048,0.05086,6800708,344952.94673,3260,3264928,165655.16332,0.0011811023622048,ARPA-USDT,0.0505172042881578,0.0506315891697186,
2023-12-12 08:00:00,0.05087,0.0509,0.05036,0.0508,6408980,324531.62297,2954,2803757,141933.8784,0.0003938558487592,ARPA-USDT,0.0508641242918024,0.0507135358284807,
2023-12-12 09:00:00,0.0508,0.0508,0.05039,0.05042,7577254,383344.24078,2611,2985129,150869.25417,0.000793965859468,ARPA-USDT,0.0507913018399225,0.0507250148973646,
2023-12-12 10:00:00,0.05041,0.0507,0.0504,0.05069,5570918,281716.00752,2771,2928899,148142.96949,0.0013828526274199,ARPA-USDT,0.050441024628144,0.0504638392687846,
2023-12-12 11:00:00,0.05069,0.05082,0.0501,0.05016,8258661,417136.68362,3457,3368250,170360.13838,0.0005984440454818,ARPA-USDT,0.050676943604081,0.0506819259475362,
2023-12-12 12:00:00,0.05016,0.05052,0.0498,0.0504,9076362,455385.17621,3696,4244175,213009.54993,0.0011918951132299,ARPA-USDT,0.0501966867624507,0.0500873049893079,
2023-12-12 13:00:00,0.0504,0.05064,0.04994,0.05035,9273433,467289.70402,4537,4309063,217194.18821,0.0009940357852882,ARPA-USDT,0.0503806134789613,0.0504205233463042,
2023-12-12 14:00:00,0.05034,0.05044,0.04969,0.04998,9310500,466512.26211,4257,4091696,205122.0552,0.0004003202562048,ARPA-USDT,0.0503537776362291,0.0503570218781309,
2023-12-12 15:00:00,0.04998,0.05012,0.049,0.0496,15759497,780578.64849,7278,7814538,387069.9307,0.0006052047609439,ARPA-USDT,0.0499836068919031,0.0500312934220372,
2023-12-12 16:00:00,0.04959,0.04972,0.04906,0.04941,7311068,360873.24834,3508,3838858,189512.86139,0.0012158054711246,ARPA-USDT,0.0495502987866949,0.0495935142386195,
2023-12-12 17:00:00,0.0494,0.0494,0.04842,0.04848,11348792,553757.49111,4913,4959506,242070.40833,0.0008257638315443,ARPA-USDT,0.0493346198370457,0.0493246318843634,
2023-12-12 18:00:00,0.04849,0.04978,0.04846,0.04961,9670034,477878.21275,4412,5057166,249832.9537,0.0010088781275221,ARPA-USDT,0.0485173864633578,0.0486664224766307,
2023-12-12 19:00:00,0.04961,0.04968,0.049,0.04933,5954720,293655.31985,2906,3081835,152005.58496,0.0016243654822334,ARPA-USDT,0.0496330152098864,0.0496053393290937,
2023-12-12 20:00:00,0.04933,0.04947,0.04886,0.04938,6419845,315731.5228,2863,3323588,163456.84393,0.0010135819987837,ARPA-USDT,0.0493356188036401,0.0494130757554121,
2023-12-12 21:00:00,0.04938,0.04962,0.04873,0.04875,6252297,307748.85377,2980,3044993,149923.85171,0.0012322858903266,ARPA-USDT,0.0494071745434802,0.0494462933565827,
2023-12-12 22:00:00,0.04874,0.04926,0.04864,0.04911,4963849,243102.87054,2404,2259071,110591.3124,0.0002036659877802,ARPA-USDT,0.0486807017088489,0.0487390099177317,
2023-12-12 23:00:00,0.04912,0.04992,0.04904,0.04976,6742708,334432.57897,3047,3229489,159948.00242,0.0012072434607646,ARPA-USDT,0.0491221754573049,0.0491108694390712,
2023-12-13 00:00:00,0.04976,0.04988,0.0495,0.0497,6178511,307089.43866,3175,2756296,137042.4046,0.0012087026591458,ARPA-USDT,0.0497720478366257,0.0496675912147534,0.0001764
2023-12-13 01:00:00,0.04969,0.04973,0.04831,0.04833,12729265,623283.52382,5587,5907541,289010.22088,0.000828328846552,ARPA-USDT,0.0496914521755358,0.049683088044375,
2023-12-13 02:00:00,0.04832,0.04862,0.04755,0.04823,15638340,752015.97599,7755,7207021,346608.25632,0.0014534883720931,ARPA-USDT,0.0483801571203254,0.0484866883825526,
2023-12-13 03:00:00,0.04825,0.04834,0.04766,0.04778,8448696,405586.62007,3959,4106183,197082.23554,0.001257334450964,ARPA-USDT,0.0482300880744045,0.0481322607006893,
2023-12-13 04:00:00,0.04777,0.04811,0.04712,0.04808,14997134,713825.78514,5852,7022964,334496.08879,0.000624349635796,ARPA-USDT,0.0477089531870935,0.0477150635420202,
2023-12-13 05:00:00,0.04808,0.04812,0.04776,0.048,5268314,252541.28214,2235,2490939,119402.63192,0.0006253908692932,ARPA-USDT,0.0480789491864135,0.048084921319358,
2023-12-13 06:00:00,0.04799,0.04819,0.04706,0.0472,9172666,436490.85853,3923,4032972,191866.33636,0.0008481764206955,ARPA-USDT,0.0480060007501201,0.0479630220054124,
2023-12-13 07:00:00,0.04719,0.0481,0.04686,0.04797,11242599,534411.4187,4828,5183297,246540.90737,0.0006257822277846,ARPA-USDT,0.0470311421814199,0.0473152405798717,
2023-12-13 08:00:00,0.04798,0.04831,0.04793,0.04821,6213820,299226.50396,2721,2712742,130635.12099,0.0010382059800664,ARPA-USDT,0.0479813880956076,0.0479948572491807,0.0001
2023-12-13 09:00:00,0.0482,0.0482,0.04788,0.04802,4766029,228925.41307,2315,2005296,96311.16476,0.0014598540145984,ARPA-USDT,0.0481636627114218,0.0481263863781842,
2023-12-13 10:00:00,0.04802,0.0481,0.04759,0.04785,6490115,310586.61513,2523,3533321,169068.24875,0.0008366450533361,ARPA-USDT,0.0480147795699308,0.0479863249915096,
2023-12-13 11:00:00,0.04785,0.0481,0.04753,0.04762,5950764,284805.63266,2389,2939264,140676.60381,0.000630384534566,ARPA-USDT,0.0478784078671851,0.0478745198444311,
2023-12-13 12:00:00,0.04761,0.04822,0.04752,0.04813,5714926,273674.44856,2530,3108390,148829.78893,0.0014565126924677,ARPA-USDT,0.0476269784724856,0.047653691902707,
2023-12-13 13:00:00,0.04813,0.04869,0.04795,0.04851,8566704,414805.95828,3601,3750049,181631.30203,0.0004124561765312,ARPA-USDT,0.0481182132102962,0.0480889256720424,
2023-12-13 14:00:00,0.0485,0.04861,0.04823,0.04843,4925350,238582.42556,2570,2208779,106957.96224,0.0006198347107437,ARPA-USDT,0.0485179224090826,0.0484710365375517,
2023-12-13 15:00:00,0.04843,0.04924,0.04841,0.04906,7629188,374154.7504,3210,3145249,154257.16505,0.0010201999591921,ARPA-USDT,0.0484313936123534,0.0486631335079767,
2023-12-13 16:00:00,0.04907,0.04932,0.0485,0.04861,7926644,387557.056,3102,4388316,214568.8994,-0.0002056766762648,ARPA-USDT,0.0490824012165202,0.049043773679585,0.00013214
2023-12-13 17:00:00,0.04861,0.04886,0.04851,0.0487,5816684,282991.96513,2333,3046878,148244.53307,0.0,ARPA-USDT,0.0486774550267029,0.0486536170962093,
2023-12-13 18:00:00,0.0487,0.04904,0.04867,0.04881,4995841,243925.43739,1982,2405814,117460.63126,0.0008201763379125,ARPA-USDT,0.048761115761204,0.0487917592026361,
2023-12-13 19:00:00,0.04882,0.0499,0.04882,0.04985,11341796,561784.18238,4432,5163967,255649.42218,0.000803051596065,ARPA-USDT,0.0489455527130843,0.0490954288566298,
2023-12-13 20:00:00,0.04985,0.04999,0.0496,0.04994,8700048,433347.0424,3094,4376216,217989.91287,0.0004006410256409,ARPA-USDT,0.0498485992054803,0.0498237621698642,
2023-12-13 21:00:00,0.04994,0.05015,0.04967,0.0501,5603289,279605.97536,2628,3216605,160493.58472,0.000999000999001,ARPA-USDT,0.0499618604731959,0.0499048880387135,
2023-12-13 22:00:00,0.0501,0.05044,0.04982,0.04994,7544415,378414.92621,3381,2894168,145200.85226,0.0010022048506714,ARPA-USDT,0.0501241384232755,0.0501288080842242,
2023-12-13 23:00:00,0.04993,0.05029,0.04973,0.05006,5734934,286986.75245,2184,2853308,142813.48751,0.0014002800560111,ARPA-USDT,0.0500242298231772,0.0500630629484842,
2023-12-14 00:00:00,0.05006,0.05026,0.0498,0.05017,5281673,264162.49389,2439,2490448,124519.55801,0.0013972055888222,ARPA-USDT,0.0501401149507897,0.0500926593697819,0.0001
2023-12-14 01:00:00,0.05016,0.05049,0.05007,0.05033,8104643,408123.38506,2939,5267531,265283.34847,0.000994431185362,ARPA-USDT,0.0501801330565084,0.0502103440656822,
2023-12-14 02:00:00,0.05033,0.05059,0.04995,0.05034,6030875,303233.85767,2507,3356517,168817.08843,0.0007952286282306,ARPA-USDT,0.050343258293638,0.0502303508187466,
2023-12-14 03:00:00,0.05033,0.05042,0.04988,0.05015,6164237,308962.69366,2318,2391617,119830.18482,0.0017978425888933,ARPA-USDT,0.0503493533656435,0.0503682360615461,
2023-12-14 04:00:00,0.05014,0.05021,0.04985,0.04986,3661415,183222.96342,1571,1892968,94728.66083,0.0008028904054595,ARPA-USDT,0.0501561783748307,0.0501361402473839,
2023-12-14 05:00:00,0.04985,0.05042,0.04979,0.05032,4389583,220271.94986,1820,1993767,99980.4941,0.0011937922801432,ARPA-USDT,0.0498783128907555,0.0499073606961925,
2023-12-14 06:00:00,0.05032,0.05075,0.05022,0.05053,7898393,399138.87681,3271,3594896,181705.21608,0.0003959611958028,ARPA-USDT,0.0502823591686632,0.0503000309394406,
2023-12-14 07:00:00,0.05053,0.0506,0.05019,0.05039,6228990,313706.7276,3497,3054217,153844.0853,0.0005957108816521,ARPA-USDT,0.0505478946518015,0.0505390315545256,
2023-12-14 08:00:00,0.05039,0.05062,0.05016,0.05026,4817910,242812.72074,2236,2480651,125024.9025,0.0009958175662219,ARPA-USDT,0.0504124486660242,0.0504090226758618,0.00038953
2023-12-14 09:00:00,0.05026,0.05124,0.05015,0.05111,11411616,580161.50407,4122,7057571,358902.50145,0.0007832386919914,ARPA-USDT,0.0502160745325447,0.0502364381904542,
2023-12-14 10:00:00,0.0511,0.05113,0.05072,0.05113,8585349,437213.16881,3558,4147202,211206.96439,0.0009788566953798,ARPA-USDT,0.0510771311187674,0.0509957077559857,
2023-12-14 11:00:00,0.05112,0.05126,0.05082,0.05123,6779403,346056.42407,2586,2597573,132635.39753,0.0007814026176986,ARPA-USDT,0.0511138286113311,0.0511195093866809,
2023-12-14 12:00:00,0.05123,0.05124,0.05066,0.05093,7678200,390885.17699,2868,2306863,117387.92035,0.0009827044025156,ARPA-USDT,0.0511162633662639,0.051162535392393,
2023-12-14 13:00:00,0.05092,0.05093,0.04857,0.05084,31537134,1576255.1381,11813,15492079,774608.17278,0.001181567546278,ARPA-USDT,0.0509212716304347,0.0508685748272359,
2023-12-14 14:00:00,0.05084,0.05095,0.05013,0.05056,13122143,663468.45216,4936,6818398,344880.88254,0.0007917656373712,ARPA-USDT,0.0507629968940328,0.0505517240337877,
2023-12-14 15:00:00,0.05055,0.05103,0.05043,0.05088,11240302,570268.11464,3911,5585415,283387.80539,-0.0007855459544382,ARPA-USDT,0.0505460289980694,0.0505343580941379,
2023-12-14 16:00:00,0.05088,0.05113,0.05076,0.05109,6376731,325008.36776,2542,3066484,156293.35645,0.0005875440658049,ARPA-USDT,0.0509177222097462,0.0508629502282792,0.00041185
2023-12-14 17:00:00,0.05109,0.05132,0.05081,0.05085,18486831,943923.31228,5814,6090596,311146.21163,0.0003934684241588,ARPA-USDT,0.0510809294333734,0.0510461937348645,
2023-12-14 18:00:00,0.05086,0.0511,0.05063,0.05099,7004830,356307.7955,2471,3139703,159747.4736,0.0003923876790268,ARPA-USDT,0.0508427905116434,0.0508587787865898,
2023-12-14 19:00:00,0.051,0.05146,0.05095,0.05113,9708509,497159.61772,3035,4482859,229502.65458,0.0001956181533646,ARPA-USDT,0.0510079948065666,0.051025858120298,
2023-12-14 20:00:00,0.05113,0.05137,0.05084,0.05128,5318839,271890.59245,2113,2493881,127499.63696,-0.0003898635477582,ARPA-USDT,0.0511826785504144,0.0512042545188826,
2023-12-14 21:00:00,0.05129,0.05176,0.05118,0.05159,8406936,433443.21256,3140,3840784,197997.96957,0.0009701202949163,ARPA-USDT,0.0513008011707191,0.0512737857930885,
2023-12-14 22:00:00,0.0516,0.05174,0.0515,0.05156,4885652,252258.56412,2095,2098368,108360.97557,0.0005821851348728,ARPA-USDT,0.0515990642922374,0.0516074184257036,
2023-12-14 23:00:00,0.05156,0.05177,0.05129,0.05154,4943062,254835.53672,2086,2616704,134931.46822,0.0007766990291262,ARPA-USDT,0.0515777548419033,0.051640624503353,
2023-12-15 00:00:00,0.05155,0.05165,0.05118,0.05126,4648362,239175.63379,2208,2265761,116587.7736,0.0017588430721124,ARPA-USDT,0.0516043883159283,0.0515205255076852,0.00047717
2023-12-15 01:00:00,0.05126,0.05138,0.05097,0.05113,3529332,180724.21054,1656,1805561,92456.49629,0.0009788566953798,ARPA-USDT,0.0512238377964272,0.0512742443514016,
2023-12-15 02:00:00,0.05115,0.0512,0.0508,0.05091,3648334,185924.80933,1654,1597983,81421.13882000001,0.0009830908375931,ARPA-USDT,0.0511185029841191,0.051135023506257,
2023-12-15 03:00:00,0.05091,0.05107,0.05073,0.05082,3764416,191509.97559,1936,1877091,95502.13016,0.0011820330969267,ARPA-USDT,0.0509463170882741,0.0509486351458531,
2023-12-15 04:00:00,0.05083,0.05088,0.05046,0.05057,2948344,149364.88899,1436,1249280,63335.42967,0.0009897070467139,ARPA-USDT,0.0508335759864845,0.050824070388817,
2023-12-15 05:00:00,0.05058,0.05064,0.04979,0.04981,6009900,301810.60195,2371,2784783,139903.77228,0.0008036970062286,ARPA-USDT,0.050567554491815,0.0505775792110375,
2023-12-15 06:00:00,0.04981,0.05024,0.04979,0.05005,5646827,282534.66582,2492,3184197,159258.61609,0.0009999999999998,ARPA-USDT,0.0498792180351996,0.0498974462556791,
2023-12-15 07:00:00,0.05005,0.05019,0.04976,0.0498,5859406,292891.70131,2453,2947307,147326.48336,0.0016090104585679,ARPA-USDT,0.0500704851524879,0.0501075748069887,
2023-12-15 08:00:00,0.0498,0.0502,0.04948,0.05015,7813037,388568.31092,3191,4569505,227335.26268,0.0013977635782747,ARPA-USDT,0.0498076956984746,0.0498540583535815,0.0001
2023-12-15 09:00:00,0.05015,0.05041,0.04985,0.04989,6677357,335007.04917,3040,3280893,164609.78706,0.0016061031921299,ARPA-USDT,0.0501457243904617,0.0501555724797986,
2023-12-15 10:00:00,0.0499,0.0502,0.04974,0.05014,4757610,237875.51434,2067,2392946,119642.3732,0.0013980427401636,ARPA-USDT,0.0499002076999012,0.0498721266553223,
2023-12-15 11:00:00,0.05015,0.05022,0.04999,0.05014,2745375,137563.91303999998,1420,1336355,66966.40133000001,0.0013980427401636,ARPA-USDT,0.0501519890431549,0.0501022797551207,
2023-12-15 12:00:00,0.05015,0.05021,0.04966,0.04983,5629182,281093.69332,2843,2624339,131054.9784,0.0010044194455605,ARPA-USDT,0.0501776505897089,0.050160101260098,
2023-12-15 13:00:00,0.04983,0.05,0.0494,0.04992,8254713,410217.15391,3948,3957556,196650.24496,0.0008019246190857,ARPA-USDT,0.0496842487818679,0.0496484555475167,
2023-12-15 14:00:00,0.04992,0.05011,0.04948,0.0497,7965773,396382.02003,3812,3232169,160795.81106,0.0012087026591458,ARPA-USDT,0.0498992967684,0.0499601450547045,
2023-12-15 15:00:00,0.0497,0.04992,0.04911,0.04972,10536463,521635.03402,4433,5007933,247805.24534,0.000805152979066,ARPA-USDT,0.0497023387041075,0.0497921766522947,
2023-12-15 16:00:00,0.04972,0.05001,0.04951,0.04954,7764843,386755.51946,3332,4201548,209300.92819,0.0016174686615446,ARPA-USDT,0.0497307768477293,0.0497600126057556,0.00023897
2023-12-15 17:00:00,0.04954,0.05003,0.04952,0.04967,11728333,584640.01795,3519,6815452,339742.934,0.000604351329573,ARPA-USDT,0.0495305298308655,0.0496021129498977,
2023-12-15 18:00:00,0.04967,0.05011,0.04966,0.0501,4281959,213669.12807,1892,1975067,98562.64812,0.0013991605036978,ARPA-USDT,0.0497000844571225,0.0497384714594683,
2023-12-15 19:00:00,0.0501,0.05071,0.04989,0.05062,19233622,968045.11942,6313,9538603,480259.76378,0.0007908264136022,ARPA-USDT,0.0500864613031842,0.0500829469106753,
2023-12-15 20:00:00,0.05062,0.05198,0.0506,0.05084,44482104,2280922.11635,14641,20010209,1026119.02086,0.0015760441292356,ARPA-USDT,0.0507086528171843,0.0507920078577519,
2023-12-15 21:00:00,0.05085,0.05133,0.05049,0.05077,23876209,1213863.01439,7768,11738341,596886.82408,0.0013806706114398,ARPA-USDT,0.0508542193775677,0.0508054008851851,
2023-12-15 22:00:00,0.05076,0.0513,0.04982,0.05031,25537467,1291490.08581,7975,11274107,570541.78659,0.0005966587112171,ARPA-USDT,0.0506760439122115,0.0506512182840316,
2023-12-15 23:00:00,0.05032,0.05049,0.04967,0.04999,18368688,918810.27681,6443,7940926,397452.38259,0.0012016823552973,ARPA-USDT,0.050263225190116,0.0503588592814585,
2023-12-16 00:00:00,0.04999,0.05085,0.04972,0.05082,15645844,787230.28686,6091,8005446,402657.58948,0.0007877116975185,ARPA-USDT,0.0500491784819335,0.0501801772137978,0.00030116
2023-12-16 01:00:00,0.05082,0.05113,0.05077,0.05093,11656571,594081.19845,4088,6142488,313011.731,0.0025590551181102,ARPA-USDT,0.0508043426809967,0.0509732857882651,
2023-12-16 02:00:00,0.05094,0.05161,0.05087,0.05149,10055575,515820.68423,3995,5144667,263910.60336,0.0005829770695686,ARPA-USDT,0.0509318198338944,0.0509279947295082,
2023-12-16 03:00:00,0.05149,0.05151,0.05127,0.05131,6698183,344065.83422,2847,2856136,146687.66091,0.0007801833430856,ARPA-USDT,0.0514748673717606,0.0514015304797698,
2023-12-16 04:00:00,0.0513,0.05167,0.05112,0.05155,8726462,448823.42665,3638,4391715,225898.0778,-0.0001939487975175,ARPA-USDT,0.051296261148272,0.0512602965888128,
2023-12-16 05:00:00,0.05154,0.05184,0.05146,0.05168,9606843,495835.26574,3710,4320355,222984.04455,-0.0001934610176049,ARPA-USDT,0.0515308225707257,0.0515474594212286,
2023-12-16 06:00:00,0.05168,0.05172,0.05113,0.05126,11463818,588917.28437,3850,3997863,205403.65365,0.0009763718023823,ARPA-USDT,0.0517015038307005,0.0516796162119239,
2023-12-16 07:00:00,0.05126,0.05127,0.05084,0.05096,9278672,473277.93018,3788,4781672,243869.42404,0.0007855459544383,ARPA-USDT,0.0512556848012567,0.0511123775565787,
2023-12-16 08:00:00,0.05096,0.05108,0.05053,0.05062,8912208,453022.75258,3709,3667331,186547.47293,0.0007908264136022,ARPA-USDT,0.0509333310499024,0.0509863067004453,0.00046424
2023-12-16 09:00:00,0.05062,0.05093,0.05055,0.05083,9849472,499598.36495,3676,5029123,255159.88474,0.0005905511811024,ARPA-USDT,0.0506102751074292,0.0505988064454986,
2023-12-16 10:00:00,0.05084,0.05095,0.05057,0.05068,6029815,306309.94632,2266,3041284,154502.34972,0.0003947887879984,ARPA-USDT,0.050825002658082,0.0508254842595263,
2023-12-16 11:00:00,0.05069,0.0514,0.05069,0.05139,9718749,495430.62894,3497,5451630,278165.35766,0.0,ARPA-USDT,0.0507236088764444,0.0507964892336998,
2023-12-16 12:00:00,0.05139,0.0517,0.05127,0.05137,13950589,718023.60826,5011,6381108,328478.58086,0.0003894839337876,ARPA-USDT,0.0513767167214483,0.0513482781981118,
2023-12-16 13:00:00,0.05138,0.05154,0.051,0.0512,7973809,408785.26345,3435,3868566,198370.80061,0.0001953506544247,ARPA-USDT,0.0514048132818354,0.0514253015810002,
2023-12-16 14:00:00,0.0512,0.05131,0.05104,0.05118,4851008,248304.74706,2225,2461986,126028.10484,0.0005865102639297,ARPA-USDT,0.0512213075255217,0.0512028289658471,
2023-12-16 15:00:00,0.05119,0.0514,0.05104,0.05134,5265769,269737.75852,2301,2240634,114759.67971,0.0003897116134061,ARPA-USDT,0.0511877301375713,0.051224992040702,
2023-12-16 16:00:00,0.05135,0.05167,0.05109,0.05149,7856665,403535.33263,3630,3759897,193206.09148,0.0003885758694384,ARPA-USDT,0.0512365405011233,0.0512235378738708,0.00034027
2023-12-16 17:00:00,0.0515,0.05203,0.05127,0.05188,14151874,731258.69443,5277,8351221,431668.29629,0.0001927896664739,ARPA-USDT,0.0514718218071212,0.05140974282114,
2023-12-16 18:00:00,0.05189,0.05195,0.05105,0.05131,13327532,686439.4346,5466,5757371,296567.35799,0.000975419430355,ARPA-USDT,0.0518922399497597,0.0518498074093918,
2023-12-16 19:00:00,0.05132,0.05152,0.051,0.05135,14116288,723686.58416,5432,6881549,352833.06315,0.0013650546021841,ARPA-USDT,0.0514006962597211,0.0514087820523939,
2023-12-16 20:00:00,0.05136,0.0517,0.051,0.05119,10002554,514335.35535,4004,3864630,198725.23937,0.0003908540160248,ARPA-USDT,0.0513836809493584,0.0515078898689282,
2023-12-16 21:00:00,0.05119,0.05139,0.05093,0.05096,6427992,328882.25684,3013,3110982,159205.21234,0.0003926187671769,ARPA-USDT,0.0511993283711468,0.0512946444445531,
2023-12-16 22:00:00,0.05096,0.05126,0.05071,0.05118,7080924,361157.0806,2908,3184521,162464.11154,0.0,ARPA-USDT,0.0509605393007565,0.0509426016727194,
2023-12-16 23:00:00,0.05119,0.05122,0.05086,0.0511,5609501,286191.67344,2405,2230431,113743.86186,0.0001957330201605,ARPA-USDT,0.0511611486517381,0.0511021785054362,
2023-12-17 00:00:00,0.05111,0.05133,0.05109,0.05114,4983838,255282.79472,2495,2445435,125252.56338,0.0003912363067293,ARPA-USDT,0.051129495751608,0.0512280205884942,0.00020495
2023-12-17 01:00:00,0.05115,0.05134,0.05072,0.05126,8592957,438677.77869,3586,4645725,237212.07843,0.000390320062451,ARPA-USDT,0.0510991236277816,0.0511473547997683,
2023-12-17 02:00:00,0.05126,0.05164,0.05089,0.05091,9205135,472131.57601,3889,4595734,235800.97848,0.0005896226415094,ARPA-USDT,0.0512786212888847,0.0513753816585753,
2023-12-17 03:00:00,0.05091,0.051,0.05037,0.05073,7597986,384736.01182,3502,3411819,172797.53379000002,0.0007891102781614,ARPA-USDT,0.050907894680498,0.0509375664464713,
2023-12-17 04:00:00,0.05072,0.05099,0.05068,0.05086,3421629,173957.41347,1907,1885580,95858.71344,0.0007870916961827,ARPA-USDT,0.0507406571518976,0.0507750603815352,
2023-12-17 05:00:00,0.05086,0.05103,0.05001,0.05023,12594459,634862.61898,4928,6554649,330360.28136,0.0015952143569291,ARPA-USDT,0.0508704025753981,0.0508791836078739,
2023-12-17 06:00:00,0.05023,0.05041,0.04942,0.0499,15884193,792799.79776,6307,7001580,349364.28191,0.0008022462896108,ARPA-USDT,0.0501759204451531,0.0502815550893311,
2023-12-17 07:00:00,0.04991,0.05003,0.04942,0.04943,9158501,455650.08959,4200,4407041,219274.94345,0.0016210739614994,ARPA-USDT,0.0498913426405932,0.0499623134847344,
2023-12-17 08:00:00,0.04943,0.0498,0.04923,0.04964,9140805,452533.58357,4427,4705874,233070.91019,0.0014121444422028,ARPA-USDT,0.049438599788367,0.0494180182565208,0.0001
2023-12-17 09:00:00,0.04964,0.04996,0.04959,0.0499,6066537,302009.28171,3237,3169071,157769.84058,0.000601564066573,ARPA-USDT,0.0496261245837758,0.0497105981047343,
2023-12-17 10:00:00,0.0499,0.05086,0.04983,0.05085,10895978,546823.54018,4437,5853990,293867.86053,0.0003934684241588,ARPA-USDT,0.0498668173616634,0.0498997276187484,
2023-12-17 11:00:00,0.05085,0.05277,0.05044,0.05198,69741656,3625828.33946,21770,33472281,1739817.55549,0.0,ARPA-USDT,0.0508634644288759,0.0506944652980157,
2023-12-17 12:00:00,0.05198,0.05276,0.05152,0.05202,35616176,1852249.68812,14205,18802571,978094.83363,0.0001922707171697,ARPA-USDT,0.0520204347631597,0.0519733248515106,
2023-12-17 13:00:00,0.05203,0.05251,0.05139,0.0515,28011980,1452170.59934,11194,13525429,701667.39914,0.0005828638041576,ARPA-USDT,0.0520264548523347,0.0521642462029223,
2023-12-17 14:00:00,0.05149,0.05179,0.05089,0.05142,22463841,1152726.00325,8401,12093537,620670.30399,0.0007785130400934,ARPA-USDT,0.0513977197193687,0.0515153861782193,
2023-12-17 15:00:00,0.05141,0.05255,0.05138,0.05227,23329934,1216148.10589,8586,12763629,665418.06429,0.000574272588055,ARPA-USDT,0.0514067637294231,0.0514987884641167,
2023-12-17 16:00:00,0.05229,0.05287,0.05202,0.05272,23349060,1224730.05119,8555,13154418,690064.98432,0.0007593014426727,ARPA-USDT,0.0523029489373673,0.0522257329688385,0.00011902
2023-12-17 17:00:00,0.05273,0.0534,0.05236,0.0528,34647236,1833374.44621,9958,14991381,793774.45594,0.0003789314134141,ARPA-USDT,0.0526715086874204,0.0525602789623236,
2023-12-17 18:00:00,0.05279,0.05347,0.05208,0.05292,24679753,1303404.8171,8815,11599201,612689.62813,0.0011350737797957,ARPA-USDT,0.0527511126042165,0.052589451694956,
2023-12-17 19:00:00,0.05292,0.05313,0.05255,0.05285,13251305,700074.9517,5077,6780655,358243.24409,0.0013262599469496,ARPA-USDT,0.0528811961183086,0.0528570694460264,
2023-12-17 20:00:00,0.05286,0.05295,0.05247,0.0525,9801454,516392.35307,4341,4724147,248853.01038,0.0003810975609754,ARPA-USDT,0.0528033708869814,0.0527261377493029,
2023-12-17 21:00:00,0.0525,0.05252,0.05189,0.05199,12822204,668947.5525,4732,4960484,258882.774,0.001155401502022,ARPA-USDT,0.0524633162440639,0.0524356198211579,
2023-12-17 22:00:00,0.05198,0.05206,0.051,0.05122,13091944,673970.37875,4762,5430715,279800.39158,0.0009771350400624,ARPA-USDT,0.0520154063640811,0.0519471693096142,
2023-12-17 23:00:00,0.05122,0.05122,0.05054,0.05081,14700187,747438.50874,5860,8273551,420493.97242,0.0011822660098521,ARPA-USDT,0.0511335060487631,0.0511183728714361,
2023-12-18 00:00:00,0.0508,0.05106,0.0503,0.05032,18751249,951040.30638,6837,7296998,370320.27645,0.0005965400676077,ARPA-USDT,0.0508901250820738,0.0508505674471685,0.00020259
2023-12-18 01:00:00,0.05032,0.05063,0.04915,0.0492,26329712,1308628.46733,9881,11390107,566418.37766,0.0004066693777957,ARPA-USDT,0.0503552647793954,0.050302196195161,
2023-12-18 02:00:00,0.0492,0.04925,0.04753,0.04782,37084155,1797431.29499,13646,14029332,679564.14091,0.0014659685863873,ARPA-USDT,0.0491790992330499,0.0491521670889357,
2023-12-18 03:00:00,0.04781,0.04886,0.04771,0.04851,17498854,846265.92315,6005,9075676,438813.1012,0.001031778786628,ARPA-USDT,0.0477963315245516,0.0479212488356133,
2023-12-18 04:00:00,0.04852,0.04881,0.0483,0.04878,10688850,518205.21275,3549,5793912,280967.69023,0.0008206811653672,ARPA-USDT,0.0485332989270088,0.0484413463832176,
2023-12-18 05:00:00,0.04878,0.04897,0.0481,0.04814,13746322,668073.33749,4276,6322550,307299.38672,0.0008316008316009,ARPA-USDT,0.0487887053309632,0.048776819984108,
2023-12-18 06:00:00,0.04815,0.04875,0.04799,0.0487,10183118,492279.59997,3554,5445206,263255.10906,0.0008220304151254,ARPA-USDT,0.0481489728566683,0.0481037790768767,
2023-12-18 07:00:00,0.0487,0.0487,0.04776,0.04793,15430788,744118.89626,6006,6328910,305364.84797,0.0008352474420547,ARPA-USDT,0.0486743291295378,0.0486144785794701,
2023-12-18 08:00:00,0.04792,0.04842,0.04738,0.04822,15727906,754537.21558,6306,7987635,383351.43849,0.0014537902388369,ARPA-USDT,0.0479445174675246,0.0480622737562598,0.00013091
2023-12-18 09:00:00,0.04822,0.04827,0.04719,0.04771,19462910,927541.94163,8143,9332823,444750.63763,0.0010490977759127,ARPA-USDT,0.0482191320658763,0.0481986078390249,
2023-12-18 10:00:00,0.04769,0.0477,0.04633,0.04728,32526458,1527246.82652,12570,14634008,687417.46097,0.0008467400508045,ARPA-USDT,0.0476742581864143,0.0476241137856889,
2023-12-18 11:00:00,0.04727,0.04768,0.04721,0.04759,8826714,419220.94705,3424,4606118,218782.71213,0.0006307821698907,ARPA-USDT,0.0472485708794231,0.0472987265443694,
2023-12-18 12:00:00,0.04758,0.0476,0.04719,0.04725,6904880,326835.83299,3120,3449274,163277.37183,0.0004234596654668,ARPA-USDT,0.0475514329377599,0.0474835805913134,
2023-12-18 13:00:00,0.04725,0.04828,0.04721,0.04818,12602573,602206.69136,4549,6377737,304988.09236,0.0002075980900977,ARPA-USDT,0.0472281864449974,0.0473104582804486,
2023-12-18 14:00:00,0.04818,0.04889,0.04811,0.04855,15732280,763671.48745,5548,6916841,335662.80292,0.001443894389439,ARPA-USDT,0.0481992290713725,0.0481892113958381,
2023-12-18 15:00:00,0.04855,0.04861,0.04803,0.0481,8050632,388783.30005,4095,3677347,177627.47269,0.0008322929671245,ARPA-USDT,0.0485810759513559,0.0484725099185625,
2023-12-18 16:00:00,0.04808,0.04876,0.04779,0.04873,17923347,866730.84016,6322,10713666,518509.37622,0.0010271158586689,ARPA-USDT,0.0480918257624186,0.0480989267105677,0.0001
2023-12-18 17:00:00,0.04873,0.04892,0.04856,0.04859,10370395,505463.9993,3527,5025359,244931.79847,0.0008238928939237,ARPA-USDT,0.0486875634022674,0.0486723224767417,
2023-12-18 18:00:00,0.04859,0.0487,0.04838,0.0486,7716740,374420.55889,2775,2741521,133086.5288,0.0006176652254477,ARPA-USDT,0.0485578329288239,0.0485399079338572,
2023-12-18 19:00:00,0.0486,0.04883,0.04844,0.04856,5817540,283260.33923,2538,3078604,149908.75618,0.0,ARPA-USDT,0.0485940399592252,0.048627263334708,
2023-12-18 20:00:00,0.04855,0.0489,0.04821,0.04877,6745448,327568.91176,2857,2985382,144978.41511,0.0008208495793144,ARPA-USDT,0.0486061972426849,0.048653454757244,
2023-12-18 21:00:00,0.04877,0.0494,0.04876,0.04933,11475359,564502.27366,4558,5332723,262374.88154,0.0002027575020275,ARPA-USDT,0.048815315506406,0.0488552108778006,
2023-12-18 22:00:00,0.04934,0.0495,0.04919,0.04936,8224751,405885.03929,2965,4260645,210273.49611,0.0006081491992702,ARPA-USDT,0.0493259356878668,0.0492946487153896,
2023-12-18 23:00:00,0.04936,0.04954,0.0493,0.04951,4502695,222609.81733,1757,1941113,95946.43096,0.0008085708510208,ARPA-USDT,0.0493726987392169,0.0494631589812678,
2023-12-19 00:00:00,0.04952,0.04973,0.0493,0.0495,6317775,312555.95214,2751,2993541,148114.12174,0.0008087343307725,ARPA-USDT,0.0494848425584094,0.0494617085613415,0.0001
2023-12-19 01:00:00,0.0495,0.05024,0.04937,0.05023,6789032,337894.00549,2635,2984427,148435.86071,0.0013955342902709,ARPA-USDT,0.0495168904609602,0.0494538126422694,
2023-12-19 02:00:00,0.05023,0.05046,0.04994,0.04999,8909447,447722.44789,3360,3295018,165532.30535,0.0008008008008006,ARPA-USDT,0.0502541363310474,0.0502658278523071,
2023-12-19 03:00:00,0.04999,0.05014,0.04989,0.04994,4291139,214526.4472,2048,1907944,95401.17654,0.0002002803925496,ARPA-USDT,0.0499503443486798,0.049930694831694,
2023-12-19 04:00:00,0.04995,0.05019,0.04963,0.04991,5526234,275722.10241,2492,2846919,142037.40916,0.0006014434643144,ARPA-USDT,0.0499910092101409,0.0500428597217294,
2023-12-19 05:00:00,0.04992,0.05032,0.04982,0.04995,7051086,352988.3323,2645,3497803,175141.72554,0.0004005607850992,ARPA-USDT,0.0499253219266749,0.0499014999634244,
2023-12-19 06:00:00,0.04995,0.05006,0.04971,0.04981,6263486,312473.21626,2561,3099918,154719.34232,0.0016086869093101,ARPA-USDT,0.0499853425358511,0.0499520694073515,
2023-12-19 07:00:00,0.0498,0.05026,0.04977,0.05017,5971978,298489.98076,2267,3092868,154655.30394,0.0001993620414673,ARPA-USDT,0.0498106531815039,0.0498157414425374,
2023-12-19 08:00:00,0.05018,0.05058,0.05004,0.05042,11255618,567288.0168,3630,6345781,319915.43441,0.0003968253968253,ARPA-USDT,0.050181988504174,0.0501087656819543,0.0001
2023-12-19 09:00:00,0.05041,0.05088,0.05025,0.05078,13551953,685649.60437,4886,7205906,364647.29018,0.0003940110323088,ARPA-USDT,0.0504273427424948,0.0504351401402456,
2023-12-19 10:00:00,0.05079,0.05091,0.05041,0.05072,9685413,491167.96516,3514,4687519,237718.238,0.000789265982636,ARPA-USDT,0.0507586234199401,0.0506741906764345,
2023-12-19 11:00:00,0.05072,0.05129,0.0507,0.05091,12417384,633886.99341,4661,6183468,315633.06375000003,0.0001964636542239,ARPA-USDT,0.0507190170250601,0.050768591386094,
2023-12-19 12:00:00,0.05091,0.05111,0.05032,0.05038,9001513,456425.43859,3937,4297486,218028.94422,0.0013913734843966,ARPA-USDT,0.0509338337023398,0.0509498078170995,
2023-12-19 13:00:00,0.05037,0.05089,0.05036,0.05057,7748111,392430.26786,3084,3882543,196647.89514,0.0009897070467139,ARPA-USDT,0.0503769267420306,0.0505540709668447,
2023-12-19 14:00:00,0.05057,0.05064,0.04949,0.04987,19693072,986444.99323,7671,8488389,425212.53757,0.0004012036108325,ARPA-USDT,0.0505463767937519,0.0505561514493015,
2023-12-19 15:00:00,0.04988,0.05048,0.0496,0.0502,9151028,459347.03275,3938,4521245,226994.91765,0.0005979669124975,ARPA-USDT,0.049892382817299,0.0498178195940293,
2023-12-19 16:00:00,0.05021,0.05052,0.05007,0.05025,5351986,269298.96373,2552,2443402,122946.56991,0.0007966540529775,ARPA-USDT,0.05014364915478,0.0501708328988855,0.0001
2023-12-19 17:00:00,0.05026,0.05035,0.04921,0.04947,21467745,1065906.24118,7156,8659030,430457.16962,0.0006067961165048,ARPA-USDT,0.0503060684286593,0.0502099984465949,
2023-12-19 18:00:00,0.04948,0.05018,0.04928,0.05016,7731209,384474.51161,3600,3782552,188137.83726,0.0005984440454818,ARPA-USDT,0.0495076004519224,0.0495100755837013,
2023-12-19 19:00:00,0.05016,0.05039,0.04993,0.0502,6615821,332118.27212,2704,2722850,136674.8242,0.0007974481658692,ARPA-USDT,0.0501502836372303,0.0501408137615704,
2023-12-19 20:00:00,0.05021,0.05042,0.04989,0.04992,4941705,247842.6641,2396,2501330,125406.87639,0.0004008016032064,ARPA-USDT,0.050187466073677,0.0502147175132821,
2023-12-19 21:00:00,0.04992,0.05021,0.04983,0.04995,5863516,293286.88052,2285,3016234,150880.52866,0.0012026458208058,ARPA-USDT,0.0499514982479293,0.050046076045764,
2023-12-19 22:00:00,0.04994,0.05,0.04918,0.04928,10197766,504824.32744,3786,4052981,200472.35437,0.0008123476848089,ARPA-USDT,0.04995694413533,0.0498589627258177,
2023-12-19 23:00:00,0.04927,0.04955,0.04886,0.04932,13740337,675673.51879,4424,5597136,275211.4238,0.0008116883116884,ARPA-USDT,0.0492702926538219,0.0493643528641984,
2023-12-20 00:00:00,0.04932,0.04982,0.04904,0.04979,9620499,475854.88466,4052,4727666,234017.60071,0.0006028938906752,ARPA-USDT,0.0493186484545299,0.0492706476242609,0.0001
2023-12-20 01:00:00,0.04979,0.05006,0.04915,0.04932,8218951,408324.05395,3097,4077459,202566.55732,0.0006086427267195,ARPA-USDT,0.0497814609853436,0.0498396938828457,
2023-12-20 02:00:00,0.0493,0.04959,0.0489,0.04951,8670597,426890.63247,3672,4357606,214526.9943,0.0006063055780112,ARPA-USDT,0.0493432082238429,0.0493565775998532,
2023-12-20 03:00:00,0.0495,0.04969,0.0494,0.04966,24718088,1224264.58249,2560,21481978,1063911.48041,0.0006044731009471,ARPA-USDT,0.0494593903457663,0.0495024468672447,
2023-12-20 04:00:00,0.04966,0.05036,0.04957,0.05025,9931172,496910.10521,3720,5159129,258080.67069,0.0001990445859874,ARPA-USDT,0.049604371946892,0.0496884833644544,
2023-12-20 05:00:00,0.05025,0.0503,0.0499,0.05012,6411837,321322.30535,2506,2664724,133560.70838,0.0005989219405069,ARPA-USDT,0.0502370100968126,0.0502022561484499,
2023-12-20 06:00:00,0.05011,0.05028,0.04982,0.04983,7555177,378379.76533,2630,3233734,161948.21722,0.0008033741715203,ARPA-USDT,0.0500793651934178,0.0500394445233561,
2023-12-20 07:00:00,0.04984,0.04993,0.04957,0.04993,6159367,306414.5627,2611,2910370,144791.85125,0.0012031281331463,ARPA-USDT,0.0498594454808716,0.0498327861654131,
2023-12-20 08:00:00,0.04993,0.05011,0.04979,0.05003,5941711,296883.93759,2508,2706169,135201.24198,0.0012007204322592,ARPA-USDT,0.0499236000619698,0.0499806736083676,0.0001114
2023-12-20 09:00:00,0.05003,0.05019,0.04983,0.04992,4687224,234572.45774,2141,2136630,106943.28749,0.0004008016032064,ARPA-USDT,0.0500923660890019,0.0501050038149715,
2023-12-20 10:00:00,0.04992,0.05028,0.0498,0.05005,7123674,356271.4905,2360,3988681,199487.36753,0.0003997601439136,ARPA-USDT,0.0499092246646397,0.0498831439404867,
2023-12-20 11:00:00,0.05005,0.05024,0.04985,0.0502,6048172,302899.98478,1969,2928348,146643.49224,0.0013963694394574,ARPA-USDT,0.050045361936824,0.0500348709959705,
2023-12-20 12:00:00,0.05019,0.05039,0.04985,0.05031,7984762,400424.66689,2801,4627316,231981.83844,-0.0003973773097556,ARPA-USDT,0.050151278199176,0.0501227776126037,
2023-12-20 13:00:00,0.05032,0.0509,0.05032,0.0509,8098122,409943.5985,3378,4016437,203375.36468,0.0009832841691248,ARPA-USDT,0.0503523990255391,0.0504071662538144,
2023-12-20 14:00:00,0.0509,0.05118,0.05029,0.05036,15472592,785563.28915,5972,6443714,327336.26129,0.0009938382031404,ARPA-USDT,0.0508540928534921,0.0508777108168978,
2023-12-20 15:00:00,0.05035,0.05108,0.05023,0.05082,9863096,500905.36962,4102,4970144,252374.41703,0.000590667454223,ARPA-USDT,0.0504085002167316,0.0504454265208078,
2023-12-20 16:00:00,0.05084,0.05091,0.05021,0.05045,9281761,469698.5903,3663,4331681,219194.64421,0.0,ARPA-USDT,0.0508303616818873,0.0508510456784282,0.00014402
2023-12-20 17:00:00,0.05046,0.05135,0.05044,0.05121,11418226,582163.25099,4091,6226459,317472.34384,0.0009773260359655,ARPA-USDT,0.0505248128825184,0.0506249815001647,
2023-12-20 18:00:00,0.05122,0.05128,0.05091,0.05099,5811525,296893.22689,2563,2427208,124000.30638,0.0007850834151128,ARPA-USDT,0.0512185331087717,0.0511823447583903,
2023-12-20 19:00:00,0.05098,0.05109,0.05041,0.05043,6679811,339227.2669,3066,3125192,158747.80903,0.0007938082952967,ARPA-USDT,0.0510449578186446,0.0510240329414232,
2023-12-20 20:00:00,0.05043,0.05054,0.04944,0.04982,22339341,1115801.49918,8862,10531873,526115.13429,0.0012057877813504,ARPA-USDT,0.0504613184838891,0.0503481195380161,
2023-12-20 21:00:00,0.04983,0.05033,0.04976,0.04996,8002955,400629.2723,3592,4460852,223330.02475,0.0010018032458423,ARPA-USDT,0.049859654752422,0.0499050679132059,
2023-12-20 22:00:00,0.04996,0.05052,0.04989,0.05044,6410390,322142.37825,2996,3886974,195307.92186,0.0007936507936507,ARPA-USDT,0.0499423024012189,0.050062460216741,
2023-12-20 23:00:00,0.05045,0.05057,0.05014,0.05053,4426333,222960.25126,2426,2061186,103832.81048,0.0017842981760507,ARPA-USDT,0.0504653151104185,0.0504043867174688,
2023-12-21 00:00:00,0.05052,0.051,0.05035,0.05089,9814921,498006.94565,4412,5435614,275823.41204,0.0011804052724768,ARPA-USDT,0.0505466660015224,0.0504526545628442,0.0001
2023-12-21 01:00:00,0.0509,0.05135,0.05081,0.05127,12698354,648454.27439,4923,6785133,346564.79301,0.0007807925043921,ARPA-USDT,0.0508823753280002,0.0509428492674765,
2023-12-21 02:00:00,0.05127,0.05208,0.05092,0.05202,15843919,819023.45543,6266,8443940,436400.17807,0.0009620935154897,ARPA-USDT,0.0512284656064467,0.0511235797669259,
2023-12-21 03:00:00,0.05202,0.05215,0.05136,0.0514,14555154,753520.51854,5484,5926977,307123.85282000003,0.0011686793922867,ARPA-USDT,0.0520067900661812,0.0519877810304141,
2023-12-21 04:00:00,0.05139,0.0516,0.05112,0.0512,9284944,477016.41059,3897,3762752,193399.56941,0.001564945226917,ARPA-USDT,0.051333599428965,0.051441801142602,
2023-12-21 05:00:00,0.0512,0.05192,0.05114,0.0516,10723496,553436.23329,4626,5059055,260936.45568,0.0005817335660267,ARPA-USDT,0.0511899252743996,0.0512174021353272,
2023-12-21 06:00:00,0.05161,0.05211,0.05128,0.05185,13216979,683505.33618,5226,6103175,315500.15213,0.0009652509652509,ARPA-USDT,0.0516603710198169,0.0515708218378851,
2023-12-21 07:00:00,0.05185,0.05186,0.05148,0.05152,6375054,329055.83225,3240,2964019,152991.01309,0.0011659541391373,ARPA-USDT,0.0518065451557624,0.0517903601757619,
2023-12-21 08:00:00,0.05152,0.0519,0.05144,0.05169,6413660,331683.22609,3542,3263939,168766.4989,0.0009682416731215,ARPA-USDT,0.0515759764622819,0.0515639787275229,0.00022231
2023-12-21 09:00:00,0.05169,0.0525,0.05168,0.05228,18342586,955450.17975,8049,10117459,526959.49066,0.0017244682889443,ARPA-USDT,0.0517200293777898,0.0517885686947902,
2023-12-21 10:00:00,0.05227,0.05255,0.05203,0.05213,8552367,446803.06292,4175,3900020,203821.71626,0.001344602381867,ARPA-USDT,0.0522766032189336,0.0523312608954526,
2023-12-21 11:00:00,0.05212,0.05221,0.05179,0.05191,8886317,461828.96143,3794,3485695,181171.25691,0.0011571841851494,ARPA-USDT,0.0521638794174068,0.0521515122007411,
2023-12-21 12:00:00,0.05192,0.05233,0.05177,0.05211,12129928,631048.30401,4925,5671295,295049.5612,0.0011527377521614,ARPA-USDT,0.0519938200914673,0.0520554787806561,
2023-12-21 13:00:00,0.0521,0.05233,0.05181,0.05233,10336431,538297.7322,4480,5388301,280726.01093,0.0017228177641654,ARPA-USDT,0.0521515783026862,0.0520306174386155,
2023-12-21 14:00:00,0.05232,0.05234,0.05145,0.05177,17885788,926204.23261,7916,8267133,428143.7921,0.0011603171533551,ARPA-USDT,0.0523043906778251,0.0521647438187442,
2023-12-21 15:00:00,0.05177,0.05241,0.05149,0.05194,15954915,830585.74762,6667,8453225,440066.88271,0.0009635767970708,ARPA-USDT,0.0517908436240913,0.051777039322097,
2023-12-21 16:00:00,0.05194,0.05208,0.05169,0.05201,7475834,387926.07758,3740,3679634,190977.47416,0.0009622786759044,ARPA-USDT,0.0519542208120585,0.0519274056323017,0.00011792
2023-12-21 17:00:00,0.05203,0.05231,0.05175,0.05193,7536742,392130.37098,3476,3493003,181812.78976,0.0019293845263359,ARPA-USDT,0.0519998733200474,0.0519646515593058,
2023-12-21 18:00:00,0.05194,0.05323,0.05194,0.05257,23298504,1228457.94563,8755,11217604,591254.48941,0.0013333333333334,ARPA-USDT,0.0520318066750106,0.0520930953921591,
2023-12-21 19:00:00,0.05257,0.05291,0.05228,0.0529,15197722,799719.21159,5731,6845968,360327.53021,0.0011355034065103,ARPA-USDT,0.0526207112830306,0.0527025947826417,
2023-12-21 20:00:00,0.05289,0.05308,0.05269,0.05289,12186062,644353.29931,4420,6345961,335559.31548,0.0018942981625307,ARPA-USDT,0.0528888736701085,0.052906267724442,
2023-12-21 21:00:00,0.05289,0.05301,0.05246,0.05284,10496920,553474.53775,4330,4269892,225222.5433,0.0017061611374407,ARPA-USDT,0.052873162058327,0.052838703379337,
2023-12-21 22:00:00,0.05284,0.05322,0.05273,0.05316,8597744,455374.74333,3149,5367067,284238.4977,0.0011299435028249,ARPA-USDT,0.0529201278676194,0.0527989810167748,
2023-12-21 23:00:00,0.05317,0.05323,0.0527,0.05297,9928569,525115.94491,3613,3960380,209619.23261,0.0015125732652676,ARPA-USDT,0.0532061349786715,0.0531755963476541,
2023-12-22 00:00:00,0.05298,0.05372,0.05298,0.05354,8002497,427211.33971,3988,4784849,255429.0244,0.0013091453151299,ARPA-USDT,0.0531011080185911,0.0531176698367395,0.00026928
2023-12-22 01:00:00,0.05355,0.05372,0.05332,0.05345,5736756,306961.14689,2672,2463940,131842.77886,0.0014989694584972,ARPA-USDT,0.0535586352276513,0.0535404697824258,
2023-12-22 02:00:00,0.05345,0.05359,0.05307,0.05318,6277292,334858.98149000003,2911,3111350,165988.9565,0.003017729158808,ARPA-USDT,0.0534894458879178,0.0534927150074343,
2023-12-22 03:00:00,0.0532,0.05352,0.05288,0.05349,6038524,321302.0177,2911,2723040,144906.50543,0.0011229646266144,ARPA-USDT,0.0531925172093359,0.0533010246209691,
2023-12-22 04:00:00,0.0535,0.05352,0.05306,0.0533,5837735,310758.14717,2653,2484007,132265.57772,0.0013150479053165,ARPA-USDT,0.0534281083965455,0.0534140078593062,
2023-12-22 05:00:00,0.05329,0.05333,0.05293,0.05306,4412154,234723.28265,2453,1542143,82035.87851,0.0013210039630118,ARPA-USDT,0.0532946131502821,0.0532880166238311,
2023-12-22 06:00:00,0.05306,0.05308,0.05203,0.05226,16564307,871020.58254,6711,6987245,367615.1635,0.0015331544653125,ARPA-USDT,0.0530300676143061,0.0529013373418954,
2023-12-22 07:00:00,0.05228,0.05264,0.05177,0.05262,21204587,1108513.48468,10039,10650322,557038.94378,0.0017133066818959,ARPA-USDT,0.0523171012329565,0.052225254344424,
2023-12-22 08:00:00,0.05262,0.0536,0.05252,0.05296,22917945,1218491.0511,9664,12411963,659985.2951,0.0026505111700114,ARPA-USDT,0.0526754397955762,0.0526810397750676,0.00031767
2023-12-22 09:00:00,0.053,0.05357,0.05234,0.05318,26487104,1404621.69767,8995,12683443,672561.26339,0.0015065913370997,ARPA-USDT,0.053049652781729,0.052877146760384,
2023-12-22 10:00:00,0.05318,0.05377,0.05283,0.05365,11940753,637321.52642,5209,6089945,325353.92429,0.0011196118678857,ARPA-USDT,0.0532394441689313,0.0532950522690566,
2023-12-22 11:00:00,0.05364,0.05453,0.05362,0.05411,25364805,1374758.7347,8343,13040003,706333.85746,0.0012953367875647,ARPA-USDT,0.0537126677009716,0.0539838675813793,
2023-12-22 12:00:00,0.05411,0.0542,0.05292,0.05295,27189930,1457759.59918,7369,8002946,429294.86183,0.0015131454511063,ARPA-USDT,0.0541022228861503,0.0540218490407052,
2023-12-22 13:00:00,0.05297,0.05333,0.05289,0.05329,9117301,484266.87945,3688,4311528,229000.70079,0.0009391435011267,ARPA-USDT,0.0529672756638274,0.0530111378632111,
2023-12-22 14:00:00,0.0533,0.05367,0.05252,0.05366,13332904,707554.22153,5415,7033246,373664.24391,0.0009326618168252,ARPA-USDT,0.0533716494178408,0.0533745668481726,
2023-12-22 15:00:00,0.05366,0.05381,0.05314,0.0538,10658357,569949.35702,4305,5305085,283681.36263,0.0011164867882396,ARPA-USDT,0.0536661259253998,0.0534602068869931,
2023-12-22 16:00:00,0.05379,0.05395,0.05341,0.05376,12654122,679801.30375,4735,5511957,296172.25143,0.0011173184357542,ARPA-USDT,0.0537489288841914,0.0537110258101957,0.00055912
2023-12-22 17:00:00,0.05378,0.05405,0.05364,0.05369,7639770,411338.35052,3308,3122909,168147.58784,0.0013054830287206,ARPA-USDT,0.0537673172444282,0.0538166279825273,
2023-12-22 18:00:00,0.0537,0.05392,0.0535,0.05361,9093307,488137.92283,3319,4055517,217736.41891,0.001307433694434,ARPA-USDT,0.0536969034402441,0.0536319949594063,
2023-12-22 19:00:00,0.0536,0.05362,0.05296,0.05301,8446110,449639.29988,3722,3365338,179189.76666,0.0011331444759208,ARPA-USDT,0.0535965748178591,0.0534925329672973,
2023-12-22 20:00:00,0.05303,0.05363,0.05302,0.05363,5123066,273331.59064,2600,3130734,167124.04681,0.0020553064275037,ARPA-USDT,0.053045777668568,0.0531489888756136,
2023-12-22 21:00:00,0.05363,0.05386,0.05351,0.05367,4406780,236658.17328,2533,2108876,113250.53325,0.0014928158238478,ARPA-USDT,0.0536338260501996,0.0536046851442718,
2023-12-22 22:00:00,0.05368,0.05378,0.05346,0.05365,3569932,191535.21555,1975,1559390,83672.03237,0.0011196118678857,ARPA-USDT,0.0537258054840843,0.0537397485985091,
2023-12-22 23:00:00,0.05365,0.05399,0.05353,0.05385,4861546,261540.81851,3050,2657898,143003.28693,0.0011154489682096,ARPA-USDT,0.0536219281577325,0.0535865791436031,
2023-12-23 00:00:00,0.05386,0.05403,0.05351,0.05358,8972347,482398.38463,4559,4065482,218608.93638,0.0014953271028037,ARPA-USDT,0.0538189756245775,0.053772035066403,0.00057576
2023-12-23 01:00:00,0.05359,0.05375,0.05259,0.05268,10424349,554210.47604,4926,4299554,228693.34653,0.0003797949107482,ARPA-USDT,0.0536703453093812,0.0536516900941749,
2023-12-23 02:00:00,0.05268,0.05329,0.05264,0.05273,10331378,547601.85649,4301,4957119,262769.85855,0.0015194681861347,ARPA-USDT,0.0527451494587971,0.0528597699025112,
2023-12-23 03:00:00,0.05274,0.05325,0.05213,0.05244,8971028,472953.63968,4244,4052551,213751.92166,0.0011454753722794,ARPA-USDT,0.0526385936414934,0.0527983683235601,
2023-12-23 04:00:00,0.05243,0.0528,0.05207,0.05276,7404316,388204.73193,3854,3786407,198527.86362,0.000948586605957,ARPA-USDT,0.0524574360069398,0.0523669140045297,
2023-12-23 05:00:00,0.05277,0.0534,0.05267,0.0531,8560270,454506.02991,3355,4020872,213528.40404,0.0020758633704471,ARPA-USDT,0.0527385685734879,0.052729072675157,
2023-12-23 06:00:00,0.05311,0.05312,0.05259,0.05268,5009876,264547.48637,2213,2448928,129297.74667,0.0017113519680547,ARPA-USDT,0.0531005444975192,0.0530309345402531,
2023-12-23 07:00:00,0.05269,0.05277,0.05224,0.05232,5345218,280453.8462,2739,2416488,126800.3992,0.0017231476163124,ARPA-USDT,0.0526527339968147,0.0526427303548816,
2023-12-23 08:00:00,0.05232,0.05297,0.05217,0.05283,12057657,633230.93686,3898,7070050,371438.13933,0.0011370096645821,ARPA-USDT,0.0523166024551355,0.0523094039735838,0.00010746
2023-12-23 09:00:00,0.05284,0.05285,0.05261,0.05278,3857489,203404.4306,1778,1674373,88285.87163,0.0020884754129484,ARPA-USDT,0.0528228759268219,0.0527952197356711,
2023-12-23 10:00:00,0.05276,0.05296,0.05256,0.05264,6994890,368870.81128,2350,2616349,138082.03366000002,0.0013315579227697,ARPA-USDT,0.0527748429155597,0.0527805697991984,
2023-12-23 11:00:00,0.05264,0.05275,0.05235,0.05254,4461927,234508.4452,2157,2066420,108611.55812,0.0009525623928368,ARPA-USDT,0.0526332779234695,0.0527044984265753,
2023-12-23 12:00:00,0.05254,0.05298,0.05247,0.05287,5185716,273869.73513,2144,3116678,164589.01447999998,0.000757145561234,ARPA-USDT,0.0525244723072996,0.0525126349475988,
2023-12-23 13:00:00,0.05287,0.05378,0.05282,0.0536,13239474,706190.55753,5152,6942854,370498.42521,0.0003732736095558,ARPA-USDT,0.0528925399935097,0.0528979002659367,
2023-12-23 14:00:00,0.05361,0.0538,0.05329,0.05357,6582591,352737.55582,3221,2947968,158023.41835,0.0007472445357743,ARPA-USDT,0.0535896315868086,0.0534742992315254,
2023-12-23 15:00:00,0.05358,0.05367,0.0532,0.05338,6428719,343471.63723,3082,3006535,160644.81677,0.0005623242736643,ARPA-USDT,0.053574358141337,0.053536730243984,
2023-12-23 16:00:00,0.05339,0.0542,0.05338,0.05391,9116668,490381.23831,4224,4328086,232882.53673,0.0014861601337543,ARPA-USDT,0.0534029150045504,0.0535358558854921,0.00046556
2023-12-23 17:00:00,0.05391,0.0543,0.05387,0.05422,7285695,394350.08832,3198,3809973,206225.09986,0.0005536076766929,ARPA-USDT,0.0539629111894682,0.054008095998958,
2023-12-23 18:00:00,0.05423,0.05423,0.05387,0.054,6562535,354564.90614,3056,2879311,155548.77736,0.0016694490818029,ARPA-USDT,0.0541446150154761,0.0540884888346696,
2023-12-23 19:00:00,0.05399,0.05414,0.05362,0.05408,9020238,485951.74874,3925,4137105,223019.92333,0.001296056285873,ARPA-USDT,0.054043401545917,0.0540031841478155,
2023-12-23 20:00:00,0.05409,0.05433,0.05381,0.05392,5454400,294745.45192,2701,2826790,152840.48081,0.0018580453363061,ARPA-USDT,0.0542157664310242,0.0542367278919138,
2023-12-23 21:00:00,0.05391,0.05426,0.05365,0.05426,4346322,234524.26354,2475,2308767,124636.52972,0.0012917512456172,ARPA-USDT,0.0539092544425925,0.0538156133784563,
2023-12-23 22:00:00,0.05426,0.0546,0.05394,0.05449,8578599,465699.27665,3798,4513617,245058.38663,0.0012862918044835,ARPA-USDT,0.0542703126595532,0.0541987062936145,
2023-12-23 23:00:00,0.0545,0.05479,0.05435,0.05468,6536115,356960.33485,3786,3247078,177349.71203,0.0016486535995603,ARPA-USDT,0.0545310197284933,0.0546320116968741,
2023-12-24 00:00:00,0.05468,0.05473,0.05424,0.05453,6929029,377661.16234,4170,3117976,169928.11184,-0.0001833516685001,ARPA-USDT,0.054679236415887,0.0546358304577314,0.00050201
2023-12-24 01:00:00,0.05453,0.055,0.05449,0.05456,6878193,376449.61553,3144,3257006,178275.15366,0.0009172628875435,ARPA-USDT,0.0545422525796048,0.0545635114476848,
2023-12-24 02:00:00,0.05457,0.05465,0.05411,0.05421,5322642,289560.16317,2300,2380396,129468.17489,0.0003690717844619,ARPA-USDT,0.0545611499265759,0.0545788146653626,
2023-12-24 03:00:00,0.05423,0.05426,0.05393,0.05422,4564082,246942.72872,2197,2031965,109961.61897,0.0014776505356481,ARPA-USDT,0.0541875867162643,0.054183402679556,
2023-12-24 04:00:00,0.05423,0.05441,0.05385,0.05407,5776092,312507.16862,2792,2952987,159824.48712,0.0012962962962963,ARPA-USDT,0.0542525729481799,0.0542685368430746,
2023-12-24 05:00:00,0.05409,0.05546,0.05332,0.05426,36028478,1964463.75501,13440,19733594,1076230.3338,0.0011070110701107,ARPA-USDT,0.0541238487106999,0.0541865080589076,
2023-12-24 06:00:00,0.05426,0.05441,0.0536,0.05389,13786365,743802.84155,6403,5886293,317707.06634,0.0026046511627906,ARPA-USDT,0.0542676242201148,0.0542928619557874,
2023-12-24 07:00:00,0.05389,0.05462,0.05372,0.05433,7485831,406438.671,3762,3854503,209230.10292,0.0016592920353983,ARPA-USDT,0.0538878551743227,0.0538167239584758,
2023-12-24 08:00:00,0.05433,0.05442,0.05381,0.05439,8177700,442824.58552,3715,4233920,229289.93965,0.001473025225557,ARPA-USDT,0.0543290611851514,0.0542508339486667,0.00039569
2023-12-24 09:00:00,0.05438,0.05438,0.05389,0.05416,6778250,367077.17885,3409,2545878,137942.21238,0.0009240436148585,ARPA-USDT,0.0543436716729599,0.0542574877594671,
2023-12-24 10:00:00,0.05417,0.05593,0.05321,0.05539,70548580,3861721.48098,20686,34857783,1906851.68521,0.0012653651482283,ARPA-USDT,0.0541205441818135,0.0541062325272056,
2023-12-24 11:00:00,0.0554,0.0575,0.05518,0.05646,119252735,6750221.44781,38305,62655267,3545711.24924,0.0008863676653076,ARPA-USDT,0.0552832607601894,0.0560386546637242,
2023-12-24 12:00:00,0.05647,0.05683,0.05551,0.05598,62856247,3529776.53453,16514,31682178,1779813.07047,0.0012520121624037,ARPA-USDT,0.0563796422276148,0.0563571371870722,
2023-12-24 13:00:00,0.05597,0.0565,0.05581,0.05605,22671927,1272853.1477,7709,10815214,607542.86924,0.0008928571428572,ARPA-USDT,0.0559342067874317,0.0559377408551624,
2023-12-24 14:00:00,0.05604,0.0566,0.05574,0.05592,29102415,1632378.0388,9310,13307482,746975.81907,0.0010741138560685,ARPA-USDT,0.0559959766635568,0.0560247531167821,
2023-12-24 15:00:00,0.05593,0.05755,0.05591,0.05663,41559461,2359718.95049,14767,21834459,1240062.28115,0.0014146772767462,ARPA-USDT,0.0559639279054112,0.0560151666589159,
2023-12-24 16:00:00,0.05663,0.05734,0.05645,0.0573,21000464,1194247.15837,8007,10901501,620046.78786,0.001923413184123,ARPA-USDT,0.0565722314944788,0.0567814694800433,0.00012006
2023-12-24 17:00:00,0.05728,0.05755,0.05682,0.05723,18834141,1076317.49125,8449,8974632,512912.70266,0.0017503938386136,ARPA-USDT,0.0571831145668101,0.0572692081442807,
2023-12-24 18:00:00,0.05724,0.05729,0.05643,0.05659,17269428,980534.82818,7240,7746483,439978.38407,0.0026576895818568,ARPA-USDT,0.057245098047334,0.0571357057331315,
2023-12-24 19:00:00,0.05659,0.05679,0.05601,0.05638,13666521,770037.58502,5415,6763781,381157.68102,0.0010653409090908,ARPA-USDT,0.0566999783277447,0.0566285536982155,
2023-12-24 20:00:00,0.05639,0.05674,0.0556,0.05587,20706320,1160600.21023,8524,8432939,473202.05341,0.0014339487363328,ARPA-USDT,0.0563934278872853,0.0564533602525727,
2023-12-24 21:00:00,0.05587,0.05598,0.05435,0.05544,24729674,1369241.41809,7562,9685558,537113.71518,0.0018070112034695,ARPA-USDT,0.0558718561063378,0.0557955207601788,
2023-12-24 22:00:00,0.05543,0.0556,0.05332,0.05486,41222919,2251445.75298,14598,19055549,1041633.9159,0.0012776054024457,ARPA-USDT,0.0554387154566469,0.0554422783737035,
2023-12-24 23:00:00,0.05487,0.05511,0.05455,0.05468,9692342,531702.42277,4640,4563255,250336.55225,0.0014652014652014,ARPA-USDT,0.0548517301438061,0.0547944934423397,
2023-12-25 00:00:00,0.05469,0.05506,0.0542,0.05484,12433884,679379.15748,6031,6003456,328078.08508,0.0010952902519167,ARPA-USDT,0.0547934397851929,0.0547677052351358,0.00041675
2023-12-25 01:00:00,0.05486,0.05572,0.05485,0.05541,9161967,506392.38824,4305,4682182,258737.67759,0.0007224128589489,ARPA-USDT,0.0548775656285515,0.0549201623081221,
2023-12-25 02:00:00,0.05541,0.05559,0.0546,0.05504,7829396,431335.97494,4015,3780614,208298.7796,0.0012734218664727,ARPA-USDT,0.0553378068792803,0.0554084685953285,
2023-12-25 03:00:00,0.05504,0.05506,0.0546,0.05472,6308654,345914.77998,3079,2855969,156595.54938,0.00164744645799,ARPA-USDT,0.0550236003062787,0.0549523506301054,
2023-12-25 04:00:00,0.05473,0.05523,0.05461,0.05506,7745411,425348.75407,3405,4639823,254858.60417,0.0012729587197672,ARPA-USDT,0.0547659191085074,0.0548188743165518,
2023-12-25 05:00:00,0.05505,0.05584,0.05497,0.05575,7440804,412269.0658,3047,4371586,242294.99904,0.0012571839080459,ARPA-USDT,0.0550218802920518,0.0550257261482979,
2023-12-25 06:00:00,0.05575,0.05672,0.05563,0.05658,11095587,623102.57606,5155,6132396,344559.95585,0.0008844861135679,ARPA-USDT,0.0556946252960022,0.0557008459398665,
2023-12-25 07:00:00,0.05659,0.05758,0.05642,0.05705,35857854,2040757.30326,12040,19249396,1095484.69055,0.0012285012285011,ARPA-USDT,0.0565538558462543,0.0566176850290621,
2023-12-25 08:00:00,0.05704,0.05725,0.05605,0.05644,22731977,1286766.24394,8453,9147353,518171.86317,0.0012417952811778,ARPA-USDT,0.0569695094608544,0.0570553524139554,0.0003103
2023-12-25 09:00:00,0.05643,0.05727,0.05624,0.05704,16760109,949711.48147,7368,8721412,494333.3383,0.0005262234695668,ARPA-USDT,0.0563773037991384,0.0565160084318958,
2023-12-25 10:00:00,0.05704,0.05722,0.05655,0.05665,9500899,539703.4752399999,4362,4478583,254463.87604,0.0012371862849063,ARPA-USDT,0.0570521901058051,0.0570337163495203,
2023-12-25 11:00:00,0.05665,0.05739,0.0564,0.05693,14750037,840087.05965,6138,7035170,400907.72798,0.0017596339961287,ARPA-USDT,0.0566922585419959,0.0567454753214477,
2023-12-25 12:00:00,0.05692,0.05795,0.05669,0.05778,17014475,975961.85032,7802,8599059,493518.70657,0.0017337031900137,ARPA-USDT,0.0568823616476345,0.0569814411024017,
2023-12-25 13:00:00,0.05778,0.05862,0.05694,0.0586,31126458,1798879.41797,11030,16193382,936790.66605,0.0011959678797197,ARPA-USDT,0.0577057578330545,0.057581770702028,
2023-12-25 14:00:00,0.05859,0.05893,0.05804,0.0584,27093509,1584667.77626,11039,11755413,687812.24449,0.0015434745326701,ARPA-USDT,0.0583511189808349,0.0585248076149157,
2023-12-25 15:00:00,0.05839,0.05842,0.05741,0.05772,31283940,1806859.21735,7771,16627938,959535.74048,0.0012142237640937,ARPA-USDT,0.0583567929834008,0.0582593783704249,
2023-12-25 16:00:00,0.05772,0.05813,0.05731,0.05789,20613285,1190056.13211,8109,9714588,561169.26727,-0.0001727115716753,ARPA-USDT,0.0576424960777863,0.0577158560966805,0.00025127
2023-12-25 17:00:00,0.0579,0.05865,0.0578,0.05832,17027680,991409.71111,6572,8650742,503590.8792,0.0015455950540959,ARPA-USDT,0.0579731979549277,0.0579671638030442,
2023-12-25 18:00:00,0.05833,0.05893,0.0581,0.05831,15497444,906831.99272,6373,6614721,386908.12036,0.0017179178835251,ARPA-USDT,0.0583097608097593,0.0582854713973176,
2023-12-25 19:00:00,0.05832,0.05886,0.0581,0.05829,13354751,780552.29009,5405,6567776,384049.32172,0.0012023359670216,ARPA-USDT,0.0583005876319929,0.0582752431793813,
2023-12-25 20:00:00,0.0583,0.05857,0.05747,0.05797,17486016,1013059.08227,7329,6558099,380097.84638,0.001208981001727,ARPA-USDT,0.05815624222489,0.0582340391774591,
2023-12-25 21:00:00,0.05799,0.05808,0.05755,0.05794,7687107,444406.81786,3470,4197636,242725.71867,0.0008637070305752,ARPA-USDT,0.0580271938445723,0.057966432415304,
2023-12-25 22:00:00,0.05794,0.05819,0.05773,0.05803,5743080,332858.28831,2717,2548944,147723.5661,0.0013805004314062,ARPA-USDT,0.0579360376592809,0.0578386216718644,
2023-12-25 23:00:00,0.05803,0.05807,0.05738,0.05743,7262650,418683.28783,3570,2624994,151357.99992,0.0012203626220361,ARPA-USDT,0.0580259144820908,0.0579562054450263,
2023-12-26 00:00:00,0.05743,0.05753,0.05685,0.057,11669241,667930.01692,4388,5187361,297131.83397,0.0010537407797681,ARPA-USDT,0.0574787872195097,0.0574310730876834,0.00020849
2023-12-26 01:00:00,0.05701,0.05718,0.05662,0.05672,8408383,478729.88457,3652,4127144,235007.78486,0.0014124293785309,ARPA-USDT,0.0569914501863094,0.057018630445274,
2023-12-26 02:00:00,0.05672,0.05723,0.05662,0.05701,7258618,414097.27755,2715,4278603,244092.80569,0.0007021239248727,ARPA-USDT,0.0567107544140058,0.0567871698992818,
2023-12-26 03:00:00,0.057,0.05756,0.05683,0.05737,10411037,596357.34182,3716,6035572,345723.98518,0.0012216404886562,ARPA-USDT,0.0569185602528644,0.0570051002804903,
2023-12-26 04:00:00,0.05738,0.05774,0.05726,0.05758,7339180,422229.22632,3178,3795314,218352.54782,0.0012171796209354,ARPA-USDT,0.057360758111497,0.0573255028544578,
2023-12-26 05:00:00,0.05759,0.0576,0.05541,0.05626,36642178,2061489.93632,13738,17046075,959773.5095,0.0005335230304106,ARPA-USDT,0.0575791150641115,0.0574881317008796,
2023-12-26 06:00:00,0.05625,0.05662,0.05574,0.05594,13745931,772158.51115,7283,6724954,377744.3716,0.0023293316609926,ARPA-USDT,0.0561213451168742,0.056005485612227,
2023-12-26 07:00:00,0.05594,0.0568,0.05535,0.05634,16211275,909840.20916,6350,7260318,407395.50642,0.0010660980810235,ARPA-USDT,0.0556711093256684,0.0556280697121694,
2023-12-26 08:00:00,0.05635,0.05786,0.05578,0.05781,25377539,1442503.84033,7866,13534531,769007.3440200001,0.0019064124783361,ARPA-USDT,0.0564073487468004,0.0564942466352685,0.00040218
2023-12-26 09:00:00,0.0578,0.05866,0.05642,0.05707,47970282,2764458.23722,16857,20669798,1190053.19554,0.0012280701754385,ARPA-USDT,0.0582576193886877,0.058164380738949,
2023-12-26 10:00:00,0.05706,0.05949,0.057,0.05892,35823933,2101172.89546,14253,18002851,1056192.88169,0.0013596193065941,ARPA-USDT,0.0570411231745437,0.0571964488101692,
2023-12-26 11:00:00,0.05892,0.05981,0.0587,0.05932,27384280,1626917.09624,11124,13456999,799336.44338,0.0003372681281619,ARPA-USDT,0.0588079214075758,0.0589153595699401,
2023-12-26 12:00:00,0.05931,0.06363,0.05919,0.06109,99276414,6095783.02906,34392,49021055,3007306.49515,0.0011471648639791,ARPA-USDT,0.0593602573484318,0.0593438613674587,
2023-12-26 13:00:00,0.06106,0.06379,0.06094,0.06337,43399160,2698608.18554,19619,22434248,1395213.15317,0.0003157063930543,ARPA-USDT,0.0611030628510261,0.0614441762098883,
2023-12-26 14:00:00,0.06338,0.06388,0.06202,0.06274,71729084,4528028.61582,29428,33985095,2146798.61321,0.0019163206643246,ARPA-USDT,0.0632844743090133,0.0630606458983893,
2023-12-26 15:00:00,0.06275,0.06279,0.06125,0.06189,64451520,3992646.33555,23264,29661876,1837503.04656,0.0017805114923923,ARPA-USDT,0.0626843481127866,0.0624513180949574,
2023-12-26 16:00:00,0.06188,0.06318,0.06152,0.06288,51672906,3225893.14016,20198,28164591,1758683.72979,0.0019120458891015,ARPA-USDT,0.0618355415606107,0.0618231876780999,0.00041359
2023-12-26 17:00:00,0.06289,0.06315,0.055,0.06092,127232013,7656126.60684,47801,53709996,3242257.67886,0.0021385096232933,ARPA-USDT,0.062729035926087,0.0627954602856867,
2023-12-26 18:00:00,0.06088,0.06254,0.06072,0.06198,76088559,4695982.75535,26987,37155219,2295303.68286,0.000968992248062,ARPA-USDT,0.0608818690625725,0.0611147373082757,
2023-12-26 19:00:00,0.06197,0.06272,0.06142,0.0617,43885228,2718982.50549,15732,19917859,1234945.18289,0.0017860042214645,ARPA-USDT,0.0619014019194734,0.0617443286018417,
2023-12-26 20:00:00,0.06169,0.06308,0.06167,0.06198,24337406,1516673.02849,10220,11566546,721193.70284,0.0006457862447528,ARPA-USDT,0.0619795278957875,0.0621075226767095,
2023-12-26 21:00:00,0.06198,0.06335,0.06184,0.06318,23226222,1454319.49741,9249,12423345,777938.90561,0.0017440938639605,ARPA-USDT,0.062094203178954,0.0620785933464195,
2023-12-26 22:00:00,0.06317,0.06412,0.0629,0.06386,22003854,1397282.21165,10915,11561527,734348.25728,0.0009404388714733,ARPA-USDT,0.0630607671099958,0.0632004955387768,
2023-12-26 23:00:00,0.06387,0.0641,0.06345,0.06388,16149064,1029837.23617,8481,8196221,522848.57513,0.0012539184952979,ARPA-USDT,0.0638864911369602,0.0639664478646545,
2023-12-27 00:00:00,0.06389,0.06393,0.0624,0.06267,26541747,1668570.12083,12270,13419348,843297.62155,0.0014381591562799,ARPA-USDT,0.0637803412920546,0.0633507131765112,0.00014458
2023-12-27 01:00:00,0.06267,0.06288,0.06156,0.06158,14936241,928515.29372,7079,5829954,362671.69153,0.0016265452179571,ARPA-USDT,0.0626793233208325,0.0627349565103083,
2023-12-27 02:00:00,0.06158,0.06163,0.05921,0.05946,22309750,1347599.28513,10666,9146553,552013.58924,0.0008416091567076,ARPA-USDT,0.061537614467912,0.0614799263795903,
2023-12-27 03:00:00,0.05946,0.05999,0.05853,0.05955,22068620,1309176.84439,10180,10385636,616258.33533,0.0018506056527589,ARPA-USDT,0.0595072188926422,0.0596797935019719,
2023-12-27 04:00:00,0.05954,0.06214,0.05952,0.0609,34647668,2114417.47002,14069,18876538,1151532.2338,0.0016447368421053,ARPA-USDT,0.0596828200337003,0.0599962852219903,
2023-12-27 05:00:00,0.06091,0.06261,0.06062,0.06193,34329460,2117368.14143,15486,17419987,1074976.19353,0.0006463079657457,ARPA-USDT,0.0608752090095787,0.0609086532022042,
2023-12-27 06:00:00,0.06193,0.06227,0.06081,0.06084,19156977,1176446.11624,7572,10192127,626032.98746,0.0016463615409942,ARPA-USDT,0.0620326879307291,0.062013679725354,
2023-12-27 07:00:00,0.06083,0.06086,0.06001,0.06048,27334006,1650403.13083,10246,13263033,800869.24194,0.0024863252113376,ARPA-USDT,0.0607703990289728,0.0607523562643273,
2023-12-27 08:00:00,0.06045,0.06182,0.06043,0.06154,34031064,2082957.92887,14869,18091461,1107390.51663,0.0016276041666665,ARPA-USDT,0.0605319493632454,0.060818551727036,0.0001076
2023-12-27 09:00:00,0.06155,0.06159,0.06105,0.06129,14317283,878098.20286,7048,8256522,506490.96596,0.0019617459538989,ARPA-USDT,0.0615308521148036,0.0614383020049208,
2023-12-27 10:00:00,0.06129,0.06189,0.06082,0.06181,19812403,1216969.9916,7565,10004339,614506.98824,0.0021076523994811,ARPA-USDT,0.061217605966608,0.0611858949958411,
2023-12-27 11:00:00,0.06181,0.06196,0.06123,0.06167,19637316,1210336.5829,6946,9379586,578006.07862,0.0014615134784021,ARPA-USDT,0.0618315805551209,0.0618356263898501,
2023-12-27 12:00:00,0.06168,0.06185,0.06073,0.06118,16092860,985993.57641,6388,7549646,462924.42148,0.0013093289689034,ARPA-USDT,0.0615812933139367,0.0615913990666955,
2023-12-27 13:00:00,0.06118,0.0613,0.06027,0.06041,12936151,786810.29547,6158,5130718,312034.39223,0.001658099817609,ARPA-USDT,0.0611202653679582,0.0610621504752266,
2023-12-27 14:00:00,0.0604,0.06192,0.0602,0.06099,28450438,1741659.65546,11583,14819247,907264.41988,0.0016423057973395,ARPA-USDT,0.0604598022343182,0.0604296423452678,
2023-12-27 15:00:00,0.06098,0.06153,0.06067,0.06068,12677938,773739.7564000001,7605,6376323,389305.33611,0.0023125206475058,ARPA-USDT,0.0609873127797555,0.0612313449514606,
2023-12-27 16:00:00,0.06067,0.06083,0.06001,0.06012,14830962,896258.23055,8155,6260063,378505.40229,0.001833027828695,ARPA-USDT,0.0606439437784083,0.0606054353757549,0.0006089
2023-12-27 17:00:00,0.06013,0.06045,0.05928,0.06035,17791095,1064733.82599,7844,7906500,473641.31323,0.0023251951503073,ARPA-USDT,0.0601549291589347,0.0601223527505707,
2023-12-27 18:00:00,0.06035,0.06076,0.06002,0.06054,8697354,525154.45933,4508,4423967,267109.99269,0.0021519615957623,ARPA-USDT,0.0603394006887985,0.0604767165574409,
2023-12-27 19:00:00,0.06053,0.0606,0.05978,0.05995,9329246,561762.65636,4100,4412257,265643.8903,0.0015035081857668,ARPA-USDT,0.060481613218706,0.0605057287472876,
2023-12-27 20:00:00,0.05996,0.06118,0.05992,0.0608,13328144,807002.61951,5712,7147727,432870.78555,0.0009878169245967,ARPA-USDT,0.0599803396522011,0.0600133030252129,
2023-12-27 21:00:00,0.0608,0.06103,0.06052,0.06067,6999872,425366.79714,4022,3136499,190600.10806,0.0023129026928796,ARPA-USDT,0.0607423798252945,0.0607930438714408,
2023-12-27 22:00:00,0.06067,0.06145,0.06011,0.06038,12884612,784166.80076,6764,7252115,441559.03791,0.0014927848731132,ARPA-USDT,0.0606842896148377,0.0606703860291974,
2023-12-27 23:00:00,0.06039,0.06101,0.06035,0.06068,6187752,375171.34946,3406,3030240,183728.0142,0.001650709805216,ARPA-USDT,0.0604522404347995,0.0605239216839903,
2023-12-28 00:00:00,0.06068,0.06185,0.06054,0.06145,13731169,842918.34294,7024,6384321,391850.39574,0.0024469820554648,ARPA-USDT,0.0606067759807432,0.0607139980751517,0.00047666
2023-12-28 01:00:00,0.06143,0.06164,0.06089,0.06138,8506114,521550.65506,3995,4113099,252182.65726,0.0009784735812132,ARPA-USDT,0.0613428209727461,0.061367353467106,
2023-12-28 02:00:00,0.06139,0.06174,0.06103,0.06117,7092470,435116.00648,3909,3187755,195640.35322,0.0014734774066798,ARPA-USDT,0.0614181695838456,0.0614426296427613,
2023-12-28 03:00:00,0.06119,0.06194,0.06095,0.06128,8328958,511021.15425,4172,3871679,237501.39296,0.0016345210853221,ARPA-USDT,0.0612339001975693,0.0612854853715729,
2023-12-28 04:00:00,0.06127,0.06196,0.06105,0.06143,9200530,566680.78025,4639,4189580,257925.45213,0.0024477806788512,ARPA-USDT,0.0612288479603671,0.0611526149313221,
2023-12-28 05:00:00,0.06143,0.06172,0.06034,0.06102,19491256,1188847.30568,7417,7200969,439368.74167,0.0013127666557268,ARPA-USDT,0.0615941643998291,0.0615604088522542,
2023-12-28 06:00:00,0.061,0.06103,0.05967,0.05995,10629230,642470.21916,6393,4676089,282718.74314000004,0.0026760327814014,ARPA-USDT,0.0608316611223121,0.060773882584848,
2023-12-28 07:00:00,0.05995,0.0606,0.0595,0.06054,13578402,815144.36999,7969,6251806,375370.66013,0.0011575988093268,ARPA-USDT,0.0599563939464571,0.0599329781981266,
2023-12-28 08:00:00,0.06056,0.06111,0.06007,0.06069,8482602,514310.30982,4733,3539416,214696.21118,0.0018157807857377,ARPA-USDT,0.0605256018208034,0.0605373258485811,0.00055577
2023-12-28 09:00:00,0.06072,0.06111,0.05969,0.05988,26408829,1592366.09155,6876,12779401,769979.04934,0.0011703728473499,ARPA-USDT,0.0607297432409926,0.0607717422932916,
2023-12-28 10:00:00,0.05987,0.06007,0.0593,0.05938,11336328,677467.13786,4932,4545806,271826.70321,0.0015179625569234,ARPA-USDT,0.0598250487285806,0.0599128951795601,
2023-12-28 11:00:00,0.05938,0.05975,0.05911,0.05946,8604968,511730.9424,3675,4835142,287589.85832,0.0025290844714211,ARPA-USDT,0.0593743652369034,0.0594696107960215,
2023-12-28 12:00:00,0.05945,0.05946,0.05766,0.05781,26200922,1534525.20564,10819,11146935,653396.89915,0.0019064124783361,ARPA-USDT,0.0594174485041687,0.059361351382149,
2023-12-28 13:00:00,0.05784,0.05878,0.05692,0.05747,27082632,1566659.10509,9974,10908868,631943.94556,0.0015684907633322,ARPA-USDT,0.0576499812201767,0.0578189081847145,
2023-12-28 14:00:00,0.05747,0.05762,0.05587,0.05659,47954720,2714161.25375,21266,23911667,1353280.80371,0.0021250221356472,ARPA-USDT,0.0575623988183094,0.0574404274068771,
2023-12-28 15:00:00,0.0566,0.05704,0.05651,0.05698,21000644,1192997.82072,8839,11226224,637819.31618,0.0019342359767893,ARPA-USDT,0.0566569056226799,0.0567415841486603,
2023-12-28 16:00:00,0.05697,0.0573,0.0565,0.05703,13636623,776433.07175,6606,6476638,368810.95124,0.001053185887309,ARPA-USDT,0.0569197160245854,0.0569381041362614,0.00048304
2023-12-28 17:00:00,0.05702,0.0575,0.05653,0.05672,11628749,664148.21412,5392,5522469,315594.72903,0.0008823010411151,ARPA-USDT,0.0570765601416585,0.0570910516387518,
2023-12-28 18:00:00,0.05671,0.05717,0.05634,0.05676,13197281,749071.43472,5669,6425605,364843.30503,0.0008816787162757,ARPA-USDT,0.0567399291637396,0.0567871803027093,
2023-12-28 19:00:00,0.05676,0.05713,0.0566,0.05688,7763767,441515.12647,3528,3302953,187800.84843,0.0007037297677692,ARPA-USDT,0.0567402758912648,0.0567877948476069,
2023-12-28 20:00:00,0.05689,0.05697,0.05576,0.05633,16219353,913045.26834,6019,5929741,333698.38942,0.0012442232492002,ARPA-USDT,0.0569159367612192,0.056767168074711,
2023-12-28 21:00:00,0.05633,0.05665,0.05572,0.056,11368024,639352.84099,4854,4987834,280661.26745,0.0023268301413996,ARPA-USDT,0.0562787130681268,0.0561806502540246,
2023-12-28 22:00:00,0.05601,0.05684,0.05588,0.05673,6215977,350083.80034,2973,3175462,178910.15807,0.0014121800529567,ARPA-USDT,0.0560568190193222,0.0560068891204677,
2023-12-28 23:00:00,0.05674,0.05701,0.05644,0.05648,6502238,368679.09768,3095,3272456,185562.41401,0.0021291696238467,ARPA-USDT,0.0567191354236766,0.0566277504946744,
2023-12-29 00:00:00,0.05648,0.05687,0.05531,0.05558,15456960,866518.99999,8543,8018174,449779.53752,0.0018024513338139,ARPA-USDT,0.05660559040014,0.0565687083398646,0.00018243
2023-12-29 01:00:00,0.05556,0.05583,0.0548,0.05557,20777421,1148068.0209,9708,9883263,546457.61282,0.0012612612612612,ARPA-USDT,0.0555688992304758,0.0554459106901032,
2023-12-29 02:00:00,0.05559,0.0562,0.0553,0.05602,6353534,354601.42418,3669,3237349,180675.82451,0.001430103682517,ARPA-USDT,0.0556536473569472,0.0555607883687036,
2023-12-29 03:00:00,0.05602,0.05676,0.05582,0.05638,17994708,1014096.7353,6140,8690907,490005.27814,0.0008876264867743,ARPA-USDT,0.0560515819741045,0.0560248571475325,
2023-12-29 04:00:00,0.05638,0.05655,0.05609,0.05635,6070797,341837.63948,3122,2820703,158870.77175,0.0014217167229428,ARPA-USDT,0.0564033828828542,0.0564434106983363,
2023-12-29 05:00:00,0.05634,0.05639,0.05571,0.05604,6633006,371248.72844,3078,3589733,200865.74207,0.0014295925661185,ARPA-USDT,0.0563579589063952,0.0562718656463016,
2023-12-29 06:00:00,0.05605,0.05623,0.05574,0.0561,7367584,412521.73497,3331,3211404,179922.35744,0.0007135212272564,ARPA-USDT,0.0560560375319874,0.0560297904830582,
2023-12-29 07:00:00,0.05611,0.05645,0.05523,0.05538,10069534,563319.76662,5034,4229253,236931.64984,0.0010845986984815,ARPA-USDT,0.05613107015019,0.056224759429418,
2023-12-29 08:00:00,0.05538,0.05639,0.05537,0.05638,6694377,374865.79415,3023,3488445,195266.66858,0.0015988630307337,ARPA-USDT,0.0554857357454309,0.0556109528433492,0.00040109
2023-12-29 09:00:00,0.05638,0.057,0.05628,0.05686,10075008,571596.01593,4603,4634980,263015.93975,0.0012326113752421,ARPA-USDT,0.056372547296166,0.0563553226995924,
2023-12-29 10:00:00,0.05685,0.05723,0.05668,0.05672,7646103,435402.93761,3571,3374518,192151.64406,0.0015892636411796,ARPA-USDT,0.0568269485517625,0.0568129097729667,
2023-12-29 11:00:00,0.05672,0.05715,0.05669,0.05693,5526832,314603.0146,2705,2875633,163701.56487,0.0007031112673581,ARPA-USDT,0.0567681632099106,0.0567565411020431,
2023-12-29 12:00:00,0.05693,0.05708,0.05673,0.05686,5974869,339943.823,3499,2829105,160949.52169,0.0007039774727208,ARPA-USDT,0.056932958299704,0.0569844754559487,
2023-12-29 13:00:00,0.05688,0.0576,0.05675,0.05739,12577310,719334.58513,5206,7062336,403731.69598,0.0022703457911281,ARPA-USDT,0.0568881114674317,0.0569653651743081,
2023-12-29 14:00:00,0.05739,0.05784,0.0571,0.05782,8203631,471689.57612,4606,4096765,235605.82013,0.001906082134812,ARPA-USDT,0.057434486377777,0.0575180664521323,
2023-12-29 15:00:00,0.05782,0.05791,0.05593,0.05653,26281023,1495729.40904,11258,11360980,646806.8602700001,0.001594613749114,ARPA-USDT,0.0578594017874249,0.057837680724227,
2023-12-29 16:00:00,0.05652,0.05681,0.05531,0.05541,17802848,1000701.89883,9050,8411092,472890.55773,0.0019891500904158,ARPA-USDT,0.0566748598525905,0.056448237540771,0.00038689
2023-12-29 17:00:00,0.05542,0.05583,0.05494,0.05571,19854475,1099128.08031,8924,9809672,543106.22533,0.0014380729822038,ARPA-USDT,0.0555868434649387,0.0555850940207448,
2023-12-29 18:00:00,0.05572,0.05621,0.05565,0.0559,5504288,308148.48341,2871,2960694,165742.42711,0.0016126142268411,ARPA-USDT,0.0557219022419103,0.0557643213057699,
2023-12-29 19:00:00,0.0559,0.05602,0.05552,0.0559,4797597,267710.27925,2797,1889527,105448.57378,0.0014331780723755,ARPA-USDT,0.0558651713819368,0.055841588715668,
2023-12-29 20:00:00,0.05591,0.05596,0.05523,0.05559,4456195,247548.81992,2743,2321660,128939.87972,0.0018021265092809,ARPA-USDT,0.0559088034913948,0.0558678636396598,
2023-12-29 21:00:00,0.05559,0.05594,0.05523,0.05546,6265929,348255.78402,3725,2957185,164350.99011,0.0016254289326349,ARPA-USDT,0.0555656754602296,0.0556058243749196,
2023-12-29 22:00:00,0.05545,0.05556,0.05442,0.05534,13568204,746158.82442,6094,5729662,315251.97075,0.0016289592760181,ARPA-USDT,0.0554415171068263,0.0554163517141134,
2023-12-29 23:00:00,0.05533,0.05583,0.05531,0.05576,3119703,173337.37136,2116,1452650,80734.58092,0.001077199281867,ARPA-USDT,0.0553551637864328,0.0554196692355056,
2023-12-30 00:00:00,0.05575,0.05595,0.05551,0.05584,3541810,197424.11498,2102,1567825,87387.51235,0.0014347202295552,ARPA-USDT,0.0557461448175834,0.0556657042936043,0.00055245
2023-12-30 01:00:00,0.05584,0.05603,0.05569,0.05597,3451538,192997.75404,1935,1732752,96892.64245,0.0017898693395381,ARPA-USDT,0.0558613995992261,0.0557915994488101,
2023-12-30 02:00:00,0.05598,0.05609,0.05522,0.05548,6410359,356558.8184,2795,2835082,157727.42404,0.001624842029247,ARPA-USDT,0.0559797221044299,0.0559442860985511,
2023-12-30 03:00:00,0.05549,0.05578,0.05532,0.05553,4320477,240078.69398,2771,2187526,121576.4207,0.0012621709340066,ARPA-USDT,0.0555222365482704,0.0555816186100767,
2023-12-30 04:00:00,0.05553,0.05588,0.05549,0.05573,3284525,183063.95913,2312,1458628,81296.41821,0.0007182618064283,ARPA-USDT,0.05554042955648,0.0556374186297415,
2023-12-30 05:00:00,0.05573,0.05607,0.05568,0.05603,4022407,224777.43925,2235,1831515,102346.40103,0.0019670958512161,ARPA-USDT,0.0557868134819962,0.0558147352011147,
2023-12-30 06:00:00,0.05603,0.05606,0.05542,0.05562,3801078,211717.06481,1984,1399741,77979.5794,0.0007196833393308,ARPA-USDT,0.0560187930116982,0.0560065054307247,
2023-12-30 07:00:00,0.05563,0.0564,0.05563,0.0558,11223589,629285.18572,5123,5712540,320146.05483000004,0.0014357501794688,ARPA-USDT,0.0556861369015843,0.0558573304633502,
2023-12-30 08:00:00,0.0558,0.05591,0.05469,0.05479,12192232,673208.22113,6302,4495177,248065.37064,0.0018284878405558,ARPA-USDT,0.0557737885850337,0.0557283792279516,0.00047172
2023-12-30 09:00:00,0.05478,0.05526,0.05473,0.05518,6367348,350273.28274,3440,3260332,179338.48460999998,0.0007254261878852,ARPA-USDT,0.0549109604024327,0.0549941999485816,
2023-12-30 10:00:00,0.05521,0.05534,0.0551,0.05521,3412383,188397.27647,2399,1660901,91697.84359,0.0019963702359346,ARPA-USDT,0.0551626548241641,0.0552151567990774,
2023-12-30 11:00:00,0.05522,0.05547,0.05519,0.05547,2923987,161670.58372,1784,1731822,95787.39977,0.000902201371346,ARPA-USDT,0.0552117777519402,0.0552266468158227,
2023-12-30 12:00:00,0.05548,0.05581,0.05522,0.05538,7144642,396434.06257,3374,3618919,200708.24079,0.0016277807921867,ARPA-USDT,0.0554709729111682,0.0554717741036366,
2023-12-30 13:00:00,0.05539,0.05549,0.055,0.05537,5438833,300425.32456,2966,2801136,154760.42044,0.0019905899384726,ARPA-USDT,0.0554321605211368,0.0554371549445372,
2023-12-30 14:00:00,0.05537,0.05597,0.05536,0.05594,6090018,338808.70389,3271,3338147,185706.1478,0.0007155635062612,ARPA-USDT,0.0553815084278946,0.0554258356744702,
2023-12-30 15:00:00,0.05595,0.05631,0.05563,0.05623,7637706,427337.17105,3666,3933389,220012.54369,0.0017815784785319,ARPA-USDT,0.0559374730958828,0.0559168716368065,
2023-12-30 16:00:00,0.05622,0.05659,0.05587,0.05631,8682594,488735.57723,4275,3680617,207221.31366,0.00124466571835,ARPA-USDT,0.0562188250646602,0.0562930937044865,0.00030337
2023-12-30 17:00:00,0.0563,0.05645,0.05581,0.05616,6737746,378318.99531,3329,2819681,158413.55956999998,0.0019625334522748,ARPA-USDT,0.0563555194338331,0.0563587596648492,
2023-12-30 18:00:00,0.05615,0.05626,0.05575,0.05606,3458213,193591.80855,2611,1616207,90486.70682,0.0005354274495805,ARPA-USDT,0.0561741497055284,0.0561455526136906,
2023-12-30 19:00:00,0.05608,0.05611,0.05581,0.05593,2783246,155789.25317,2179,1175785,65816.3405,0.0017911517105499,ARPA-USDT,0.0560346884031266,0.055975774970099,
2023-12-30 20:00:00,0.05593,0.05606,0.05552,0.05584,3815553,213077.90916,2581,1604062,89645.43822,0.0012551551013089,ARPA-USDT,0.0559523997925566,0.0558773175746749,
2023-12-30 21:00:00,0.05584,0.056,0.05561,0.0559,3686759,205863.95762,2360,1749807,97728.01135,0.0007160759040458,ARPA-USDT,0.0558644129572998,0.0559365509468395,
2023-12-30 22:00:00,0.05592,0.05609,0.05516,0.05543,4533617,252273.24244,2811,1739124,96824.55203,0.000902853015529,ARPA-USDT,0.0559610076026355,0.0559200836657405,
2023-12-30 23:00:00,0.05544,0.05581,0.05541,0.05546,3683427,204889.64137,2827,1641384,91291.3742,0.0001803426510369,ARPA-USDT,0.0554838254071853,0.0555910135693215,
2023-12-31 00:00:00,0.05549,0.05612,0.05521,0.05612,6323937,352143.95187,3814,3276666,182527.82681,0.0012488849241749,ARPA-USDT,0.0554897516303295,0.0554747361454109,0.00064202
2023-12-31 01:00:00,0.05611,0.05631,0.05583,0.05592,3522626,197522.75113,2971,1680488,94234.78279,0.000894934669769,ARPA-USDT,0.0561334086344248,0.0561430838477889,
2023-12-31 02:00:00,0.0559,0.05623,0.05518,0.05561,4531947,252405.64138,3145,2067200,115097.03679,0.0008999280057595,ARPA-USDT,0.0559764799629889,0.0559856334752683,
2023-12-31 03:00:00,0.05561,0.05575,0.05504,0.05519,6805099,376146.36216,3558,3618593,200046.54443,0.0014516421702051,ARPA-USDT,0.0556138923369126,0.0556577017067804,
2023-12-31 04:00:00,0.0552,0.05554,0.05504,0.05534,6768279,373660.28736,2409,4083831,225380.14538,0.0014477017734346,ARPA-USDT,0.0551720846343325,0.0550992907099149,
2023-12-31 05:00:00,0.05535,0.05577,0.05534,0.05554,3620191,201176.1542,2113,1576790,87617.23660999999,0.0009010632546404,ARPA-USDT,0.055369306930693,0.0553596886914609,
2023-12-31 06:00:00,0.05554,0.05566,0.05543,0.05545,2449890,136104.06822,1648,962235,53457.61273,0.000721891355351,ARPA-USDT,0.0555928017403673,0.0555238769394701,
2023-12-31 07:00:00,0.05548,0.05629,0.05542,0.05609,5859253,327949.32009,3167,2906543,162767.15517,0.0014283163720765,ARPA-USDT,0.0554688090359214,0.0554729343534449,
2023-12-31 08:00:00,0.0561,0.05639,0.056,0.05618,5732740,322102.0745,3183,2511700,141139.34983,0.00053428317008,ARPA-USDT,0.0560798762321353,0.0560856336405716,0.00055576
2023-12-31 09:00:00,0.05618,0.05676,0.05607,0.05654,6661402,376155.26362,3692,2907687,164263.5702,0.0015943312666075,ARPA-USDT,0.0561845016701105,0.0561777474896967,
2023-12-31 10:00:00,0.05654,0.05658,0.05581,0.05589,6884415,386610.63303,3385,2266429,127320.37877,0.0012540308133286,ARPA-USDT,0.0565376122091169,0.0564706281429176,
2023-12-31 11:00:00,0.0559,0.05597,0.05559,0.05564,2871813,160135.12217,2034,1437019,80115.85471,0.0010795250089961,ARPA-USDT,0.0558847270218382,0.0558980433137304,
2023-12-31 12:00:00,0.05563,0.05575,0.05518,0.05538,8895310,493530.31347,4706,4051401,224725.57876,0.0010845986984815,ARPA-USDT,0.0556195370767701,0.0555830958969716,
2023-12-31 13:00:00,0.05539,0.05566,0.05516,0.05557,6357803,352774.02635,3627,3270617,181471.14801,0.0012612612612612,ARPA-USDT,0.0554111313711495,0.0554529359124356,
2023-12-31 14:00:00,0.05558,0.05566,0.05537,0.05542,3839572,213166.76359,2040,1819484,101034.10011,0.0012646793134596,ARPA-USDT,0.0555641128994026,0.0555848920412278,
2023-12-31 15:00:00,0.05542,0.05572,0.05538,0.05545,4533207,251708.05672,2579,2457208,136445.63236,0.0009025270758122,ARPA-USDT,0.0554314914195692,0.0554687838410591,
2023-12-31 16:00:00,0.05545,0.05574,0.05525,0.05556,3958125,219647.68054,2342,1571346,87187.47577,0.0012614885564967,ARPA-USDT,0.0554249651406906,0.0553953813120359,0.00045016
2023-12-31 17:00:00,0.05554,0.05572,0.05525,0.05567,4034143,224039.0841,2788,1896979,105331.72026,0.0017995321216484,ARPA-USDT,0.0555895968124466,0.0554978919701778,
2023-12-31 18:00:00,0.05567,0.05573,0.05546,0.05559,3713428,206395.70575,2581,1584354,88066.20201,0.0003599064243295,ARPA-USDT,0.0556899889606229,0.0556285971243493,
2023-12-31 19:00:00,0.0556,0.05567,0.05529,0.05541,2934063,162750.6793,1807,1386659,76910.5229,0.0010840108401084,ARPA-USDT,0.0556233140033769,0.0555825433934142,
2023-12-31 20:00:00,0.05541,0.0557,0.05479,0.0549,10871053,600193.2188500001,5738,4780666,264158.75193,0.0009115770282588,ARPA-USDT,0.0554040718486763,0.0553745119455953,
2023-12-31 21:00:00,0.05491,0.05556,0.05489,0.05515,6116643,338467.6274,3195,2963259,163917.4468,0.0012708787218591,ARPA-USDT,0.0549375247603201,0.0550037437588927,
2023-12-31 22:00:00,0.05515,0.05529,0.05204,0.05353,25058342,1347221.7015,10275,9481346,510153.58155,0.0014967259120675,ARPA-USDT,0.0551439321906668,0.0551050790238516,
2023-12-31 23:00:00,0.05352,0.054,0.05335,0.05377,11830843,635154.94527,6488,5906148,317152.56088,0.0018632383081795,ARPA-USDT,0.0535607579672203,0.0537496205840144,
2024-01-01 00:00:00,0.05378,0.05413,0.0537,0.05406,8965774,483555.10163,5661,4890025,263766.98136,0.001111111111111,ARPA-USDT,0.0537609999765439,0.0538574307047507,0.00011893
2024-01-01 01:00:00,0.05405,0.05436,0.05393,0.05431,4198933,227442.81605,2806,1989689,107766.93825,0.0009214891264281,ARPA-USDT,0.0540247900849509,0.053994617700081,
2024-01-01 02:00:00,0.05431,0.05448,0.05407,0.05414,4055857,220263.22797,2458,1972971,107171.61469,0.0011094674556213,ARPA-USDT,0.0542939256335606,0.0542706313286024,
2024-01-01 03:00:00,0.05415,0.05421,0.05361,0.0539,7686710,414307.10492,4752,4114109,221747.66327,0.0013003901170351,ARPA-USDT,0.0541129543079913,0.0541212415136116,
2024-01-01 04:00:00,0.05389,0.05421,0.05325,0.05353,9903308,531185.18554,6450,5297060,284167.17581,0.0018716077110239,ARPA-USDT,0.0538818472074775,0.0539466193140329,
2024-01-01 05:00:00,0.05353,0.05381,0.05286,0.05306,7600997,405895.97677,4903,3260047,174168.83297,0.0016990749480838,ARPA-USDT,0.0535890427070034,0.053519208028723,
2024-01-01 06:00:00,0.05306,0.05376,0.05304,0.0537,3808525,203217.90375,3275,2084727,111267.16754,0.0014919806042521,ARPA-USDT,0.0531151730377679,0.0531279915202539,
2024-01-01 07:00:00,0.0537,0.05403,0.05357,0.05394,3306143,177959.52757,2759,1755909,94523.70544,0.0016713091922004,ARPA-USDT,0.0537216064529823,0.0537786363034832,
2024-01-01 08:00:00,0.05393,0.05409,0.05373,0.05405,4607541,248505.91563,2767,2053716,110752.61702,0.0020393029291805,ARPA-USDT,0.0539498632274992,0.0539686772758051,0.00013186
2024-01-01 09:00:00,0.05406,0.05423,0.05392,0.05414,4514481,244093.21844,2492,2020992,109316.53472,0.0020359059781602,ARPA-USDT,0.0540425382532715,0.054038555615203,
2024-01-01 10:00:00,0.05414,0.05425,0.05392,0.05416,2388382,129167.36664,1605,1127702,60989.95138,0.0020351526364477,ARPA-USDT,0.0541558596894767,0.054113650282328,
2024-01-01 11:00:00,0.05414,0.05553,0.05409,0.05529,18679303,1026952.33978,10362,10208291,561009.36605,0.0007239819004525,ARPA-USDT,0.0542043316491248,0.0541521767181107,
2024-01-01 12:00:00,0.05531,0.05669,0.05513,0.0563,21674940,1212305.08777,11068,12516117,699733.98369,0.0019576437088451,ARPA-USDT,0.0552784946052358,0.0553657841127624,
2024-01-01 13:00:00,0.05628,0.05735,0.05589,0.05726,24235920,1370558.18858,11666,14172866,801613.06856,0.0024509803921568,ARPA-USDT,0.0563568222069886,0.0563295680735218,
2024-01-01 14:00:00,0.05725,0.05796,0.05658,0.05763,30478605,1747214.6963,13764,16230086,930481.51969,0.0013900955690704,ARPA-USDT,0.0573127317155125,0.0570301802290331,
2024-01-01 15:00:00,0.05763,0.05898,0.05699,0.05835,35104923,2035819.22501,16842,17824189,1033833.13377,0.001201098146877,ARPA-USDT,0.0575593430061689,0.0574720596563433,
2024-01-01 16:00:00,0.05834,0.06111,0.05829,0.05982,107951003,6477978.60441,46687,58043764,3482154.83119,0.0021779192494555,ARPA-USDT,0.058485415105647,0.0588194424662268,0.00055591
2024-01-01 17:00:00,0.05981,0.06141,0.05905,0.06099,49284763,2967616.59484,22415,24862850,1497316.34171,0.0021360499507065,ARPA-USDT,0.05978425253334,0.0600097234620427,
2024-01-01 18:00:00,0.06099,0.06247,0.06073,0.06108,49391709,3042131.22696,24217,23616812,1455031.32502,0.0022973416475222,ARPA-USDT,0.0610837490040423,0.0611578758168207,
2024-01-01 19:00:00,0.06108,0.06439,0.06074,0.06311,114122015,7204098.8357,52743,58081312,3666624.69317,0.0014281180577593,ARPA-USDT,0.0609773992273282,0.0610836870030059,
2024-01-01 20:00:00,0.0631,0.06318,0.06086,0.06165,64201019,3968990.9539,28683,30329940,1874447.12345,0.0012993340912783,ARPA-USDT,0.0630373940971933,0.0628295935334082,
2024-01-01 21:00:00,0.06166,0.0626,0.06166,0.06236,29491660,1835152.52382,15605,14116154,878547.8405,0.0014453187730849,ARPA-USDT,0.06190884443416,0.0621240042668214,
2024-01-01 22:00:00,0.06236,0.06272,0.06154,0.06172,22810141,1416231.60982,10659,9390057,583434.71004,0.0022734654108476,ARPA-USDT,0.0624385220763396,0.062516423081073,
2024-01-01 23:00:00,0.06173,0.06179,0.06041,0.06064,36123956,2206861.5491400003,13304,15607691,954425.30759,0.0014863748967794,ARPA-USDT,0.0617212243799362,0.061687730118893,
2024-01-02 00:00:00,0.06063,0.06069,0.05894,0.06062,42850553,2563950.89137,19888,21104561,1263949.92293,0.0019834710743802,ARPA-USDT,0.0604431038531169,0.0602385772038038,0.0008417
2024-01-02 01:00:00,0.06063,0.06102,0.06011,0.06027,15497356,937417.28829,7909,7612076,460507.68897,0.0024950099800398,ARPA-USDT,0.0606032183337078,0.0606414350155231,
2024-01-02 02:00:00,0.06027,0.06045,0.0595,0.0598,14558795,873019.30238,7271,7029200,421633.89577,0.0011719403984598,ARPA-USDT,0.0602587546557632,0.0602023908406085,
2024-01-02 03:00:00,0.05982,0.0599,0.059,0.0592,14152405,840811.02314,6221,6632387,394150.12997,0.0015225850109963,ARPA-USDT,0.0598181040956791,0.0596138326489161,
2024-01-02 04:00:00,0.05928,0.05953,0.05887,0.05925,14084271,834233.20254,6388,6421673,380514.2263,0.0011828320378504,ARPA-USDT,0.0592682677069305,0.0591619623340281,
2024-01-02 05:00:00,0.05925,0.06007,0.05913,0.05976,15077282,900689.19108,6900,9101173,543782.771,0.0020120724346077,ARPA-USDT,0.0592887398848144,0.0592579473267374,
2024-01-02 06:00:00,0.05976,0.05994,0.05893,0.059,11421138,678951.9341300001,5582,4280664,254600.3597,0.0011878499915152,ARPA-USDT,0.0597488140253814,0.0597011166034162,
2024-01-02 07:00:00,0.059,0.05943,0.05891,0.05906,11082727,655924.37886,5479,5852669,346405.57774,0.0005082161612739,ARPA-USDT,0.0590114917115526,0.0590197911930345,
2024-01-02 08:00:00,0.05909,0.05962,0.05891,0.05925,9692474,574135.37661,6029,4505291,267060.43127,0.0016906170752324,ARPA-USDT,0.0591557191555981,0.0591144744774784,0.00085295
2024-01-02 09:00:00,0.05925,0.05946,0.05895,0.05932,6918164,409650.01413,4310,3312708,196178.04035,0.0015195002532499,ARPA-USDT,0.0592822383649491,0.0592795508054892,
2024-01-02 10:00:00,0.05931,0.05931,0.0586,0.05872,11068865,651854.14252,6267,4417874,260169.51418,0.0020477815699659,ARPA-USDT,0.0592408819612496,0.0592509042550459,
2024-01-02 11:00:00,0.05874,0.0592,0.05833,0.05876,11233581,660228.73092,5585,5510410,323959.19986,0.0023882633913341,ARPA-USDT,0.05880229256129,0.058973237614578,
2024-01-02 12:00:00,0.05876,0.05885,0.05817,0.05826,8378257,490506.58993,4253,4050731,237189.89448,0.0022363667641491,ARPA-USDT,0.0587298572367764,0.0587195781880667,
2024-01-02 13:00:00,0.05826,0.05883,0.05822,0.0585,7349355,430454.83511,3746,4037175,236464.65766,0.0020554984583762,ARPA-USDT,0.0583240440937443,0.0584353443723828,
2024-01-02 14:00:00,0.0585,0.05855,0.05677,0.05715,25045288,1440039.05476,11616,11054785,635413.13823,0.0012263489838821,ARPA-USDT,0.0585104604437003,0.058466183905956,
2024-01-02 15:00:00,0.05713,0.05783,0.05673,0.05734,13953805,799541.94291,8325,7343983,420815.4045,0.0005234688536033,ARPA-USDT,0.0572137398148396,0.0572726675513391,
2024-01-02 16:00:00,0.05736,0.05786,0.05696,0.05783,10051344,576242.10046,5812,4978019,285540.12636,0.0019057519057519,ARPA-USDT,0.0574619781954568,0.0574286439875732,0.00063031
2024-01-02 17:00:00,0.05784,0.05787,0.05727,0.05769,10017332,576970.51511,5704,5618047,323615.5342,0.0012148559527942,ARPA-USDT,0.0578023435186942,0.0578224076461178,
2024-01-02 18:00:00,0.05768,0.05842,0.05766,0.05796,9852069,571740.60365,5538,4859063,281919.62379,0.0020746887966804,ARPA-USDT,0.0576989801971445,0.0577335251306996,
2024-01-02 19:00:00,0.05796,0.05838,0.05761,0.05802,11590442,672285.08349,6630,5644035,327382.84085,0.0010351966873707,ARPA-USDT,0.0579266919084489,0.057894427683509,
2024-01-02 20:00:00,0.05804,0.05834,0.05713,0.05717,9142169,527368.78714,5853,3982820,229826.75778,0.0026306559102069,ARPA-USDT,0.0579949898660619,0.0580396146102231,
2024-01-02 21:00:00,0.05719,0.05769,0.05691,0.0576,9385288,538058.73338,5845,4789438,274565.46354,0.001564945226917,ARPA-USDT,0.0572908365108343,0.0571823269088807,
2024-01-02 22:00:00,0.05761,0.05784,0.05731,0.0577,7428930,428111.66796,4387,3059574,176272.80062,0.0013884068031932,ARPA-USDT,0.0575914437156243,0.0576393469690167,
2024-01-02 23:00:00,0.05772,0.05794,0.05717,0.05752,5211949,300166.32927,3263,2509344,144543.43156,0.0013927576601671,ARPA-USDT,0.0577315217787232,0.0576793721335742,
2024-01-03 00:00:00,0.05753,0.05868,0.05753,0.05844,12378930,721454.99921,7204,6629924,386243.81878,0.0010277492291881,ARPA-USDT,0.0576920676680167,0.0578521226721426,0.00032923
2024-01-03 01:00:00,0.05844,0.05869,0.05824,0.05866,3302599,192914.89111,2937,1511331,88312.86081,0.0013656538067599,ARPA-USDT,0.0584601967969598,0.0584896342479084,
2024-01-03 02:00:00,0.05868,0.05874,0.05807,0.05828,4764611,278172.71651,3273,1780796,103962.34945,0.0012025425184676,ARPA-USDT,0.0586945540165458,0.0585547911759725,
2024-01-03 03:00:00,0.05828,0.05832,0.0576,0.05795,4975221,288137.05139000004,3169,2074265,120133.18277,0.0013824088474165,ARPA-USDT,0.0582591775636613,0.0582813065194445,
2024-01-03 04:00:00,0.05795,0.05831,0.05791,0.05815,2901504,168630.72307,2437,1519255,88287.51791,0.001895244658856,ARPA-USDT,0.0579406873156342,0.0579622978022894,
2024-01-03 05:00:00,0.05815,0.05826,0.05798,0.05798,2652468,154078.90807,1851,1085016,63032.41871,0.0013816925734022,ARPA-USDT,0.0581527077146211,0.0581770461939633,
2024-01-03 06:00:00,0.05798,0.05832,0.05788,0.05824,2708806,157441.08903,2102,1470793,85462.70338,0.0015477214101462,ARPA-USDT,0.0579663809171509,0.0579957365983478,
2024-01-03 07:00:00,0.05824,0.05825,0.05758,0.05773,5709300,330484.24195,3140,2235457,129333.27244,0.001040402288885,ARPA-USDT,0.0582146512547637,0.0581588277261334,
2024-01-03 08:00:00,0.05774,0.05844,0.05774,0.0584,6703476,389560.44564,3383,3606683,209669.56211,0.0013717421124828,ARPA-USDT,0.0578192385960033,0.0579001236935203,0.00033847
2024-01-03 09:00:00,0.05838,0.05889,0.0583,0.05869,7732554,453922.4208,4501,3711948,217952.26543,0.0010233668770254,ARPA-USDT,0.0583223078885042,0.0583814583965667,
2024-01-03 10:00:00,0.05871,0.05917,0.05854,0.05889,9088981,535303.51172,4793,4126979,243106.79455,0.0010198878123406,ARPA-USDT,0.0587063552635922,0.0588663898549677,
2024-01-03 11:00:00,0.0589,0.05928,0.05733,0.05795,31233163,1824643.09558,14331,13253140,774858.6041,0.0015554787417906,ARPA-USDT,0.0589050337023512,0.0588631441344944,
2024-01-03 12:00:00,0.05798,0.05798,0.04624,0.05422,140233246,7339681.62257,65666,60055312,3153949.48397,0.0014776505356481,ARPA-USDT,0.0578093774009173,0.0564288400146392,
2024-01-03 13:00:00,0.0542,0.0559,0.0534,0.05563,53973440,2942448.19246,28388,29481764,1607594.16607,0.0016204537270436,ARPA-USDT,0.0539392610178348,0.053838208391569,
2024-01-03 14:00:00,0.05564,0.05841,0.05469,0.05778,78597537,4422609.15596,41881,36054174,2027769.8633,-0.0001730403183942,ARPA-USDT,0.0556604118314055,0.0558240067545448,
2024-01-03 15:00:00,0.05779,0.06143,0.05643,0.05964,86308696,5064321.40015,50093,41718403,2446570.90462,0.0008390669575433,ARPA-USDT,0.0580891571925299,0.0582743774118102,
2024-01-03 16:00:00,0.05966,0.06562,0.05797,0.05874,158884253,9764084.64103,82761,74140167,4560629.11922,0.0030737704918033,ARPA-USDT,0.0595132820714539,0.0600493736208675,0.0001
2024-01-03 17:00:00,0.05869,0.06021,0.05823,0.05884,42255115,2496259.79685,24593,19569416,1157225.95028,0.0001699813020568,ARPA-USDT,0.058848277719918,0.0587554847086099,
2024-01-03 18:00:00,0.05888,0.06024,0.05823,0.05937,33137158,1973963.77361,22433,16129717,960918.46755,0.0003369839932603,ARPA-USDT,0.0589673972665356,0.0593763539089782,
2024-01-03 19:00:00,0.05939,0.06125,0.05899,0.06044,32126445,1934076.19737,22115,16176545,973957.75756,0.0006622516556291,ARPA-USDT,0.0594430847072128,0.0593932753564837,
2024-01-03 20:00:00,0.06044,0.06269,0.05989,0.06141,37831736,2329993.06273,23614,18024479,1111125.78272,0.0014677103718199,ARPA-USDT,0.0605325256895471,0.0605292011675246,
2024-01-03 21:00:00,0.06141,0.0634,0.06115,0.06182,42870153,2667472.3748,24351,21103981,1314070.36625,0.0014579620929855,ARPA-USDT,0.061455483136688,0.0618189886735965,
2024-01-03 22:00:00,0.0618,0.06189,0.0603,0.06085,14172128,863276.72308,8258,6076630,370146.27247,0.0009870044415201,ARPA-USDT,0.0618063730054677,0.06171619429547,
2024-01-03 23:00:00,0.06086,0.06128,0.06021,0.06067,10998362,667557.7078099999,7022,5649332,342946.82626,0.0014856388246946,ARPA-USDT,0.0607700289698292,0.0605919577751914,
2024-01-04 00:00:00,0.06067,0.06079,0.0594,0.05984,18748167,1123885.55318,10779,8791804,526812.57233,0.0005015883631498,ARPA-USDT,0.0607164949429209,0.0603048015797832,0.0001
2024-01-04 01:00:00,0.05985,0.06022,0.05881,0.05955,15495718,923220.67006,8748,7498420,447070.64252,0.0018506056527589,ARPA-USDT,0.0599605079088548,0.0598710661361676,
2024-01-04 02:00:00,0.05955,0.06054,0.05918,0.06022,10228885,612468.20291,6339,5037450,301655.63021,0.0009973404255319,ARPA-USDT,0.0594712125701924,0.0593780399243149,
2024-01-04 03:00:00,0.0602,0.0621,0.05997,0.06138,20806671,1269959.44771,12589,10639215,649214.68959,0.0009784735812132,ARPA-USDT,0.0601016716725641,0.0602275188644665,
2024-01-04 04:00:00,0.06137,0.06249,0.06127,0.06161,11132088,689132.05534,7309,5544499,343307.31493,0.000649667045639,ARPA-USDT,0.0613574082760058,0.0613582559210016,
2024-01-04 05:00:00,0.0616,0.06307,0.0615,0.06253,11648459,726966.34281,8078,5789740,361265.46663,0.001281024819856,ARPA-USDT,0.0615876717258851,0.0615735885452567,
2024-01-04 06:00:00,0.06251,0.06295,0.06174,0.062,14416773,898863.4717,10513,6802187,424050.54291,0.0012919896640826,ARPA-USDT,0.062489007007067,0.0624978177798499,
2024-01-04 07:00:00,0.06198,0.063,0.06168,0.06234,16748992,1042343.0577,11040,8339931,519160.48575,0.0004814636494945,ARPA-USDT,0.0620460352722512,0.0621918914319317,
2024-01-04 08:00:00,0.06232,0.06274,0.06086,0.06265,25413510,1571575.71999,14526,12098735,748535.39694,0.0012785680038356,ARPA-USDT,0.0622725513605348,0.0624502238650837,0.0001
2024-01-04 09:00:00,0.06265,0.06381,0.06218,0.06266,33689505,2124538.12077,20583,16851943,1063438.59112,0.0017585931254995,ARPA-USDT,0.0624319680440716,0.0625347903197102,
2024-01-04 10:00:00,0.06265,0.06265,0.06103,0.06122,20269361,1252018.09765,12476,8718863,538691.73566,0.0013084723585212,ARPA-USDT,0.0625918063566006,0.0624972763173625,
2024-01-04 11:00:00,0.06123,0.06131,0.0596,0.05975,24014622,1448263.12744,11741,10322960,622450.76637,0.00134070722306,ARPA-USDT,0.0611910438091811,0.0611862947956934,
2024-01-04 12:00:00,0.05975,0.06027,0.05872,0.05986,30611820,1823444.3866,15193,14952800,891177.65371,0.0010033444816053,ARPA-USDT,0.0597242641729064,0.0594735796157098,
2024-01-04 13:00:00,0.05987,0.06185,0.05987,0.06083,26191510,1594480.73102,13179,12907977,785435.49057,0.0003288932741325,ARPA-USDT,0.059923849393315,0.0600398624827753,
2024-01-04 14:00:00,0.06085,0.06106,0.0602,0.06095,13373791,810828.61278,8133,6115876,370763.55859,0.0009853834784037,ARPA-USDT,0.0607970365825915,0.0605511051535312,
2024-01-04 15:00:00,0.06092,0.06119,0.05961,0.05992,19360145,1166196.46657,11404,7799621,469773.362,0.0018391573315499,ARPA-USDT,0.0610540335727763,0.0609525062201425,
2024-01-04 16:00:00,0.0599,0.06123,0.0593,0.06106,20500159,1234179.32424,12864,11489213,692207.1667,0.0011477291359238,ARPA-USDT,0.0600060320119173,0.0599573285352157,0.0001
2024-01-04 17:00:00,0.06106,0.06201,0.06046,0.06195,20348357,1244871.11852,11962,9338392,571647.32636,0.0009694619486184,ARPA-USDT,0.0610194311820101,0.0609373219909665,
2024-01-04 18:00:00,0.06195,0.06213,0.06146,0.06155,7359908,454481.23445,6315,2742378,169439.89546,0.0011385816525699,ARPA-USDT,0.0619635809490885,0.0618515357362322,
2024-01-04 19:00:00,0.06155,0.06177,0.06066,0.06091,8498106,520710.17369,6650,3095180,189737.94584,0.0006571381632987,ARPA-USDT,0.0614817586214183,0.0615042436808046,
2024-01-04 20:00:00,0.06089,0.06103,0.06003,0.06037,11514277,695811.29178,8347,5448613,329187.54685,0.0011608623548922,ARPA-USDT,0.0609738754797756,0.0609447601267424,
2024-01-04 21:00:00,0.06037,0.06074,0.05905,0.05956,11660278,696843.90116,7909,5229470,312524.56646,0.0011766683476215,ARPA-USDT,0.0603352256229888,0.0605067701252083,
2024-01-04 22:00:00,0.05956,0.05996,0.05932,0.05973,8961412,534567.01186,6241,5209099,310696.34073,0.0013411567476948,ARPA-USDT,0.0595194783217384,0.0595124184496087,
2024-01-04 23:00:00,0.05974,0.05976,0.05902,0.05941,8755355,519802.79691,5597,4468230,265286.25696,0.0011796427367711,ARPA-USDT,0.0597032515921917,0.0595878629581342,
2024-01-05 00:00:00,0.05943,0.06089,0.05905,0.06082,15810663,947700.32526,10652,8185228,490557.75701,0.0009874917709018,ARPA-USDT,0.0594811101617297,0.0593203311063078,0.0001
2024-01-05 01:00:00,0.06081,0.06128,0.05905,0.06051,21407848,1294738.64546,15090,9514367,575615.93405,0.0011581733951024,ARPA-USDT,0.0607008348710148,0.060718202892043,
2024-01-05 02:00:00,0.06049,0.06299,0.06041,0.0624,27445585,1698192.79486,20328,13640710,843900.3709,0.0008019246190857,ARPA-USDT,0.0607321274886187,0.0610832993291451,
2024-01-05 03:00:00,0.0624,0.06506,0.06224,0.06469,33179782,2112140.90019,23540,17502989,1114550.48882,0.0006187161639596,ARPA-USDT,0.062384489087783,0.0625808382035038,
2024-01-05 04:00:00,0.06467,0.06599,0.06289,0.06573,43574879,2808034.53355,30397,22696735,1463073.94774,0.0007612667478684,ARPA-USDT,0.0647673125284693,0.0647339355291201,
2024-01-05 05:00:00,0.06573,0.06695,0.06381,0.06403,59273492,3881020.13421,36351,27312697,1790204.59382,0.0015642108556233,ARPA-USDT,0.0658485257739511,0.0660152687002767,
2024-01-05 06:00:00,0.06403,0.06782,0.06403,0.06776,65161422,4310743.53541,38279,35643230,2358984.23179,0.0001476014760146,ARPA-USDT,0.0641726421446969,0.0646062192368103,
2024-01-05 07:00:00,0.06778,0.07329,0.06702,0.06873,216868854,15131946.98634,121567,107614312,7507830.84938,0.0001455180442373,ARPA-USDT,0.0678477454755353,0.0675933977212594,
2024-01-05 08:00:00,0.06874,0.0776,0.06744,0.07496,264776041,19308252.60569,148210,135294163,9849995.55932,0.000133422281521,ARPA-USDT,0.0683962230897353,0.0685290818010707,0.0001
2024-01-05 09:00:00,0.07497,0.07885,0.07436,0.07637,322303873,24680747.39049,187095,161008357,12338629.27387,0.0002619515389652,ARPA-USDT,0.0751257150253399,0.0758053809424926,
2024-01-05 10:00:00,0.07637,0.07685,0.07202,0.07381,202771496,15212283.6077,117461,97069421,7293860.631659999,0.0004066142586067,ARPA-USDT,0.0759698479696115,0.0757666399762296,
2024-01-05 11:00:00,0.0738,0.07547,0.06876,0.06895,194249449,13902633.92261,119642,89383173,6403853.6545,0.0001450536698577,ARPA-USDT,0.0741395959284057,0.0746755565422717,
2024-01-05 12:00:00,0.06895,0.07387,0.06704,0.07323,195718502,13747220.20467,103495,100798299,7081607.09672,-0.000273037542662,ARPA-USDT,0.0689679260020899,0.0684693928378336,
2024-01-05 13:00:00,0.07322,0.07512,0.07108,0.07259,155077016,11343686.58595,93409,73222553,5362363.73961,0.000551343900758,ARPA-USDT,0.073415266919471,0.0734652908499871,
2024-01-05 14:00:00,0.07259,0.07294,0.0695,0.07186,106705825,7596466.362339999,68809,53095905,3781896.89937,0.0006962818548947,ARPA-USDT,0.0726886634290687,0.072168200215858,
2024-01-05 15:00:00,0.07187,0.07368,0.07033,0.07116,98844012,7115985.5876400005,60833,47978068,3457551.86904,0.0009846673231115,ARPA-USDT,0.0720134063534579,0.0723447773679665,
2024-01-05 16:00:00,0.07116,0.07404,0.07056,0.07225,112960387,8179215.805,72035,58050068,4204856.22879,-0.000553326877853,ARPA-USDT,0.0710923391019045,0.0714841343985807,0.0001
2024-01-05 17:00:00,0.0723,0.07323,0.06866,0.07124,147049806,10432753.95863,83753,68605878,4872775.62172,0.00098356048897,ARPA-USDT,0.0726248206356493,0.0727909929993269,
2024-01-05 18:00:00,0.07124,0.07217,0.06958,0.06963,60275028,4288325.15423,35209,27538878,1960637.50359,-0.0002871500358938,ARPA-USDT,0.0712645047495357,0.071507815694363,
2024-01-05 19:00:00,0.06963,0.07016,0.06645,0.06752,165426471,11249092.97342,67325,78655033,5346048.71618,0.0004445102978218,ARPA-USDT,0.0698327983172678,0.0685954239041972,
2024-01-05 20:00:00,0.06752,0.06795,0.06521,0.06765,108580050,7248275.04943,53609,55622963,3714004.74663,0.0,ARPA-USDT,0.0675574096341266,0.0676005689037786,
2024-01-05 21:00:00,0.06764,0.07056,0.06681,0.0703,104236329,7165488.03876,56238,52864483,3637124.0186,-0.0017040613462083,ARPA-USDT,0.067513959700845,0.0677710803217859,
2024-01-05 22:00:00,0.07034,0.07325,0.07018,0.0723,88314036,6304683.5999,52976,47828727,3416066.51318,0.0,ARPA-USDT,0.0706759690281583,0.0705929637720901,
2024-01-05 23:00:00,0.0723,0.07293,0.07071,0.07121,55890336,3989945.22207,30028,26473904,1889841.8555,0.0007026419336704,ARPA-USDT,0.0725062164845934,0.0722492179326574,
2024-01-06 00:00:00,0.07118,0.07248,0.07021,0.07144,58288008,4151065.08308,35465,29460128,2099469.252,0.0002800336040325,ARPA-USDT,0.0710719415656363,0.0713684607064219,0.0001
2024-01-06 01:00:00,0.07144,0.07215,0.0705,0.07181,39034353,2788769.87651,26296,20621648,1473713.13328,0.0005573359342343,ARPA-USDT,0.0711995280526744,0.0710786456409441,
2024-01-06 02:00:00,0.07181,0.07432,0.07075,0.07215,72416634,5242975.50588,40883,36498340,2644603.12898,0.0005547080848704,ARPA-USDT,0.0714951827323398,0.0717028448535884,
2024-01-06 03:00:00,0.07219,0.07429,0.07136,0.07254,62307497,4551067.31376,37946,30312658,2215243.10878,0.0,ARPA-USDT,0.0721195582094149,0.0719306532136005,
2024-01-06 04:00:00,0.07255,0.07372,0.07068,0.07126,42245790,3050287.92071,27856,16918534,1224511.79609,0.0,ARPA-USDT,0.072511475156808,0.0726434064176924,
2024-01-06 05:00:00,0.07125,0.07414,0.07061,0.07257,74043593,5367074.75754,49365,37734585,2736704.45478,-0.0021999175030937,ARPA-USDT,0.0714764023735153,0.0716103265530064,
2024-01-06 06:00:00,0.07266,0.07343,0.06878,0.07017,110239429,7774642.65043,57743,47608284,3356967.71667,0.0001425313568985,ARPA-USDT,0.0729244245473303,0.0728763407525436,
2024-01-06 07:00:00,0.07016,0.07118,0.06756,0.07041,90547308,6275053.62362,47132,43479513,3017437.6611,0.0005684240443371,ARPA-USDT,0.0700225977858666,0.0701445178380396,
2024-01-06 08:00:00,0.07041,0.07172,0.06898,0.07136,60750527,4263907.1498300005,36551,30503950,2141566.44358,0.0011223344556678,ARPA-USDT,0.0705057177658118,0.0703511080198612,0.0001
2024-01-06 09:00:00,0.07133,0.07435,0.07133,0.07394,62854168,4605739.49817,49256,32476575,2379007.20777,-0.0001352265043947,ARPA-USDT,0.0714735152237206,0.0718803379177188,
2024-01-06 10:00:00,0.07393,0.075,0.07211,0.07334,58930433,4335058.88378,42098,29587692,2179069.45673,0.0001363698349925,ARPA-USDT,0.0739532309822321,0.0736266867416166,
2024-01-06 11:00:00,0.07334,0.07523,0.07286,0.07313,65426133,4834170.33652,39318,33499161,2477218.60052,0.0002735603884558,ARPA-USDT,0.0735461014240664,0.0737215792595847,
2024-01-06 12:00:00,0.07312,0.07383,0.07216,0.0731,52005398,3797305.0751,31288,27248774,1990266.1416,0.0,ARPA-USDT,0.0731753993398394,0.073412728822228,
2024-01-06 13:00:00,0.07312,0.07385,0.07215,0.07268,30024509,2194531.09411,19667,14159676,1035127.94042,0.0005506607929515,ARPA-USDT,0.0730287279280917,0.0729120517597389,
2024-01-06 14:00:00,0.07267,0.07278,0.06711,0.06846,97213334,6753282.25694,51087,45211910,3136730.86085,0.0002922267679719,ARPA-USDT,0.0724526676953386,0.0718306006868032,
2024-01-06 15:00:00,0.06846,0.07092,0.06718,0.07019,67486991,4650535.41165,40759,39177289,2701214.76153,0.001283880171184,ARPA-USDT,0.0682230075652584,0.0680744372825447,
2024-01-06 16:00:00,0.07014,0.07317,0.06939,0.07285,75170310,5355573.14487,40690,37747485,2688188.49615,0.0012369433754808,ARPA-USDT,0.0702364515949668,0.0705542673848027,0.0001
2024-01-06 17:00:00,0.07285,0.07456,0.07234,0.07396,60818899,4464263.6846,37806,31824350,2336918.06201,0.0008119079837618,ARPA-USDT,0.072682727105425,0.0727941137636163,
2024-01-06 18:00:00,0.07398,0.074,0.07003,0.07024,57628437,4153343.88966,30020,26590406,1917173.71763,0.0002848191398461,ARPA-USDT,0.0739719889246285,0.0739016703055595,
2024-01-06 19:00:00,0.07026,0.07048,0.06898,0.06983,47123796,3280374.69706,25212,25046808,1743559.63113,0.0005731480154749,ARPA-USDT,0.0703550768521175,0.0700477324392022,
2024-01-06 20:00:00,0.06983,0.07027,0.06837,0.06874,29946530,2068089.79688,16552,14022204,968619.56911,0.0004366176684615,ARPA-USDT,0.0698010626790621,0.0699861570021812,
2024-01-06 21:00:00,0.06873,0.07017,0.06837,0.06926,28405537,1969960.54993,18492,15223424,1055662.89703,0.0001444043321299,ARPA-USDT,0.0687235212885629,0.0686903727411876,
2024-01-06 22:00:00,0.06929,0.06937,0.0678,0.06806,20256389,1386820.47115,13704,9140248,625856.32035,-0.0001469075951228,ARPA-USDT,0.0691563867504749,0.0690376633116438,
2024-01-06 23:00:00,0.06809,0.06877,0.06725,0.06849,23218936,1580976.30951,15558,11855431,807664.13549,0.0002920987293704,ARPA-USDT,0.0680070352388968,0.0679575591944609,
2024-01-07 00:00:00,0.06851,0.06917,0.06736,0.06839,27641824,1890555.83868,16716,12590638,861873.81547,0.0004388531304857,ARPA-USDT,0.0689087886272817,0.0685497063749764,0.0001
2024-01-07 01:00:00,0.06839,0.07039,0.06822,0.06971,22201080,1541143.57645,15527,12498454,867423.02711,0.0001434720229553,ARPA-USDT,0.0685924498650107,0.0683862158469368,
2024-01-07 02:00:00,0.06969,0.072,0.06966,0.07018,31562259,2239430.54462,22360,15701160,1114166.64388,0.000142511044606,ARPA-USDT,0.0699678464687853,0.0702820671658615,
2024-01-07 03:00:00,0.07017,0.07053,0.06842,0.0687,16747801,1160798.99518,11862,7551475,523575.01786,0.0005825808330905,ARPA-USDT,0.0703169794469165,0.0702224559203964,
2024-01-07 04:00:00,0.06868,0.06945,0.06752,0.06886,35655050,2441582.5881,26815,17211462,1178810.81259,-0.0004354768471476,ARPA-USDT,0.0687373183996814,0.0687000258138085,
2024-01-07 05:00:00,0.06886,0.06988,0.06852,0.06942,28128084,1946922.36194,23234,13850332,958845.47206,0.0004323389537397,ARPA-USDT,0.068818529882013,0.0688043139976239,
2024-01-07 06:00:00,0.06941,0.07057,0.06934,0.07039,26811207,1873758.57272,18755,12598654,880376.14432,0.0008531210009952,ARPA-USDT,0.0695408025366035,0.0698077359878041,
2024-01-07 07:00:00,0.07039,0.07103,0.06887,0.06908,19569775,1366670.20287,11775,8594173,600251.9842599999,0.0007243227582212,ARPA-USDT,0.0705690740938413,0.0707905096047472,
2024-01-07 08:00:00,0.06908,0.06908,0.06657,0.06697,34153763,2316541.46998,16747,14722308,998616.16404,0.0002987303958179,ARPA-USDT,0.068992535293244,0.0689037176115135,0.0001
2024-01-07 09:00:00,0.06694,0.06744,0.06613,0.0666,44735123,2991701.01248,27571,21620499,1446621.03164,0.0,ARPA-USDT,0.066905044725843,0.0671210373825855,
2024-01-07 10:00:00,0.0666,0.0672,0.06465,0.06474,77005932,5058443.30973,36810,30117338,1980817.28509,0.0,ARPA-USDT,0.0668611129911272,0.0668687365755571,
2024-01-07 11:00:00,0.06475,0.06558,0.06416,0.06486,66161981,4284801.78178,31364,29263952,1896894.86399,-0.0003082614056718,ARPA-USDT,0.0647715791218974,0.0645649050117713,
2024-01-07 12:00:00,0.06486,0.06536,0.06401,0.06497,40262046,2605532.37638,19224,18828326,1218838.93525,0.0001539408866995,ARPA-USDT,0.0647993731832845,0.064701274175994,
2024-01-07 13:00:00,0.06498,0.06566,0.06477,0.06522,28173774,1837583.11975,14338,12647506,825299.72499,0.0,ARPA-USDT,0.0649971314309834,0.0652008818492962,
2024-01-07 14:00:00,0.06522,0.06533,0.06402,0.06434,22443706,1447186.184,12079,10325946,665821.53594,0.0001554484688324,ARPA-USDT,0.0652446470425086,0.0652180288861498,
2024-01-07 15:00:00,0.06436,0.06437,0.06262,0.06308,38950387,2468770.28702,19321,17463383,1106515.9849,0.0,ARPA-USDT,0.0643219470801956,0.0642178055563425,
2024-01-07 16:00:00,0.06311,0.0637,0.06213,0.06262,33257733,2094727.03246,18217,16498279,1039862.83098,-0.0003192848020435,ARPA-USDT,0.0631503768466493,0.0633548554835214,0.0001
2024-01-07 17:00:00,0.06263,0.06329,0.06237,0.06289,18463315,1161440.73629,11469,9357298,588699.81912,0.0004772510340438,ARPA-USDT,0.0627392794041647,0.0626889981909835,
2024-01-07 18:00:00,0.06289,0.06351,0.0626,0.06327,11809997,745198.38917,7697,5971369,376789.98062,0.000316205533597,ARPA-USDT,0.062874074655118,0.0627983964942163,
2024-01-07 19:00:00,0.06327,0.0634,0.06288,0.06298,10621858,670235.94335,6704,5323080,335839.50364,0.0001588057805304,ARPA-USDT,0.063329942781955,0.0632026321988788,
2024-01-07 20:00:00,0.06298,0.06319,0.0624,0.06265,10232314,642995.66628,6963,5147143,323549.02108,0.0003193357815742,ARPA-USDT,0.0629555645629129,0.0628820217891485,
2024-01-07 21:00:00,0.06266,0.06298,0.06215,0.06238,10384391,649368.11593,6651,4947220,309431.19314,-0.0003205128205128,ARPA-USDT,0.0626507817575601,0.0626424064371173,
2024-01-07 22:00:00,0.06236,0.06242,0.0597,0.06001,61318155,3728250.45699,28767,24825057,1509322.51848,0.0001666666666666,ARPA-USDT,0.06234394216438,0.0621159260313668,
2024-01-07 23:00:00,0.06001,0.06088,0.05908,0.05974,44965983,2693716.89657,22593,20295234,1217168.96945,-0.000334672021419,ARPA-USDT,0.0601642459204018,0.0604128153633931,
2024-01-08 00:00:00,0.05973,0.06032,0.05854,0.05864,50686069,3017903.36165,25607,24236720,1443953.48778,0.0006825938566552,ARPA-USDT,0.05976684414081,0.0600677265262109,0.0001
2024-01-08 01:00:00,0.05863,0.05909,0.0575,0.05851,48796466,2854160.90404,23224,22991161,1345586.44436,-0.0003417051084914,ARPA-USDT,0.0587084937486743,0.0588838651450835,
2024-01-08 02:00:00,0.05851,0.05896,0.05574,0.05704,47088906,2702828.58825,23356,20381716,1171244.70124,0.0003507541213609,ARPA-USDT,0.0586183682275354,0.0586102843368796,
2024-01-08 03:00:00,0.05706,0.05746,0.05487,0.05648,44448987,2495258.60647,23893,21326521,1197712.70745,-0.0001770224818551,ARPA-USDT,0.0571019532358272,0.0572066054764661,
2024-01-08 04:00:00,0.05648,0.05947,0.05636,0.05932,51484908,2980009.87952,21794,29161984,1686615.64908,0.0003372681281619,ARPA-USDT,0.05649881612259,0.0567089817213555,
2024-01-08 05:00:00,0.05932,0.05957,0.05833,0.05887,23448270,1380518.16008,12474,10814239,636828.98308,0.0001698946653074,ARPA-USDT,0.0593908255299727,0.0590247619339105,
2024-01-08 06:00:00,0.05885,0.06009,0.05835,0.05916,35957640,2133793.90283,20209,18717347,1110789.49864,-0.000844451950684,ARPA-USDT,0.0588065027200324,0.0588110445997789,
2024-01-08 07:00:00,0.05916,0.05995,0.05876,0.05922,13288860,789170.0787,8891,6454401,383565.29744,-0.0010121457489877,ARPA-USDT,0.0592363181913167,0.0596229481247832,
2024-01-08 08:00:00,0.05922,0.06004,0.0585,0.06004,22420420,1329583.71551,11507,12090351,717667.82242,-0.0011645316918981,ARPA-USDT,0.0591509840817381,0.0590309650928599,0.0001
2024-01-08 09:00:00,0.06004,0.06113,0.05975,0.06038,31615877,1914963.82083,18150,15822157,958517.42604,0.0,ARPA-USDT,0.0600581099435224,0.0601348828934751,
2024-01-08 10:00:00,0.06039,0.06086,0.05927,0.05988,29630984,1773685.88168,15518,11968008,716537.37691,0.0,ARPA-USDT,0.0605706069446602,0.0599622532018718,
2024-01-08 11:00:00,0.05989,0.05993,0.05895,0.05957,19644093,1166055.45708,10337,8786901,521565.59936,-0.0003356267830172,ARPA-USDT,0.0598388143697469,0.059805429907253,
2024-01-08 12:00:00,0.05958,0.06135,0.05957,0.06074,39955793,2420630.935,20758,20691695,1253523.94899,-0.0016436554898092,ARPA-USDT,0.0596217857473021,0.0602881535904049,
2024-01-08 13:00:00,0.06075,0.06234,0.06064,0.0621,36233355,2225131.50225,19498,21561523,1324244.78278,-0.0006437077566784,ARPA-USDT,0.0609541202525541,0.060941554992023,
2024-01-08 14:00:00,0.06209,0.06368,0.06116,0.06347,37102761,2322088.74625,21724,20763585,1300484.07736,-0.0001575299306867,ARPA-USDT,0.0620416729308271,0.0619096723093072,
2024-01-08 15:00:00,0.06349,0.06487,0.0627,0.06374,38695228,2474918.49805,22213,18921511,1210525.21836,-0.0020353843745105,ARPA-USDT,0.0637443361877144,0.0633781092030291,
2024-01-08 16:00:00,0.06377,0.06468,0.0622,0.06247,26027950,1647949.72736,14827,12427495,787858.34832,-0.00048,ARPA-USDT,0.0642127533853798,0.0640401546973404,0.0001
2024-01-08 17:00:00,0.06248,0.06282,0.06185,0.0626,18262228,1137620.15248,10563,8635159,537926.40825,0.0,ARPA-USDT,0.0625645036383547,0.0624657124793097,
2024-01-08 18:00:00,0.06258,0.06308,0.06206,0.06292,23701113,1484555.60299,11611,10543632,660757.10056,0.0,ARPA-USDT,0.0626744465710217,0.0627271807684771,
2024-01-08 19:00:00,0.0629,0.06348,0.06209,0.06306,17739370,1114946.78025,10722,7744435,486970.27567,-0.0001585539876327,ARPA-USDT,0.0628741768160557,0.0626140941541894,
2024-01-08 20:00:00,0.06307,0.06319,0.06177,0.06236,16351390,1020609.82424,9657,6972680,435180.51957,0.0,ARPA-USDT,0.0631371436927959,0.0629790422634185,
2024-01-08 21:00:00,0.06237,0.06262,0.06208,0.06212,9627728,600312.19014,5261,4080710,254546.20247,0.0001610046691353,ARPA-USDT,0.062366095071249,0.0623957826222711,
2024-01-08 22:00:00,0.06211,0.06273,0.0619,0.06271,7787855,484999.6154,4888,3634890,226456.28069,0.0003190301483491,ARPA-USDT,0.0621499568064537,0.062078713987934,
2024-01-08 23:00:00,0.06272,0.06292,0.06236,0.06269,7607541,476688.01894,4683,3749397,234956.39292,-0.0011153601019757,ARPA-USDT,0.0626592075520791,0.0625486365234046,
2024-01-09 00:00:00,0.0627,0.06271,0.06095,0.06237,20347917,1260397.42283,11917,10139967,627908.70368,0.0017667844522968,ARPA-USDT,0.0625946000101757,0.062507875355718,0.0001
2024-01-09 01:00:00,0.06239,0.06373,0.06222,0.06338,21720718,1367878.0602,12440,13650699,859810.10315,-0.0001577535888941,ARPA-USDT,0.0623411241522892,0.0623498952805005,
2024-01-09 02:00:00,0.06338,0.06441,0.06286,0.06329,18556130,1181941.51986,11089,10936993,696751.61493,0.0004742333227949,ARPA-USDT,0.0635208978064201,0.0634924008226844,
2024-01-09 03:00:00,0.06331,0.06331,0.06231,0.06316,9648521,604377.74471,5966,5760537,360832.63945,0.0,ARPA-USDT,0.063193553185371,0.0629764580675878,
2024-01-09 04:00:00,0.06318,0.06528,0.06306,0.06528,20397750,1305735.73601,12455,11714828,750145.08177,0.0004597701149424,ARPA-USDT,0.0632279787674793,0.0631985540721475,
2024-01-09 05:00:00,0.06528,0.06548,0.06345,0.06433,26144849,1687748.98836,17272,13207278,852161.67985,-0.0004661280298322,ARPA-USDT,0.0651759454392399,0.064950320375354,
2024-01-09 06:00:00,0.06435,0.0647,0.06215,0.06266,23688222,1494347.00915,11090,11494583,724637.26278,0.0,ARPA-USDT,0.0643076854020466,0.06413040166796,
2024-01-09 07:00:00,0.06267,0.06286,0.0622,0.06225,12374928,773082.12313,6421,5845146,365149.21861,-0.0012834910957806,ARPA-USDT,0.0627129750931882,0.0626615084733603,
2024-01-09 08:00:00,0.06226,0.06238,0.06117,0.06125,14927450,922433.21885,7823,6625375,409475.22403,0.0,ARPA-USDT,0.0622661670209663,0.0621957834745788,0.0001
2024-01-09 09:00:00,0.06128,0.06254,0.06125,0.06161,22880291,1416136.45828,11081,11482232,710547.02136,0.0001623376623376,ARPA-USDT,0.0613240443779933,0.0614761119432463,
2024-01-09 10:00:00,0.06164,0.06256,0.06155,0.06158,10659419,662179.10058,6146,5089740,316152.67093,-0.0006491398896462,ARPA-USDT,0.0616642266543201,0.0619653970886054,
2024-01-09 11:00:00,0.06158,0.06201,0.06098,0.06123,10496368,645811.59014,6209,4340655,267074.16256,0.000326743996079,ARPA-USDT,0.0615818369777958,0.061660969708143,
2024-01-09 12:00:00,0.06123,0.06132,0.05785,0.05938,35940154,2155630.46451,17255,15454549,926684.16184,-0.0003367003367003,ARPA-USDT,0.0612423156126664,0.0611083763675875,
2024-01-09 13:00:00,0.05935,0.06093,0.05924,0.06056,21774288,1310126.56206,11468,11599629,697643.44817,0.0006609385327165,ARPA-USDT,0.0595596619679247,0.0598011004665804,
2024-01-09 14:00:00,0.06056,0.06084,0.05912,0.0592,11185671,670445.33927,7680,4786062,286935.44674,-0.001349527665317,ARPA-USDT,0.0606373797543854,0.0606933550338198,
2024-01-09 15:00:00,0.0592,0.05973,0.0587,0.05919,10670934,632689.1168,7030,4755291,282015.12241,-0.0003377807802735,ARPA-USDT,0.0591563509379168,0.0590926917655548,
2024-01-09 16:00:00,0.0592,0.05959,0.05864,0.05926,6296027,372702.37521,4771,2986551,176820.75759,-0.0001687194196052,ARPA-USDT,0.0592924650845005,0.0592838141519955,0.0001
2024-01-09 17:00:00,0.05926,0.05935,0.05845,0.05855,8102823,477190.10057,5414,3744219,220577.02689,0.0,ARPA-USDT,0.0593165028734593,0.0592111972828931,
2024-01-09 18:00:00,0.05856,0.05916,0.05818,0.05907,7222435,424633.82602,4685,3773283,221876.92405,0.0001693193362681,ARPA-USDT,0.0585956781325896,0.058556707079894,
2024-01-09 19:00:00,0.05908,0.05918,0.05805,0.05908,20325434,1192813.54396,10466,10154255,596026.96262,-0.0003384094754652,ARPA-USDT,0.0590749505453116,0.0590367038977567,
2024-01-09 20:00:00,0.05908,0.0594,0.0581,0.05828,12050628,708670.59877,7745,5994837,352543.75284000003,-0.0003430531732417,ARPA-USDT,0.059108002135338,0.0592585590538001,
2024-01-09 21:00:00,0.05829,0.0611,0.05828,0.06007,47982458,2881467.95078,32754,23814148,1429694.90062,0.0,ARPA-USDT,0.0583261897213681,0.0585974426699577,
2024-01-09 22:00:00,0.06007,0.06148,0.05972,0.06046,17575138,1065636.71102,13055,7119543,431549.7686,-0.0004959497437593,ARPA-USDT,0.060078587184603,0.0602573597133714,
2024-01-09 23:00:00,0.06045,0.06085,0.05991,0.06085,7014014,423809.92178,5276,3316545,200524.66061,0.0001643655489809,ARPA-USDT,0.06040882306959,0.0604201564439369,
2024-01-10 00:00:00,0.06085,0.06215,0.06037,0.06174,16073588,986588.039,10570,8867241,544384.36791,-0.0001619433198379,ARPA-USDT,0.0607671385989204,0.060616730776636,0.0001
2024-01-10 01:00:00,0.06173,0.063,0.06173,0.06284,11068263,690401.37953,8674,5451814,339983.40018,0.0006369426751591,ARPA-USDT,0.0618703347868382,0.0620121005414209,
2024-01-10 02:00:00,0.06281,0.06281,0.06124,0.06137,7148275,442958.41493,5687,2956017,183128.85065,0.0001629726205998,ARPA-USDT,0.0626673528583274,0.0624577219423378,
2024-01-10 03:00:00,0.06138,0.06179,0.06092,0.06093,7091057,434503.32326,4740,2736871,167780.36359,0.0,ARPA-USDT,0.061374426682744,0.0614084697030423,
2024-01-10 04:00:00,0.06093,0.06186,0.06092,0.0613,6773048,415718.60468,4584,3712192,227657.27042,0.0001631587534671,ARPA-USDT,0.0609893991394438,0.0611251413029165,
2024-01-10 05:00:00,0.06132,0.06202,0.06114,0.06196,4026476,247624.46531,3667,1808671,111226.00635,-0.0004839490240361,ARPA-USDT,0.0614298448166857,0.0613744364367503,
2024-01-10 06:00:00,0.06196,0.06196,0.06094,0.06107,4707451,288765.89063,3793,2371912,145507.34731,-0.0006545573555882,ARPA-USDT,0.0617560578799775,0.0617539626876728,
2024-01-10 07:00:00,0.06108,0.06132,0.06071,0.06117,3691833,225411.6465,3502,1948594,118973.83292,-0.0003268507926131,ARPA-USDT,0.0611675605643302,0.0612222662381127,
2024-01-10 08:00:00,0.06117,0.06221,0.06038,0.06221,15519301,948697.09055,9001,8899693,544402.7381300001,0.0011264885741872,ARPA-USDT,0.0611872989787959,0.0611876243841129,0.0001
2024-01-10 09:00:00,0.06222,0.06333,0.06157,0.0632,19298553,1203851.84991,12938,9257611,577763.08237,-0.0003163555836759,ARPA-USDT,0.0623084717887154,0.0621495232503297,
2024-01-10 10:00:00,0.06323,0.06326,0.06225,0.06291,9644237,605350.28461,7664,4602592,288936.9092,-0.0004766444232602,ARPA-USDT,0.0632064327785093,0.0631192567950916,
2024-01-10 11:00:00,0.06292,0.06323,0.06254,0.06313,7027672,442064.84922,5979,3000942,188791.27963,-0.0007913896802784,ARPA-USDT,0.0630610707432822,0.062996449211266,
2024-01-10 12:00:00,0.06312,0.06387,0.06118,0.06217,42646298,2662272.58288,22100,21180315,1323846.34209,-0.0008036001285759,ARPA-USDT,0.0630146864001681,0.0628764309581593,
2024-01-10 13:00:00,0.06218,0.06258,0.06063,0.06181,21467899,1319597.47607,11905,9702737,596833.41118,0.0003236769703836,ARPA-USDT,0.062049200200259,0.0622166984695109,
2024-01-10 14:00:00,0.06181,0.06217,0.05979,0.05989,21802789,1337205.07454,12672,10019425,616593.35454,-0.0003338340844599,ARPA-USDT,0.0617713587929975,0.0618609883433925,
2024-01-10 15:00:00,0.05989,0.06223,0.05973,0.06197,28366258,1732279.40303,15244,14093095,858917.7758,0.0006458905215565,ARPA-USDT,0.0598454409844325,0.0600616341983739,
2024-01-10 16:00:00,0.06195,0.06305,0.06172,0.06247,17812564,1112438.73778,11826,9119762,569703.11426,0.0001601024655779,ARPA-USDT,0.0619326202491434,0.0622512301753392,0.0001
2024-01-10 17:00:00,0.0625,0.06445,0.06229,0.06426,16980015,1075844.09114,10726,8279816,524381.93917,0.0,ARPA-USDT,0.0625073692544067,0.0624778070440942,
2024-01-10 18:00:00,0.06426,0.06432,0.06293,0.06337,18275026,1164104.57939,11632,8334663,531041.433,-0.0001577784790156,ARPA-USDT,0.0641157109607104,0.0640267983640308,
2024-01-10 19:00:00,0.06337,0.06431,0.06317,0.06346,14620741,932623.11717,8131,6915124,441144.41865,-0.0003150598613735,ARPA-USDT,0.0634385859965728,0.0634695970994475,
2024-01-10 20:00:00,0.06348,0.06486,0.06182,0.06475,26626100,1680331.0576,15146,13259500,836894.7183,0.0009275003864586,ARPA-USDT,0.0634453661716134,0.063360384634943,
2024-01-10 21:00:00,0.06472,0.06658,0.0641,0.06647,31031465,2031889.85855,18048,14810640,969973.77639,0.0007527853056308,ARPA-USDT,0.0646792256098709,0.0644903912964847,
2024-01-10 22:00:00,0.06646,0.06752,0.06602,0.06655,20353931,1359196.7131,12382,8788752,586867.8334,0.000601413321305,ARPA-USDT,0.0665040468139201,0.0663432057935313,
2024-01-10 23:00:00,0.06655,0.06752,0.06574,0.06658,18737215,1251128.09941,11754,8590201,573309.05296,0.0013535870055647,ARPA-USDT,0.0666446657222753,0.0667118171857839,
2024-01-11 00:00:00,0.06659,0.0669,0.06592,0.06657,15329518,1018678.28006,9209,7194973,478297.24354,0.0006012325266797,ARPA-USDT,0.0666800908048117,0.0663439878982781,0.0001
2024-01-11 01:00:00,0.06657,0.06694,0.06576,0.06598,7982478,529796.49928,5931,3533198,234625.05021,0.0,ARPA-USDT,0.066503839443352,0.0663992013675669,
2024-01-11 02:00:00,0.06599,0.06647,0.06578,0.06612,5894156,389719.0361,3840,2931865,193851.57641,0.0003025718608167,ARPA-USDT,0.0659669449865821,0.0659608054429565,
2024-01-11 03:00:00,0.06612,0.06669,0.06586,0.06664,10019269,664853.05482,5625,5680664,377078.15229,0.0009011715229798,ARPA-USDT,0.0661774645523824,0.0661351779218362,
2024-01-11 04:00:00,0.06662,0.06662,0.06574,0.06589,4964959,328735.33615,4277,2247792,148854.51791,0.0003036283588888,ARPA-USDT,0.06645696862726,0.0663609912540531,
2024-01-11 05:00:00,0.06589,0.06596,0.06482,0.06553,9293949,607718.8385,6038,4452178,291028.42104,0.0004580152671755,ARPA-USDT,0.065860334286615,0.0657145896765639,
2024-01-11 06:00:00,0.06556,0.06584,0.06472,0.06581,7818123,510148.89509,5349,3534470,230742.17777,0.0006081800212862,ARPA-USDT,0.0656111523465043,0.0655384815188133,
2024-01-11 07:00:00,0.0658,0.0667,0.0658,0.06653,6964332,461832.43829,5070,3809351,252590.30771,0.0013546056592415,ARPA-USDT,0.0658939087149495,0.0659539209975507,
2024-01-11 08:00:00,0.06654,0.06675,0.06604,0.06657,7108485,472164.55693,5241,3814334,253437.06332,0.0009021199819576,ARPA-USDT,0.0664672933390314,0.0662734427469829,0.0001
2024-01-11 09:00:00,0.06656,0.068,0.06631,0.06755,12684319,852895.41233,9752,7805773,524907.09715,0.0010373443983402,ARPA-USDT,0.0665079772593361,0.0664864082622461,
2024-01-11 10:00:00,0.06751,0.06844,0.06737,0.06828,13461496,913265.52563,10749,7804902,529565.75371,0.0011730205278592,ARPA-USDT,0.0674560771566991,0.0676762353599807,
2024-01-11 11:00:00,0.06828,0.06891,0.06762,0.06875,12937323,881728.97931,10579,7891054,537683.94335,0.0001454757055572,ARPA-USDT,0.0681423364010245,0.0679591803512078,
2024-01-11 12:00:00,0.06873,0.06979,0.06833,0.06908,13455555,931312.81349,9969,7347928,508524.2617,0.000144780657304,ARPA-USDT,0.0684597774040647,0.0686742329820973,
2024-01-11 13:00:00,0.06907,0.06948,0.06751,0.06837,18432925,1263980.4582,11306,7813691,535988.76797,0.0008783487044357,ARPA-USDT,0.0690700590743036,0.0690064589356402,
2024-01-11 14:00:00,0.06834,0.06895,0.06704,0.0688,20825873,1419175.94111,13122,9474469,646085.03579,0.0008728542333431,ARPA-USDT,0.0680924022383722,0.0684230783279631,
2024-01-11 15:00:00,0.06881,0.06933,0.06706,0.06852,27730045,1896191.05491,18156,13224421,904832.07767,0.0002919708029196,ARPA-USDT,0.0686974313089709,0.0686728076139856,
2024-01-11 16:00:00,0.06855,0.06951,0.067,0.0688,31084948,2127626.36168,19662,16602124,1136404.95919,0.0005817335660267,ARPA-USDT,0.068499162679259,0.0686334797834685,0.0001
2024-01-11 17:00:00,0.06878,0.06915,0.06759,0.06839,12126239,828746.47161,9779,5892692,402773.78211,0.0007316359379574,ARPA-USDT,0.0688099278740693,0.06882644283644,
2024-01-11 18:00:00,0.06838,0.06892,0.06798,0.06848,8597051,588684.14599,5830,4197815,287472.01554,0.000876936568255,ARPA-USDT,0.068253376752504,0.0681070051359692,
2024-01-11 19:00:00,0.06845,0.06863,0.06801,0.06861,5484552,375036.16367,4259,2222855,151941.11235,0.0005833454863641,ARPA-USDT,0.0684933259116322,0.0684483475405378,
2024-01-11 20:00:00,0.06862,0.06928,0.0681,0.06844,10244259,703763.93568,6872,4249050,291902.55579,-0.0007300335815446,ARPA-USDT,0.0686788709054111,0.0688534958190095,
2024-01-11 21:00:00,0.06842,0.06974,0.0683,0.06926,12663079,877215.7655,8623,6359176,440560.85939,0.0024605586915618,ARPA-USDT,0.0684376689811243,0.0685072655715934,
2024-01-11 22:00:00,0.06924,0.06967,0.06865,0.06924,10255686,708996.6328499999,7096,4926877,340698.10695,0.0002889338341518,ARPA-USDT,0.0691605426489146,0.0693937559857729,
2024-01-11 23:00:00,0.06923,0.06997,0.06904,0.06948,7809379,543586.47849,6326,3661754,254799.99583,0.0005760368663594,ARPA-USDT,0.0692495457557555,0.0692180362063991,
2024-01-12 00:00:00,0.06948,0.07046,0.06881,0.0699,15627755,1087659.37327,10977,8962833,623994.50326,0.0017196904557181,ARPA-USDT,0.0695505916221066,0.0697407680498769,0.0001
2024-01-12 01:00:00,0.06988,0.07043,0.06912,0.07019,10859769,757218.86335,7954,5475785,381877.33134,0.0002850220892121,ARPA-USDT,0.0697992240070868,0.0696318788817583,
2024-01-12 02:00:00,0.0702,0.07048,0.06905,0.0694,9385679,653502.57158,5992,4342377,302376.80478,0.0008653014133257,ARPA-USDT,0.0701014629329322,0.0702263671570596,
2024-01-12 03:00:00,0.06938,0.06939,0.06857,0.0687,6118112,421343.22107,4664,2597063,178870.91043,0.0004368719965051,ARPA-USDT,0.069347168697528,0.0691935228459627,
2024-01-12 04:00:00,0.06868,0.06956,0.06847,0.06942,7818580,540347.09146,7028,3912504,270365.69045,0.0005765350245026,ARPA-USDT,0.0685891938413463,0.0688132220434933,
2024-01-12 05:00:00,0.06941,0.07136,0.06909,0.07037,17242997,1213141.81358,12838,9140309,643230.97326,0.0007110352673493,ARPA-USDT,0.0694396453594418,0.0693059651220854,
2024-01-12 06:00:00,0.07034,0.07151,0.0701,0.07127,10961347,778631.44436,8594,5901139,419145.15653,0.0009831460674156,ARPA-USDT,0.0701909312840697,0.0702183092786163,
2024-01-12 07:00:00,0.07127,0.07297,0.07107,0.07293,29566611,2133379.40339,19040,16107130,1162241.95132,0.0005487721223762,ARPA-USDT,0.0712958657146523,0.0715012500998868,
2024-01-12 08:00:00,0.07293,0.07293,0.06932,0.06973,32607343,2304471.96914,19320,14714288,1039709.33833,0.0014361625736034,ARPA-USDT,0.0726713906360167,0.0723842840912955,0.0001
2024-01-12 09:00:00,0.06976,0.06978,0.06864,0.06933,15765714,1090935.50239,10714,8127303,562387.72015,0.0010106843777071,ARPA-USDT,0.0696349936387599,0.0695795329565138,
2024-01-12 10:00:00,0.06931,0.06983,0.06903,0.06945,8144650,565516.71647,6009,4483378,311361.21224,0.0005762858377755,ARPA-USDT,0.0693486746893291,0.0694509513378262,
2024-01-12 11:00:00,0.06947,0.07025,0.06896,0.06984,13130218,913193.84207,8650,6017652,418617.63028,0.0007164350193435,ARPA-USDT,0.0694437635007927,0.0695821221596758,
2024-01-12 12:00:00,0.06983,0.07092,0.06975,0.07066,13988029,984332.67312,9894,6525838,459139.50327,0.0007081149978755,ARPA-USDT,0.0698538462609037,0.0699085016291418,
2024-01-12 13:00:00,0.07066,0.07299,0.07065,0.0725,28934142,2080628.6955,19028,14422083,1037683.27024,0.0008282716731087,ARPA-USDT,0.0708072031666054,0.0708797164638624,
2024-01-12 14:00:00,0.0725,0.07265,0.07112,0.07168,20715821,1491409.53628,14906,10364140,746165.46677,0.0011173184357542,ARPA-USDT,0.0724763948955833,0.0721974961097359,
2024-01-12 15:00:00,0.07168,0.07189,0.0692,0.07008,23909905,1679207.43253,16979,10615961,745839.72927,0.0009998571632623,ARPA-USDT,0.071742737224104,0.071681989388165,
2024-01-12 16:00:00,0.07005,0.07133,0.06718,0.06896,33054257,2301468.82719,19089,14909857,1039980.91376,0.0011614401858304,ARPA-USDT,0.0700952296579785,0.0705523697542698,0.0001
2024-01-12 17:00:00,0.06898,0.07081,0.068,0.07076,29450634,2052962.66016,22468,14450696,1008443.15358,0.0011318619128466,ARPA-USDT,0.0691126723306716,0.0693889936130056,
2024-01-12 18:00:00,0.07075,0.07096,0.06943,0.0697,15693802,1099599.56596,10290,7442642,521360.86393,0.0011490950876185,ARPA-USDT,0.0707846620195322,0.0707205920698364,
2024-01-12 19:00:00,0.06968,0.07014,0.06896,0.06989,10507794,731260.88352,8562,5128176,356849.29589,0.0015763829177415,ARPA-USDT,0.0698116875961187,0.0699656509366932,
2024-01-12 20:00:00,0.06988,0.07087,0.06972,0.07044,8873135,624780.70615,8275,4238728,298502.65525,0.0017064846416383,ARPA-USDT,0.0698737420289155,0.069890417148047,
2024-01-12 21:00:00,0.07045,0.07065,0.06848,0.06955,16371860,1141775.31075,14977,8116790,566447.56932,0.0007194244604316,ARPA-USDT,0.070427034483419,0.070433223562688,
2024-01-12 22:00:00,0.06953,0.06991,0.0641,0.06947,43118982,2911969.86492,31202,20343551,1376468.40962,0.0005761198329252,ARPA-USDT,0.069446161852152,0.0690145748708474,
2024-01-12 23:00:00,0.06948,0.07067,0.06915,0.0702,17951972,1256686.57411,16641,9421037,659551.12762,0.0028571428571426,ARPA-USDT,0.0694846423689983,0.0696044044721393,
2024-01-13 00:00:00,0.0702,0.07049,0.06771,0.06778,19366426,1336819.84791,12967,8241616,569091.93291,0.0008860011813349,ARPA-USDT,0.0703482618394412,0.0701233334709109,0.0001
2024-01-13 01:00:00,0.06779,0.06787,0.06592,0.06726,16233429,1087974.79019,13391,7488970,501663.29815,0.0010418216996577,ARPA-USDT,0.0678211871922617,0.0675958365266647,
2024-01-13 02:00:00,0.06728,0.069,0.06698,0.06831,10895993,744124.19303,8556,5456502,372674.77164,0.0011725047633006,ARPA-USDT,0.0672436794693779,0.0671566643523202,
2024-01-13 03:00:00,0.06832,0.06973,0.06809,0.06938,9754302,672486.15472,8113,4687297,323088.08405,0.0002883506343713,ARPA-USDT,0.0683436989873012,0.0686359671141388,
2024-01-13 04:00:00,0.06939,0.07072,0.06905,0.07036,12198002,855449.77704,10775,5687686,398896.90547,0.0012807741568237,ARPA-USDT,0.0694583604984822,0.0692614859115608,
2024-01-13 05:00:00,0.07036,0.07132,0.06969,0.07109,13183500,928230.59375,9562,6849861,482290.15451,0.0011266018870581,ARPA-USDT,0.0704609070603634,0.0706761914367446,
2024-01-13 06:00:00,0.0711,0.07173,0.0703,0.07047,15854609,1125614.16331,9663,7863043,558494.02576,0.0007100255609202,ARPA-USDT,0.0710901275196638,0.0712331218654541,
2024-01-13 07:00:00,0.07047,0.0705,0.06904,0.0692,11805682,823878.50083,7596,5329812,372351.71171,0.0013022717407031,ARPA-USDT,0.0703356775355609,0.0703444799587639,
2024-01-13 08:00:00,0.06919,0.0694,0.06845,0.06923,12478486,860885.1283,8317,5819147,401435.39268,0.0005781182251769,ARPA-USDT,0.0691726969023116,0.0691288313109018,0.0001
2024-01-13 09:00:00,0.06924,0.07036,0.06884,0.06924,12816356,890271.6576500001,9240,6057647,420912.27234,0.0005780346820809,ARPA-USDT,0.0691944715234964,0.0691080897140099,
2024-01-13 10:00:00,0.06924,0.06996,0.06871,0.06881,8630321,597422.28807,7313,4121031,285299.82862,0.0002907399331297,ARPA-USDT,0.069270711622968,0.0693903358956896,
2024-01-13 11:00:00,0.06883,0.06908,0.06764,0.06796,10163382,693331.96709,7251,4372214,298422.82856,0.0007362685907821,ARPA-USDT,0.0688654655501378,0.0689005906961198,
2024-01-13 12:00:00,0.06796,0.06864,0.06778,0.06842,7525499,513321.70105,5143,3627009,247391.45222,0.0005849663644339,ARPA-USDT,0.0678967702828722,0.0678634023931569,
2024-01-13 13:00:00,0.06845,0.06852,0.06763,0.0677,6193200,421592.67689,4797,3124345,212724.63749,0.0011830819284235,ARPA-USDT,0.0684632543915232,0.0683499606488049,
2024-01-13 14:00:00,0.06771,0.06834,0.06757,0.06785,8115937,551585.75013,5936,4145309,281750.93535,0.0011804633318577,ARPA-USDT,0.0677632172822299,0.0678812281875827,
2024-01-13 15:00:00,0.06784,0.06839,0.06775,0.06803,6693169,455486.69717,4397,2608954,177491.48799,0.000441176470588,ARPA-USDT,0.0678579323134317,0.0678564461378329,
2024-01-13 16:00:00,0.06804,0.06869,0.06774,0.06813,8608333,587343.93673,5845,4540177,309907.78943,0.0011756061719323,ARPA-USDT,0.0680176961137481,0.0678931090808709,0.0001
2024-01-13 17:00:00,0.06814,0.06841,0.06771,0.06838,5866302,399049.51729,4591,2922463,198810.11566,0.0005853087503657,ARPA-USDT,0.0680858032706361,0.068013893753961,
2024-01-13 18:00:00,0.06838,0.06947,0.06823,0.06936,8430884,580551.53253,5882,4626446,318569.89321,0.0011547344110856,ARPA-USDT,0.0683464092844879,0.0683771817673212,
2024-01-13 19:00:00,0.06936,0.06971,0.06892,0.06901,5779665,400561.86795,5288,2971673,205957.64868,0.0011605977078195,ARPA-USDT,0.0693097141265332,0.0693875114217093,
2024-01-13 20:00:00,0.06902,0.06966,0.06877,0.06912,5850309,404916.44284,4503,2711365,187706.65158,0.0011587485515642,ARPA-USDT,0.0690355205781479,0.0689622810531946,
2024-01-13 21:00:00,0.0691,0.06945,0.06893,0.06922,3946931,273155.32267,4060,2063426,142792.58573,0.0010122921185828,ARPA-USDT,0.0690592101567327,0.069097680093357,
2024-01-13 22:00:00,0.06922,0.0693,0.06854,0.06915,4346908,299517.62841,3452,2149875,148114.23583,0.0004340277777779,ARPA-USDT,0.0692180211984409,0.0692340776344782,
2024-01-13 23:00:00,0.06914,0.06953,0.06857,0.06865,10437056,720186.16911,6333,5035585,347500.72098,0.0013127187864645,ARPA-USDT,0.0690085673407541,0.068994512907178,
2024-01-14 00:00:00,0.06867,0.06883,0.06736,0.06744,15103896,1028737.30548,9489,6948665,473224.96178,0.000593471810089,ARPA-USDT,0.0685666563321569,0.0684936019407469,0.0001
2024-01-14 01:00:00,0.06742,0.06804,0.06736,0.0679,4593224,310950.85054,4050,2337794,158272.8664,0.0014749262536872,ARPA-USDT,0.0674520416019279,0.067561049963344,
2024-01-14 02:00:00,0.06789,0.06827,0.06721,0.06795,12202829,826907.3214,5913,6237397,422663.60339,0.0011787240312362,ARPA-USDT,0.0679212149483889,0.0677870099770406,
2024-01-14 03:00:00,0.06796,0.06798,0.06714,0.0673,16704183,1129792.39343,6716,8429359,570294.52315,0.0008923259964308,ARPA-USDT,0.0679438745585931,0.0678404453243089,
2024-01-14 04:00:00,0.0673,0.0675,0.06663,0.06673,7321855,490752.99815,4994,3484632,233652.12384,0.0001498800959232,ARPA-USDT,0.0672260673914257,0.0671248213009371,
2024-01-14 05:00:00,0.06673,0.06763,0.0667,0.06755,3087047,207509.32241,3250,1775602,119382.07129,0.0007407407407407,ARPA-USDT,0.0667929787887135,0.066861916451763,
2024-01-14 06:00:00,0.06754,0.06992,0.06747,0.06962,11699586,808898.00264,8916,5753336,397426.9036,0.0008625646923519,ARPA-USDT,0.067506039784383,0.0675834189993054,
2024-01-14 07:00:00,0.06963,0.07089,0.06922,0.07075,22404629,1569949.71947,11463,12103267,848634.1540099999,0.0007072135785006,ARPA-USDT,0.0696581020152527,0.0696873656316324,
2024-01-14 08:00:00,0.07075,0.07194,0.07072,0.07092,21375123,1524360.43037,12263,10304254,735108.05874,0.0008467400508043,ARPA-USDT,0.070797862059733,0.0709062117087308,0.0001
2024-01-14 09:00:00,0.07093,0.07199,0.07065,0.07145,11861804,847133.50663,8687,6004404,428501.22631,0.001120919153706,ARPA-USDT,0.0709462620185738,0.0708406285942126,
2024-01-14 10:00:00,0.07142,0.07163,0.06939,0.06944,12175707,857282.23759,7973,5732101,403679.78293,0.0002881014116971,ARPA-USDT,0.0715393082109325,0.0713796753630916,
2024-01-14 11:00:00,0.06943,0.06944,0.06822,0.06836,13917023,955363.73126,8528,7642188,524661.82748,0.0002926543751828,ARPA-USDT,0.0694167078690064,0.0692433886128189,
2024-01-14 12:00:00,0.06835,0.0686,0.06752,0.0677,20374242,1389177.02573,9502,9527301,650189.0496799999,0.0002955082742315,ARPA-USDT,0.0682906029021272,0.0684315006016468,
2024-01-14 13:00:00,0.06771,0.06891,0.06756,0.06853,10500983,717866.79845,6558,5432894,371161.44067,0.0010224948875254,ARPA-USDT,0.0676707733140424,0.0677512512357443,
2024-01-14 14:00:00,0.06851,0.06853,0.06778,0.06794,7262707,495451.53012,5134,3562259,243032.56696,0.0007364854912357,ARPA-USDT,0.068414250550811,0.0683303569738521,
2024-01-14 15:00:00,0.06793,0.06863,0.06764,0.0684,6782074,461114.70606,4604,3710848,252361.57339,0.0005851375073142,ARPA-USDT,0.0679027054531289,0.0679205098118677,
2024-01-14 16:00:00,0.06839,0.06878,0.06784,0.06816,6073303,414999.9211,5477,3075891,210167.96215,0.000734106592277,ARPA-USDT,0.0685440339650183,0.0685821104042826,0.0001
2024-01-14 17:00:00,0.06816,0.06886,0.06803,0.06877,5110932,349540.14988,3851,2656150,181652.5186,0.0010189228529839,ARPA-USDT,0.0681805643965988,0.0682620239749211,
2024-01-14 18:00:00,0.06875,0.0689,0.06795,0.0682,3988905,272529.92712,3604,1941696,132654.00185,0.0008805400645728,ARPA-USDT,0.0687279428022905,0.0687290983331918,
2024-01-14 19:00:00,0.06821,0.06821,0.0671,0.06715,8827157,597385.30749,6457,4052834,274372.79824,0.0005960363582178,ARPA-USDT,0.06820219089299,0.068076026416482,
2024-01-14 20:00:00,0.06714,0.06802,0.06666,0.06757,9379956,632852.42877,6895,4804738,324276.65223,0.0014821402104638,ARPA-USDT,0.0673318530985311,0.0671598244478918,
2024-01-14 21:00:00,0.06755,0.06788,0.06677,0.06785,7369296,495578.62806,5371,3875734,260626.22031,0.0017717407352724,ARPA-USDT,0.067560833881191,0.0675346198388664,
2024-01-14 22:00:00,0.06785,0.06858,0.06715,0.06721,6056445,411034.86607,4987,2869775,194778.62241,0.0011917175629376,ARPA-USDT,0.0678578359488986,0.0678978201078201,
2024-01-14 23:00:00,0.06719,0.06737,0.06582,0.06628,12188511,812125.47163,10358,5858000,390510.77861,0.0009060706735126,ARPA-USDT,0.0672405075503355,0.0671427121859502,
2024-01-15 00:00:00,0.06629,0.06765,0.06615,0.06763,5638504,377612.66113,5628,2886000,193327.27719,0.0007398638650486,ARPA-USDT,0.0663497703790226,0.0664393127221223,0.0001
2024-01-15 01:00:00,0.06761,0.06815,0.06693,0.06812,4972968,335290.05046,4091,2686869,181276.14153,0.0010286554004408,ARPA-USDT,0.0675529488794636,0.0676263240587494,
2024-01-15 02:00:00,0.06812,0.07038,0.06788,0.0702,16068601,1116826.98074,11191,8312035,577651.40297,0.0011409013120364,ARPA-USDT,0.068136292578632,0.0681352129566479,
2024-01-15 03:00:00,0.07019,0.0704,0.06904,0.06988,9209123,641502.61528,7399,4393591,306130.18366,0.0010027216731127,ARPA-USDT,0.0702907270206303,0.0701630246332776,
2024-01-15 04:00:00,0.06986,0.07098,0.06962,0.07049,14357652,1007979.95216,9284,7105182,498773.0719,0.0008519096975718,ARPA-USDT,0.0697844939303386,0.0698434907500457,
2024-01-15 05:00:00,0.07051,0.07128,0.06992,0.07047,11463995,807925.9135799999,9088,6031472,424970.9109,0.0017057569296377,ARPA-USDT,0.0706767064966302,0.0708751840919195,
2024-01-15 06:00:00,0.07044,0.07183,0.07043,0.07171,15114594,1078638.25967,11449,8058478,574948.2421,0.0006977393245881,ARPA-USDT,0.0705430445204396,0.070733748825994,
2024-01-15 07:00:00,0.07172,0.07279,0.07154,0.07197,22200296,1604610.60472,16614,12114903,875584.12069,0.001391401140949,ARPA-USDT,0.0717223610951784,0.0717049822843016,
2024-01-15 08:00:00,0.07201,0.07265,0.07102,0.07246,18360667,1317860.21031,12660,9451889,678744.43041,0.0002760905577028,ARPA-USDT,0.0719233318391156,0.0720526386723605,0.0001
2024-01-15 09:00:00,0.07249,0.07393,0.07173,0.0737,22168746,1616876.14338,15152,12523821,913673.3185,0.0008147745790332,ARPA-USDT,0.07263787243673,0.0723450123616301,
2024-01-15 10:00:00,0.07368,0.07575,0.07305,0.07422,62052197,4620604.0684,32252,32477564,2419039.36717,0.0012140833670577,ARPA-USDT,0.0737459540764915,0.0738837226407537,
2024-01-15 11:00:00,0.07421,0.0754,0.07378,0.07516,42609605,3176612.61494,20979,20295842,1514062.65425,0.0007989347536618,ARPA-USDT,0.074278866087425,0.0743391896526858,
2024-01-15 12:00:00,0.07516,0.07649,0.07429,0.07597,50993170,3845320.91004,30327,25503720,1923973.66481,0.0003950487226758,ARPA-USDT,0.0753125419285788,0.0751956363017317,
2024-01-15 13:00:00,0.07599,0.07671,0.07462,0.07492,44573962,3377424.79487,26659,20994767,1591334.23946,0.000935203740815,ARPA-USDT,0.0758840671805191,0.0758422050676478,
2024-01-15 14:00:00,0.07491,0.07637,0.07423,0.07495,52663763,3967358.6195,30170,26369123,1986957.90484,0.000934829059829,ARPA-USDT,0.0748182253233703,0.07476217666361,
2024-01-15 15:00:00,0.07494,0.07577,0.07274,0.0728,54281785,4038132.53138,30043,27673950,2060448.13264,0.0008248556502612,ARPA-USDT,0.0750220245810879,0.0749165980707811,
2024-01-15 16:00:00,0.0728,0.07355,0.07184,0.07266,42692998,3101767.46922,22934,21334782,1550415.92366,0.0015161957270848,ARPA-USDT,0.0727681073775749,0.0727812365187922,0.0001
2024-01-15 17:00:00,0.07268,0.0728,0.07135,0.07158,24520392,1764066.49214,14557,11873346,854026.20509,0.0012589173310952,ARPA-USDT,0.0727007525993059,0.0725654014896038,
2024-01-15 18:00:00,0.07159,0.07559,0.07154,0.07416,42622882,3152791.71203,24631,22195966,1639952.56398,0.0002697599136769,ARPA-USDT,0.0716302264113761,0.0716623755357023,
2024-01-15 19:00:00,0.07416,0.0749,0.07369,0.07453,23813769,1769395.22292,14478,11397932,847135.57971,0.0005369848301786,ARPA-USDT,0.0739051642897343,0.074328206564608,
2024-01-15 20:00:00,0.07453,0.07511,0.07364,0.07395,16140601,1198829.55118,11109,7710448,572783.58416,0.0010829836198726,ARPA-USDT,0.074567305695663,0.074474322946597,
2024-01-15 21:00:00,0.07394,0.07457,0.07338,0.07374,14704706,1087409.44072,9353,8015242,592805.58259,0.0012219959266803,ARPA-USDT,0.0739454404028077,0.0738672260820338,
2024-01-15 22:00:00,0.07372,0.07435,0.07251,0.0737,22505845,1653292.24938,11575,10952023,804487.20552,0.0006788866259335,ARPA-USDT,0.0738450146917252,0.0738817115312139,
2024-01-15 23:00:00,0.0737,0.074,0.07282,0.07307,10335641,758033.65063,7460,5627951,412725.9777,0.0010960405535005,ARPA-USDT,0.0737614124028779,0.073784434244272,
2024-01-16 00:00:00,0.07306,0.07407,0.07272,0.07322,11955689,876822.59621,8790,6437128,472062.64608,0.0010937927262784,ARPA-USDT,0.0731670885077663,0.073480300023162,0.0001
2024-01-16 01:00:00,0.07325,0.07459,0.07158,0.072,24648086,1792690.12288,14337,11204161,814684.49462,0.0018088214832334,ARPA-USDT,0.073185538990894,0.0734474521810602,
2024-01-16 02:00:00,0.07197,0.07235,0.07135,0.07153,11084370,796734.80489,7077,5255353,377839.6363,0.0008395130824121,ARPA-USDT,0.0718219791120298,0.0717772538148948,
2024-01-16 03:00:00,0.07154,0.07248,0.0711,0.07228,10764996,771754.79542,6899,5475039,392747.9798,0.0008307947936858,ARPA-USDT,0.0714719554787095,0.0714912142074537,
2024-01-16 04:00:00,0.07228,0.07245,0.07181,0.07193,7555114,544933.0679499999,4945,3973042,286504.53997,0.0005564056196967,ARPA-USDT,0.0722623621782902,0.072215470043203,
2024-01-16 05:00:00,0.07194,0.07228,0.07134,0.07139,8145754,585553.69133,5490,4030479,289732.38984,0.000560616678346,ARPA-USDT,0.0719055254147624,0.0717862203105208,
2024-01-16 06:00:00,0.07141,0.07171,0.0707,0.07118,10729689,763290.58667,6588,5282771,375842.28937,0.0015477698044181,ARPA-USDT,0.0713627298207102,0.0713569057102512,
2024-01-16 07:00:00,0.0712,0.07201,0.07095,0.0712,9255421,661552.94189,6166,4520055,323073.56081,0.0004215259238442,ARPA-USDT,0.0712880262133902,0.0712721613484146,
2024-01-16 08:00:00,0.0712,0.07122,0.07056,0.07094,11955585,847600.93018,6487,6037640,428025.55418,0.0007053180984624,ARPA-USDT,0.071103083210673,0.071070930010133,0.00013365
2024-01-16 09:00:00,0.07093,0.07208,0.07074,0.07201,15177569,1085720.85101,8465,8071422,577508.15912,0.0011121924092869,ARPA-USDT,0.0708847075744328,0.0708761498844371,
2024-01-16 10:00:00,0.072,0.07215,0.07053,0.07056,8713677,619422.62823,5780,4261894,303013.13269,0.0008510638297873,ARPA-USDT,0.0720618692307692,0.0718589549133693,
2024-01-16 11:00:00,0.07055,0.07065,0.06973,0.07004,10217563,716818.1302,7941,4977782,349172.09347,0.0012866333095069,ARPA-USDT,0.0705743746735215,0.0704067372118565,
2024-01-16 12:00:00,0.07003,0.07029,0.06971,0.07022,8607421,602535.54995,7649,4382255,306780.8073,0.0002849002849003,ARPA-USDT,0.0700443394727956,0.0701001295701725,
2024-01-16 13:00:00,0.07022,0.07033,0.06972,0.06997,9668452,677372.53219,5965,4990382,349586.663,0.0010014306151644,ARPA-USDT,0.0701884313560846,0.0701831235484507,
2024-01-16 14:00:00,0.06999,0.07051,0.06874,0.0702,24225980,1688176.63121,12747,12158041,847339.04583,0.0011409013120364,ARPA-USDT,0.0699764582762416,0.0702759505257416,
2024-01-16 15:00:00,0.07019,0.07126,0.07018,0.07111,27147387,1923418.57883,13378,12711628,900440.54546,0.0021138669673057,ARPA-USDT,0.0702671638111298,0.070560306389085,
2024-01-16 16:00:00,0.0711,0.07122,0.07034,0.07075,7265588,514393.43444,5102,2837342,200932.3884,0.0011320220744304,ARPA-USDT,0.0711406637088891,0.0711223597762569,0.0001
2024-01-16 17:00:00,0.0707,0.07096,0.07046,0.07082,4800829,339433.34005,3595,2486110,175770.52965,0.0012724445072811,ARPA-USDT,0.070759098584129,0.0707824943681401,
2024-01-16 18:00:00,0.07083,0.07093,0.07049,0.0707,4562832,322529.4392,3356,2410557,170401.09088,0.0005660911406735,ARPA-USDT,0.0708764671576527,0.0708164929307129,
2024-01-16 19:00:00,0.0707,0.07149,0.07049,0.07122,5969258,424674.17745,4393,2688377,191284.47956,0.0009838369641601,ARPA-USDT,0.0706727780092351,0.0705914653456546,
2024-01-16 20:00:00,0.07123,0.07128,0.07087,0.07128,3424874,243423.40854,3250,1701909,120977.07518,0.0011235955056179,ARPA-USDT,0.0711883081460036,0.0710642076461858,
2024-01-16 21:00:00,0.07128,0.07151,0.07102,0.07143,4824791,343888.21999,3868,2235157,159299.98154,0.0007004763239002,ARPA-USDT,0.0712647393625486,0.0713096246273294,
2024-01-16 22:00:00,0.07143,0.07151,0.07079,0.07092,4326914,307685.56684,3652,2037999,144886.06912,0.0012706480304953,ARPA-USDT,0.0714302404452794,0.0713962019094368,
2024-01-16 23:00:00,0.07093,0.07108,0.07042,0.07068,5468613,386842.2148,3650,2480031,175435.35142,0.0005662514156286,ARPA-USDT,0.0709989126310395,0.070984965142413,
2024-01-17 00:00:00,0.07071,0.07102,0.07014,0.0705,6000175,423163.68285,4702,2617907,184718.81216,0.0009938946471672,ARPA-USDT,0.070747537735321,0.0707573269283389,0.0001
2024-01-17 01:00:00,0.07051,0.07079,0.07018,0.07033,4001180,281894.30881,3511,2067432,145669.34362,0.0009962994591516,ARPA-USDT,0.0705024564779458,0.0703932766361299,
2024-01-17 02:00:00,0.07033,0.07098,0.07012,0.0708,3177863,224451.20192,2978,1759376,124288.61616,0.001131221719457,ARPA-USDT,0.0703099541284403,0.0702663222607981,
2024-01-17 03:00:00,0.0708,0.07121,0.07052,0.07073,3980134,282180.61816,3072,2107601,149399.35807,0.0009906594961788,ARPA-USDT,0.0708065480637445,0.0706773928094688,
2024-01-17 04:00:00,0.07072,0.07128,0.0707,0.07125,3989145,283171.62874,3228,2088538,148270.22654,0.0009834223096374,ARPA-USDT,0.0707909743959537,0.0708649999392599,
2024-01-17 05:00:00,0.07124,0.07128,0.06975,0.06989,5104632,359703.32141,4487,2069779,145905.80436,0.0004294302891496,ARPA-USDT,0.0712314839215081,0.0711570892228002,
2024-01-17 06:00:00,0.06991,0.07041,0.06976,0.06995,5062876,354857.44572,4080,2358918,165330.44722,0.0005721642111284,ARPA-USDT,0.0699389403536703,0.0700411828082653,
2024-01-17 07:00:00,0.06995,0.06996,0.06895,0.06911,7104759,493688.30327,5097,2814694,195563.28163,0.0005791226292166,ARPA-USDT,0.0699097428033328,0.069831650833843,
2024-01-17 08:00:00,0.06907,0.06949,0.06856,0.06895,7425241,512240.89901,4882,3729300,257396.2805,0.0011616088282271,ARPA-USDT,0.0691572370593376,0.0691418562829496,0.0001
2024-01-17 09:00:00,0.06895,0.06916,0.0688,0.06888,4137504,285410.99573,3001,2032557,140233.9058,0.0005810575246949,ARPA-USDT,0.069019956567369,0.0690522973093963,
2024-01-17 10:00:00,0.06888,0.0696,0.06878,0.06942,5361152,370942.25028,4152,2963629,205108.63488,0.0007207726683002,ARPA-USDT,0.068919096291185,0.0690242120156363,
2024-01-17 11:00:00,0.06943,0.06969,0.06881,0.06908,5414157,374961.35923,3906,2798042,193865.44105,0.0,ARPA-USDT,0.0694771067708246,0.0695620302997732,
2024-01-17 12:00:00,0.0691,0.06985,0.06884,0.06981,3962576,274616.08404,3550,1922709,133271.52688,0.0010037281330657,ARPA-USDT,0.0690886654135338,0.0690619836649595,
2024-01-17 13:00:00,0.06983,0.06984,0.06886,0.06903,4009554,277753.43137,3594,1915771,132695.85146,0.0,ARPA-USDT,0.0697354090026979,0.0696558987990742,
2024-01-17 14:00:00,0.06904,0.06967,0.06855,0.06916,6493348,448865.7114,4921,2980166,206019.68295,0.0008683068017367,ARPA-USDT,0.069073257794601,0.0690417605031342,
2024-01-17 15:00:00,0.06918,0.06947,0.06861,0.06879,6282139,433856.02156,5060,3109298,214721.31542,0.0005818181818182,ARPA-USDT,0.0689247002376426,0.0690820902146411,
2024-01-17 16:00:00,0.0688,0.0698,0.06865,0.06935,7256936,502507.61687,5705,3859642,267321.94466,0.0008659258190213,ARPA-USDT,0.0688324249953168,0.0688539864228639,0.0001
2024-01-17 17:00:00,0.06936,0.06939,0.06865,0.06925,8848815,610930.03962,5010,3824520,264133.86098,0.0017358599739623,ARPA-USDT,0.0693185133606058,0.0691262488996966,
2024-01-17 18:00:00,0.06925,0.06963,0.06912,0.06954,4136291,287135.17783,3475,2096037,145528.11845,0.0008635578583766,ARPA-USDT,0.0692634254187748,0.0692850165326166,
2024-01-17 19:00:00,0.06955,0.06957,0.06905,0.06924,3991873,276550.54483,3262,1709126,118378.90834,0.0011567379988433,ARPA-USDT,0.0694865759719138,0.0693864051686431,
2024-01-17 20:00:00,0.06924,0.06959,0.06911,0.0694,3340106,231682.06961,2975,1621320,112457.07793,0.0007209805335257,ARPA-USDT,0.0692375712298502,0.0692688557231029,
2024-01-17 21:00:00,0.06939,0.06986,0.06923,0.06972,3239657,225270.13266,3101,1634433,113664.57761,0.0020120724346077,ARPA-USDT,0.0693450667234881,0.0693867082409051,
2024-01-17 22:00:00,0.06972,0.07004,0.06914,0.06999,3398592,236488.87508,3303,1737112,120929.24709,0.0007148984844151,ARPA-USDT,0.0696827275877431,0.0696960188216079,
2024-01-17 23:00:00,0.06997,0.07109,0.06963,0.07088,6634497,467097.06449,5079,3248056,228614.28366,0.0007059155724975,ARPA-USDT,0.0699436209323441,0.0698260774715476,
2024-01-18 00:00:00,0.07091,0.07288,0.07088,0.07279,19079349,1370309.11919,12519,9393097,674491.63822,0.0006873797085509,ARPA-USDT,0.0709998787906738,0.071072087729482,0.0001
2024-01-18 01:00:00,0.07279,0.0745,0.07247,0.07267,38581880,2839290.65212,23705,18351092,1350736.41529,0.0011020801763328,ARPA-USDT,0.0728413001734659,0.0732723243965163,
2024-01-18 02:00:00,0.07268,0.07671,0.07256,0.07571,62110431,4670832.73167,32081,31228875,2348635.91423,0.0014550264550263,ARPA-USDT,0.072794596617643,0.0727147068728022,
2024-01-18 03:00:00,0.07568,0.0761,0.07265,0.07291,57118094,4257450.07382,28162,27444987,2047428.13798,0.0008236101578587,ARPA-USDT,0.0758195446516785,0.0758520896333585,
2024-01-18 04:00:00,0.0729,0.07376,0.07144,0.07159,32785700,2382614.77555,16394,14737693,1072324.76148,0.0009787472035793,ARPA-USDT,0.0727868295698734,0.0725920357355283,
2024-01-18 05:00:00,0.07158,0.07189,0.07059,0.07112,18449740,1314766.0182,10198,9220784,657176.06791,0.000562746201463,ARPA-USDT,0.0715799311007804,0.0716358839894421,
2024-01-18 06:00:00,0.07112,0.0721,0.07038,0.07088,18360560,1308706.25997,8979,8135098,579927.75198,0.0,ARPA-USDT,0.0711532793225666,0.0713426864054521,
2024-01-18 07:00:00,0.07089,0.07152,0.07061,0.07081,10856807,771670.3933100001,6575,5451838,387602.00066,0.001272624434389,ARPA-USDT,0.0708887870759918,0.0707560189876986,
2024-01-18 08:00:00,0.07082,0.07116,0.07056,0.07115,9384184,664981.84609,5270,4801416,340321.94648,0.0012665353222629,ARPA-USDT,0.0708532195996858,0.0707777859380922,0.0001
2024-01-18 09:00:00,0.07115,0.07492,0.07099,0.07383,87941281,6479225.76787,45401,43537752,3207516.22842,0.0010847457627121,ARPA-USDT,0.0711138995604455,0.0711142661557214,
2024-01-18 10:00:00,0.07382,0.07472,0.07339,0.07362,74268507,5497901.72604,34707,38067753,2818489.89755,0.0005436259853219,ARPA-USDT,0.0738530889048163,0.0738458526847308,
2024-01-18 11:00:00,0.07361,0.07419,0.07217,0.07243,45155981,3305842.42895,20723,21602329,1581577.99486,0.001382552191345,ARPA-USDT,0.0738439987885137,0.0739355618203796,
2024-01-18 12:00:00,0.0724,0.07257,0.07101,0.07208,33147148,2377912.4132,17458,16157738,1159248.04521,0.0008331019161345,ARPA-USDT,0.0721819124160195,0.0718916194293391,
2024-01-18 13:00:00,0.07206,0.07222,0.07079,0.07145,29070010,2078345.98603,14449,14563988,1041259.28765,0.0005601456378658,ARPA-USDT,0.071991627389883,0.0720284961895848,
2024-01-18 14:00:00,0.07146,0.07153,0.06955,0.06991,24244251,1705964.60213,12560,11021938,775238.51098,0.0007157171485827,ARPA-USDT,0.0714119577401846,0.0711705719037731,
2024-01-18 15:00:00,0.0699,0.07002,0.06891,0.06948,19786057,1374075.03494,10362,9467487,657587.41988,0.0001439470274937,ARPA-USDT,0.0698896978978211,0.069915129031542,
2024-01-18 16:00:00,0.06948,0.07016,0.06865,0.06952,40263768,2795278.68733,20708,21569619,1497780.1429,0.0008638065073425,ARPA-USDT,0.0693104259337402,0.0693280100014626,0.0001
2024-01-18 17:00:00,0.06954,0.0698,0.06771,0.06817,34033239,2335549.23757,16170,14668146,1007079.73839,0.0010279001468429,ARPA-USDT,0.0695840244848707,0.0694698869985322,
2024-01-18 18:00:00,0.06814,0.06843,0.0671,0.06781,17603437,1191459.00942,10285,7938209,537474.97603,0.0011811604901814,ARPA-USDT,0.0681370909476396,0.0679771266796801,
2024-01-18 19:00:00,0.06781,0.06834,0.06624,0.0668,13532017,911583.04306,9295,6515082,439082.44612,0.0007490636704119,ARPA-USDT,0.067801625685981,0.0677811066122334,
2024-01-18 20:00:00,0.06684,0.06795,0.06664,0.06738,11484400,770393.07034,7975,5434985,364612.62571,0.000445434298441,ARPA-USDT,0.0669426029223856,0.0668333512621017,
2024-01-18 21:00:00,0.06738,0.06794,0.06695,0.06752,7481442,504737.93139,5903,3485449,235233.39437,0.0010378057820608,ARPA-USDT,0.0674434773195753,0.0675167630453206,
2024-01-18 22:00:00,0.06752,0.06819,0.06709,0.06809,4521515,305702.62589,3774,2110729,142754.94216,0.0,ARPA-USDT,0.0675186066504226,0.0675970299685568,
2024-01-18 23:00:00,0.0681,0.06825,0.06761,0.06775,5216901,354263.06713,4806,2539101,172424.96617,0.0008863938543359,ARPA-USDT,0.0679555535239006,0.0679103481212734,
2024-01-19 00:00:00,0.06776,0.06795,0.06646,0.06682,9229149,619230.3396599999,7009,4525275,303662.12315,0.0007488392990866,ARPA-USDT,0.0677152618893525,0.0676499431008843,0.00013049
2024-01-19 01:00:00,0.06681,0.06789,0.06549,0.06607,23308218,1548714.42208,9920,10870369,723552.74637,0.0003028009084027,ARPA-USDT,0.0667571771869662,0.0666393800153461,
2024-01-19 02:00:00,0.06608,0.06619,0.06416,0.06433,13340560,868223.79275,8005,4698652,305394.16123,0.0004665629860032,ARPA-USDT,0.0660328084806442,0.0660263238923446,
2024-01-19 03:00:00,0.06431,0.06444,0.06292,0.06434,17932653,1145250.1525,13100,8344038,533102.61694,0.0006220839813375,ARPA-USDT,0.0642091710055636,0.0642318656632471,
2024-01-19 04:00:00,0.06434,0.06481,0.06422,0.06432,6842468,441165.41632,4769,3501645,225776.07653,0.0004666355576294,ARPA-USDT,0.0642931668027877,0.0643254704891083,
2024-01-19 05:00:00,0.0643,0.06497,0.06417,0.06422,23776898,1536136.02112,7586,9910888,640414.3661,0.000155738981467,ARPA-USDT,0.0643512249592505,0.0643814132201262,
2024-01-19 06:00:00,0.06421,0.06448,0.06363,0.06432,8735231,559772.07044,5467,4187492,268294.54696,0.0,ARPA-USDT,0.0641243792165428,0.064078597335379,
2024-01-19 07:00:00,0.06433,0.06448,0.06383,0.06406,6634045,425333.08757,4310,3356419,215209.64759,0.0007811279487581,ARPA-USDT,0.0643100767069096,0.0643726652347676,
2024-01-19 08:00:00,0.06406,0.06463,0.0635,0.06432,21195449,1355183.22824,7621,11860505,758744.11399,0.0006222775357809,ARPA-USDT,0.0639581594193722,0.0639529381339736,0.0001
2024-01-19 09:00:00,0.06434,0.06462,0.06404,0.06443,6151472,395677.11968,4079,3210873,206536.11019,-0.0003103180760277,ARPA-USDT,0.064428651542375,0.0643317839249756,
2024-01-19 10:00:00,0.06442,0.0653,0.06423,0.065,8509436,551069.56486,5365,4654308,301310.74278000003,0.0003077870113881,ARPA-USDT,0.064339948037468,0.0643060802527278,
2024-01-19 11:00:00,0.06499,0.06555,0.06453,0.06476,12964045,842771.72706,6604,6510255,423284.2772,0.0003089280197712,ARPA-USDT,0.0648486495403688,0.0647909397098112,
2024-01-19 12:00:00,0.06477,0.06479,0.06411,0.06457,7027752,452905.93231,5175,3690699,237820.14078,0.0001548946716232,ARPA-USDT,0.0647086046267443,0.0646077498308959,
2024-01-19 13:00:00,0.06456,0.06485,0.06418,0.06462,5847115,377030.40633,3958,3377792,217897.4631,0.0003095975232196,ARPA-USDT,0.0646865341680391,0.0647386405689704,
2024-01-19 14:00:00,0.06462,0.06472,0.06367,0.06427,13320378,854466.31947,7264,6486352,416306.42895,0.0007785736530674,ARPA-USDT,0.0646399256385386,0.0646533684655444,
2024-01-19 15:00:00,0.06428,0.06448,0.06368,0.06419,12979126,830704.36046,6387,5657234,362186.71167,0.0,ARPA-USDT,0.0643438916605316,0.0640836958668199,
2024-01-19 16:00:00,0.06415,0.06462,0.06219,0.06339,29872740,1893855.31762,18057,13985383,887043.88547,0.0009474182851729,ARPA-USDT,0.0641924946353702,0.0642991264390954,0.0001
2024-01-19 17:00:00,0.06338,0.06434,0.0631,0.06434,16227593,1033871.15225,9771,7279362,463709.1701,0.0007777259293824,ARPA-USDT,0.0635080265459563,0.0636420049773358,
2024-01-19 18:00:00,0.06432,0.06535,0.06369,0.06529,24705392,1602342.21262,9495,13236697,859206.9184099999,0.0006130268199233,ARPA-USDT,0.0642946626244489,0.0642012405171837,
2024-01-19 19:00:00,0.06529,0.06533,0.0643,0.06481,11039814,715419.49513,5976,4376281,283591.73868,0.0004631058968818,ARPA-USDT,0.065130233444046,0.0649074054502296,
2024-01-19 20:00:00,0.0648,0.06564,0.06478,0.06525,8026177,523355.23986,5420,3798836,247723.55228,0.0001532801961985,ARPA-USDT,0.0648284998046779,0.0649058919254594,
2024-01-19 21:00:00,0.06526,0.06547,0.06488,0.0652,4618583,300998.84913,3683,2404360,156710.70022,0.0003068425897514,ARPA-USDT,0.065248949219154,0.06532078542948,
2024-01-19 22:00:00,0.06518,0.06552,0.06478,0.0654,3246662,211299.33396,2637,1711256,111380.44541,-0.0006112469437652,ARPA-USDT,0.0651947301784329,0.065128696469414,
2024-01-19 23:00:00,0.06539,0.06546,0.06504,0.0653,3819952,249200.88867,3448,1917506,125094.65789,0.0006129328838491,ARPA-USDT,0.0653409915746965,0.0652755279614745,
2024-01-20 00:00:00,0.06528,0.06529,0.06432,0.06442,4575523,296011.66241,4277,2050248,132602.66813,0.0009322560596645,ARPA-USDT,0.0651759282398476,0.0649470374046216,0.0001
2024-01-20 01:00:00,0.06442,0.06539,0.06419,0.065,4938436,319719.10381,3516,2422630,156966.66403,0.0,ARPA-USDT,0.0643779003141361,0.0643239484332187,
2024-01-20 02:00:00,0.06505,0.06571,0.06463,0.06502,4489330,292578.85708,2954,2543301,165808.06171,0.0007695859627518,ARPA-USDT,0.0650243090375819,0.0649172001434904,
2024-01-20 03:00:00,0.06503,0.06532,0.06474,0.0652,2663187,173260.01647,2374,1570309,102157.66801,-0.0006131207847948,ARPA-USDT,0.0650522694030188,0.0649977310398894,
2024-01-20 04:00:00,0.06515,0.06529,0.06454,0.06456,4609971,298994.75526,2679,1819103,118092.22875,0.0007750736319951,ARPA-USDT,0.0651875242792109,0.065198333837229,
2024-01-20 05:00:00,0.06456,0.06463,0.06402,0.0641,3534103,227269.87299,2533,1505346,96819.88414,0.0007806401249026,ARPA-USDT,0.0645906849789832,0.0645224129094717,
2024-01-20 06:00:00,0.06409,0.06477,0.06409,0.06444,4366880,281381.09601,3054,2571573,165684.58711,0.0006211180124222,ARPA-USDT,0.0641634467950828,0.0642025275091866,
2024-01-20 07:00:00,0.06445,0.06508,0.06437,0.06449,5155252,333504.92551000003,3864,2784845,180130.16021,0.000775915580385,ARPA-USDT,0.0644517197621323,0.064766817973718,
2024-01-20 08:00:00,0.06448,0.06452,0.06375,0.06398,5615302,359682.70983,3899,2381556,152535.40883,0.0007821054278116,ARPA-USDT,0.064481222290747,0.0644354709173523,0.0001
2024-01-20 09:00:00,0.06398,0.06431,0.06318,0.06332,5689516,362273.92025,3873,2313810,147362.47759999998,0.0011067193675888,ARPA-USDT,0.0639847167077652,0.0641426895353406,
2024-01-20 10:00:00,0.06331,0.0639,0.06328,0.06345,4582232,291704.74898,3113,2255056,143562.95178,0.0006308153288125,ARPA-USDT,0.0633583345200589,0.0634775896140822,
2024-01-20 11:00:00,0.06343,0.06408,0.06333,0.06403,2561087,163338.00417,2156,1410062,89912.07871,0.0001562011871292,ARPA-USDT,0.0634963350921425,0.0634586666606006,
2024-01-20 12:00:00,0.06404,0.06451,0.06396,0.06424,3855557,247744.31628,3055,1914622,123011.47461,0.0006230529595017,ARPA-USDT,0.0640286939115062,0.064014084755751,
2024-01-20 13:00:00,0.06426,0.06444,0.06409,0.06434,3876077,249039.73947,2999,2052964,131923.5795,0.0007777259293824,ARPA-USDT,0.0642882842493919,0.0642036720968381,
2024-01-20 14:00:00,0.06433,0.0645,0.0638,0.06422,3052072,196016.44086,2744,1460511,93809.00169,0.0003115264797508,ARPA-USDT,0.0643267725761064,0.064349875205642,
2024-01-20 15:00:00,0.06423,0.06449,0.0638,0.06417,3962577,254538.46956,2915,1846903,118645.23371,0.000467726847521,ARPA-USDT,0.0642371324471264,0.0640567611130555,
2024-01-20 16:00:00,0.06418,0.06462,0.06397,0.06413,3379269,217253.17307,2809,1455530,93574.33089,0.0010927255697783,ARPA-USDT,0.0640852620956031,0.0640805980125411,0.0001
2024-01-20 17:00:00,0.06411,0.06436,0.06358,0.06416,23672688,1516735.44668,6948,11945336,765265.3768099999,0.0006238303181533,ARPA-USDT,0.0641028008235139,0.064223831646461,
2024-01-20 18:00:00,0.06417,0.06433,0.06386,0.06418,2971762,190469.45889,2616,1552353,99494.21141,0.0010918733426923,ARPA-USDT,0.0641381599783306,0.0641334169081977,
2024-01-20 19:00:00,0.06416,0.06507,0.06412,0.065,4933589,319195.81616,3408,2810153,181675.85378,0.000615763546798,ARPA-USDT,0.0641611299676286,0.0642879408663652,
2024-01-20 20:00:00,0.06504,0.06593,0.06463,0.06584,6047157,395242.26088,4848,3160240,206772.54552,0.0007599939200486,ARPA-USDT,0.0648270714109582,0.0648543330038482,
2024-01-20 21:00:00,0.06584,0.06633,0.0657,0.06586,9516160,628036.57784,5310,4997408,329839.60908,0.000303766707169,ARPA-USDT,0.0658570296259481,0.0659110531594962,
2024-01-20 22:00:00,0.06588,0.06605,0.06527,0.06547,4629313,303830.44168,3572,2335732,153349.75031,0.0007642922653621,ARPA-USDT,0.0659086633102807,0.0659275781451325,
2024-01-20 23:00:00,0.06547,0.06551,0.06475,0.06498,4381106,285019.32237,3921,1648274,107189.13114,0.0007700600646849,ARPA-USDT,0.0654401402181797,0.0652701220450017,
2024-01-21 00:00:00,0.06495,0.06496,0.06406,0.06448,7092208,457154.87629,5418,3134427,201973.99667,0.0010867877658748,ARPA-USDT,0.0649020995741116,0.0648083598795853,0.0001
2024-01-21 01:00:00,0.06447,0.0652,0.06433,0.06471,5664682,367122.24505,4597,3088910,200235.27444,0.001237815256073,ARPA-USDT,0.0644355949167116,0.0644663702020667,
2024-01-21 02:00:00,0.06468,0.06525,0.06463,0.06524,2041825,132583.61846,1814,1224278,79524.07332,0.0010741138560688,ARPA-USDT,0.0646634564391995,0.0647887476766849,
2024-01-21 03:00:00,0.06524,0.06585,0.06518,0.0656,3303744,216608.04281,2756,1783034,116890.11388,0.0006101281269068,ARPA-USDT,0.0652173471173704,0.0653160526121614,
2024-01-21 04:00:00,0.06557,0.06565,0.06522,0.0655,2412979,157898.09281,2322,1315791,86109.14379,0.0009168704156479,ARPA-USDT,0.0655803744512352,0.0654979570300863,
2024-01-21 05:00:00,0.06549,0.0656,0.06514,0.0654,2091125,136652.46695,1920,1034387,67591.31077,0.0012247397428046,ARPA-USDT,0.0655445946304495,0.0655019389897618,
2024-01-21 06:00:00,0.0654,0.06557,0.0648,0.06497,2630905,171481.14851,2468,1127359,73542.06092,0.000770178681454,ARPA-USDT,0.0653734826668546,0.0653676113465508,
2024-01-21 07:00:00,0.06498,0.06544,0.06492,0.06509,3264860,212741.94894,2425,1676689,109263.90502,0.0006149116064564,ARPA-USDT,0.0650330216492783,0.0650202175730086,
2024-01-21 08:00:00,0.06509,0.06555,0.06489,0.065,3902968,254398.78117,2505,1727961,112649.57683,0.001078084090559,ARPA-USDT,0.0651336949756562,0.0651212554834243,0.0001
2024-01-21 09:00:00,0.06499,0.0653,0.06499,0.06515,2004321,130650.99138,1716,796406,51913.71843,0.0010755992624462,ARPA-USDT,0.0650414632429293,0.0651246139795577,
2024-01-21 10:00:00,0.06517,0.06537,0.06507,0.06528,2887321,188342.74708,1750,1398393,91225.55518,0.0003064664419247,ARPA-USDT,0.0652172551855856,0.0652047181041565,
2024-01-21 11:00:00,0.0653,0.06544,0.06489,0.06498,2700646,176024.03507,1897,1097615,71563.78166000001,0.0009242144177448,ARPA-USDT,0.0653321515868322,0.0653018716135224,
2024-01-21 12:00:00,0.065,0.06536,0.0649,0.06514,1672919,108935.40028,1536,803208,52309.96806,0.0007681671531727,ARPA-USDT,0.065013041202019,0.0650455515177807,
2024-01-21 13:00:00,0.06516,0.06606,0.06516,0.06606,4142406,271935.676,3162,2224509,146047.96555,0.0007574609907587,ARPA-USDT,0.065184788662002,0.06523801457203,
2024-01-21 14:00:00,0.06607,0.06641,0.0657,0.06605,4816152,318143.386,3583,2767989,182802.49149,0.0015163002274449,ARPA-USDT,0.066107426836811,0.0660976480991001,
2024-01-21 15:00:00,0.06603,0.06644,0.0656,0.06609,6877540,454016.41858,3890,3354882,221649.42158,0.0012119375852142,ARPA-USDT,0.0660740837578012,0.0660260660905085,
2024-01-21 16:00:00,0.06608,0.06666,0.06532,0.06558,17093532,1126941.43811,6551,6599533,435650.1629,0.0001525087692542,ARPA-USDT,0.0662233260546772,0.0662453350104498,0.0001
2024-01-21 17:00:00,0.06557,0.06581,0.06548,0.06579,3871485,254059.13741,2017,2037064,133688.64119,0.0007605719501064,ARPA-USDT,0.0655915809982747,0.0656085239040194,
2024-01-21 18:00:00,0.06579,0.0663,0.06579,0.06605,3117421,205933.19661,2974,1595632,105408.11087,0.0010609275538042,ARPA-USDT,0.065879252518922,0.0659532085165904,
2024-01-21 19:00:00,0.06603,0.06638,0.06567,0.06638,2945961,194458.03765,2458,1613255,106531.9051,0.0012066365007541,ARPA-USDT,0.0660089145728643,0.065963119245207,
2024-01-21 20:00:00,0.06634,0.06635,0.06561,0.06569,3780132,249605.97351,3191,1851040,122278.43794,0.0006092916984006,ARPA-USDT,0.0662845901708828,0.0661954370375081,
2024-01-21 21:00:00,0.06569,0.06612,0.06558,0.06601,2991338,196805.73733,2329,1299001,85459.3049,0.0006063362134303,ARPA-USDT,0.0656590113574578,0.0656516812827619,
2024-01-21 22:00:00,0.06602,0.06613,0.06511,0.06529,2358368,154621.95116,2098,800267,52497.94968,0.0007664009809931,ARPA-USDT,0.0660244109603268,0.066033748526998,
2024-01-21 23:00:00,0.0653,0.06555,0.06485,0.06503,4474520,291657.33436,3137,2004681,130701.59313,0.0004615384615385,ARPA-USDT,0.065347813320005,0.0654336865026089,
2024-01-22 00:00:00,0.06503,0.0658,0.06485,0.06524,5787500,377833.10923,4111,2726456,177950.51508,0.0007669888019636,ARPA-USDT,0.0651152892392294,0.0651430532516683,0.0001
2024-01-22 01:00:00,0.06523,0.06558,0.06413,0.06432,11420925,738721.80362,6837,5398214,349181.36925,0.0004666355576294,ARPA-USDT,0.0652173941666999,0.0652844948786162,
2024-01-22 02:00:00,0.06433,0.06465,0.06389,0.06413,7635347,489541.06367,3580,3599369,230939.79801,0.0007802746566791,ARPA-USDT,0.0643556661614272,0.0644013242046069,
2024-01-22 03:00:00,0.06412,0.06456,0.06399,0.06426,3186048,204749.68873,2342,1548136,99477.39703,0.0006228589224539,ARPA-USDT,0.0641570200617454,0.0642323650737786,
2024-01-22 04:00:00,0.06425,0.06468,0.06389,0.06398,6324884,406333.06128,4092,3179610,204288.7262,0.0004691164972632,ARPA-USDT,0.0642720836282605,0.064330592558272,
2024-01-22 05:00:00,0.06399,0.0654,0.06375,0.0654,8983877,579377.48555,5144,4637168,299246.59599,0.000611995104039,ARPA-USDT,0.0638841606621963,0.0641036823952255,
2024-01-22 06:00:00,0.06537,0.06544,0.06468,0.06475,4502833,293076.27039,3009,2311937,150522.70713,0.0009275003864586,ARPA-USDT,0.0652993874737514,0.0653770376840594,
2024-01-22 07:00:00,0.06472,0.06474,0.0639,0.06396,5701776,366674.8011,3617,2518378,161924.08783,0.0006257822277846,ARPA-USDT,0.0646875005088303,0.064629025183721,
2024-01-22 08:00:00,0.06394,0.06411,0.06302,0.06345,7959301,506057.39134,5466,3512616,223465.88296,0.000315308213779,ARPA-USDT,0.0639519778971085,0.0639819318744872,0.0001
2024-01-22 09:00:00,0.06343,0.06372,0.06281,0.06326,7611083,481572.79686,5333,4203450,265915.72296,-0.0004740085321536,ARPA-USDT,0.0634107712136081,0.063415034299651,
2024-01-22 10:00:00,0.06326,0.06367,0.06235,0.06308,10564772,665415.1881,7974,5107460,321537.78816,0.0001585539876327,ARPA-USDT,0.0633688205061166,0.0634516419015699,
2024-01-22 11:00:00,0.06309,0.06334,0.06265,0.0627,6259478,394150.26804,5609,2317019,145960.91712,0.0001595150741746,ARPA-USDT,0.0631625345944261,0.0631189484749213,
2024-01-22 12:00:00,0.06272,0.06272,0.06179,0.06227,9201097,572351.17567,6716,3349677,208353.85585,0.0004820051413882,ARPA-USDT,0.0626187738517063,0.0624900497623449,
2024-01-22 13:00:00,0.06224,0.06305,0.0622,0.0623,7749301,484600.68052,5875,3091450,193369.74314,0.0006424670735625,ARPA-USDT,0.0622372487009063,0.0622992321083603,
2024-01-22 14:00:00,0.06229,0.06234,0.06096,0.06144,12076017,744913.88729,7048,4980109,307195.73092,-0.0001627339300243,ARPA-USDT,0.0622798668366445,0.0622736457771966,
2024-01-22 15:00:00,0.06144,0.06151,0.06006,0.0608,18872968,1144130.11928,10495,6617663,401138.18227,0.000329055610398,ARPA-USDT,0.0614532502556144,0.0613164988787083,
2024-01-22 16:00:00,0.06084,0.06136,0.06072,0.06092,6583620,401632.39486,3904,3450067,210429.47221,-0.0001641227638272,ARPA-USDT,0.0608310175380891,0.0609359727775236,0.0001
2024-01-22 17:00:00,0.06093,0.06147,0.06076,0.06122,5020250,306720.95635,3310,2589993,158246.52298,0.0,ARPA-USDT,0.0609077313891694,0.0610077005736592,
2024-01-22 18:00:00,0.06123,0.06183,0.06079,0.06164,10553480,647100.17349,5100,5601328,343518.22766000003,0.0001622586402727,ARPA-USDT,0.0612010872824058,0.0611270576985127,
2024-01-22 19:00:00,0.06164,0.06205,0.05973,0.0607,20474631,1245618.29497,9500,9540482,581044.66235,0.0008244023083263,ARPA-USDT,0.0616213888194205,0.0617864280416841,
2024-01-22 20:00:00,0.0607,0.06229,0.06064,0.06178,8698585,536614.86674,4899,4503068,277706.40624,0.0012965964343598,ARPA-USDT,0.0607390772248399,0.0609262924462223,
2024-01-22 21:00:00,0.06178,0.06194,0.06132,0.06161,5758561,355184.44552,3136,2963948,182801.668,0.0001623376623376,ARPA-USDT,0.0617150100042875,0.061609983520238,
2024-01-22 22:00:00,0.06159,0.0619,0.06093,0.06124,6050164,371960.20654,3153,3141355,193079.71649,0.0011443518064411,ARPA-USDT,0.061534425107806,0.0614590514392293,
2024-01-22 23:00:00,0.06123,0.06149,0.06066,0.06088,6422504,391826.27055,3574,3310800,201971.15137,0.0008219628472792,ARPA-USDT,0.0612780540258741,0.0613534747723693,
2024-01-23 00:00:00,0.0609,0.06153,0.06001,0.06089,12747486,775664.49383,5449,5646091,343725.01288,0.0004929346040092,ARPA-USDT,0.0608560089321464,0.0608665309083515,0.0001
2024-01-23 01:00:00,0.06092,0.0613,0.06056,0.06103,6926162,422080.76373,3075,3845728,234328.28585,0.0006558452205278,ARPA-USDT,0.0610236585944492,0.0609804294959393,
2024-01-23 02:00:00,0.06103,0.06187,0.06094,0.0616,6206324,381712.01491,2826,2492925,153189.15071,0.0003247807729782,ARPA-USDT,0.0610596329752543,0.0610631314383485,
2024-01-23 03:00:00,0.06162,0.06185,0.0613,0.06151,3745269,230638.90103,1984,1851587,114019.22168,-0.0001625487646292,ARPA-USDT,0.0615898205451462,0.061724824835571,
2024-01-23 04:00:00,0.06149,0.06189,0.06138,0.06145,2789483,171987.06503,1620,1326737,81814.33995,-0.0001627074520013,ARPA-USDT,0.0615298359906517,0.0616283866431326,
2024-01-23 05:00:00,0.06145,0.06169,0.06133,0.06151,2722894,167573.32796,1632,1339470,82427.86761,0.0003252561392095,ARPA-USDT,0.0614535188447357,0.0614834049324942,
2024-01-23 06:00:00,0.0615,0.0618,0.06128,0.06146,4378229,269329.64495,1979,2212308,136083.35133,0.0004883607357968,ARPA-USDT,0.0615210437676884,0.0614417979836508,
2024-01-23 07:00:00,0.06144,0.06159,0.06029,0.06061,5740283,350156.82103,3369,2644255,161230.94414,0.0006603929337956,ARPA-USDT,0.061455448210471,0.0613966896278224,
2024-01-23 08:00:00,0.06058,0.06105,0.05881,0.05933,17054112,1018761.89314,8065,7824673,467884.92256,0.0001685772083614,ARPA-USDT,0.0606004845851861,0.0606888602689614,0.0001
2024-01-23 09:00:00,0.05933,0.05968,0.05605,0.05737,53516170,3097368.91029,18264,21883943,1269178.85908,0.0001743375174336,ARPA-USDT,0.0593171137896682,0.0592483231651167,
2024-01-23 10:00:00,0.05736,0.05824,0.057,0.057,14420748,831683.82893,6683,6555961,378094.03811,0.000175469380593,ARPA-USDT,0.0574591875636802,0.0575236412893038,
2024-01-23 11:00:00,0.05699,0.05738,0.05633,0.05663,14112872,800174.2209,7921,5167505,292830.88873,0.0,ARPA-USDT,0.056997274659928,0.0571815088732213,
2024-01-23 12:00:00,0.05665,0.05671,0.05578,0.05653,12737231,718186.38879,6027,6966865,393053.07129,0.0,ARPA-USDT,0.0566064957055369,0.0565881101236872,
2024-01-23 13:00:00,0.05654,0.05658,0.05569,0.05574,9068255,509764.30438,3931,4983201,280172.78602,-0.0003586800573888,ARPA-USDT,0.0565031151692367,0.0564967873973975,
2024-01-23 14:00:00,0.05573,0.05634,0.05497,0.05622,10230030,568636.99114,5672,4856218,270082.1713,0.0003558718861209,ARPA-USDT,0.0557494998491335,0.0556098048973949,
2024-01-23 15:00:00,0.05623,0.05728,0.05621,0.05715,7353223,416866.7266,4269,3795967,215241.73156,-0.0001749475157453,ARPA-USDT,0.0562955100225048,0.0563629057546197,
2024-01-23 16:00:00,0.05717,0.05728,0.05656,0.05697,5764855,327918.06313,3249,2560119,145638.83331,-0.0005263157894737,ARPA-USDT,0.0571677944683607,0.0570613858714344,0.0001
2024-01-23 17:00:00,0.05698,0.0576,0.05677,0.0569,6215828,355268.84396,3271,2621557,149776.70717,0.0007034822370735,ARPA-USDT,0.0569896335502855,0.0570712023326098,
2024-01-23 18:00:00,0.05689,0.05745,0.0566,0.05662,4587632,261592.60101,3037,2416959,137843.67796,0.0005301289980561,ARPA-USDT,0.0568939504727024,0.0570707958442386,
2024-01-23 19:00:00,0.05663,0.05689,0.05633,0.05645,3482088,197207.91053,2570,1487211,84218.98642,-0.0001771165426851,ARPA-USDT,0.0567104882424421,0.0567211148438323,
2024-01-23 20:00:00,0.05646,0.05714,0.05628,0.05672,5965507,338203.28077,2926,3186565,180653.35678,0.0005291938613511,ARPA-USDT,0.0564989719492981,0.0564254592364735,
2024-01-23 21:00:00,0.0567,0.057,0.05629,0.05686,3400948,192691.99493,2419,1653610,93668.73495,0.0003518648838845,ARPA-USDT,0.0567210955867719,0.0568440300808184,
2024-01-23 22:00:00,0.05686,0.0583,0.05684,0.05815,4639505,267687.60126,3334,2298251,132566.5008,0.0008605851979346,ARPA-USDT,0.0568900338861336,0.0568974910314837,
2024-01-23 23:00:00,0.05813,0.05872,0.05801,0.05857,5285008,308614.86026,3835,2700787,157670.79376,0.0001707650273223,ARPA-USDT,0.0581022282243802,0.0581483657017943,
2024-01-24 00:00:00,0.05857,0.0593,0.05812,0.05901,4509572,264386.60045,3751,2164346,126968.4004,0.0010178117048345,ARPA-USDT,0.0585298993197891,0.0585299852585911,0.0001
2024-01-24 01:00:00,0.059,0.059,0.05785,0.05795,2760269,161139.38792,2301,1232783,71968.62205,0.0003452442603142,ARPA-USDT,0.0588885223552505,0.0587588863436501,
2024-01-24 02:00:00,0.05794,0.0583,0.05775,0.05807,2692580,156230.5526,2051,1436522,83336.35012,0.0001722356183258,ARPA-USDT,0.0579702074229869,0.0579070992675392,
2024-01-24 03:00:00,0.05808,0.05818,0.05765,0.05782,2832378,163948.81716,2337,1078435,62450.64621,0.0001729804532089,ARPA-USDT,0.0580723883772214,0.0580804669158718,
2024-01-24 04:00:00,0.05785,0.05833,0.0578,0.058,2558032,148591.07288,1985,986041,57247.99316,0.0006901311249138,ARPA-USDT,0.057858643401895,0.057880430041441,
2024-01-24 05:00:00,0.05799,0.05859,0.05799,0.05832,3207684,187065.07339,2322,1734551,101155.13661,0.0005146680391145,ARPA-USDT,0.0580000298389416,0.0580296038698412,
2024-01-24 06:00:00,0.05832,0.05853,0.05781,0.05851,3371187,195925.65724,2303,1480268,86118.12076,0.0003419387929559,ARPA-USDT,0.0583911463962497,0.0582783164478702,
2024-01-24 07:00:00,0.05851,0.05924,0.05826,0.05881,5206719,306532.87163,3652,2297254,135209.00469,0.0006806193636208,ARPA-USDT,0.0584896478562663,0.0584390413766735,
2024-01-24 08:00:00,0.05882,0.0591,0.05833,0.05865,9899831,581732.73244,4358,4924355,289392.35202,0.0003411222923417,ARPA-USDT,0.0588528802378075,0.0588423941136002,0.0001
2024-01-24 09:00:00,0.05865,0.05917,0.05855,0.05888,4290663,252474.84244,2826,2246146,132185.71027,0.0003397893306149,ARPA-USDT,0.0586387750292661,0.058676742375009,
2024-01-24 10:00:00,0.05889,0.05943,0.0588,0.05927,7333577,433719.96722,3352,4421635,261388.33894,0.0006753334458891,ARPA-USDT,0.0588871044422261,0.058903943537821,
2024-01-24 11:00:00,0.05927,0.05931,0.05879,0.05899,3270722,193055.43325,2788,1535099,90626.44426,0.000339155502798,ARPA-USDT,0.0592113343533979,0.0591367314995609,
2024-01-24 12:00:00,0.05899,0.05935,0.05866,0.05874,2750917,162460.23995,2357,1094651,64677.42997,0.0005109862033725,ARPA-USDT,0.0589908490083911,0.0590522778012963,
2024-01-24 13:00:00,0.05873,0.0589,0.05801,0.05832,4097847,239692.35976,3129,1953932,114364.21484,0.0001714971702966,ARPA-USDT,0.0587621856792812,0.0587783273894279,
2024-01-24 14:00:00,0.05832,0.05897,0.05799,0.05816,4663266,272257.80004,3543,2358000,137766.20017,0.0005160846378806,ARPA-USDT,0.0583141419162041,0.0583330297420934,
2024-01-24 15:00:00,0.05817,0.05921,0.05804,0.0592,7846519,459637.26562,5134,4724554,276603.73952,0.0,ARPA-USDT,0.0581712201979966,0.0582417649662811,
2024-01-24 16:00:00,0.0592,0.05965,0.05887,0.05958,5165684,305774.16134,3613,2721951,161180.28634,0.0005037783375314,ARPA-USDT,0.0592510897972503,0.0592507617742747,0.0001
2024-01-24 17:00:00,0.05957,0.05968,0.05917,0.05945,3634403,215944.58248,2714,1604499,95347.07567,0.000336530371866,ARPA-USDT,0.0595074366887461,0.0594594858796699,
2024-01-24 18:00:00,0.05945,0.05984,0.05857,0.05907,18675482,1108345.23533,6229,8260114,490107.61685,0.0003386960203217,ARPA-USDT,0.0594433115514896,0.0594041006190307,
2024-01-24 19:00:00,0.05907,0.05916,0.05878,0.059,2375739,140062.11665,1934,1292652,76213.63808,0.0006784260515604,ARPA-USDT,0.0590629389424481,0.0589840613963734,
2024-01-24 20:00:00,0.05899,0.05941,0.05859,0.05868,3713037,218908.11406,2689,1671182,98557.53501,0.0003409478349813,ARPA-USDT,0.0589651786662889,0.0591168612456323,
2024-01-24 21:00:00,0.05868,0.05913,0.05863,0.05892,2960225,174288.84928999998,2197,1278582,75270.56492,0.0001697504668138,ARPA-USDT,0.0587153059642817,0.0587604316682062,
2024-01-24 22:00:00,0.05894,0.05939,0.05887,0.05935,1966519,116297.84109,1617,1038509,61420.00671,0.0003370975897523,ARPA-USDT,0.0589124759559736,0.0589816697468218,
2024-01-24 23:00:00,0.05935,0.05975,0.05934,0.05967,2520441,150249.74903,2282,1340983,79947.85399,0.000670803286936,ARPA-USDT,0.0593479243379571,0.0593903426095598,
2024-01-25 00:00:00,0.05968,0.05974,0.05934,0.05956,2621297,156028.89471,2622,1219271,72573.47638000001,0.0005039475894508,ARPA-USDT,0.0596506619092385,0.0595555445876957,0.0001
2024-01-25 01:00:00,0.05956,0.06009,0.05924,0.05937,11174514,668041.34807,5416,6440829,385082.07529,0.0,ARPA-USDT,0.0595808980285081,0.0595160431724799,
2024-01-25 02:00:00,0.05936,0.05978,0.0592,0.05931,3452010,205649.86047,2893,1774205,105737.2746,0.0008437394532567,ARPA-USDT,0.0593534755500702,0.0595167974049953,
2024-01-25 03:00:00,0.05931,0.05987,0.05924,0.05962,1828076,108980.25759,2004,879516,52430.4978,0.0003355704697987,ARPA-USDT,0.0593454940679777,0.0594764471160442,
2024-01-25 04:00:00,0.05962,0.06002,0.05955,0.05977,2926067,174881.56117,2588,1223008,73110.96247,0.0010048568079048,ARPA-USDT,0.0596566547787451,0.0596329944481702,
2024-01-25 05:00:00,0.05975,0.0598,0.05914,0.0594,2825652,167886.59638,2754,1415942,84148.50834,0.0,ARPA-USDT,0.0597567494609388,0.0596593631623901,
2024-01-25 06:00:00,0.05941,0.0597,0.05902,0.05962,3009790,178612.96523,3220,1360373,80725.02923,0.0,ARPA-USDT,0.0594311019294434,0.0595327036079017,
2024-01-25 07:00:00,0.05963,0.05989,0.05929,0.05946,4152557,247393.43641,3123,1615808,96267.47192,0.000336473755047,ARPA-USDT,0.0596885753336224,0.0597081248934985,
2024-01-25 08:00:00,0.05946,0.05959,0.05897,0.05916,2855058,169140.08498,3146,1546084,91621.30389,0.0001690617075231,ARPA-USDT,0.0594350490928012,0.0594265416461783,0.0001
2024-01-25 09:00:00,0.05917,0.05953,0.05893,0.05898,3619773,214540.14094,2832,1978549,117294.85817,0.0010183299389001,ARPA-USDT,0.0591784846181256,0.0591724956701684,
2024-01-25 10:00:00,0.05897,0.05982,0.05857,0.0597,5186552,307124.1173,3552,3056165,181107.94957,0.0,ARPA-USDT,0.0589753233616037,0.0589609476727109,
2024-01-25 11:00:00,0.05971,0.05992,0.05946,0.05956,2830993,168880.4295,2998,1355474,80861.74068,-0.0003356831151393,ARPA-USDT,0.059697380167067,0.0596449648976137,
2024-01-25 12:00:00,0.05958,0.05982,0.05868,0.05893,5306203,314184.25399,4013,2516461,148961.55717,0.0,ARPA-USDT,0.0595340007752605,0.0595655934342324,
2024-01-25 13:00:00,0.05894,0.05927,0.0586,0.05899,4872241,287222.83075,3401,2647152,156055.85154,0.0005088195386702,ARPA-USDT,0.058935147033667,0.0589821109269149,
2024-01-25 14:00:00,0.05898,0.05945,0.05878,0.05923,3179630,187868.08952,2956,1554129,91843.1875,-0.0001688048615801,ARPA-USDT,0.0589816943508701,0.059054447293098,
2024-01-25 15:00:00,0.05924,0.05925,0.05828,0.05844,4240787,249301.46017,3377,1928606,113447.47081,0.0001711449597807,ARPA-USDT,0.0591675234920376,0.0591819285675202,
2024-01-25 16:00:00,0.05844,0.05868,0.05809,0.05811,3810500,222539.77521,2632,1739523,101605.05251,-0.0001720578114245,ARPA-USDT,0.0584764885669864,0.0584740306629363,0.0001
2024-01-25 17:00:00,0.0581,0.05905,0.05795,0.05889,3240301,189452.97742,2712,1787607,104627.7145,0.0005096839959224,ARPA-USDT,0.0581066761812087,0.0581361711567447,
2024-01-25 18:00:00,0.05889,0.05951,0.05877,0.05898,5693753,336616.73741,3629,2375579,140375.88126,0.000169577751399,ARPA-USDT,0.0589296196760921,0.0589511865473119,
2024-01-25 19:00:00,0.05898,0.05962,0.05891,0.05938,3492423,206814.51089,2508,1507545,89302.20889,0.0,ARPA-USDT,0.059052663270661,0.0590049928187878,
2024-01-25 20:00:00,0.05939,0.05979,0.05926,0.05963,5263805,313496.79852,3433,2494414,148586.50733,-0.0003352891869237,ARPA-USDT,0.0593722148907024,0.0594203388266582,
2024-01-25 21:00:00,0.05964,0.05995,0.05949,0.05975,3525042,210623.90934,2399,1815263,108458.60434,-0.0001673360107095,ARPA-USDT,0.0596515675859044,0.0597778197677172,
2024-01-25 22:00:00,0.05972,0.06003,0.05952,0.06,2094639,125117.61678,1710,1060643,63368.21309,0.0006671114076051,ARPA-USDT,0.0597683382838532,0.0597645053675169,
2024-01-25 23:00:00,0.05996,0.05997,0.05955,0.0597,2051695,122560.43744,1983,1024116,61180.12119,0.0,ARPA-USDT,0.0599589337898147,0.0598603876744725,
2024-01-26 00:00:00,0.05968,0.06006,0.05914,0.05979,4853700,289557.78071,3200,2434126,145208.75608,-0.0005015045135405,ARPA-USDT,0.0596622284835814,0.0596776447474745,0.0001
2024-01-26 01:00:00,0.05979,0.06065,0.05952,0.06052,5956893,358682.01216,3812,3648544,219758.66781,-0.0003303600925007,ARPA-USDT,0.0597687427018633,0.0597225389578911,
2024-01-26 02:00:00,0.06053,0.06103,0.06028,0.06096,6031006,365948.44122,3300,2586542,156960.60611,0.0001640689089417,ARPA-USDT,0.0605579110878948,0.0605718580091127,
2024-01-26 03:00:00,0.06096,0.0613,0.06081,0.06099,4546821,277756.88841,2712,1961866,119845.01123,0.0,ARPA-USDT,0.060948107073329,0.0609996506511982,
2024-01-26 04:00:00,0.06098,0.06122,0.06056,0.0606,3039079,184987.26062,2239,1259819,76704.57976000001,0.0,ARPA-USDT,0.0609983804898648,0.0610664963735683,
2024-01-26 05:00:00,0.06061,0.06084,0.06051,0.06068,2704683,163974.3102,1900,1377655,83530.9488,0.0001648261084554,ARPA-USDT,0.060678497287987,0.0606094274608913,
2024-01-26 06:00:00,0.06067,0.06113,0.06023,0.06027,3528270,214075.537,2428,1710497,103837.14908,0.0003319502074687,ARPA-USDT,0.0606781524101052,0.060696443576326,
2024-01-26 07:00:00,0.06025,0.06032,0.05989,0.06011,3663778,220123.98654,2485,1614139,96982.85968,0.0,ARPA-USDT,0.0602699041232542,0.0602738949627422,
2024-01-26 08:00:00,0.06012,0.06063,0.0601,0.06046,2196486,132604.32371,1898,1195504,72196.46259,-0.0001653712584753,ARPA-USDT,0.0601429288541895,0.0601889369189603,0.0001
2024-01-26 09:00:00,0.06046,0.06106,0.06045,0.06063,2790619,169513.65003,2223,1541254,93612.77896,0.0003299785513941,ARPA-USDT,0.0604840327774994,0.0605112336904941,
2024-01-26 10:00:00,0.06062,0.06126,0.06045,0.06124,3405215,207139.10342,2731,1611219,97993.25502,0.0,ARPA-USDT,0.0606433825797213,0.0606383011311407,
2024-01-26 11:00:00,0.06123,0.0621,0.06121,0.06187,6574765,406186.11818,4692,3465005,214093.41018,0.0001616553507921,ARPA-USDT,0.0612620832837773,0.0613882307449599,
2024-01-26 12:00:00,0.06188,0.06212,0.06149,0.06164,3383241,209051.9291,3094,1703760,105319.29018,-0.000162206001622,ARPA-USDT,0.0619751878993501,0.0617675607199288,
2024-01-26 13:00:00,0.06164,0.06194,0.06124,0.06148,1675461,103228.99164,2318,906884,55870.58125,0.0,ARPA-USDT,0.0616499524721103,0.0616803616153126,
2024-01-26 14:00:00,0.06147,0.06198,0.06145,0.06198,1935324,119626.07735,1979,862717,53316.65449,0.0004842615012106,ARPA-USDT,0.0614940800712523,0.0615905109473546,
2024-01-26 15:00:00,0.06197,0.06221,0.0618,0.06218,2822354,174985.05397,2308,1474490,91406.92739,0.0001608492842206,ARPA-USDT,0.0619601140465456,0.0619408585363642,
2024-01-26 16:00:00,0.06217,0.06244,0.062,0.06235,3404375,211831.28582,2975,1566502,97522.57302,0.0001604106512673,ARPA-USDT,0.0622272981398283,0.0622270478382767,0.0001
2024-01-26 17:00:00,0.06234,0.06243,0.06204,0.06222,1675588,104195.2334,1799,841080,52303.99653,0.0006432936635574,ARPA-USDT,0.0623474457937557,0.0623299053314011,
2024-01-26 18:00:00,0.06221,0.06258,0.06207,0.06243,2257079,140726.1061,1612,1236344,77089.7431,0.0,ARPA-USDT,0.0622136583990551,0.0621814915712235,
2024-01-26 19:00:00,0.06243,0.06247,0.06216,0.06226,1855029,115558.88594,1545,945374,58902.78248,0.0,ARPA-USDT,0.0624489179503002,0.062344641571836,
2024-01-26 20:00:00,0.06225,0.06264,0.06177,0.06193,2978967,185105.68084,2099,1100396,68349.0806,0.0004846526655897,ARPA-USDT,0.0622783303169163,0.0622713119945945,
2024-01-26 21:00:00,0.06193,0.06211,0.06165,0.06202,2477189,153282.35263,1942,1289891,79852.32261,0.000483949024036,ARPA-USDT,0.0618635960122098,0.0618902200612122,
2024-01-26 22:00:00,0.06202,0.06218,0.06178,0.06217,1943438,120530.6922,1420,1121893,69568.70367,0.0003218020917137,ARPA-USDT,0.0620346775513544,0.0620630479499438,
2024-01-26 23:00:00,0.06217,0.06268,0.06204,0.06257,5266938,328535.20611,3126,3162821,197268.5257,0.0001598465473144,ARPA-USDT,0.0621004638884183,0.0621632627688715,
2024-01-27 00:00:00,0.06258,0.06295,0.0624,0.06291,4117294,258127.77291,3217,2344723,146997.50543,0.0003180155827633,ARPA-USDT,0.0625960930090566,0.0625265106335388,0.0001
2024-01-27 01:00:00,0.06291,0.0631,0.06237,0.06249,1974482,123972.38049,1723,1009936,63447.91905,0.0001600512163892,ARPA-USDT,0.0628792456766401,0.062956826803659,
2024-01-27 02:00:00,0.06249,0.06301,0.06246,0.06295,1159563,72789.21824,1129,548067,34407.37859,0.0003178134435086,ARPA-USDT,0.0624948758672848,0.0625612717338748,
2024-01-27 03:00:00,0.06295,0.063,0.06263,0.0627,1216304,76339.70582,1131,497239,31220.40426,-0.000159464200287,ARPA-USDT,0.0629903288223175,0.0629127899686358,
2024-01-27 04:00:00,0.0627,0.06306,0.06265,0.06293,1292307,81219.9148,1503,623296,39177.51012,0.0003179144810045,ARPA-USDT,0.0627155067251213,0.0627145701725311,
2024-01-27 05:00:00,0.06292,0.06299,0.06186,0.06212,3495644,217865.35748,2961,1653141,102993.00427,0.0004831695925269,ARPA-USDT,0.0629154231944034,0.0628916510947055,
2024-01-27 06:00:00,0.06211,0.06237,0.06184,0.0619,2000064,124114.49466,1645,1167249,72416.70725,0.0003232062055591,ARPA-USDT,0.0620792908363618,0.0621376079693024,
2024-01-27 07:00:00,0.0619,0.06203,0.06148,0.06185,1462593,90327.85951,1383,650800,40190.83424,0.0004852798447105,ARPA-USDT,0.0619072102645158,0.0618953288675738,
2024-01-27 08:00:00,0.06184,0.06203,0.06102,0.06114,7542724,463552.69616,3720,2965480,182222.82173,0.0001635858007524,ARPA-USDT,0.0618758699680996,0.0618270016482719,0.0001
2024-01-27 09:00:00,0.06115,0.06193,0.06104,0.06185,4321133,266229.38828,2749,2185476,134613.57583,0.0003234675723757,ARPA-USDT,0.0611396665216372,0.061244017183898,
2024-01-27 10:00:00,0.06185,0.0623,0.06176,0.06192,2765654,171680.53439,1723,1574612,97746.02637,0.0004847309743092,ARPA-USDT,0.0618569159968347,0.0618587457154687,
2024-01-27 11:00:00,0.06192,0.06206,0.06182,0.0619,1602408,99279.54579,1242,903453,55981.70008,0.0003232062055591,ARPA-USDT,0.0619049167495029,0.0619293156089258,
2024-01-27 12:00:00,0.0619,0.06264,0.06188,0.06248,4032100,251441.59714,2288,2277105,141923.93012,0.0009612303748798,ARPA-USDT,0.0618982224946905,0.0619689434065057,
2024-01-27 13:00:00,0.06246,0.06254,0.06217,0.06252,2900201,180779.39915,1802,1788016,111452.17562,0.00032,ARPA-USDT,0.0624383817023149,0.0623793413013937,
2024-01-27 14:00:00,0.06251,0.06316,0.06249,0.06283,4920528,309473.26871,3017,2799911,176034.0545,0.0001591849729385,ARPA-USDT,0.06254243143699,0.0625324027265227,
2024-01-27 15:00:00,0.06282,0.06283,0.06237,0.06275,4244427,265747.63136,2678,2445270,153108.75039,0.000318826717679,ARPA-USDT,0.0627515446660051,0.0627571018345444,
2024-01-27 16:00:00,0.06274,0.06319,0.06265,0.06281,2578527,162263.12102,2275,1514971,95333.77701,0.0009561752988047,ARPA-USDT,0.0627330358454718,0.0626915804401418,0.0001
2024-01-27 17:00:00,0.06281,0.06315,0.06268,0.0629,2629518,165404.96153,1949,1610026,101229.34048,0.0,ARPA-USDT,0.0628351260850779,0.0628169716352067,
2024-01-27 18:00:00,0.06289,0.06381,0.06289,0.06353,10159830,644001.19161,4068,7126773,451478.36143,0.0006300204756655,ARPA-USDT,0.0629196753526298,0.0629566707410345,
2024-01-27 19:00:00,0.06354,0.06386,0.06342,0.06363,3844662,244734.5143,2364,1956447,124581.33645,0.0006290297216544,ARPA-USDT,0.0635650571723382,0.06369904417807,
2024-01-27 20:00:00,0.06362,0.064,0.06337,0.06385,4242879,270299.38178,2590,2175780,138655.18592000002,0.0003133322888924,ARPA-USDT,0.0636475523944921,0.0636350607657081,
2024-01-27 21:00:00,0.06385,0.06394,0.06347,0.06365,1968520,125249.00886,1721,924357,58820.32701,0.0004715498270984,ARPA-USDT,0.063900308916975,0.0638127987747319,
2024-01-27 22:00:00,0.06364,0.06368,0.06321,0.06338,1544156,97935.87069,1429,560964,35573.04952,0.0001578033769924,ARPA-USDT,0.0636341418783147,0.0635763755639101,
2024-01-27 23:00:00,0.06339,0.06357,0.06311,0.06349,2914559,184622.20439,2077,1472463,93264.96941,0.000157529930687,ARPA-USDT,0.0633221752680323,0.0632234566184539,
2024-01-28 00:00:00,0.06351,0.06391,0.06326,0.06364,4381528,278496.95325,2645,2133203,135620.19215,0.0003143665513989,ARPA-USDT,0.0634664397528099,0.0634233456606272,0.0001
2024-01-28 01:00:00,0.06364,0.06406,0.06355,0.0637,2541184,162179.80026,1869,1312285,83776.37145,0.0003140703517587,ARPA-USDT,0.063635243203255,0.0636708901754657,
2024-01-28 02:00:00,0.06369,0.06381,0.06339,0.06355,1785695,113609.7712,1274,600003,38169.47918,0.000157381177211,ARPA-USDT,0.0637026114720727,0.0636256881669105,
2024-01-28 03:00:00,0.06355,0.06401,0.06348,0.06397,2283814,145526.16431,1734,1293333,82422.7121,0.0,ARPA-USDT,0.0635597082568807,0.0635656666825077,
2024-01-28 04:00:00,0.06398,0.06418,0.06361,0.06408,2122432,135595.75426000002,2157,1261888,80638.10563,0.0001560792882784,ARPA-USDT,0.0639675990597716,0.0639695245073562,
2024-01-28 05:00:00,0.06409,0.06413,0.06325,0.06337,1680292,106914.90059,1866,836727,53214.788,0.0003157063930543,ARPA-USDT,0.0640773069567671,0.0640728752249319,
2024-01-28 06:00:00,0.06337,0.06359,0.06323,0.06338,2869989,182028.65705,2168,1536622,97458.009,-0.0001577535888941,ARPA-USDT,0.0633605213648293,0.0633534829381198,
2024-01-28 07:00:00,0.06339,0.06365,0.06295,0.0631,1870859,118455.13477,1849,724192,45867.82057,0.0003170577045024,ARPA-USDT,0.0633770249765578,0.0633843567899816,
2024-01-28 08:00:00,0.0631,0.06369,0.06276,0.06345,3814502,241232.25284,2824,1888469,119464.39268,0.0004730368968779,ARPA-USDT,0.0631288426503879,0.0631070472858644,0.0001
2024-01-28 09:00:00,0.06347,0.06356,0.06325,0.06331,1100665,69783.83441,1346,444675,28201.55742,0.0001579778830964,ARPA-USDT,0.063423182801731,0.0634284813716625,
2024-01-28 10:00:00,0.06332,0.06409,0.0633,0.06387,2805166,178966.04842,1889,1703322,108648.11116,0.0,ARPA-USDT,0.0633359157110091,0.0633929714302665,
2024-01-28 11:00:00,0.06386,0.06401,0.06287,0.06332,2454790,155858.47512,2495,998526,63393.80419,0.0004740085321535,ARPA-USDT,0.0638864288953163,0.063939080491768,
2024-01-28 12:00:00,0.06331,0.06335,0.06226,0.06284,9290454,582185.6235999999,4514,4284796,268488.37531,0.0001591596371159,ARPA-USDT,0.0632970966943352,0.063266667545911,
2024-01-28 13:00:00,0.06284,0.06309,0.06263,0.06291,3076655,193436.46447,2357,1632047,102611.24461,0.0006362334976937,ARPA-USDT,0.062833286241568,0.0627587911386324,
2024-01-28 14:00:00,0.06291,0.06319,0.06236,0.06245,2923345,183669.23971,2069,1114063,70057.30181,0.0003203588018581,ARPA-USDT,0.0628962278709894,0.062949615905318,
2024-01-28 15:00:00,0.06244,0.06386,0.06241,0.06276,24892957,1573665.08726,6887,13740383,868746.87448,0.0001593625498006,ARPA-USDT,0.0624340669115759,0.0625066171701364,
2024-01-28 16:00:00,0.06276,0.06316,0.06258,0.06304,4247707,267046.6096,2735,1968828,123810.30455,0.0003173595683909,ARPA-USDT,0.0628124245540792,0.0628648327099086,0.0001
2024-01-28 17:00:00,0.06303,0.06309,0.06235,0.06267,2330049,145943.97526,2256,906156,56784.68676,0.0001595914458987,ARPA-USDT,0.0629961976883547,0.0629357250078511,
2024-01-28 18:00:00,0.06266,0.06278,0.06203,0.06219,2676641,166774.33934,2181,1049699,65453.38768,0.0004826254826255,ARPA-USDT,0.062670664651037,0.0626886610801791,
2024-01-28 19:00:00,0.06216,0.06251,0.06162,0.06194,3840164,238052.78634,2762,1729176,107227.96026,0.0003229974160205,ARPA-USDT,0.0621766585536479,0.0621737616528277,
2024-01-28 20:00:00,0.06193,0.06248,0.06138,0.06233,3096415,191647.83434,2494,1530964,94820.31758,0.0003209757663298,ARPA-USDT,0.0620130252089078,0.0620075772247423,
2024-01-28 21:00:00,0.06235,0.06256,0.062,0.06232,1940885,120891.64821,1710,1010075,62945.22234,0.0001604878831649,ARPA-USDT,0.0624075613563081,0.0624566220322833,
2024-01-28 22:00:00,0.06234,0.06238,0.06144,0.06166,1808301,111833.3285,1628,975606,60346.26565,0.0001622060016219,ARPA-USDT,0.062332112908955,0.0622692135473827,
2024-01-28 23:00:00,0.06164,0.06218,0.06139,0.06202,2489191,153900.85463000002,2308,1289449,79727.37324,-0.000161212316621,ARPA-USDT,0.0616086466433385,0.0617167143909198,
2024-01-29 00:00:00,0.06202,0.06249,0.06177,0.06199,3781916,234684.14754,2355,1642542,101926.68317,0.0003227368081331,ARPA-USDT,0.0620033463304525,0.0619165389084313,0.0001
2024-01-29 01:00:00,0.06201,0.06305,0.06199,0.0626,2452184,153391.90536,2055,1247798,78033.55687,0.0003195909236177,ARPA-USDT,0.0620380140279677,0.0621621642788962,
2024-01-29 02:00:00,0.06259,0.06305,0.0625,0.06283,1014431,63711.43157,1145,526299,33044.11931,0.0001591849729385,ARPA-USDT,0.0625602715559044,0.0625459576586985,
2024-01-29 03:00:00,0.06284,0.06323,0.0628,0.06296,2493378,157204.09274,1830,1346166,84856.29546,0.0001588562351071,ARPA-USDT,0.0628537305466015,0.0628535713770817,
2024-01-29 04:00:00,0.06296,0.06308,0.06271,0.06295,2569456,161704.44846,1999,1109391,69835.24597,0.0003178134435086,ARPA-USDT,0.0629510645701198,0.0629756414653596,
2024-01-29 05:00:00,0.06296,0.06312,0.06247,0.06269,1115335,70027.27427,1571,519396,32611.60486,0.0003191319610658,ARPA-USDT,0.0629956691609827,0.0630508382706477,
2024-01-29 06:00:00,0.06268,0.06309,0.06261,0.06284,2723064,171215.31996999998,1713,1382782,86921.47273000001,0.000318369945877,ARPA-USDT,0.0626981522444915,0.0626728826443898,
2024-01-29 07:00:00,0.06284,0.06311,0.06219,0.06227,3173652,198647.53333,1985,1402948,87770.17572,0.0,ARPA-USDT,0.0628722100943436,0.0628995001615887,
2024-01-29 08:00:00,0.06227,0.06296,0.06213,0.0628,3049600,190748.25279,2074,1476418,92384.55298,-0.0001592103168286,ARPA-USDT,0.0623022499041778,0.0623446698817815,0.0001
2024-01-29 09:00:00,0.06282,0.06311,0.06242,0.06301,4254386,267375.43979000003,2335,1978379,124329.71614,0.0004763416957764,ARPA-USDT,0.0628466497613365,0.0628199583282666,
2024-01-29 10:00:00,0.06301,0.06313,0.06257,0.06271,1461701,91783.07142,1307,638288,40096.82817,0.0001594896331738,ARPA-USDT,0.063019301926726,0.0630721118138332,
2024-01-29 11:00:00,0.06271,0.06276,0.06244,0.06259,1967878,123220.48339,1756,698696,43762.06186,0.0004795396419436,ARPA-USDT,0.0627074281253098,0.0626407278430138,
2024-01-29 12:00:00,0.06259,0.06307,0.06249,0.06294,4755229,298786.50726,2933,2790369,175297.18763,0.0001589067217542,ARPA-USDT,0.0626108597418861,0.0626955226427421,
2024-01-29 13:00:00,0.06295,0.06296,0.06184,0.06207,4101013,255523.70847,3201,1504528,93967.43589,0.0001611343860781,ARPA-USDT,0.0629361647792049,0.0629281189318455,
2024-01-29 14:00:00,0.06205,0.06242,0.06154,0.06189,2766503,171690.37023,2834,1301219,80779.74222,0.0001616031027795,ARPA-USDT,0.0621177699541554,0.062106961970498,
2024-01-29 15:00:00,0.06189,0.06318,0.06176,0.06315,5520682,345180.62712,3174,2888670,180629.82731,0.0003168065895768,ARPA-USDT,0.0618616462434953,0.06186908207047,
2024-01-29 16:00:00,0.06315,0.06355,0.06283,0.06353,4407087,278995.72151,3545,2127226,134729.00494,0.0003149110376319,ARPA-USDT,0.0631678835314268,0.0631332774955464,0.0001
2024-01-29 17:00:00,0.06354,0.06376,0.06319,0.06331,3189613,202604.24819,2222,1553303,98696.88151,0.0003160056881024,ARPA-USDT,0.0635878320583332,0.0636292019156531,
2024-01-29 18:00:00,0.06331,0.06357,0.063,0.06318,2978082,188543.0016,1983,1364502,86383.71397,0.0006335128286347,ARPA-USDT,0.0633585533487617,0.0633865070026852,
2024-01-29 19:00:00,0.06317,0.06354,0.06299,0.06303,1872977,118470.33326,1835,864722,54718.98594,0.0001586797841954,ARPA-USDT,0.0632336589372654,0.0633430761921163,
2024-01-29 20:00:00,0.06305,0.06335,0.06294,0.06331,1493566,94326.88133,1458,823521,52016.5131,0.0001579778830964,ARPA-USDT,0.0631067424730814,0.0632256700164571,
2024-01-29 21:00:00,0.0633,0.06334,0.06297,0.06306,1454566,91846.25334,1416,695443,43927.93685,0.0003172588832487,ARPA-USDT,0.0633017076047738,0.0632458761845987,
2024-01-29 22:00:00,0.06307,0.06342,0.06302,0.06318,1451440,91735.88723,1324,902375,57015.91547,0.0001583029919265,ARPA-USDT,0.0630688509809696,0.0630694538288197,
2024-01-29 23:00:00,0.06319,0.06331,0.06301,0.06331,1720616,108656.72405,1749,1067874,67445.25728,0.0007903888713247,ARPA-USDT,0.0632232692093023,0.0632086578575893,
2024-01-30 00:00:00,0.06329,0.06336,0.06265,0.06275,2834980,178401.27091,2314,1375278,86564.43372,0.0004783163265307,ARPA-USDT,0.0633026714218256,0.0630607424189127,0.0001
2024-01-30 01:00:00,0.06275,0.06385,0.06271,0.06334,3850334,243430.97504,2387,2156842,136227.28114,0.0003158559696776,ARPA-USDT,0.0627382363899238,0.0628064743705949,
2024-01-30 02:00:00,0.06332,0.06388,0.06327,0.06357,3805309,242296.51776,1787,1048845,66694.05649,0.0004721435316337,ARPA-USDT,0.0633268847352025,0.0633897569206899,
2024-01-30 03:00:00,0.06358,0.06373,0.0632,0.06335,2474745,156851.65821,1861,1063764,67430.83264,0.0,ARPA-USDT,0.0636191070493805,0.0636151487645472,
2024-01-30 04:00:00,0.06335,0.06362,0.06313,0.06344,1189343,75338.06985,1374,664393,42089.47779,0.0006309148264984,ARPA-USDT,0.0633724122736186,0.0634178723807341,
2024-01-30 05:00:00,0.06343,0.06362,0.0633,0.06342,2074892,131631.82283,1536,957940,60779.01682,0.0003154574132493,ARPA-USDT,0.0634473273027746,0.063473782896777,
2024-01-30 06:00:00,0.06343,0.06355,0.06291,0.06328,1955024,123562.27777,1889,921888,58315.47776,0.0001580527896316,ARPA-USDT,0.0634199713081682,0.0634208620230138,
2024-01-30 07:00:00,0.06331,0.06366,0.06317,0.06327,2446068,154968.52716,2033,1049949,66536.00004,0.0004743833017077,ARPA-USDT,0.0632952104864373,0.0633236573616226,
2024-01-30 08:00:00,0.06329,0.06365,0.06304,0.06341,2502872,158612.78426,2103,1197537,75865.49919,0.0007891414141414,ARPA-USDT,0.0633403358516237,0.0632056219171865,0.0001
2024-01-30 09:00:00,0.06341,0.06376,0.06335,0.06353,1653842,105089.73246,1457,1073190,68189.57771,0.0003149110376319,ARPA-USDT,0.0634455917996479,0.063409532964282,
2024-01-30 10:00:00,0.06354,0.06387,0.06345,0.0638,1936678,123235.20462,1693,919746,58546.93707,0.0007843137254901,ARPA-USDT,0.0635724058070711,0.0635833823859594,
2024-01-30 11:00:00,0.06379,0.06455,0.06377,0.06434,10219409,656914.08272,3935,4663252,299859.85661,0.0004664904369457,ARPA-USDT,0.0638010592325841,0.0638369874208368,
2024-01-30 12:00:00,0.06435,0.06452,0.06318,0.06344,5854799,373722.45254,4405,2437082,155529.81756,0.0,ARPA-USDT,0.0643680164516217,0.064393455706966,
2024-01-30 13:00:00,0.06346,0.0637,0.06273,0.06354,4824523,305296.92699,3196,2210364,139928.16159,0.0004723665564478,ARPA-USDT,0.0634938796060032,0.06353795429399,
2024-01-30 14:00:00,0.06354,0.06357,0.06297,0.06317,4542307,287136.11693,3556,1923916,121608.98498,0.0001583280557315,ARPA-USDT,0.063511817252354,0.0633922205304269,
2024-01-30 15:00:00,0.06318,0.06361,0.06292,0.06333,3073114,194529.23272,2696,1203227,76175.96137,0.0009483167377901,ARPA-USDT,0.063177523723867,0.0631041103466888,
2024-01-30 16:00:00,0.06334,0.06407,0.06317,0.06396,3239598,206170.04332,2705,1813385,115374.84629,0.0009389671361503,ARPA-USDT,0.0634164562714522,0.0633934081602362,0.0001
2024-01-30 17:00:00,0.06397,0.06417,0.06374,0.064,2043725,130703.09857,1604,1048239,67050.13533,0.0009383797309978,ARPA-USDT,0.0639600312750601,0.0640026337836292,
2024-01-30 18:00:00,0.064,0.06408,0.06366,0.06382,1657086,105797.09378,1387,795371,50785.11789,0.0004702931493965,ARPA-USDT,0.0640323244317241,0.0639895070940359,
2024-01-30 19:00:00,0.06383,0.06388,0.06351,0.06364,1394486,88758.57566,1334,717483,45665.53021,0.0004716239584972,ARPA-USDT,0.0638590687391865,0.063791519879084,
2024-01-30 20:00:00,0.06364,0.06383,0.06342,0.06356,2107983,134168.11364999998,1653,961309,61190.98198,0.0001573564122738,ARPA-USDT,0.0636500413072008,0.0636647731399544,
2024-01-30 21:00:00,0.06357,0.06364,0.06323,0.0634,1886229,119611.79528,1294,754692,47858.5413,0.0004734101309769,ARPA-USDT,0.0635897959087034,0.0635017606268624,
2024-01-30 22:00:00,0.0634,0.0635,0.06281,0.06281,1843547,116527.83075,1422,684807,43325.84661,-0.0001591849729385,ARPA-USDT,0.0634250754183098,0.063406803569736,
2024-01-30 23:00:00,0.06281,0.06328,0.06225,0.0627,6919418,433659.98917,4071,3075147,192798.06422,0.0004786979415989,ARPA-USDT,0.0628750999852842,0.0629542869876375,
2024-01-31 00:00:00,0.0627,0.06304,0.06153,0.06251,7142433,444259.46156,4463,3462635,215492.11584,0.0003200512081933,ARPA-USDT,0.0627696704121071,0.0628332438706264,0.0001
2024-01-31 01:00:00,0.06251,0.06281,0.06203,0.06217,4787974,298477.91034,2761,2195280,136893.17265,0.0006438113632707,ARPA-USDT,0.0625064871272767,0.0626758929592385,
2024-01-31 02:00:00,0.06216,0.06266,0.0617,0.06263,2774628,172472.87055,2332,1326744,82465.7807,0.000479233226837,ARPA-USDT,0.0622096560966975,0.0622944623314723,
2024-01-31 03:00:00,0.06263,0.06286,0.06249,0.06277,1407830,88226.37811,1657,685215,42947.8241,0.0003187250996017,ARPA-USDT,0.0626388792547595,0.0626348034695833,
2024-01-31 04:00:00,0.06278,0.06279,0.06242,0.06275,805491,50403.41554,920,416564,26070.94181,0.0007974481658692,ARPA-USDT,0.0627341281624896,0.0627055264299123,
2024-01-31 05:00:00,0.06276,0.06294,0.06228,0.0627,4889681,305319.95663000003,2493,2228933,139143.7578,0.0004786979415989,ARPA-USDT,0.0627384369967793,0.062782257900414,
2024-01-31 06:00:00,0.06272,0.06272,0.06205,0.06219,1773346,110619.30855,1486,873682,54510.4462,0.0003216985684413,ARPA-USDT,0.0626240609186318,0.0625809448279291,
2024-01-31 07:00:00,0.06219,0.06225,0.05889,0.05938,43554118,2618690.65663,24326,17020708,1019984.59097,0.0,ARPA-USDT,0.0621733410054069,0.0621620569139044,
2024-01-31 08:00:00,0.05936,0.05949,0.05675,0.0568,73127506,4236083.17392,36899,30657373,1777241.4269,-0.0005278901988385,ARPA-USDT,0.0593699106792345,0.0591454791678446,0.0001
2024-01-31 09:00:00,0.05682,0.058,0.05632,0.05666,89808494,5133657.09833,36006,42862154,2452857.8426,0.0,ARPA-USDT,0.0568729647782135,0.0569595849433452,
2024-01-31 10:00:00,0.05666,0.05741,0.05617,0.05653,44013593,2498786.77974,20003,18648254,1058879.14596,-0.0007070885628426,ARPA-USDT,0.0567154648909049,0.0566548535663157,
2024-01-31 11:00:00,0.05655,0.05794,0.05651,0.05737,51394058,2933239.93239,18487,26307561,1503026.92173,-0.0015663069961712,ARPA-USDT,0.0565880119695399,0.0567170164392325,
2024-01-31 12:00:00,0.05737,0.05777,0.05694,0.05759,23372697,1339848.60703,9816,10543062,604463.61963,-0.0006940829429116,ARPA-USDT,0.0572667887031702,0.057266710820416,
2024-01-31 13:00:00,0.0576,0.05806,0.05721,0.05797,22152515,1275485.48389,10167,10813008,622896.6314300001,-0.0013781223083547,ARPA-USDT,0.0575384537268676,0.0575002678913095,
2024-01-31 14:00:00,0.05797,0.05801,0.05724,0.05777,20524759,1182917.95441,9961,9557221,551013.23765,-0.0008647526807333,ARPA-USDT,0.0578950872041482,0.0578039978895476,
2024-01-31 15:00:00,0.05776,0.05831,0.0568,0.05826,20192170,1165335.93001,10674,9574306,552914.81582,-0.000171614896173,ARPA-USDT,0.0577602998717667,0.0577229790136591,
2024-01-31 16:00:00,0.05826,0.05838,0.05788,0.05817,9691611,563180.49092,6116,4339891,252217.52449,-0.000343701666953,ARPA-USDT,0.0582743326341024,0.058137677738695,-0.00018512
2024-01-31 17:00:00,0.05817,0.05871,0.05805,0.0587,8778867,512051.67093,4803,4412178,257354.27791,-0.0003405994550408,ARPA-USDT,0.0581842748341276,0.0582519824994397,
2024-01-31 18:00:00,0.0587,0.05938,0.0585,0.05927,10826596,639166.67776,6432,5100338,301081.89231,-0.0003373250126497,ARPA-USDT,0.0586859774335758,0.0586250485180587,
2024-01-31 19:00:00,0.05926,0.05945,0.05834,0.05895,12294862,724956.33537,7026,5301802,312808.81098,0.0,ARPA-USDT,0.0593290628070143,0.059326028877361,
2024-01-31 20:00:00,0.05895,0.05901,0.05782,0.05799,11124874,649291.8543,6799,4659253,271998.79309,-0.0003447681434235,ARPA-USDT,0.0589738006701634,0.0587806855392212,
2024-01-31 21:00:00,0.05802,0.05842,0.05724,0.05768,9107302,526494.82343,6911,3947321,228267.60094,-0.0005198405822213,ARPA-USDT,0.0580008672678007,0.0580966355823232,
2024-01-31 22:00:00,0.05769,0.0578,0.05709,0.05748,6147314,353319.67315,4030,2682603,154259.01414,-0.0006954102920723,ARPA-USDT,0.0577191813390273,0.0575800609772987,
2024-01-31 23:00:00,0.05751,0.05769,0.05722,0.05727,4970420,285897.91616,3418,2116620,121726.83158,-0.0008722958827634,ARPA-USDT,0.0575172458499374,0.0575511018261308,
2024-02-01 00:00:00,0.05728,0.0581,0.05702,0.05796,15611563,899649.7095,7999,8846291,509767.89308,-0.001034126163392,ARPA-USDT,0.0574495332650291,0.0574499315229102,0.0001
2024-02-01 01:00:00,0.05797,0.05814,0.0568,0.05717,14985833,863884.09936,8072,7239938,417689.65684,-0.0008738203425375,ARPA-USDT,0.0579879010953539,0.0579965336065246,
2024-02-01 02:00:00,0.05717,0.0578,0.05709,0.05713,9112933,523053.68597,5159,3626897,208269.24817,-0.000349956255468,ARPA-USDT,0.0572150795962025,0.0573788586858325,
2024-02-01 03:00:00,0.05714,0.05736,0.0566,0.05698,12362924,704890.1538,6252,5575803,317886.71043,-0.0001754693805929,ARPA-USDT,0.0571538969946895,0.056982202859715,
2024-02-01 04:00:00,0.05697,0.0573,0.0565,0.05709,5796806,330338.04187,4460,2566761,146288.42835,0.0,ARPA-USDT,0.0570153526752403,0.0570494156128676,
2024-02-01 05:00:00,0.05709,0.05716,0.05631,0.05671,9117616,517028.77331,5495,3972276,225161.17284,0.000529287226535,ARPA-USDT,0.0571204807040343,0.0570620427657133,
2024-02-01 06:00:00,0.0567,0.05675,0.05592,0.05642,9737159,548483.23026,5514,3997667,225206.92764,0.0007094714437743,ARPA-USDT,0.0566969933440483,0.0565966743708431,
2024-02-01 07:00:00,0.05641,0.05708,0.05614,0.05682,6361661,360401.83817,4144,3230657,183009.46408,0.0010570824524314,ARPA-USDT,0.05636167564033,0.0562933955601838,
2024-02-01 08:00:00,0.0568,0.05741,0.05666,0.05741,8351354,476118.0048,4337,4149161,236562.44418,0.0001742160278745,ARPA-USDT,0.0567542864800916,0.0568093698301874,-6.045e-05
2024-02-01 09:00:00,0.0574,0.05837,0.05702,0.05745,31536468,1819765.44949,12986,16432526,948685.6684,-0.000695773177944,ARPA-USDT,0.0575043393695142,0.0575539009367444,
2024-02-01 10:00:00,0.05746,0.05762,0.05714,0.05718,7094813,406751.27748,4335,3504154,200912.6546,0.0,ARPA-USDT,0.0573192695122852,0.057302437637249,
2024-02-01 11:00:00,0.05719,0.05724,0.05651,0.0569,16788526,954992.42914,5217,6600577,375372.56978,0.0,ARPA-USDT,0.0572011722022299,0.0571520936293927,
2024-02-01 12:00:00,0.05692,0.05726,0.05687,0.0571,8003771,457046.41171,3461,4411075,251915.49941,-0.0001751006828927,ARPA-USDT,0.0569882242398146,0.0569848777656103,
2024-02-01 13:00:00,0.05711,0.05731,0.05672,0.05715,6752337,384941.58554,3268,3552246,202524.79309,0.0001750087504375,ARPA-USDT,0.0571154083431543,0.0570154051814796,
2024-02-01 14:00:00,0.05713,0.05761,0.05701,0.05724,6673505,382487.91422,3393,3003626,172089.51806,-0.000523834468308,ARPA-USDT,0.0571362294316959,0.0572201802591441,
2024-02-01 15:00:00,0.05723,0.05761,0.05723,0.05728,5152513,295940.645,2695,2090612,120089.08515,-0.0001745505323791,ARPA-USDT,0.0572592418982429,0.0573946338548791,
2024-02-01 16:00:00,0.05728,0.05735,0.05641,0.05696,27738601,1578513.38913,7575,13554106,771569.36082,0.0001755926251096,ARPA-USDT,0.0572926756899881,0.0572968607455288,0.0001
2024-02-01 17:00:00,0.05696,0.05769,0.05688,0.0575,9356196,536084.17128,4115,5436026,311558.53095,0.000173943294486,ARPA-USDT,0.0569358834496714,0.0570292969668684,
2024-02-01 18:00:00,0.0575,0.05752,0.05707,0.05723,9106393,521280.61049,4122,4901653,280571.33628,-0.0003493449781659,ARPA-USDT,0.0574824418727781,0.0574100600752415,
2024-02-01 19:00:00,0.05723,0.05772,0.0572,0.05739,8224437,472116.04459,3217,3047584,174919.1911,-0.000348371363874,ARPA-USDT,0.057298978625332,0.0573212675625812,
2024-02-01 20:00:00,0.05738,0.05745,0.05726,0.05736,5308335,304509.65615,2173,2512813,144148.90459,-0.0001743071291615,ARPA-USDT,0.0573578210868534,0.0573175095552063,
2024-02-01 21:00:00,0.05735,0.05777,0.05731,0.05774,5605961,322534.5968,2095,3714912,213710.03224,-0.0001731601731602,ARPA-USDT,0.0573568608961243,0.0573562253853446,
2024-02-01 22:00:00,0.05774,0.05783,0.0573,0.05733,4832335,278317.36545,2037,1690042,97365.38407,0.0,ARPA-USDT,0.0577257703653716,0.057743708314571,
2024-02-01 23:00:00,0.05732,0.05763,0.05717,0.05759,3013170,172759.37869,1658,1089390,62469.1482,-0.000173611111111,ARPA-USDT,0.0573267209923731,0.0572901512870163,
2024-02-02 00:00:00,0.05759,0.05791,0.05748,0.0578,4239787,244672.57359,3240,1887072,108884.94193,0.0001730403183941,ARPA-USDT,0.0576217214698803,0.0575958948559364,0.0001
2024-02-02 01:00:00,0.05781,0.05788,0.0576,0.05765,2650184,153055.728,2265,1320361,76257.22067,-0.0001734304543878,ARPA-USDT,0.0577727519775825,0.057794339621853,
2024-02-02 02:00:00,0.05764,0.05789,0.05739,0.05787,2077874,119864.80182,1751,1310434,75596.74018000001,0.00017283097131,ARPA-USDT,0.0576695505048906,0.0576686733587767,
2024-02-02 03:00:00,0.05785,0.05795,0.05752,0.05755,1670906,96459.79213,1520,896429,51746.6635,-0.0001737317581654,ARPA-USDT,0.0578582734617535,0.0578562082978637,
2024-02-02 04:00:00,0.05754,0.0577,0.05732,0.05735,1844600,106069.60642,1687,993314,57124.46981,-0.0005228302544441,ARPA-USDT,0.0575336071298122,0.0575227415616799,
2024-02-02 05:00:00,0.05736,0.05744,0.05717,0.05721,2474596,141778.30474,1849,927329,53143.63502,-0.0001747640685075,ARPA-USDT,0.0573854985968678,0.0573892333841172,
2024-02-02 06:00:00,0.05721,0.05759,0.05713,0.05747,3120562,178803.50926,2353,1697609,97265.54477,0.0001740341106857,ARPA-USDT,0.0572594171756805,0.0572291490463181,
2024-02-02 07:00:00,0.05745,0.05777,0.0573,0.05774,3581357,206090.60489,2212,1914244,110137.23188,-0.0001731601731602,ARPA-USDT,0.0574452368045649,0.0574323291323353,
2024-02-02 08:00:00,0.05772,0.05773,0.05455,0.05497,66979679,3719619.49925,24583,31165812,1728610.94601,-0.000363702491362,ARPA-USDT,0.0577104066468873,0.0576637227315247,0.0001
2024-02-02 09:00:00,0.05497,0.05553,0.05497,0.05533,16422704,907294.1223,8094,9476881,523482.69661,0.0001807664497468,ARPA-USDT,0.055020775101742,0.0550877886451366,
2024-02-02 10:00:00,0.05534,0.05545,0.05495,0.05541,9827825,542243.29684,4771,5113874,282182.50025,-0.0003608154429008,ARPA-USDT,0.055266021423543,0.0551172949873939,
2024-02-02 11:00:00,0.0554,0.05568,0.05536,0.05548,7847362,435724.69673,4253,3544560,196806.03936,0.0001802776275465,ARPA-USDT,0.055384088742533,0.0554203250682742,
2024-02-02 12:00:00,0.05547,0.05555,0.05522,0.05544,7337658,406652.5243,3855,3479221,192841.45896,0.0003608805485384,ARPA-USDT,0.0554370050935449,0.0554150497265996,
2024-02-02 13:00:00,0.05543,0.05552,0.05473,0.05489,13519979,744191.29824,7238,6433310,354051.96302,0.0,ARPA-USDT,0.0554348133945312,0.0554366246396958,
2024-02-02 14:00:00,0.05489,0.05549,0.05479,0.05545,14190282,782669.0687899999,6934,7700526,424862.37498,-0.0001803101334295,ARPA-USDT,0.0549139242234893,0.0548753465717107,
2024-02-02 15:00:00,0.05545,0.05595,0.0554,0.05589,11652411,648942.23872,5966,5237264,291733.36796,-0.0001788908765651,ARPA-USDT,0.055461915145449,0.0555353252049601,
2024-02-02 16:00:00,0.05588,0.05634,0.05585,0.05624,6927396,387915.27679,3956,3139024,175887.17111,-0.0001777777777778,ARPA-USDT,0.0558815970498474,0.0559043031153872,0.0001
2024-02-02 17:00:00,0.05624,0.05643,0.05587,0.05592,8562971,481153.38258,4841,3640357,204580.0314,-0.0001787949222242,ARPA-USDT,0.0562334316108577,0.0562397685631446,
2024-02-02 18:00:00,0.05593,0.05599,0.05569,0.05581,4405036,245995.69,2942,2127098,118788.07781,-0.0003582303421099,ARPA-USDT,0.0559466265246939,0.0559306525145985,
2024-02-02 19:00:00,0.05582,0.05601,0.0557,0.05593,4830072,269743.34304,2868,2601802,145326.97904,0.0001788268955651,ARPA-USDT,0.0558378736564805,0.0558768815292016,
2024-02-02 20:00:00,0.05594,0.05609,0.05581,0.05587,3709012,207559.83212,2522,1682230,94137.63126,-0.0003578457684737,ARPA-USDT,0.0559647748651699,0.0560055406118898,
2024-02-02 21:00:00,0.0559,0.05657,0.0559,0.05635,5439605,306413.75349,3848,2660146,149756.10136,0.0,ARPA-USDT,0.0559567194746562,0.0560684938708852,
2024-02-02 22:00:00,0.05636,0.05728,0.05634,0.05724,6334863,360390.17602,3672,3095646,176111.08618,-0.0001746724890829,ARPA-USDT,0.0563618328608274,0.0563810638400706,
2024-02-02 23:00:00,0.05724,0.05738,0.05663,0.05692,8188960,467415.03356,4722,3592364,205078.16956,0.0003514938488575,ARPA-USDT,0.0571839202077355,0.0572447184813047,
2024-02-03 00:00:00,0.05691,0.05739,0.05653,0.05698,8711876,497025.33089,6222,3724204,212426.83636,0.0,ARPA-USDT,0.0570931093234257,0.0568407769464989,0.0001
2024-02-03 01:00:00,0.057,0.05745,0.05696,0.05725,3397441,194219.97546,3081,1732138,99025.63288,-0.0005237430167597,ARPA-USDT,0.0570889517476816,0.0572321646519691,
2024-02-03 02:00:00,0.05725,0.05745,0.05692,0.05709,2771733,158433.95256,2957,1316722,75281.82651,0.0,ARPA-USDT,0.0572550667212215,0.0573046741449475,
2024-02-03 03:00:00,0.0571,0.05724,0.05652,0.05682,2570767,146131.69281,2555,1230729,70008.94924,-0.0001759633996127,ARPA-USDT,0.0571180634594564,0.0571140258152055,
2024-02-03 04:00:00,0.05684,0.05704,0.05659,0.05675,1641477,93305.74188,1671,775004,44061.38252,0.0015884221673136,ARPA-USDT,0.0568367248398653,0.0568433868192873,
2024-02-03 05:00:00,0.05675,0.05696,0.05655,0.05678,2958405,167840.18535,1995,1465813,83216.75690000001,0.0005286343612334,ARPA-USDT,0.0567821948989346,0.0568433732348609,
2024-02-03 06:00:00,0.05678,0.05704,0.0564,0.05654,3781181,214234.4219,2796,2028711,115024.14339,-0.0003536067892503,ARPA-USDT,0.0567748464835549,0.0568645919229102,
2024-02-03 07:00:00,0.05655,0.05659,0.05618,0.05628,2727176,153702.26429,2448,1301242,73340.78614,0.0,ARPA-USDT,0.0565660575095057,0.0565476088398271,
2024-02-03 08:00:00,0.05632,0.0565,0.05603,0.05612,2268290,127642.92262,2207,1007994,56737.60781,0.0003565062388592,ARPA-USDT,0.0563583254104322,0.0564075173813892,0.0001
2024-02-03 09:00:00,0.05613,0.0565,0.05603,0.05644,2506037,141092.67427,2177,1331002,74931.50189,0.0005318205991844,ARPA-USDT,0.0561062021372473,0.0560932299696299,
2024-02-03 10:00:00,0.05644,0.0566,0.0563,0.05654,3001659,169463.06588,2047,1293314,73024.82862,0.0005308794903557,ARPA-USDT,0.0564280076808896,0.0564144916104893,
2024-02-03 11:00:00,0.05655,0.05677,0.05616,0.05636,3757081,212241.04459,2637,1667082,94241.95301,0.0007102272727272,ARPA-USDT,0.0565498904008536,0.0565601799681205,
2024-02-03 12:00:00,0.05637,0.05701,0.0563,0.05688,6918917,392629.3507,3243,4094742,232383.79885,-0.0001757778168395,ARPA-USDT,0.0563889676069177,0.0563937682804222,
2024-02-03 13:00:00,0.05688,0.05719,0.05674,0.05687,7083680,403738.61736,4068,3272199,186544.17166,0.0003518029903253,ARPA-USDT,0.0569021877100715,0.0569544896358998,
2024-02-03 14:00:00,0.05686,0.05689,0.0564,0.05657,4876602,276339.01022,3076,2173327,123160.11394,0.0001768033946252,ARPA-USDT,0.0568764134938954,0.0567860484483864,
2024-02-03 15:00:00,0.05658,0.05723,0.05628,0.05684,12040037,683410.40966,5535,5890035,334250.2355,0.000175963399613,ARPA-USDT,0.0565715736410227,0.056514884794122,
2024-02-03 16:00:00,0.05686,0.05724,0.05685,0.05701,3771194,215104.90994,2514,1799782,102618.51672,0.0,ARPA-USDT,0.0569133862537823,0.0569850871034173,0.0001
2024-02-03 17:00:00,0.05701,0.05714,0.05684,0.05705,4349721,247903.67202,2559,2106596,120066.61487,0.000877192982456,ARPA-USDT,0.0570455502285424,0.0570676026891007,
2024-02-03 18:00:00,0.05704,0.05708,0.05661,0.05685,5571051,316952.4405,2575,1967685,111938.94812,0.0005279831045406,ARPA-USDT,0.0570392502143994,0.0570020413313321,
2024-02-03 19:00:00,0.05684,0.05696,0.0568,0.05696,1959049,111424.87152,1530,866471,49284.80039,0.0007027406886859,ARPA-USDT,0.0568605434317501,0.0568590467748064,
2024-02-03 20:00:00,0.05696,0.05703,0.05672,0.05696,3260859,185618.30078,1775,1514398,86200.86963,0.0,ARPA-USDT,0.0569559036240036,0.0569511278852267,
2024-02-03 21:00:00,0.05696,0.05729,0.05687,0.05702,3861219,220491.90947,2463,1779729,101650.79475,0.0003508771929825,ARPA-USDT,0.0569849378194971,0.0570746141187478,
2024-02-03 22:00:00,0.05702,0.05711,0.05671,0.05678,2459143,140054.48981,1433,935956,53312.80358,0.0003523608174771,ARPA-USDT,0.0570236688110463,0.0570366266793016,
2024-02-03 23:00:00,0.05679,0.05703,0.05656,0.05674,3504117,199025.73422,2144,1414809,80362.39814,0.0003526093088856,ARPA-USDT,0.0568407917227561,0.0568874189999139,
2024-02-04 00:00:00,0.05675,0.05676,0.05579,0.05631,8946025,503001.95332,5063,3744263,210504.81943,0.000177619893428,ARPA-USDT,0.0566118014479838,0.0565073788312123,0.0001
2024-02-04 01:00:00,0.05631,0.05634,0.05594,0.05631,2052168,115283.55065,1764,934519,52487.39972,0.0003553028957186,ARPA-USDT,0.0563124249270642,0.0562343449899551,
2024-02-04 02:00:00,0.0563,0.05647,0.0562,0.05629,1394627,78585.85408,1436,707838,39884.86475,0.0003554291807357,ARPA-USDT,0.0563015409781655,0.0562661531728765,
2024-02-04 03:00:00,0.0563,0.05637,0.05589,0.05607,1961807,110060.29273,1887,977025,54813.58636,0.0007139032661074,ARPA-USDT,0.0563054235310655,0.0563150459872011,
2024-02-04 04:00:00,0.05607,0.05607,0.05528,0.05553,4671127,259716.17528,2837,1916966,106560.87178,0.0,ARPA-USDT,0.056014448712935,0.0558764584091502,
2024-02-04 05:00:00,0.05555,0.05575,0.05542,0.05549,2381348,132339.12793,1828,1383382,76888.1762,0.0001802451333812,ARPA-USDT,0.0555381407514001,0.0555176038823078,
2024-02-04 06:00:00,0.05549,0.0556,0.05501,0.05516,4113080,227377.13069,2792,1860506,102883.33148,0.0001813236627381,ARPA-USDT,0.055461473449644,0.0554351033330961,
2024-02-04 07:00:00,0.05516,0.05543,0.05491,0.0551,4119361,227177.84069,2873,1896394,104597.17248,0.0007264802034145,ARPA-USDT,0.0552001756883518,0.0552327660986337,
2024-02-04 08:00:00,0.05511,0.05543,0.05504,0.05513,2448799,135302.11079,2011,1477129,81611.31680999999,-0.0003626473254759,ARPA-USDT,0.0551001134889753,0.0550964554691915,0.0001
2024-02-04 09:00:00,0.05514,0.05565,0.055,0.05559,3266405,180827.62222,2345,1710686,94695.67257,0.0,ARPA-USDT,0.0551227502470704,0.055147365988651,
2024-02-04 10:00:00,0.05559,0.05562,0.0554,0.05554,1670682,92725.27229,1475,746873,41457.71787,0.0003602305475505,ARPA-USDT,0.0555501365840333,0.0555179606956411,
2024-02-04 11:00:00,0.05554,0.05612,0.05546,0.05592,1729962,96579.23149,1474,655595,36592.29908,0.0001788588803433,ARPA-USDT,0.0555286480079528,0.0555106513967141,
2024-02-04 12:00:00,0.05591,0.05613,0.05584,0.05598,1426291,79836.59795,1715,612717,34294.46704,0.0005361930294907,ARPA-USDT,0.0559275653149543,0.0559681728178877,
2024-02-04 13:00:00,0.05599,0.05611,0.05584,0.05604,1808365,101218.83306,1664,842173,47148.5682,-0.000178412132025,ARPA-USDT,0.0560212816973864,0.0560273475639165,
2024-02-04 14:00:00,0.05606,0.05643,0.05597,0.05607,3080936,173175.42325,2333,1577084,88677.39125,-0.0001783166904421,ARPA-USDT,0.0560662958614616,0.0560607840697454,
2024-02-04 15:00:00,0.05609,0.05615,0.05583,0.05603,3196863,179089.60944,2076,1388557,77773.16903,0.0005357142857143,ARPA-USDT,0.0560881830668644,0.0560076966396406,
2024-02-04 16:00:00,0.05603,0.05607,0.05568,0.05605,1965129,109870.14394,1735,936643,52393.86634,0.0005355230274901,ARPA-USDT,0.0559833881875563,0.0559502867030701,0.0001
2024-02-04 17:00:00,0.05605,0.05611,0.05575,0.05601,1353021,75702.52149,1338,509340,28497.69919,0.0010723860589811,ARPA-USDT,0.0560448866567535,0.055993290578235,
2024-02-04 18:00:00,0.05602,0.05615,0.05552,0.05572,3160787,176342.90551,2029,1640503,91491.70048,0.0,ARPA-USDT,0.055989276866816,0.0559547843615499,
2024-02-04 19:00:00,0.05572,0.05586,0.0552,0.05568,5027845,279053.20434,3550,2532095,140558.77269,0.0007189072609632,ARPA-USDT,0.0557564075329387,0.0557629588262544,
2024-02-04 20:00:00,0.05569,0.05592,0.05522,0.05581,4313924,239652.24549,3066,1735575,96473.31712,0.0007172314864622,ARPA-USDT,0.0556518304595375,0.0556952850522079,
2024-02-04 21:00:00,0.0558,0.05593,0.05563,0.0558,2336488,130358.73662,1960,1096326,61170.73318,0.0010764262648008,ARPA-USDT,0.0558225280804694,0.055829534347699,
2024-02-04 22:00:00,0.05579,0.05587,0.05483,0.0552,4574861,252820.9208,3074,1999540,110578.27322,0.0005437737901032,ARPA-USDT,0.0557965106774045,0.055817339008176,
2024-02-04 23:00:00,0.0552,0.05539,0.05501,0.05528,3570251,197171.58407,2363,1861413,102806.92304,0.0012678862524904,ARPA-USDT,0.0552507091442408,0.0553017651157741,
2024-02-05 00:00:00,0.05519,0.05534,0.05479,0.05496,4381755,241446.44078,2980,2175330,119894.88481,0.0,ARPA-USDT,0.0551500795311415,0.0551096814047782,0.0001
2024-02-05 01:00:00,0.05495,0.05513,0.05407,0.05509,9074723,495909.1164,5614,4045789,221332.01312,0.0003631741420011,ARPA-USDT,0.0549569884914666,0.0549916054947727,
2024-02-05 02:00:00,0.05509,0.05529,0.05491,0.05513,3343584,184346.97687,2329,1793708,98903.27974,0.0003629105425513,ARPA-USDT,0.0550923324438863,0.055103884648911,
2024-02-05 03:00:00,0.05513,0.05549,0.0551,0.05544,2082291,115000.67684,1656,1220137,67382.65613,0.0003608805485384,ARPA-USDT,0.0551361706301157,0.0551354968441753,
2024-02-05 04:00:00,0.05546,0.05592,0.05535,0.05568,3375859,187979.13727,2314,1430293,79634.29016,0.0,ARPA-USDT,0.0554474535654157,0.0554086360949055,
2024-02-05 05:00:00,0.05569,0.05573,0.05545,0.05563,1484004,82463.47598,1461,752496,41818.67323,0.0008996041741633,ARPA-USDT,0.0557097233004411,0.0556886261783581,
2024-02-05 06:00:00,0.05562,0.05571,0.0553,0.05552,3546789,196741.23449,2264,1788687,99229.92106,0.0001801477211313,ARPA-USDT,0.0556165049509427,0.0555746010646314,
2024-02-05 07:00:00,0.05551,0.05626,0.05538,0.05609,6318344,353099.43237,3842,3478511,194500.90936,0.0014283163720765,ARPA-USDT,0.055547173383774,0.0555624184671675,
2024-02-05 08:00:00,0.05608,0.05615,0.05553,0.05569,7158441,399412.10324,3254,1946492,108549.17056,0.0001795977011493,ARPA-USDT,0.0560631423558046,0.0560639638025261,0.0001
2024-02-05 09:00:00,0.05569,0.05581,0.05551,0.05568,3480633,193644.17024,1792,2505306,139406.28524,0.0003593244699964,ARPA-USDT,0.0557007545393624,0.055711232519274,
2024-02-05 10:00:00,0.0557,0.05602,0.0557,0.05595,2393895,133751.66576,2032,1186362,66282.78083,0.0007154355213736,ARPA-USDT,0.0557140198597505,0.0558124329557827,
2024-02-05 11:00:00,0.05594,0.05603,0.05553,0.05596,5279770,294569.00699,2219,1366456,76344.64914,0.0008942944017171,ARPA-USDT,0.0559634021742834,0.0559879758600676,
2024-02-05 12:00:00,0.05595,0.05598,0.0555,0.05558,3931900,218987.84708,2403,1476605,82254.00805,0.0005400540054003,ARPA-USDT,0.0559691650099403,0.0558882064318411,
2024-02-05 13:00:00,0.05557,0.05593,0.05543,0.05588,5174790,288059.61441,3085,2568355,143061.16636,0.0012542555097652,ARPA-USDT,0.0555913645338005,0.0556160277702952,
2024-02-05 14:00:00,0.05588,0.05602,0.05527,0.05552,7412657,412432.79255,3554,2646461,147370.9808,0.0007209805335255,ARPA-USDT,0.0559089364000421,0.055911313553497,
2024-02-05 15:00:00,0.05552,0.05576,0.055,0.0551,9645966,534619.43481,5163,5200821,288364.14799,0.0,ARPA-USDT,0.0554921664577662,0.0554142780650166,
2024-02-05 16:00:00,0.05513,0.0553,0.05472,0.05518,6102640,335693.34706,4105,2812266,154764.8975,0.000543970988214,ARPA-USDT,0.05515603622769,0.0552002366651469,0.0001
2024-02-05 17:00:00,0.05517,0.05547,0.05507,0.0553,3511040,194064.26393,2497,1853797,102457.83693,0.0010861694424331,ARPA-USDT,0.0551626936473417,0.0551256224654849,
2024-02-05 18:00:00,0.05529,0.05554,0.05519,0.05538,1747106,96645.44446,1954,863813,47786.83889,0.0005420054200542,ARPA-USDT,0.0553535373098517,0.0553655548864408,
2024-02-05 19:00:00,0.05538,0.05564,0.05534,0.05539,2185238,121332.98738,1951,1075338,59718.5893,0.0010844026748599,ARPA-USDT,0.0553838805710684,0.0553877981360898,
2024-02-05 20:00:00,0.05539,0.0555,0.05488,0.05547,3767468,207950.88547,2648,1819940,100462.10598,0.000902201371346,ARPA-USDT,0.055396629368097,0.0553576268553249,
2024-02-05 21:00:00,0.05546,0.05557,0.05499,0.05505,2302450,127169.8489,2029,1327690,73332.64214,-0.0005446623093681,ARPA-USDT,0.0554291432052334,0.0554293107975371,
2024-02-05 22:00:00,0.05506,0.05518,0.0545,0.05502,3319432,182151.97033,2532,1626723,89310.76832,-0.0003633720930232,ARPA-USDT,0.0549896000888296,0.0549584621921693,
2024-02-05 23:00:00,0.05501,0.0554,0.05486,0.0554,1922608,106057.27231,1943,1049545,57893.76797,0.0005418096442115,ARPA-USDT,0.0550117682204686,0.0549765394213106,
2024-02-06 00:00:00,0.05539,0.0554,0.05494,0.05527,1823376,100615.62677,1729,721213,39794.4163,0.0007242440702517,ARPA-USDT,0.0553683320649692,0.0552764005685096,0.0001
2024-02-06 01:00:00,0.05527,0.05528,0.05486,0.05489,2921538,160792.60269,1920,1288268,70879.4438,0.0005468465184106,ARPA-USDT,0.0552311032950759,0.0551242758277584,
2024-02-06 02:00:00,0.0549,0.0554,0.05479,0.05536,2860380,157682.0656,2121,1381450,76158.62827,0.0001806684733514,ARPA-USDT,0.0548687341459803,0.0548528998218135,
2024-02-06 03:00:00,0.05535,0.05549,0.05504,0.05515,1839447,101838.44239,1841,878118,48627.8222,0.0001813565469712,ARPA-USDT,0.055403938999273,0.0554186950986426,
2024-02-06 04:00:00,0.05516,0.05543,0.05505,0.05529,1713584,94712.0041,1741,792594,43799.44744,-0.0001808318264014,ARPA-USDT,0.0551618540181729,0.0552543880684361,
2024-02-06 05:00:00,0.05529,0.05532,0.05503,0.05506,1325760,73106.01592,1418,603941,33304.81529,0.0001816530426883,ARPA-USDT,0.0552928247427873,0.055220866256883,
2024-02-06 06:00:00,0.05507,0.05518,0.05486,0.05499,2130038,117102.79008,1882,1032789,56762.46124,-0.0001818181818182,ARPA-USDT,0.0550776617467539,0.0550997897185111,
2024-02-06 07:00:00,0.055,0.05513,0.05473,0.05511,2836076,155708.22946,2019,1121340,61583.38448,0.0009081002542681,ARPA-USDT,0.0549337617127523,0.0548860491940124,
2024-02-06 08:00:00,0.0551,0.05538,0.05503,0.05528,2019791,111536.37445,1885,886105,48942.20316,0.0005429864253394,ARPA-USDT,0.0551085465317828,0.0550768554050383,0.0001
2024-02-06 09:00:00,0.05529,0.05533,0.05514,0.05524,1581775,87358.31719,1656,803925,44399.95278,0.0005433798224958,ARPA-USDT,0.0553064337296466,0.0552755438288621,
2024-02-06 10:00:00,0.05526,0.05533,0.05459,0.05496,4404629,242262.10066,3246,2067736,113736.01725,0.000181983621474,ARPA-USDT,0.0552529482576557,0.0552267658523217,
2024-02-06 11:00:00,0.05498,0.05503,0.05464,0.05494,2856517,156662.62795999998,2433,1405167,77068.62753,0.000546348570388,ARPA-USDT,0.0549617966245621,0.0548877129051757,
2024-02-06 12:00:00,0.05491,0.05507,0.0543,0.05453,3892876,212644.25644,2984,1549067,84634.22711,0.0009177679882526,ARPA-USDT,0.0549392671734044,0.0550061839326618,
2024-02-06 13:00:00,0.05453,0.05516,0.05423,0.05455,19000666,1036239.06938,7084,10833757,591081.79022,0.0007338103100347,ARPA-USDT,0.0545421375677751,0.0545410810936867,
2024-02-06 14:00:00,0.05454,0.0548,0.05443,0.05459,3326884,181681.74147,2650,1695595,92598.16127,0.0003665017408831,ARPA-USDT,0.0545990211502881,0.0545916847742295,
2024-02-06 15:00:00,0.05457,0.05517,0.05453,0.05516,5166736,283461.50938,3688,2681658,147137.96838,0.0007256894049345,ARPA-USDT,0.0545590469309263,0.0545968995448431,
2024-02-06 16:00:00,0.05516,0.05535,0.05496,0.05501,4232996,233678.17333,2905,2200476,121494.14319,0.000363702491362,ARPA-USDT,0.0551500609031491,0.0551467638703326,0.0001
2024-02-06 17:00:00,0.05502,0.0553,0.05492,0.05511,3722655,205313.99511,2345,1684694,92931.09925,0.0005446623093683,ARPA-USDT,0.0549735041235959,0.0549753363958372,
2024-02-06 18:00:00,0.05511,0.05526,0.05482,0.05525,3077334,169377.96374,2255,1428671,78639.31203,0.0003621220351257,ARPA-USDT,0.0551176772673366,0.055169975386647,
2024-02-06 19:00:00,0.05523,0.0553,0.05503,0.05526,2300060,126903.60661,1667,1204793,66473.09382,0.000905633037493,ARPA-USDT,0.0552141619518494,0.055175346912592,
2024-02-06 20:00:00,0.05525,0.05565,0.05524,0.05559,4724271,262171.07275,3308,2568180,142543.05225,0.0001799208348327,ARPA-USDT,0.0552790495159498,0.0552838055117635,
2024-02-06 21:00:00,0.05559,0.05562,0.05526,0.05535,4483245,248585.07365,2487,2245169,124543.73778,-0.0001806358381502,ARPA-USDT,0.0555793754475763,0.0554968768561874,
2024-02-06 22:00:00,0.05534,0.05552,0.05517,0.05548,2115411,116993.568,1768,1137811,62943.90042,0.0003606202668589,ARPA-USDT,0.0553313586050686,0.0553389730503257,
2024-02-06 23:00:00,0.05547,0.05548,0.05512,0.05524,1737514,95977.17103,1752,894981,49442.28466,0.0001810610175627,ARPA-USDT,0.0554621219354316,0.0554355878876454,
2024-02-07 00:00:00,0.05524,0.05569,0.05519,0.05536,2119021,117342.19218,1869,1164585,64492.96143,0.0005422013374301,ARPA-USDT,0.0552420226737702,0.055243006751573,0.0001
2024-02-07 01:00:00,0.05534,0.05572,0.05531,0.0555,2598649,144349.73612,1781,1355933,75353.92487,0.000180212650928,ARPA-USDT,0.0553339346681753,0.0553870151773036,
2024-02-07 02:00:00,0.0555,0.05571,0.05543,0.05551,1683874,93615.5524,1462,863705,48007.57126,-0.0001801152737752,ARPA-USDT,0.0555346099019134,0.055546248728003,
2024-02-07 03:00:00,0.05551,0.0557,0.05515,0.05519,3154009,174862.03339,2271,1013401,56220.85575,0.0007252946509519,ARPA-USDT,0.0554849938164729,0.055513455279672,
2024-02-07 04:00:00,0.05518,0.05533,0.05503,0.05519,2501337,138031.46821,2169,1190063,65684.56869,0.0009067827348567,ARPA-USDT,0.0552111440839054,0.055250980208743,
2024-02-07 05:00:00,0.05518,0.05575,0.05463,0.05544,8399438,463873.91627,4536,3993559,220884.01319,0.0005414185165133,ARPA-USDT,0.0551317143926094,0.0550102101830166,
2024-02-07 06:00:00,0.05543,0.05546,0.05509,0.05546,2590228,143175.40873,2032,1464100,80946.83903999999,0.0,ARPA-USDT,0.0553872880802022,0.055291807845935,
2024-02-07 07:00:00,0.05547,0.05554,0.0548,0.05511,2977553,164302.58925,2812,1311389,72355.97769,0.0005446623093683,ARPA-USDT,0.0554656257738063,0.0554502660312008,
2024-02-07 08:00:00,0.05511,0.05531,0.055,0.05526,2717386,149962.99653,1833,1230396,67915.85748,0.0012683457148032,ARPA-USDT,0.0550736077159804,0.0550718876183998,0.0001
2024-02-07 09:00:00,0.05525,0.05548,0.05516,0.05541,2244080,124151.13277,1376,1124251,62194.21254,0.0005417118093173,ARPA-USDT,0.0552285925008445,0.0552194524399787,
2024-02-07 10:00:00,0.05541,0.05573,0.05531,0.05537,3162381,175626.02989,1933,1758387,97669.69326,0.0005421033610408,ARPA-USDT,0.0553945751142973,0.0553709600982434,
2024-02-07 11:00:00,0.05538,0.05567,0.05536,0.05546,2759311,153223.81835,1568,1380776,76696.16506,0.0009023641941887,ARPA-USDT,0.0554058374145632,0.0554181157571801,
2024-02-07 12:00:00,0.05545,0.05572,0.05539,0.05562,2141255,118993.64108,1342,1008596,56044.73501,0.0010799136069115,ARPA-USDT,0.0554688929899027,0.0554478984746241,
2024-02-07 13:00:00,0.05562,0.05588,0.05546,0.05582,2736163,152360.54338,1713,1407789,78420.46259,0.0008965393580777,ARPA-USDT,0.0555815159790541,0.0555389673657545,
2024-02-07 14:00:00,0.05581,0.05614,0.05568,0.05579,4244123,237453.48925,2359,1939339,108563.17932,0.0003586157432311,ARPA-USDT,0.0558536792424827,0.0559236014959823,
2024-02-07 15:00:00,0.05579,0.05608,0.05558,0.05603,2910326,162646.47468,2140,1431430,80023.00657,0.0007144132880871,ARPA-USDT,0.0558193103117722,0.0558305230335369,
2024-02-07 16:00:00,0.05602,0.05652,0.05594,0.05651,3538408,198967.82485,2557,1869003,105069.99465,0.0008855827134253,ARPA-USDT,0.0560047008491605,0.0560068097095748,0.0001
2024-02-07 17:00:00,0.05652,0.05729,0.05636,0.05703,12123314,689217.89131,6395,5588804,317881.78744,0.0003508156463778,ARPA-USDT,0.0564986287870936,0.0565448551149006,
2024-02-07 18:00:00,0.05702,0.05713,0.05677,0.05699,6252457,356185.29649,3643,2623169,149415.25083,0.0010539258738802,ARPA-USDT,0.0570230911786508,0.0570099967528259,
2024-02-07 19:00:00,0.05698,0.05712,0.0567,0.05693,4071920,231912.72448,2321,2159727,123035.02846,0.0008790436005625,ARPA-USDT,0.056980114600735,0.0570160119861463,
2024-02-07 20:00:00,0.05694,0.05738,0.05685,0.05725,6189741,353471.82891,3402,2947577,168367.46317,0.0008741258741258,ARPA-USDT,0.0569546467413458,0.0569903780158749,
2024-02-07 21:00:00,0.05724,0.05735,0.0569,0.05701,4291044,245042.19927,2370,1608470,91865.17617,0.0003509387611861,ARPA-USDT,0.057232501228859,0.0572260578615415,
2024-02-07 22:00:00,0.05702,0.05713,0.05679,0.05686,2948657,167989.2864,2116,1606084,91513.0399,0.0,ARPA-USDT,0.0570412018745232,0.0570677113486745,
2024-02-07 23:00:00,0.05687,0.05693,0.05672,0.05691,2208443,125503.52544,1845,1179681,67039.70791,0.0007033585370144,ARPA-USDT,0.0568890922459893,0.0568705964629881,
2024-02-08 00:00:00,0.0569,0.05716,0.05679,0.05714,2044514,116566.60409,2234,1155841,65901.37838,0.0007005253940455,ARPA-USDT,0.0569305721288741,0.0569460367625686,0.0001
2024-02-08 01:00:00,0.05713,0.05717,0.05668,0.05704,2485501,141375.94592,2095,1144661,65136.80535,0.0005262234695668,ARPA-USDT,0.0571358597579894,0.0570324049565766,
2024-02-08 02:00:00,0.05704,0.05712,0.05688,0.05708,892922,50903.72477,1111,504476,28766.12398,0.0005258545135846,ARPA-USDT,0.0570338429752066,0.0570430496688549,
2024-02-08 03:00:00,0.05708,0.05716,0.05588,0.05602,18043009,1014080.29481,6263,6484354,364273.20568,0.001072194424589,ARPA-USDT,0.057090854447735,0.0570769452777794,
2024-02-08 04:00:00,0.05603,0.05616,0.05594,0.05599,6670435,373876.02052,3956,3454008,193635.43516,0.0003573342862246,ARPA-USDT,0.0560365506406256,0.0560771899895361,
2024-02-08 05:00:00,0.05599,0.05615,0.05588,0.05603,5681522,318391.1185,3177,2627691,147242.71246,0.0007144132880871,ARPA-USDT,0.0559951415936069,0.0560005378331645,
2024-02-08 06:00:00,0.05604,0.05614,0.05582,0.05595,5854313,327849.60822,3055,2809218,157355.97096,0.0,ARPA-USDT,0.0560245376940247,0.0560034890858,
2024-02-08 07:00:00,0.05595,0.0561,0.0558,0.05606,4099982,229409.51653,2696,1547361,86607.56253,0.0,ARPA-USDT,0.0559200755438245,0.0559087506862059,
2024-02-08 08:00:00,0.05605,0.05617,0.05595,0.05614,4178607,234343.74616,2424,1955665,109710.53799,0.0001781578478532,ARPA-USDT,0.0560764424253345,0.056102525426096,0.0001
2024-02-08 09:00:00,0.05614,0.05643,0.0561,0.05617,6176962,347318.71858,3599,3459750,194558.68523,-0.0001779992880028,ARPA-USDT,0.0561550143682043,0.0561601367205176,
2024-02-08 10:00:00,0.05619,0.05621,0.0559,0.0559,4788558,268350.42093,2437,1547720,86746.89579,-0.0001788588803434,ARPA-USDT,0.0561950044605243,0.056153565610765,
2024-02-08 11:00:00,0.05591,0.056,0.05571,0.05586,5005550,279576.2114,3003,1896878,105968.08082,0.0,ARPA-USDT,0.0559061943803628,0.0558752396818426,
2024-02-08 12:00:00,0.05588,0.05604,0.05546,0.05567,6888651,383982.579,4309,2142803,119452.92342,0.0,ARPA-USDT,0.0558530264327247,0.0558695272992563,
2024-02-08 13:00:00,0.05567,0.05588,0.05547,0.05584,4903525,272815.32544,3535,2095248,116591.45064,-0.0001790510295432,ARPA-USDT,0.0556710652340346,0.0557047360874097,
2024-02-08 14:00:00,0.05584,0.0562,0.05578,0.05607,8562284,479854.12659,5434,3074765,172339.42205,-0.0001783166904421,ARPA-USDT,0.0558228354446742,0.0558599105869895,
2024-02-08 15:00:00,0.05608,0.05618,0.05594,0.05611,6639010,372233.03251,4285,3176458,178123.61639,0.0,ARPA-USDT,0.0561095502648666,0.0561265383923846,
2024-02-08 16:00:00,0.05611,0.05614,0.05503,0.05553,15219323,847121.08033,7707,6632112,369469.03766,0.0001801152737752,ARPA-USDT,0.0560882442529368,0.0560892853446725,0.0001
2024-02-08 17:00:00,0.05553,0.05584,0.05532,0.05545,6604345,367192.14745,3839,3236207,179893.25868,0.000180375180375,ARPA-USDT,0.0555408281290236,0.0555387929583071,
2024-02-08 18:00:00,0.05544,0.05557,0.05531,0.05535,4298030,238120.76684,2788,2181540,120867.73477,0.0003614675582868,ARPA-USDT,0.055466239794245,0.0554699205420519,
2024-02-08 19:00:00,0.05534,0.05543,0.05524,0.05528,5110595,282854.80657,2458,3380373,187117.34171,-0.0005423973964924,ARPA-USDT,0.0553501800048649,0.0553518780601034,
2024-02-08 20:00:00,0.05527,0.05556,0.05516,0.05535,4990200,276198.40401,2473,2513870,139152.02831,0.0005422993492407,ARPA-USDT,0.0552705953113825,0.055336640568285,
2024-02-08 21:00:00,0.05533,0.05558,0.05515,0.05542,4975704,275466.67903,3028,2480865,137356.05019,0.0003610108303249,ARPA-USDT,0.0553114065091629,0.0552568049463793,
2024-02-08 22:00:00,0.05543,0.05558,0.05525,0.05531,4544265,251730.98476,2257,2147411,118981.29296,0.0003617290649302,ARPA-USDT,0.0554240497744523,0.0554855715161592,
2024-02-08 23:00:00,0.05531,0.05556,0.0553,0.05544,2611859,144726.567,1795,1588131,87998.46131,0.0005414185165133,ARPA-USDT,0.055311332083686,0.0553509583710553,
2024-02-09 00:00:00,0.05543,0.0558,0.05534,0.05567,3648548,202960.90638,2266,2087894,116141.02747,0.0,ARPA-USDT,0.0554368669101388,0.0553977199972718,0.0001
2024-02-09 01:00:00,0.05569,0.0562,0.05567,0.05609,4198780,234840.03864,2606,1890001,105772.40126,0.0007136485280998,ARPA-USDT,0.0556932441822353,0.0557064550787135,
2024-02-09 02:00:00,0.05608,0.05643,0.05594,0.05635,4601427,258517.87419,3224,2185880,122761.32245,0.0005326704545454,ARPA-USDT,0.0560191557662306,0.055988988595305,
2024-02-09 03:00:00,0.05636,0.05643,0.05592,0.056,3695502,207696.44801,3289,1664496,93563.21011,0.0005360014293371,ARPA-USDT,0.0563719376842439,0.0563748403453393,
2024-02-09 04:00:00,0.056,0.05617,0.05574,0.05589,3741157,209273.30987,2472,1626938,91006.94415,0.0007162041181738,ARPA-USDT,0.0560238629936151,0.0560739307357669,
2024-02-09 05:00:00,0.05588,0.056,0.05586,0.05599,2768779,154829.20199,1586,1113284,62270.24108,0.0005360972122943,ARPA-USDT,0.0558822730839654,0.0558852989782326,
2024-02-09 06:00:00,0.05599,0.05601,0.05552,0.05578,5664753,315652.91431,2687,2315973,129135.21504,0.0005381165919282,ARPA-USDT,0.0559920365179562,0.0559793661919094,
2024-02-09 07:00:00,0.05576,0.05608,0.05569,0.05602,3620063,202431.82661,2431,1921371,107447.99791,0.0003571428571429,ARPA-USDT,0.0557333556124911,0.055747878723617,
2024-02-09 08:00:00,0.05601,0.05631,0.05597,0.05621,5571514,312685.09013,2796,2333657,130957.14357,0.0,ARPA-USDT,0.0560428396892296,0.0560334769532776,0.0001
2024-02-09 09:00:00,0.0562,0.05622,0.0559,0.05601,3630521,203488.58015,2465,1319154,73955.96179,0.0003572066440435,ARPA-USDT,0.0562009740973194,0.0561820398595149,
2024-02-09 10:00:00,0.05599,0.05627,0.05599,0.05625,2304439,129432.11058,1708,1304939,73294.7021,0.0001778093883357,ARPA-USDT,0.0560164184080952,0.0560628918514399,
2024-02-09 11:00:00,0.05626,0.05636,0.05601,0.05634,5134152,288606.48973000003,2838,2399134,134836.89774,0.0003551136363635,ARPA-USDT,0.0562480283431367,0.0562561902122987,
2024-02-09 12:00:00,0.05634,0.05696,0.05627,0.05667,14308163,810248.67653,6284,6576736,372508.34025,0.0008830801836807,ARPA-USDT,0.056317761333489,0.0563271848779195,
2024-02-09 13:00:00,0.05667,0.05697,0.05651,0.05687,5900457,334759.63514,3128,2685330,152335.69964,0.0008799718409009,ARPA-USDT,0.0566523017118217,0.0566458861595288,
2024-02-09 14:00:00,0.05686,0.057,0.05577,0.05602,19265239,1085112.81494,8410,8127862,457987.50294,0.0005358099660655,ARPA-USDT,0.0568430726634686,0.0568693286579922,
2024-02-09 15:00:00,0.05603,0.05607,0.05576,0.05597,10800620,604456.7208,5048,5235188,293083.96075,0.0007151796888968,ARPA-USDT,0.0560379697594478,0.0559704052936135,
2024-02-09 16:00:00,0.05597,0.05611,0.05584,0.05601,8069784,451847.82323,3498,3624481,203026.34394,0.0005359056806,ARPA-USDT,0.0559831855094634,0.0559404960604069,0.0001
2024-02-09 17:00:00,0.05602,0.0564,0.056,0.05636,5409639,304170.54607,2935,3124670,175635.96069,0.0005325758920646,ARPA-USDT,0.0560278012336606,0.05602045349113,
2024-02-09 18:00:00,0.05636,0.05676,0.0563,0.05649,6410562,362520.60026,3886,2334971,132049.6042,0.0007085916740479,ARPA-USDT,0.0563606783777506,0.0563597090226363,
2024-02-09 19:00:00,0.0565,0.05651,0.05592,0.05632,9406955,528633.16785,3762,3304467,185768.72406,0.0010664770707431,ARPA-USDT,0.0564922621142577,0.0563547780469014,
2024-02-09 20:00:00,0.05631,0.05668,0.05624,0.05649,5978151,337750.67768,3064,2853015,161252.17869,-0.0001769911504425,ARPA-USDT,0.0563410193866995,0.0564265194785541,
2024-02-09 21:00:00,0.0565,0.05673,0.05625,0.0567,3113588,175912.90892,2432,1155762,65330.23088,0.0003528581510232,ARPA-USDT,0.0565101669985775,0.0565370932529984,
2024-02-09 22:00:00,0.05671,0.0568,0.05628,0.05646,5895483,333428.67163,3167,2896352,163858.59609,0.0,ARPA-USDT,0.0567238497267379,0.0567202416318299,
2024-02-09 23:00:00,0.05645,0.05667,0.05618,0.05641,4885962,275550.79941,2907,3184883,179616.79881,0.0008871540099362,ARPA-USDT,0.0564790830865437,0.0564516548669064,
2024-02-10 00:00:00,0.05641,0.05667,0.05619,0.05629,4179913,235758.21086,3134,2043219,115268.20628,-0.0001776198934281,ARPA-USDT,0.0564620563171783,0.0564690646230735,0.0001
2024-02-10 01:00:00,0.05629,0.05655,0.05612,0.05651,3387790,190802.16318,1926,1373897,77383.34723,0.0010628875110716,ARPA-USDT,0.0563051276644907,0.0562726165771397,
2024-02-10 02:00:00,0.05649,0.05666,0.05602,0.0563,7642424,430509.93324,4488,3489020,196643.58933,0.0001776514478593,ARPA-USDT,0.0564826838052657,0.0565366931141186,
2024-02-10 03:00:00,0.05631,0.05687,0.05617,0.05684,6240770,353270.43423,3829,3923823,222111.98003,0.0008804366966015,ARPA-USDT,0.0562819327153375,0.0562296939524906,
2024-02-10 04:00:00,0.05684,0.05699,0.05672,0.05688,5152247,293019.04921,3210,2698043,153462.32697,0.0,ARPA-USDT,0.0568517559118484,0.0568846223839526,
2024-02-10 05:00:00,0.05688,0.05688,0.05641,0.05643,4266969,241368.64993,2125,1802686,101986.19205,0.0001772421127259,ARPA-USDT,0.0568711560411389,0.0567477833701524,
2024-02-10 06:00:00,0.05644,0.05693,0.05629,0.05678,6475194,366862.85058,2682,4117236,233282.81342,0.0005286343612334,ARPA-USDT,0.0563961119305856,0.0564176670829747,
2024-02-10 07:00:00,0.05678,0.05687,0.05649,0.05653,3931117,222879.61641,2741,1913284,108520.27838,0.0003539196602371,ARPA-USDT,0.0567867333100581,0.0567788293270542,
2024-02-10 08:00:00,0.05653,0.05672,0.05589,0.05598,8059169,453985.81258,3432,2537138,142972.92533,0.0005361930294907,ARPA-USDT,0.0565443941239488,0.0565097286685023,0.0001
2024-02-10 09:00:00,0.05597,0.05628,0.05556,0.05564,11784507,660014.72528,6000,5594898,313501.5954,0.0003595828838547,ARPA-USDT,0.0560060259114988,0.0560394496145894,
2024-02-10 10:00:00,0.05564,0.05583,0.05498,0.05531,13236709,734108.9575,6348,6501156,360908.356,0.0001808318264013,ARPA-USDT,0.0555928265801247,0.0556032240679896,
2024-02-10 11:00:00,0.05531,0.05585,0.05526,0.05575,7780895,432772.51601,4074,5073294,282221.98248,0.0005384063173008,ARPA-USDT,0.0553021811011104,0.0554238588154318,
2024-02-10 12:00:00,0.05573,0.05597,0.0556,0.05584,5038034,280878.74775,2852,1979641,110423.96414,0.0,ARPA-USDT,0.0556704174206276,0.0556937367616497,
2024-02-10 13:00:00,0.05584,0.05606,0.05568,0.05598,3932451,219559.29195,2612,1547282,86404.19556,0.0001786671431125,ARPA-USDT,0.0558381199600645,0.0558875094421903,
2024-02-10 14:00:00,0.05598,0.05684,0.0559,0.05668,13986249,790134.58588,6530,8029685,453651.88553,0.0003529827038475,ARPA-USDT,0.0559479618806026,0.0559393353264677,
2024-02-10 15:00:00,0.05667,0.05695,0.0564,0.05677,12670725,718187.77124,5830,6322728,358457.47064,0.0007050943063633,ARPA-USDT,0.0566912404856192,0.0566518151413986,
2024-02-10 16:00:00,0.05674,0.05675,0.05632,0.05668,4610389,260807.03742,2981,2261181,127934.62903,0.0005295675198588,ARPA-USDT,0.0566931079342852,0.0566550614349953,0.0001
2024-02-10 17:00:00,0.05669,0.0569,0.05629,0.05665,6252049,353860.15834,3498,2682678,151934.85328,0.0010602579961123,ARPA-USDT,0.0567863484505472,0.0567536574662878,
2024-02-10 18:00:00,0.05666,0.05745,0.05665,0.0571,12567555,717868.42422,7201,6807762,388804.10649,0.0005256702295426,ARPA-USDT,0.0566743844609768,0.0567362097037454,
2024-02-10 19:00:00,0.05709,0.05768,0.05703,0.05739,13632222,782787.31064,6910,6218748,357207.49014,0.0006974716652135,ARPA-USDT,0.0571602751046867,0.0572549276182907,
2024-02-10 20:00:00,0.05739,0.05767,0.05729,0.05737,10911205,627456.64472,5031,4046907,232849.25827,0.0010469377072064,ARPA-USDT,0.0575028341699082,0.0574607089410301,
2024-02-10 21:00:00,0.05735,0.05745,0.05679,0.05695,15226425,870166.74884,6101,5059228,289235.27303,0.0003513086246267,ARPA-USDT,0.0574191242014464,0.0573735990748343,
2024-02-10 22:00:00,0.05695,0.05698,0.05624,0.05643,13428916,759617.84633,5475,6689690,378339.9927,0.0001772421127259,ARPA-USDT,0.0569211966490561,0.056920021017009,
2024-02-10 23:00:00,0.05644,0.05674,0.05608,0.0564,9917014,559205.68371,4413,4877030,275202.8944,0.0005321979776475,ARPA-USDT,0.0564659450949406,0.0565197537678354,
2024-02-11 00:00:00,0.0564,0.05654,0.05617,0.05651,4406624,248299.91483,2519,2766086,155903.93486,0.0,ARPA-USDT,0.0564147303514095,0.056344490997285,0.00015963
2024-02-11 01:00:00,0.0565,0.05692,0.0564,0.05664,5679815,321888.06442,3286,3658291,207394.45357,0.0003532320734724,ARPA-USDT,0.0564937655388824,0.0565029556366571,
2024-02-11 02:00:00,0.05664,0.05676,0.05644,0.05651,1575248,89137.83963,1707,696979,39429.90184,0.0003540449637102,ARPA-USDT,0.0566661252002135,0.0567018822563643,
2024-02-11 03:00:00,0.05651,0.05684,0.05642,0.05673,5480055,310276.13767,2869,1849214,104672.09924,0.0003526714865103,ARPA-USDT,0.0564715018892799,0.0564987892123635,
2024-02-11 04:00:00,0.05673,0.05704,0.05669,0.05681,4175650,237539.89525,2512,1848663,105190.54805,-0.0001759943681802,ARPA-USDT,0.056745342343772,0.056736113042588,
2024-02-11 05:00:00,0.0568,0.05691,0.05666,0.0568,3521189,199953.75716,2296,1997167,113443.96249,0.0001760873393203,ARPA-USDT,0.0568194269298958,0.0567545039886139,
2024-02-11 06:00:00,0.05679,0.057,0.05674,0.05686,3188276,181358.02356,1868,1532948,87220.44507,0.0001759014951627,ARPA-USDT,0.0568029854623242,0.0568914911189297,
2024-02-11 07:00:00,0.05685,0.05697,0.05667,0.05682,4456225,253188.79188,2657,2054189,116714.14682,0.0008807468733487,ARPA-USDT,0.0568306489695416,0.0568112167803665,
2024-02-11 08:00:00,0.05683,0.0575,0.05671,0.05717,11712503,669534.23606,4581,6632297,379007.47767,0.0005250262513125,ARPA-USDT,0.0567970914082687,0.0567980344848952,0.0001
2024-02-11 09:00:00,0.05717,0.05726,0.05672,0.05684,5797281,330799.33979,3251,2328676,132977.24283,0.000175963399613,ARPA-USDT,0.057181241347304,0.0572054993503666,
2024-02-11 10:00:00,0.05685,0.0569,0.05633,0.05673,5741008,325250.60725,2958,2394299,135752.50317,0.0003526714865103,ARPA-USDT,0.0568349607710693,0.0568633861837301,
2024-02-11 11:00:00,0.05673,0.05685,0.0566,0.05685,3346447,189788.80769,2009,1799895,102103.34489,0.0005279831045406,ARPA-USDT,0.0567778902496148,0.0567740164310564,
2024-02-11 12:00:00,0.05684,0.05684,0.05656,0.0567,2472363,140149.10406,1946,1244255,70524.32431,-0.0001763357432552,ARPA-USDT,0.0567974443550265,0.0567778136791783,
2024-02-11 13:00:00,0.05672,0.05684,0.05642,0.05648,4412560,250025.7869,2655,1981009,112314.8994,0.0007087172218285,ARPA-USDT,0.056723884107788,0.0567305134293014,
2024-02-11 14:00:00,0.05647,0.05674,0.05618,0.05665,4778589,270129.55282,2643,2472864,139813.79826,0.0,ARPA-USDT,0.0565501521638779,0.0565338395703759,
2024-02-11 15:00:00,0.05663,0.0567,0.05625,0.05638,2801015,158051.15903,2018,1297915,73212.18971,0.0003548616039743,ARPA-USDT,0.0566556640046659,0.0566594738999616,
2024-02-11 16:00:00,0.05637,0.05656,0.05616,0.05623,3832627,215904.88792,2488,2135950,120349.85095,0.00071187043958,ARPA-USDT,0.0563834795837124,0.0564370554577945,0.0001
2024-02-11 17:00:00,0.05623,0.05653,0.05621,0.05638,2928646,165134.34921,1831,1388785,78314.61185,0.0,ARPA-USDT,0.0562225856353591,0.0562787391010253,
2024-02-11 18:00:00,0.05637,0.05644,0.05581,0.05631,6044610,339466.34998,3002,2466544,138538.11519,0.0003553028957186,ARPA-USDT,0.056356034192914,0.0563150329043585,
2024-02-11 19:00:00,0.05631,0.05637,0.05612,0.05614,2940693,165366.97571,1673,1461661,82208.59454,-0.0003561253561253,ARPA-USDT,0.0562973233088129,0.0562844166343839,
2024-02-11 20:00:00,0.05616,0.05631,0.05553,0.05569,7049675,394015.75257,3320,2421619,135445.89037,0.0,ARPA-USDT,0.0561761907554916,0.0561403026585915,
2024-02-11 21:00:00,0.0557,0.05606,0.05546,0.05576,5756760,321095.91244,3206,2848872,158972.86397,0.0,ARPA-USDT,0.0557617032411431,0.0558518520759721,
2024-02-11 22:00:00,0.05575,0.05598,0.05561,0.05577,4224016,235705.02397,2241,1564891,87376.924,0.0010770059235325,ARPA-USDT,0.0557257112102831,0.0557804327633556,
2024-02-11 23:00:00,0.05576,0.05593,0.05558,0.0559,2102889,117304.59299,1933,1047613,58430.33487,0.0001789228842368,ARPA-USDT,0.0557692684716413,0.0557632926538403,
2024-02-12 00:00:00,0.05591,0.05648,0.05571,0.05637,4115006,231044.24334,3030,2170113,121773.51314,0.0001774308019872,ARPA-USDT,0.0559163789851545,0.0558191353463423,0.0001
2024-02-12 01:00:00,0.05637,0.05656,0.05609,0.05628,2506882,141225.50073,1719,1153419,64990.47357,0.0007112375533426,ARPA-USDT,0.056353681806144,0.0563062138273577,
2024-02-12 02:00:00,0.05627,0.05644,0.05532,0.05569,6588673,367336.85349,4006,3262644,182000.96463,0.0005389867049947,ARPA-USDT,0.0562870319340715,0.0563237223370358,
2024-02-12 03:00:00,0.05568,0.05625,0.05561,0.05597,2495554,139712.86156,1876,1414558,79192.59829,0.0007151796888968,ARPA-USDT,0.0557140605209616,0.0557193786016758,
2024-02-12 04:00:00,0.05597,0.05599,0.05565,0.05571,2160379,120522.05464,1421,853899,47644.00831,0.0005387931034483,ARPA-USDT,0.0559564629509892,0.0559020567066899,
2024-02-12 05:00:00,0.05574,0.05605,0.0557,0.05583,1787998,99930.23182,1106,984255,54985.66575,0.0005376344086021,ARPA-USDT,0.0557842606403443,0.0558463161079104,
2024-02-12 06:00:00,0.05582,0.05603,0.05544,0.05584,2551116,142288.5137,1793,1136147,63360.63267,0.0005375380756136,ARPA-USDT,0.0558491179504814,0.0558511624463693,
2024-02-12 07:00:00,0.05583,0.05625,0.05583,0.05615,3389631,190234.63728,1831,1166092,65450.2707,0.000178126113288,ARPA-USDT,0.0558780760613655,0.0558840645094727,
2024-02-12 08:00:00,0.05615,0.05637,0.05608,0.0561,9075120,510133.35097,3236,4743404,266636.37691,-0.0001782213509179,ARPA-USDT,0.0562107537692822,0.0562822937271006,0.0001
2024-02-12 09:00:00,0.0561,0.05618,0.05541,0.0556,3599048,201073.13948,2303,1859379,103924.58111,0.0005398596364944,ARPA-USDT,0.0561163995087742,0.0561295806370423,
2024-02-12 10:00:00,0.05561,0.05585,0.05552,0.05556,2662436,148284.21165,2003,1422794,79234.63069,0.0001800180018001,ARPA-USDT,0.0556589723157965,0.0556435796571759,
2024-02-12 11:00:00,0.05555,0.0556,0.05507,0.05547,6861194,379354.61934,3051,2890474,159936.07303,0.0007216308858017,ARPA-USDT,0.0555669870815833,0.055538390235285,
2024-02-12 12:00:00,0.05546,0.05561,0.05531,0.05552,3037782,168561.68776,1872,1226572,68058.93607,0.0001801477211313,ARPA-USDT,0.0554699744971247,0.0554987899397482,
2024-02-12 13:00:00,0.05551,0.05555,0.05537,0.05554,1547740,85846.72314,1087,724079,40163.66556,0.0007207207207207,ARPA-USDT,0.0554924569640062,0.0554897771393457,
2024-02-12 14:00:00,0.05553,0.05611,0.05549,0.05605,3148410,175868.20864,2367,1347635,75246.62096,0.0005355230274901,ARPA-USDT,0.0555319811972902,0.0555445118882202,
2024-02-12 15:00:00,0.05605,0.05682,0.05601,0.05673,9526006,537706.06812,5663,3913247,220809.8104,0.0,ARPA-USDT,0.0560644506718226,0.0561173083513445,
2024-02-12 16:00:00,0.05675,0.05697,0.05639,0.05676,7575811,429840.75602,4941,3412272,193654.91734,0.0010582010582009,ARPA-USDT,0.056754530730897,0.0566100588876033,0.0001
2024-02-12 17:00:00,0.05677,0.05776,0.05672,0.05748,15989104,917464.33398,9081,7537338,432591.46538,0.0015682174594877,ARPA-USDT,0.0567625655537227,0.056984907022211,
2024-02-12 18:00:00,0.05748,0.05769,0.05736,0.0575,7370709,423866.77033,4775,3041453,174938.41705,0.0010445682451254,ARPA-USDT,0.0574995862809289,0.0575526636657633,
2024-02-12 19:00:00,0.0575,0.05765,0.0569,0.05694,7548330,433052.39976,4307,2626524,150797.69978999998,0.001054852320675,ARPA-USDT,0.0575080020772476,0.0575251495348286,
2024-02-12 20:00:00,0.05694,0.05754,0.05694,0.05745,4406030,252695.46649,2946,2193660,125801.27199,0.0012199372603693,ARPA-USDT,0.0570208711889726,0.0571749885484705,
2024-02-12 21:00:00,0.05746,0.05777,0.05717,0.05727,8615810,495996.65435,3869,3160864,182045.55405,0.0012237762237763,ARPA-USDT,0.0574424501170758,0.0574699334090408,
2024-02-12 22:00:00,0.05728,0.05765,0.05724,0.05762,3725634,214042.23022000003,2139,1452138,83492.70366,0.0013903371567605,ARPA-USDT,0.0573051090198903,0.0574271150974047,
2024-02-12 23:00:00,0.05763,0.05772,0.0574,0.05754,10939993,629229.71557,4075,5430350,312317.05678,0.0005216484089722,ARPA-USDT,0.0576404244131669,0.0576570803384353,
2024-02-13 00:00:00,0.05754,0.05801,0.05753,0.05786,4489594,259453.51702,3314,2493530,144062.67507,0.0008649022660438,ARPA-USDT,0.0576301622243446,0.0576883873804564,0.00041024
2024-02-13 01:00:00,0.05785,0.05821,0.05768,0.0579,5184704,300567.56719,3379,2341598,135784.7061,0.0008643042350908,ARPA-USDT,0.0578554303596322,0.0578611768988044,
2024-02-13 02:00:00,0.05789,0.05794,0.05759,0.05765,3003854,173610.21801,2390,1398986,80870.09059,0.001215699895797,ARPA-USDT,0.0578717576822837,0.0578923739503475,
2024-02-13 03:00:00,0.05765,0.05775,0.05694,0.05718,5020790,288504.06631,3125,2308019,132766.56238,0.00070003500175,ARPA-USDT,0.0576538022454707,0.0576701711164121,
2024-02-13 04:00:00,0.05718,0.05783,0.05718,0.05779,3688796,212493.94808,2980,1994747,114931.70191,0.0010393209769616,ARPA-USDT,0.0572297669006101,0.0573423228545808,
2024-02-13 05:00:00,0.05779,0.05797,0.05754,0.05795,4135792,238814.85392,3037,2025796,117024.9748,0.0010364484366902,ARPA-USDT,0.0577435443028392,0.0576945754055924,
2024-02-13 06:00:00,0.05794,0.05822,0.05774,0.0581,7893688,457928.60055,4099,4334178,251459.40302,0.0013788348845225,ARPA-USDT,0.0578982581368709,0.0578132822397443,
2024-02-13 07:00:00,0.05809,0.05887,0.05802,0.05861,16738981,978687.07783,7916,9674564,565574.43985,0.0005121201775351,ARPA-USDT,0.0581078804213644,0.0581160121961816,
2024-02-13 08:00:00,0.05862,0.05905,0.05853,0.05871,12532564,736951.83738,6640,6765328,397824.64391,0.0010230179028132,ARPA-USDT,0.0585798921585823,0.0586382975697566,0.00011499
2024-02-13 09:00:00,0.05869,0.05895,0.05835,0.05886,6745677,395149.3395,3834,3218968,188551.16261,0.0005099439061704,ARPA-USDT,0.0586943601968184,0.0585397372214626,
2024-02-13 10:00:00,0.05888,0.05888,0.05805,0.05817,6831252,399250.80481,3695,2684683,156997.06947,0.0010325245224573,ARPA-USDT,0.0588449300899921,0.058767893288039,
2024-02-13 11:00:00,0.05816,0.05937,0.05791,0.05893,36141427,2128435.43689,11406,17403152,1023874.49905,0.0006792324673119,ARPA-USDT,0.0581782270447864,0.0582755362917338,
2024-02-13 12:00:00,0.05892,0.05892,0.05856,0.05867,5320205,312517.82015,2918,1988292,116816.32209,0.0010237160894044,ARPA-USDT,0.0588860763720349,0.0588302636503709,
2024-02-13 13:00:00,0.05867,0.05894,0.05702,0.05829,24677078,1433837.55133,11861,9751893,566827.72985,0.0015463917525773,ARPA-USDT,0.0586877899337374,0.0587290873994236,
2024-02-13 14:00:00,0.05828,0.05845,0.05675,0.05803,28594630,1655922.63458,13377,14260586,826394.419,0.0006897740989826,ARPA-USDT,0.0582039726449037,0.0582607110678442,
2024-02-13 15:00:00,0.05804,0.05829,0.05739,0.0578,16484924,952755.40609,7707,6658200,385028.83422,0.0017331022530329,ARPA-USDT,0.0580258738995339,0.0581192415871843,
2024-02-13 16:00:00,0.05782,0.05795,0.0573,0.05735,9166763,527978.65503,4597,5230303,301185.86489,0.0010473031942745,ARPA-USDT,0.0578453123689843,0.0578273153873867,0.0001
2024-02-13 17:00:00,0.05735,0.0593,0.05713,0.05795,44913665,2595451.74788,13378,22381612,1294711.49601,0.000690726990157,ARPA-USDT,0.0573584540732215,0.0574187184325633,
2024-02-13 18:00:00,0.05795,0.05821,0.05774,0.05798,17568825,1017621.42217,4861,8504490,492424.59701,0.0012087722327749,ARPA-USDT,0.0579431186725095,0.0578985975132516,
2024-02-13 19:00:00,0.05796,0.05811,0.05769,0.05797,9175690,531335.89529,3016,4077511,236083.97192,0.0010360904852355,ARPA-USDT,0.057976006069775,0.057880303735499,
2024-02-13 20:00:00,0.05798,0.05832,0.05793,0.05818,5213411,303109.81595,2352,2354781,136889.9191,0.0010323468685478,ARPA-USDT,0.0579742962938902,0.0579780642426969,
2024-02-13 21:00:00,0.05818,0.0583,0.058,0.05805,4643539,270039.35691,2724,2301318,133841.21703,0.0008620689655172,ARPA-USDT,0.0581407176456683,0.0581157239419172,
2024-02-13 22:00:00,0.05805,0.0582,0.05758,0.05809,7774074,450503.79269,3050,3339696,193487.55946,0.0010339479579528,ARPA-USDT,0.0580785660575416,0.0580887515222479,
2024-02-13 23:00:00,0.05808,0.05809,0.05783,0.05801,4113895,238447.56349,1875,2309266,133819.06576,0.0012081463583017,ARPA-USDT,0.0580267817176756,0.0579381200654357,
2024-02-14 00:00:00,0.058,0.05803,0.0575,0.05762,3828841,221291.15423,2517,2127524,122975.41909,0.000520923771488,ARPA-USDT,0.0580152504054555,0.0579709222664831,0.00012642
2024-02-14 01:00:00,0.05762,0.05778,0.05736,0.05763,3915038,225389.11136,2330,1936090,111484.39793,0.0006945650286507,ARPA-USDT,0.0575673244988228,0.0574947595074677,
2024-02-14 02:00:00,0.05763,0.0581,0.05754,0.05793,3871846,224096.31553,2176,1759520,101849.86438,0.000518134715026,ARPA-USDT,0.0576105901099444,0.0576497930354919,
2024-02-14 03:00:00,0.05792,0.05822,0.05786,0.05811,3165600,183782.98651,2087,1322579,76783.75732,0.0008611780916294,ARPA-USDT,0.0579180487910096,0.0579257558953593,
2024-02-14 04:00:00,0.05811,0.05833,0.05779,0.05786,4572104,265405.33368,2609,1705315,98990.84544,0.0005187618882933,ARPA-USDT,0.0581175606684427,0.0581069701497474,
2024-02-14 05:00:00,0.05786,0.05822,0.05785,0.05814,3750614,217645.26668,2345,1461159,84802.4553,0.0005162622612286,ARPA-USDT,0.0578720535521485,0.0578904987968348,
2024-02-14 06:00:00,0.05815,0.05833,0.05795,0.05811,6792084,394969.49132,3887,2310203,134392.21804,0.0012060647829084,ARPA-USDT,0.0581716683595072,0.0581581825559768,
2024-02-14 07:00:00,0.05811,0.0586,0.05806,0.0585,19121746,1116606.41678,4997,8916344,520794.55512,0.0011980147184664,ARPA-USDT,0.0581434336053925,0.0581335604910919,
2024-02-14 08:00:00,0.0585,0.05876,0.05828,0.05873,13868986,810251.11519,4350,6824219,398672.26711,0.0006815471119441,ARPA-USDT,0.0585115056126289,0.0584462278297929,0.00013901
2024-02-14 09:00:00,0.05872,0.05901,0.05853,0.05882,15466521,908739.02434,6680,7105404,417541.14661,0.000850774204526,ARPA-USDT,0.0586400384863118,0.0586642752462218,
2024-02-14 10:00:00,0.05882,0.05909,0.05868,0.05879,11873215,698806.17659,4652,6350940,373876.81604,0.0006808510638298,ARPA-USDT,0.0587766409369617,0.0587441516505437,
2024-02-14 11:00:00,0.05879,0.05917,0.05858,0.05912,12556291,739482.3687700001,4869,6939893,408706.34857,0.0005077001184634,ARPA-USDT,0.058799706587608,0.0587701911896663,
2024-02-14 12:00:00,0.05912,0.05926,0.05891,0.05894,8456932,499972.19399,4030,3579720,211705.76082,0.0005092514004414,ARPA-USDT,0.0590942614623199,0.0591332531793555,
2024-02-14 13:00:00,0.05896,0.05969,0.05895,0.05961,10225714,607419.2009,5292,5634545,334728.68877,0.0005035246727089,ARPA-USDT,0.0589642981299166,0.0590425903184525,
2024-02-14 14:00:00,0.05961,0.05962,0.05882,0.05911,9950130,589179.32211,4907,3472689,205689.49564,0.0005077860528097,ARPA-USDT,0.0595615272045833,0.0595117672773923,
2024-02-14 15:00:00,0.0591,0.05918,0.05849,0.05903,11072179,651702.35162,4915,5808329,341914.01052,0.0001694340901388,ARPA-USDT,0.0591467051957295,0.0590758857308658,
2024-02-14 16:00:00,0.05904,0.05915,0.05864,0.05897,7741099,456513.99161,3750,3192655,188389.87811,0.000678771423723,ARPA-USDT,0.0590872428127101,0.059051767679587,0.0002541
2024-02-14 17:00:00,0.05895,0.05901,0.05875,0.05892,6156294,362480.91179,2394,2648234,155990.57903,0.0005094243504839,ARPA-USDT,0.0588949677797502,0.0589022228941985,
2024-02-14 18:00:00,0.05892,0.05931,0.05877,0.05922,6679400,394177.27015,2694,3602292,212450.90497,0.0,ARPA-USDT,0.058887690322858,0.0589073707542269,
2024-02-14 19:00:00,0.05922,0.05967,0.05918,0.05952,8819138,524140.93617,3435,5494567,326586.71912,0.0001680389850444,ARPA-USDT,0.0592157007701433,0.0592440056324319,
2024-02-14 20:00:00,0.05954,0.05993,0.05942,0.05973,7430013,443450.41519,3832,4037175,241014.40711,0.0005025125628139,ARPA-USDT,0.059533049548828,0.0595014900535038,
2024-02-14 21:00:00,0.05973,0.05998,0.05951,0.05993,7112963,424664.12067,3695,3423106,204385.20362,0.0001668891855806,ARPA-USDT,0.0596982241620111,0.0596308329018234,
2024-02-14 22:00:00,0.05993,0.06035,0.05987,0.0603,9726661,584711.6729700001,4102,6374705,383315.09881,0.0003317850033177,ARPA-USDT,0.0599414955638907,0.059943639971298,
2024-02-14 23:00:00,0.06029,0.06041,0.05996,0.06036,6244905,375884.6914,3592,3439107,207033.98055,0.0008290499088043,ARPA-USDT,0.0602552578126222,0.0601985634077423,
2024-02-15 00:00:00,0.06036,0.06097,0.06035,0.06095,6994919,423741.13229,4189,4087569,247661.40291,0.0014788038120276,ARPA-USDT,0.0603799724669603,0.0604233154962894,0.0005825
2024-02-15 01:00:00,0.06093,0.06108,0.06027,0.06089,11824311,718448.89045,5612,5708607,346929.54577,0.0013155730965301,ARPA-USDT,0.06093022364102,0.060910474789686,
2024-02-15 02:00:00,0.06088,0.06161,0.0608,0.06134,12383147,757622.55784,4993,5592817,342208.82656,0.0004893165878323,ARPA-USDT,0.0608681408553455,0.06099568278521,
2024-02-15 03:00:00,0.06135,0.06199,0.0612,0.06198,8674494,534104.73744,4712,4623416,284571.38049,0.0003227888960619,ARPA-USDT,0.061307442827683,0.0612642535726637,
2024-02-15 04:00:00,0.06196,0.062,0.06147,0.06167,7478191,461404.98834,4117,3716057,229243.32627,0.0001621796951021,ARPA-USDT,0.061970037376495,0.0619392854615722,
2024-02-15 05:00:00,0.06167,0.062,0.06117,0.06172,10871199,669921.68784,5825,5501600,339125.51005,-0.0003239390994493,ARPA-USDT,0.0616421002725286,0.0616420329625956,
2024-02-15 06:00:00,0.06174,0.06342,0.06162,0.06288,29592090,1855175.95631,13774,15457282,968891.00714,0.0007957981855801,ARPA-USDT,0.0617058241370016,0.0619868075564798,
2024-02-15 07:00:00,0.06288,0.06335,0.06255,0.06285,15469196,973608.22741,8017,6487221,408335.99763,0.0,ARPA-USDT,0.0627776352453262,0.0627749721460251,
2024-02-15 08:00:00,0.06285,0.06328,0.06225,0.0628,11121536,698103.81325,5960,4884534,306708.21995,0.0006373486297004,ARPA-USDT,0.0628368671025532,0.0627032491022606,0.0001
2024-02-15 09:00:00,0.06279,0.06381,0.06256,0.0627,21985866,1390265.22078,8301,8600582,544437.0082,0.0004786979415989,ARPA-USDT,0.0628276259090909,0.0628668116329985,
2024-02-15 10:00:00,0.0627,0.0633,0.06231,0.06321,10829514,678947.12,5063,5993204,376016.74214,0.0014258555133079,ARPA-USDT,0.0626926113350666,0.0625854698351621,
2024-02-15 11:00:00,0.06319,0.06368,0.06308,0.06347,12443453,788281.39068,5326,6810081,431500.75321,0.0014200063111391,ARPA-USDT,0.0631771552119193,0.0632070512327075,
2024-02-15 12:00:00,0.06348,0.06534,0.06333,0.06414,35422191,2277662.46028,16289,19162208,1232618.71321,0.0017179447134154,ARPA-USDT,0.0634990825543947,0.0636592456655522,
2024-02-15 13:00:00,0.06411,0.06423,0.0636,0.06412,21427641,1369255.50939,9355,10114889,646542.16335,0.0001559819060987,ARPA-USDT,0.0639417002134841,0.0638425437197941,
2024-02-15 14:00:00,0.06414,0.06516,0.06401,0.06495,20060796,1297626.63545,10321,10045666,649593.52123,0.0004621072088721,ARPA-USDT,0.0640633250636078,0.0641482702391935,
2024-02-15 15:00:00,0.06499,0.06853,0.06454,0.06677,99621829,6644476.26784,46775,50593001,3373670.27029,0.001349730053989,ARPA-USDT,0.0650183100263755,0.0649775175034083,
2024-02-15 16:00:00,0.06677,0.06898,0.06535,0.06563,86544256,5827240.87428,42731,40181894,2707627.5842,0.0013732072017087,ARPA-USDT,0.0667444784885559,0.0668656995034765,0.00032558
2024-02-15 17:00:00,0.06563,0.06621,0.06436,0.06447,26049499,1698205.79134,13826,11906875,776424.26134,0.0018648018648017,ARPA-USDT,0.0656567354948044,0.0657086086127663,
2024-02-15 18:00:00,0.06447,0.06479,0.06372,0.06403,41664916,2677609.3067,15366,20304711,1305919.26329,0.0018776404318574,ARPA-USDT,0.0646652097196282,0.0644679631756318,
2024-02-15 19:00:00,0.06403,0.0641,0.06327,0.06352,24873841,1582292.36683,9312,11357803,722721.3720900001,0.0015767896562597,ARPA-USDT,0.0640445214181542,0.063958979430915,
2024-02-15 20:00:00,0.06352,0.06359,0.06217,0.06223,19960919,1252403.73738,9232,6755163,423633.26647,0.0009650957053239,ARPA-USDT,0.0635403627032529,0.0634679534499472,
2024-02-15 21:00:00,0.06224,0.06267,0.06073,0.0613,33705892,2077856.37742,13813,13378971,826138.70589,0.0013067624959164,ARPA-USDT,0.0623375405209273,0.0622911287701415,
2024-02-15 22:00:00,0.06132,0.0619,0.06114,0.06161,15037736,925638.02979,6644,8039930,494859.1919,0.0014629388816644,ARPA-USDT,0.0612396238936403,0.0613691831206045,
2024-02-15 23:00:00,0.06161,0.06196,0.06135,0.06196,7215895,444865.32166,4845,3709856,228838.58676,0.0024267917812652,ARPA-USDT,0.0615479484734393,0.0614894753750006,
2024-02-16 00:00:00,0.06194,0.06203,0.06095,0.06144,9007721,554157.7517,5089,4051792,249370.98105,0.0013037809647979,ARPA-USDT,0.0619745651086285,0.0619657037992546,0.00054098
2024-02-16 01:00:00,0.06147,0.06227,0.06135,0.06217,9615646,594828.56091,4639,5562971,344315.93427,0.0020954223081883,ARPA-USDT,0.061451913057906,0.0614152348187618,
2024-02-16 02:00:00,0.06214,0.06261,0.06201,0.06244,8263990,515542.44999,4105,4060674,253289.55172,0.0012828736369467,ARPA-USDT,0.0621265072683951,0.0621144692715762,
2024-02-16 03:00:00,0.06246,0.06265,0.06211,0.06222,7208241,449621.62743,3700,2495167,155658.27886,0.0014485755673587,ARPA-USDT,0.062501438095826,0.0624649730541086,
2024-02-16 04:00:00,0.06223,0.06241,0.06195,0.06207,5290794,328793.77469,2793,2120249,131773.48022,0.0009675858732463,ARPA-USDT,0.0622107230638547,0.0621831067381987,
2024-02-16 05:00:00,0.06209,0.06307,0.06209,0.06301,8997429,564317.16247,4829,4795940,300734.17254,0.00015873015873,ARPA-USDT,0.0621213815746445,0.0621851946007468,
2024-02-16 06:00:00,0.06303,0.06363,0.06281,0.06314,16078681,1016786.36356,7332,7391624,467397.50435,0.0009511731135067,ARPA-USDT,0.0629890373203491,0.0629696031750651,
2024-02-16 07:00:00,0.06314,0.06319,0.06263,0.06287,9857302,619971.18145,5948,3809243,239644.44368,0.0007959248646927,ARPA-USDT,0.063111569597847,0.0630791601014711,
2024-02-16 08:00:00,0.06287,0.06787,0.06286,0.06681,74116895,4866335.0366,29676,38008920,2492840.36133,0.0005990714392691,ARPA-USDT,0.0628941251147227,0.0629707399512371,0.00021978
2024-02-16 09:00:00,0.06681,0.06707,0.06412,0.06512,103080206,6712563.49043,41449,49824885,3244235.24682,0.0015379883112889,ARPA-USDT,0.0665133003590867,0.0664922597262508,
2024-02-16 10:00:00,0.06512,0.0661,0.06462,0.06567,38425141,2517567.88596,17564,18454872,1208639.58049,0.0010670731707316,ARPA-USDT,0.064944782831774,0.0647993348982754,
2024-02-16 11:00:00,0.06568,0.06679,0.06551,0.0661,29595289,1959781.93593,14391,12423889,822991.40081,0.0007570022710068,ARPA-USDT,0.0656275990633784,0.0657025348182455,
2024-02-16 12:00:00,0.0661,0.06636,0.06555,0.06555,19072091,1257353.02549,9042,8526900,562320.75372,0.0003052037234854,ARPA-USDT,0.0662140598936567,0.0660565917854991,
2024-02-16 13:00:00,0.06557,0.06571,0.06476,0.06541,23136271,1510501.37203,10990,9671707,631705.25789,0.0010713192531375,ARPA-USDT,0.0655867626087626,0.065510903407407,
2024-02-16 14:00:00,0.06539,0.06583,0.0641,0.06517,31910122,2079292.43387,16426,13653476,889698.42974,0.0004605465151981,ARPA-USDT,0.0653750917698244,0.0653355917057449,
2024-02-16 15:00:00,0.06518,0.06523,0.06373,0.06441,27065138,1744291.41908,11663,12244993,789400.79246,0.0018665422305179,ARPA-USDT,0.0649913227072832,0.0647636339328051,
2024-02-16 16:00:00,0.0644,0.06523,0.06397,0.06491,15370347,995278.09252,8660,7757608,502526.52436,0.0009252120277563,ARPA-USDT,0.0644257181842621,0.0642060317634778,0.0001
2024-02-16 17:00:00,0.06491,0.06573,0.0642,0.06553,34395611,2236950.73831,13662,18245653,1187156.86224,0.0006107802717971,ARPA-USDT,0.0648576217052219,0.0649097629442584,
2024-02-16 18:00:00,0.06554,0.06576,0.0649,0.06576,18517215,1210227.11704,9871,8497892,555513.83351,0.0003042287800425,ARPA-USDT,0.0654884237976337,0.0653571862933895,
2024-02-16 19:00:00,0.06576,0.06614,0.06501,0.0653,16505538,1083201.95979,10217,7072957,464481.86074,0.0003063725490195,ARPA-USDT,0.0657000448821319,0.0656792181359619,
2024-02-16 20:00:00,0.0653,0.06547,0.06475,0.06499,12404746,808143.51723,6114,5024215,327461.09781,0.0003078343851008,ARPA-USDT,0.065252317495818,0.0652889936851451,
2024-02-16 21:00:00,0.065,0.0651,0.06468,0.0648,8904119,577411.65157,4304,3488794,226280.50552,0.0001543448062972,ARPA-USDT,0.0650511776829309,0.0649391113330658,
2024-02-16 22:00:00,0.06479,0.06489,0.06441,0.06454,8877585,573726.62466,4789,4281762,276753.75516,0.0,ARPA-USDT,0.0648223458094497,0.0648216339822137,
2024-02-16 23:00:00,0.06454,0.06515,0.06441,0.06502,9422529,610095.5995199999,4990,4140510,268181.45193,0.0001538224888477,ARPA-USDT,0.0645524243582923,0.0645324944231773,
2024-02-17 00:00:00,0.06502,0.06557,0.06489,0.06509,9007561,587819.37157,5963,4336685,283100.64293000003,0.0003073613032118,ARPA-USDT,0.06502393180119,0.0649917720048123,
2024-02-17 01:00:00,0.06507,0.06527,0.06233,0.06305,41923787,2655976.86661,16246,14918010,944212.13358,-0.0001585791309864,ARPA-USDT,0.0650870452495723,0.0650538549230784,
2024-02-17 02:00:00,0.06305,0.06318,0.06268,0.06292,17617129,1108470.16204,8278,9971059,627369.17262,0.0006361323155215,ARPA-USDT,0.0630357985576744,0.062933092784431,
2024-02-17 03:00:00,0.06292,0.06336,0.06284,0.06296,7579623,478221.51859,4450,3690744,232943.06023,0.0006357279084552,ARPA-USDT,0.0629496815369098,0.0630307405914168,
2024-02-17 04:00:00,0.06296,0.06394,0.06291,0.06392,9760151,619887.4434400001,4693,6266494,398104.42238,0.0009395552771689,ARPA-USDT,0.0629416614537097,0.0630085939600898,
2024-02-17 05:00:00,0.06391,0.06457,0.06386,0.064,11446572,734882.68311,5654,5915607,379848.10353,0.0003125976867772,ARPA-USDT,0.0640105164308053,0.0641654203307772,
2024-02-17 06:00:00,0.064,0.06532,0.06393,0.06458,13331287,861001.8173199999,5243,7480493,483471.9392,0.0004647560030983,ARPA-USDT,0.064023951438438,0.064009830228963,
2024-02-17 07:00:00,0.06458,0.06518,0.06455,0.06496,8485933,550769.30599,4573,4310580,279760.34161,0.0001539645881449,ARPA-USDT,0.0646227166830422,0.0648032258489999,
2024-02-17 08:00:00,0.06497,0.06498,0.06401,0.06418,8666008,557963.53422,5186,2800205,180245.52336,0.0009357454772302,ARPA-USDT,0.0649217348320693,0.0648104610077915,
2024-02-17 09:00:00,0.06417,0.06488,0.06407,0.06441,8051364,519332.36294,4398,3372705,217473.57441,0.0003106072371485,ARPA-USDT,0.0641833810818307,0.0642453642007883,
2024-02-17 10:00:00,0.06442,0.06481,0.06409,0.06463,6740389,434219.74314,4037,3026110,195043.88812,0.0010842627013631,ARPA-USDT,0.0644088881178605,0.064332255115175,
2024-02-17 11:00:00,0.06462,0.0647,0.06405,0.06405,8608816,553942.91432,4083,2579473,165964.87441,0.0,ARPA-USDT,0.0646491229983946,0.0646409196535377,
2024-02-17 12:00:00,0.06406,0.06433,0.064,0.06424,5860703,375872.86675,3117,2738882,175687.43066,0.0,ARPA-USDT,0.0640733227551142,0.0640757327087643,
2024-02-17 13:00:00,0.06423,0.06452,0.06356,0.06375,23216754,1486459.81424,9668,11101576,711124.3083,-0.0001568381430363,ARPA-USDT,0.0642104796227086,0.064208507223975,
2024-02-17 14:00:00,0.06375,0.06397,0.062,0.06291,31795094,2002909.51056,13197,12927791,815229.21202,-0.0003178134435087,ARPA-USDT,0.0637212704875222,0.0636960089554439,
2024-02-17 15:00:00,0.0629,0.06353,0.06266,0.06346,10262163,648016.77274,5732,4569025,288522.3209,0.0009463722397478,ARPA-USDT,0.062928795219035,0.0628973090653213,
2024-02-17 16:00:00,0.06344,0.06428,0.06322,0.06404,8426323,536077.94881,4722,3705989,235923.02169,-0.0004682378648354,ARPA-USDT,0.0634383972427263,0.0633441274936716,
2024-02-17 17:00:00,0.06406,0.06446,0.064,0.06409,7193645,461875.069,4155,3169141,203521.94087,0.0004683109584762,ARPA-USDT,0.0641148695390396,0.0641710244177124,
2024-02-17 18:00:00,0.06407,0.06424,0.0638,0.06407,5864345,375155.10194,3835,2918491,186717.26631,-0.0001560549313357,ARPA-USDT,0.0640415034709723,0.0640161213509623,
2024-02-17 19:00:00,0.06407,0.06461,0.06391,0.06448,8349922,536982.93778,4066,3330183,214154.66618,0.0006207324643079,ARPA-USDT,0.0640680292382662,0.0640443326690694,
2024-02-17 20:00:00,0.06448,0.06482,0.06427,0.06479,8348218,539634.58549,4042,3919891,253395.71537,0.0001543686322937,ARPA-USDT,0.0644365396113602,0.0643535071987851,
2024-02-17 21:00:00,0.06481,0.06513,0.06463,0.06494,8458876,548913.99445,4533,2957301,191957.54907,0.0001540120129368,ARPA-USDT,0.0647857457172342,0.0647361555342514,
2024-02-17 22:00:00,0.06494,0.0657,0.06467,0.06557,5849085,380752.80853,3698,2509296,163418.68383,-0.0001524855138761,ARPA-USDT,0.0648859355350365,0.0647887664287083,
2024-02-17 23:00:00,0.06556,0.06581,0.06498,0.0653,11047612,722192.72352,4884,3837208,250878.69597,0.0,ARPA-USDT,0.0655574814178143,0.0653882666986207,
2024-02-18 00:00:00,0.06531,0.06542,0.06461,0.06493,7046549,458175.98508,4813,2699309,175546.45623,0.0001540357362908,ARPA-USDT,0.0652999565953403,0.0653073655261392,0.0001
2024-02-18 01:00:00,0.06493,0.06513,0.06432,0.06443,5643148,365559.33206,3651,2194549,142173.91817,0.0003105107902501,ARPA-USDT,0.0649269459329429,0.0649239223370993,
2024-02-18 02:00:00,0.06443,0.06486,0.0641,0.06485,9627438,621456.0836,5766,5212117,336409.39322,-0.0003083089255432,ARPA-USDT,0.0644685364384964,0.0644428995579699,
2024-02-18 03:00:00,0.06484,0.06525,0.06481,0.06518,6619103,430376.03226,3986,3260153,212001.1293,0.0004604758250192,ARPA-USDT,0.0648875623615006,0.0648732326396388,
2024-02-18 04:00:00,0.06517,0.06661,0.06509,0.06638,14464373,955030.51591,7990,7933462,523327.44537,0.0004521477015824,ARPA-USDT,0.0651407286039903,0.0652003881642749,
2024-02-18 05:00:00,0.06637,0.06762,0.06608,0.06704,18837158,1262010.54206,9503,8372231,560948.38527,-0.0004472938720739,ARPA-USDT,0.0663972051006443,0.0663940138230661,
2024-02-18 06:00:00,0.06704,0.06784,0.0668,0.06776,24520581,1651870.0554,12305,12036345,811018.26467,0.0002952465308534,ARPA-USDT,0.0671404955812122,0.0669919995002881,
2024-02-18 07:00:00,0.06773,0.06773,0.06525,0.06573,43451918,2872574.96904,19180,16833787,1111160.3962,0.0006089206880803,ARPA-USDT,0.0676698307354413,0.0675977630212666,
2024-02-18 08:00:00,0.06572,0.06688,0.06547,0.06685,12860747,850109.81073,8075,7264299,479984.07851,0.000299266796349,ARPA-USDT,0.0656569143689957,0.0655888926898059,0.0001
2024-02-18 09:00:00,0.06685,0.06762,0.0667,0.06741,17125193,1148607.7225,8156,8250453,553851.78786,0.0,ARPA-USDT,0.0669363103524023,0.0668328640183863,
2024-02-18 10:00:00,0.06743,0.06744,0.06668,0.06673,14766679,989201.07668,7751,5266290,353079.42591,-0.0002996254681648,ARPA-USDT,0.0673570957921091,0.0671464650544923,
2024-02-18 11:00:00,0.06674,0.0672,0.06631,0.06694,17760118,1184701.01056,6978,5419396,361992.99617,-0.0001493651979088,ARPA-USDT,0.066742993290867,0.0667507592763193,
2024-02-18 12:00:00,0.06695,0.067,0.06579,0.06594,11967916,794784.00321,6165,5028835,334270.46907,-0.0001516300227444,ARPA-USDT,0.0669481868684819,0.0669070296129813,
2024-02-18 13:00:00,0.06595,0.06657,0.06578,0.06641,11123583,735061.9060300001,5717,5461273,361132.62026,-0.0007523322299128,ARPA-USDT,0.0659760744292179,0.0660277452884694,
2024-02-18 14:00:00,0.06639,0.06694,0.06639,0.06669,10581849,705408.52024,5468,6346494,423051.58596,0.0004500450045004,ARPA-USDT,0.0664240073995978,0.0664492307678862,
2024-02-18 15:00:00,0.06669,0.06835,0.06661,0.06801,40395221,2731373.10707,16652,22072596,1492639.10946,-0.0010282021151586,ARPA-USDT,0.0666839214374346,0.0667050728159062,
2024-02-18 16:00:00,0.06804,0.06847,0.06744,0.06777,32833681,2231497.52015,13052,15929101,1083121.747,-0.0004424778761061,ARPA-USDT,0.0679424472603506,0.0681649266360915,0.0001
2024-02-18 17:00:00,0.06778,0.06837,0.06752,0.06793,16278453,1106486.01274,8114,7783176,529178.14517,-0.0010294117647059,ARPA-USDT,0.0677720763742283,0.0679972145468484,
2024-02-18 18:00:00,0.06792,0.0689,0.06768,0.06887,17380588,1187091.6222,9313,8497664,580611.31049,-0.0005804672761572,ARPA-USDT,0.0678754214503576,0.0679302099517561,
2024-02-18 19:00:00,0.06886,0.0689,0.06803,0.06832,12381342,846922.82486,6833,5675098,388346.65936,-0.0007313149041976,ARPA-USDT,0.0687962118828055,0.0685957745645635,
2024-02-18 20:00:00,0.06831,0.06838,0.06751,0.06787,14150181,960415.28116,7693,6204703,421146.52202,-0.0002945941964944,ARPA-USDT,0.0682667995743032,0.0683126800079515,
2024-02-18 21:00:00,0.06785,0.06803,0.06763,0.06773,8480774,575222.99322,4054,4351838,295188.58542,-0.0001476232654266,ARPA-USDT,0.0678611464154558,0.0678297865165096,
2024-02-18 22:00:00,0.06772,0.06792,0.06732,0.06765,10260409,694291.67182,5019,4632115,313454.89061,-0.0002955519432539,ARPA-USDT,0.0676866095605126,0.0676971187035316,
2024-02-18 23:00:00,0.06765,0.0681,0.0673,0.06754,11341963,767837.12421,5763,5706476,386311.77882,0.0011858879335902,ARPA-USDT,0.0676525935584279,0.067691028943903,
2024-02-19 00:00:00,0.06754,0.0685,0.06752,0.06822,9935984,676115.73139,5713,6752296,459454.45774,0.000733460466481,ARPA-USDT,0.0675857131606173,0.0676074076141104,0.0001
2024-02-19 01:00:00,0.0682,0.06822,0.06747,0.06793,8195018,555209.76798,4702,4286607,290491.24338,0.0,ARPA-USDT,0.0681698580206344,0.0680046268326727,
2024-02-19 02:00:00,0.06793,0.06897,0.06769,0.06889,9653426,659788.49617,5100,5844848,400030.45888,0.0,ARPA-USDT,0.0679529771266215,0.0679420038756452,
2024-02-19 03:00:00,0.06886,0.06942,0.06868,0.06939,14792610,1021322.70228,7994,8022853,554103.53074,-0.0004321521175454,ARPA-USDT,0.0688453402986983,0.0688986188431301,
2024-02-19 04:00:00,0.06939,0.07037,0.06914,0.06979,17282450,1206284.85076,9968,8427749,588314.46643,0.0004300458715595,ARPA-USDT,0.0693546380482882,0.0693064789801934,
2024-02-19 05:00:00,0.06978,0.06979,0.06865,0.06929,17397810,1202208.32382,8530,8241147,569594.1921699999,0.0,ARPA-USDT,0.0697379057507987,0.0695126099950937,
2024-02-19 06:00:00,0.06928,0.0701,0.06897,0.06935,20977783,1458833.12009,8509,8017808,557539.52887,0.0004327755337563,ARPA-USDT,0.0692918638391987,0.0692603649684562,
2024-02-19 07:00:00,0.06931,0.06974,0.069,0.06934,14015781,970459.8609,7434,6605398,457529.71337,0.0012996389891695,ARPA-USDT,0.0692912724376564,0.0693679559364116,
2024-02-19 08:00:00,0.06932,0.06946,0.06789,0.06819,18151246,1243838.43285,8198,6725420,460646.30611,0.0005869405722669,ARPA-USDT,0.0693242758733468,0.0691757861544888,0.0001
2024-02-19 09:00:00,0.0682,0.06886,0.0681,0.06841,9743444,666598.23653,6059,5325997,364488.41835,0.0001461988304092,ARPA-USDT,0.0682915935967744,0.06837395579638,
2024-02-19 10:00:00,0.06841,0.06909,0.06774,0.06874,17879499,1223283.93064,8225,9734376,666296.83089,0.0001454968718173,ARPA-USDT,0.068354967279149,0.0681972065061743,
2024-02-19 11:00:00,0.06874,0.0708,0.06874,0.07023,27713974,1942110.74355,13938,13191697,923903.57265,0.0011404133998573,ARPA-USDT,0.0689678576296527,0.0689832124864645,
2024-02-19 12:00:00,0.07023,0.07237,0.07004,0.07143,48561450,3471907.20283,22412,22404062,1601179.65451,0.0011212333566923,ARPA-USDT,0.0703532166199494,0.0702633444784045,
2024-02-19 13:00:00,0.07142,0.07334,0.07103,0.07215,55166419,3990195.31109,25331,27326310,1975783.44288,0.0001386193512615,ARPA-USDT,0.071299833779315,0.0714445613323914,
2024-02-19 14:00:00,0.07215,0.07248,0.07122,0.07193,65713419,4730370.02349,30339,33391861,2404403.94232,0.0022293437369373,ARPA-USDT,0.0722357677481283,0.0721082656718089,
2024-02-19 15:00:00,0.07194,0.07432,0.07189,0.07331,94694364,6919864.45142,46218,52319659,3821516.55238,0.0013659336156264,ARPA-USDT,0.0720696710576828,0.0720534338730306,
2024-02-19 16:00:00,0.07328,0.07339,0.06969,0.07007,55203007,3935914.06639,30068,25883097,1845492.25217,0.0014291839359723,ARPA-USDT,0.073311656342683,0.0731097894404027,0.00050836
2024-02-19 17:00:00,0.07009,0.07048,0.06934,0.06988,30430821,2125047.44095,15318,14098389,984919.4584,0.0012895830348187,ARPA-USDT,0.0699191042519447,0.0699132959224924,
2024-02-19 18:00:00,0.06987,0.07048,0.06974,0.06993,14410472,1010234.41783,7781,8209541,575707.13899,0.0008587376556463,ARPA-USDT,0.0699322276501821,0.0699626626060348,
2024-02-19 19:00:00,0.06993,0.07047,0.06971,0.06999,11412584,800104.7189,5604,5778367,405401.04206,0.0005718370264473,ARPA-USDT,0.0699376482642985,0.0699753343403462,
2024-02-19 20:00:00,0.07,0.07068,0.06968,0.07021,10903504,764793.66174,5775,4907486,344194.78005,0.0014263300527741,ARPA-USDT,0.0700313089159581,0.0698692823772092,
2024-02-19 21:00:00,0.07023,0.07025,0.06948,0.0699,9145887,638585.9525,5840,4309461,300940.23835,0.0011458034947007,ARPA-USDT,0.0701897271878052,0.07012772989478,
2024-02-19 22:00:00,0.06991,0.07023,0.06977,0.07015,6347113,444302.49872,4561,2866161,200655.47881,0.0011417154274298,ARPA-USDT,0.0699414479648833,0.0699404160772986,
2024-02-19 23:00:00,0.07015,0.07026,0.06935,0.06969,6943319,484574.2499,4826,2992024,208866.32553,0.0008616975441619,ARPA-USDT,0.0701967719284112,0.0701883279510762,
2024-02-20 00:00:00,0.0697,0.07037,0.06873,0.06882,14747299,1024265.35048,9318,6725580,467386.3032,0.0010181818181818,ARPA-USDT,0.069888588178796,0.0700512988893426,0.00078842
2024-02-20 01:00:00,0.06883,0.0694,0.068,0.0689,17354338,1189785.23678,9553,6945078,476526.82942,0.0005808887598024,ARPA-USDT,0.0689363236852969,0.0690688369404591,
2024-02-20 02:00:00,0.0689,0.06912,0.06686,0.06703,30896435,2089517.8295,12684,10865612,734993.08456,0.0020929884885634,ARPA-USDT,0.0689745370203334,0.0690093893775721,
2024-02-20 03:00:00,0.06703,0.06755,0.06562,0.06634,49767241,3309345.97378,22702,25530095,1698110.03063,0.0010562848951261,ARPA-USDT,0.0671496215484725,0.0671357606705407,
2024-02-20 04:00:00,0.06632,0.06822,0.06608,0.06795,22597237,1513954.04981,11924,12937350,866796.35626,0.0016214622641508,ARPA-USDT,0.0663586199544036,0.0662704471225389,
2024-02-20 05:00:00,0.06793,0.06835,0.06768,0.0683,9001342,612499.54797,5554,4258390,289773.59271,0.001172676634418,ARPA-USDT,0.0678871854676736,0.0678240769133132,
2024-02-20 06:00:00,0.0683,0.06903,0.06807,0.06846,9128443,626293.4136,5748,4347063,298259.21229,0.000877192982456,ARPA-USDT,0.0683756372950331,0.0682793522708899,
2024-02-20 07:00:00,0.06845,0.07383,0.06825,0.07267,151347537,10841525.1572,64203,75110391,5379152.3223,0.0016540317022741,ARPA-USDT,0.0684116678732363,0.0683634391283154,
2024-02-20 08:00:00,0.07268,0.07582,0.07163,0.07269,137030521,10097475.54389,74960,66330052,4891257.99661,0.0011017766147916,ARPA-USDT,0.0728158382238295,0.0722810150723683,0.00049794
2024-02-20 09:00:00,0.07271,0.07339,0.06964,0.0708,61187435,4361253.86728,30888,26978134,1923682.91739,0.0021231422505307,ARPA-USDT,0.0730897183300081,0.0730456224907012,
2024-02-20 10:00:00,0.07078,0.07202,0.07033,0.0719,28290730,2012769.0053,16728,15415628,1096932.91552,0.0011138958507381,ARPA-USDT,0.0705896605018013,0.0707126404389794,
2024-02-20 11:00:00,0.07192,0.07193,0.07033,0.07046,22634640,1605805.82668,12971,9781362,694263.61363,0.0019908987485779,ARPA-USDT,0.0716982650564977,0.0716393164200814,
2024-02-20 12:00:00,0.07046,0.07056,0.06871,0.06885,33441198,2329835.45141,17032,12759497,889268.625,0.0018917345750872,ARPA-USDT,0.0704825149539345,0.070088379535635,
2024-02-20 13:00:00,0.06884,0.0696,0.06837,0.06903,26880016,1852671.90793,16494,13765278,948777.85115,0.0027600232423008,ARPA-USDT,0.0688631028552304,0.0687401833316432,
2024-02-20 14:00:00,0.06902,0.06927,0.0665,0.06742,53429540,3617338.98194,27946,23463791,1589461.9626,0.0017830609212481,ARPA-USDT,0.0690478549428563,0.0690919292265029,
2024-02-20 15:00:00,0.0674,0.06758,0.06263,0.06622,74640723,4887949.25354,37743,31263115,2052844.50733,0.000906892382104,ARPA-USDT,0.0674403892811644,0.0673759643310105,
2024-02-20 16:00:00,0.06622,0.06646,0.0641,0.06434,23634468,1544368.41867,14177,9339965,610961.90918,0.0009334163036713,ARPA-USDT,0.0661550224914114,0.0660511650833891,0.00010339
2024-02-20 17:00:00,0.06435,0.06519,0.06378,0.0651,26205816,1691087.59131,14108,13567052,876248.40905,0.0015384615384614,ARPA-USDT,0.0641851185341446,0.0644430277684809,
2024-02-20 18:00:00,0.06508,0.06511,0.06448,0.06462,10834323,700946.4367900001,7247,4651626,301033.94993,0.0007743534148985,ARPA-USDT,0.0650195857119785,0.0649541951949257,
2024-02-20 19:00:00,0.06462,0.0659,0.06438,0.06585,10733029,699222.23874,8064,5730804,373215.70305,0.0003038128512837,ARPA-USDT,0.0646287971492185,0.064501874486875,
2024-02-20 20:00:00,0.06585,0.06643,0.06567,0.06623,12607994,833039.24821,8305,5808953,383845.48761,0.0006043208943948,ARPA-USDT,0.0658476967954327,0.0658164711633325,
2024-02-20 21:00:00,0.06623,0.06725,0.06591,0.06714,11970566,798238.47747,8079,5847927,389757.96332,0.0002979737783075,ARPA-USDT,0.0662042150834483,0.0660839528067829,
2024-02-20 22:00:00,0.06714,0.06723,0.06651,0.06662,7238919,483749.69046,5404,2801280,187251.81019,0.0013527731850291,ARPA-USDT,0.0671552476459958,0.0671288924804179,
2024-02-20 23:00:00,0.0666,0.06702,0.06651,0.06652,6414081,428150.83993,4393,2770759,184975.06293,0.0013548095739874,ARPA-USDT,0.066620259577571,0.066685266436046,
2024-02-21 00:00:00,0.06653,0.06663,0.0661,0.06634,4922551,326690.78793,4750,2049696,136040.18587,0.000603318250377,ARPA-USDT,0.0664524392992772,0.0664081896347153,0.0001
2024-02-21 01:00:00,0.06633,0.06659,0.06585,0.06602,4775614,316342.98009,3544,2113035,139952.70727,0.0007579202667877,ARPA-USDT,0.0662518797876325,0.0662008441090455,
2024-02-21 02:00:00,0.06602,0.06627,0.06572,0.06594,5677083,374736.44558,4237,2731733,180337.76883,0.0010626992561104,ARPA-USDT,0.0660578871195403,0.0660916909629145,
2024-02-21 03:00:00,0.06593,0.06651,0.06588,0.06647,3433092,227471.38758,3187,2070698,137200.36972,0.0003009781790821,ARPA-USDT,0.0659608671920922,0.0659718402390444,
2024-02-21 04:00:00,0.06648,0.068,0.06647,0.06701,19513982,1314435.49102,11801,10644260,716858.89188,0.0004478948939983,ARPA-USDT,0.066533692263945,0.0666156448804325,
2024-02-21 05:00:00,0.067,0.068,0.06668,0.06712,15805040,1065210.80272,9939,7832663,528013.59265,0.0007454897867897,ARPA-USDT,0.0669514761964894,0.0669324317735839,
2024-02-21 06:00:00,0.06712,0.06714,0.06536,0.06554,18939320,1254171.05823,11250,7072464,468407.95625,0.0012221203788571,ARPA-USDT,0.0670499270882069,0.0669071195433585,
2024-02-21 07:00:00,0.06553,0.06573,0.06458,0.06516,19269018,1253773.54678,10525,9130662,594437.7366599999,0.0013831258644536,ARPA-USDT,0.0654926458408323,0.0650524033815813,
2024-02-21 08:00:00,0.06518,0.06624,0.06476,0.06586,18644259,1221732.19829,10454,10410518,682494.63572,0.0010639914880681,ARPA-USDT,0.0652051687271575,0.0651198514390993,0.00021973
2024-02-21 09:00:00,0.06584,0.06728,0.06514,0.06595,45474109,3012297.52182,27194,22935282,1518898.44862,0.0007587253414262,ARPA-USDT,0.0658857725751066,0.0658826531609959,
2024-02-21 10:00:00,0.06595,0.06671,0.06494,0.06524,25544742,1676112.04193,15751,10612231,696678.08358,0.0007669888019636,ARPA-USDT,0.065944644174057,0.0663333031720734,
2024-02-21 11:00:00,0.06521,0.06593,0.0638,0.06413,28393208,1835543.68144,15021,11460973,740760.0904399999,0.0003119638121977,ARPA-USDT,0.0651659681966704,0.065259522452978,
2024-02-21 12:00:00,0.06412,0.06693,0.06304,0.06663,34937311,2276583.48686,20443,16276836,1063007.78847,0.0003002552169342,ARPA-USDT,0.0642399146599055,0.0641958190293991,
2024-02-21 13:00:00,0.06663,0.06706,0.06603,0.06655,23775546,1582399.6918,13230,10789844,718169.20611,0.00150489089541,ARPA-USDT,0.0666977562122986,0.0665968376906701,
2024-02-21 14:00:00,0.06656,0.06667,0.064,0.06422,29159231,1893165.49282,17343,13611753,883282.2590900001,0.000935162094763,ARPA-USDT,0.0665980633170063,0.0664358013816866,
2024-02-21 15:00:00,0.06422,0.06491,0.06366,0.06477,18169669,1169361.87291,10090,8521428,548235.99691,0.001081916537867,ARPA-USDT,0.0641399129933773,0.0639309713708436,
2024-02-21 16:00:00,0.06478,0.06507,0.06391,0.06484,19706190,1272613.42948,8825,9333438,602820.34618,0.0007717240314861,ARPA-USDT,0.064754437804526,0.0646592891530796,0.0001
2024-02-21 17:00:00,0.06484,0.06539,0.06404,0.06411,14669383,948806.88152,7322,7234675,468321.38114,0.0010930668332291,ARPA-USDT,0.0648913702522561,0.0650280961625446,
2024-02-21 18:00:00,0.06409,0.06436,0.06316,0.06357,13132270,835974.9631,6984,5575248,355172.17119,0.0009447331128957,ARPA-USDT,0.0640458641723427,0.0641321797564711,
2024-02-21 19:00:00,0.06355,0.06424,0.06328,0.06416,7463841,476661.62156,5029,3580255,228645.06265,0.0004677997816933,ARPA-USDT,0.0635072787418752,0.0634916189049291,
2024-02-21 20:00:00,0.06419,0.0643,0.06387,0.06414,4548235,291581.32967,2867,2745593,176063.3339,0.0004679457182967,ARPA-USDT,0.0641559335821856,0.0640385672856337,
2024-02-21 21:00:00,0.06414,0.06578,0.06397,0.06551,15673023,1020414.10339,7319,7124143,464168.65787,0.0,ARPA-USDT,0.0642458843127886,0.0641583243705211,
2024-02-21 22:00:00,0.06554,0.06638,0.06497,0.06621,13630622,895270.28948,6688,6225659,408809.58747,0.0006045035514583,ARPA-USDT,0.0654821002093002,0.0655962371290911,
2024-02-21 23:00:00,0.0662,0.06669,0.06602,0.0663,9694977,643394.5532,4940,4838739,321171.91968,0.0016618824595859,ARPA-USDT,0.0661675098437383,0.0662532402100634,
2024-02-22 00:00:00,0.0663,0.06669,0.06526,0.06565,14047774,924729.53402,8828,7331626,483136.45712,0.0001523461304082,ARPA-USDT,0.0663234373159754,0.0663292268783845,0.00057558
2024-02-22 01:00:00,0.06563,0.06578,0.06456,0.0646,7299384,475995.12375,5288,3352181,218768.78683,0.000619578686493,ARPA-USDT,0.0656173890841237,0.0655610274109845,
2024-02-22 02:00:00,0.06459,0.06539,0.06458,0.06521,5898554,383817.29372,4443,2858406,185956.83839,0.0004602638846271,ARPA-USDT,0.0646241524726732,0.0647138618682342,
2024-02-22 03:00:00,0.06521,0.06615,0.06493,0.0658,10387380,682435.02954,5690,5808275,381671.25558,0.0006082725060827,ARPA-USDT,0.0651997944563393,0.0651102997104194,
2024-02-22 04:00:00,0.06581,0.06602,0.06528,0.06575,6389087,419436.7522,4033,3286892,215783.86717,0.0003042750646584,ARPA-USDT,0.0658350919674039,0.0658752676870112,
2024-02-22 05:00:00,0.06575,0.06656,0.0657,0.06636,5398438,357615.33207,4049,2739259,181488.46238,0.0009049773755656,ARPA-USDT,0.0657815678884873,0.0657758813099785,
2024-02-22 06:00:00,0.06636,0.06746,0.06623,0.06698,12792592,856980.56928,6988,6343773,424786.63606,0.0011958146487294,ARPA-USDT,0.0663584299402146,0.0663947031664146,
2024-02-22 07:00:00,0.06699,0.06835,0.06667,0.06813,14750917,996993.49516,9052,7971468,539210.49027,0.000734430082256,ARPA-USDT,0.066813813344067,0.0668393797272333,
2024-02-22 08:00:00,0.06815,0.06855,0.06774,0.06794,13107727,892644.80194,7935,6965768,474451.84844,0.0016217013121038,ARPA-USDT,0.0681101064434393,0.0679664963477078,0.00010225
2024-02-22 09:00:00,0.06794,0.06794,0.06718,0.06722,10430596,704265.75486,6337,4154635,280659.85508,0.0011915400655346,ARPA-USDT,0.0678797181832412,0.0678045091325378,
2024-02-22 10:00:00,0.06724,0.06749,0.0668,0.06729,18670582,1253499.72095,7675,9398776,631182.80219,0.0014883167137966,ARPA-USDT,0.0673135494154028,0.0671505032240546,
2024-02-22 11:00:00,0.06729,0.06747,0.06679,0.06729,11632971,780553.09091,5950,4972406,333542.77824,0.0011902990626393,ARPA-USDT,0.0672969266652288,0.0672200531592107,
2024-02-22 12:00:00,0.06728,0.06749,0.06666,0.06696,10335631,694065.69283,5119,3632883,244107.04865,0.001196172248804,ARPA-USDT,0.0673006296288866,0.0673208682164664,
2024-02-22 13:00:00,0.06695,0.06699,0.0661,0.06671,16550331,1102426.27833,8391,9588448,638701.27759,0.0013509456619633,ARPA-USDT,0.0669468129183483,0.0669184835575567,
2024-02-22 14:00:00,0.06672,0.06781,0.06666,0.06777,10232577,688137.27247,6411,4841843,325903.44769,0.001625775938516,ARPA-USDT,0.0667120916390859,0.0668704389774992,
2024-02-22 15:00:00,0.06774,0.06785,0.06731,0.06771,5929700,400684.31439,4554,2299336,155412.73948,0.0010348905972796,ARPA-USDT,0.0677267000084484,0.0675872088100495,
2024-02-22 16:00:00,0.0677,0.06784,0.06688,0.067,15457569,1039372.48074,6922,5184882,348438.37491,0.0013450904199672,ARPA-USDT,0.0676344473753166,0.0677051289473844,0.00034142
2024-02-22 17:00:00,0.06699,0.0681,0.06691,0.06735,16840181,1136266.75675,6561,8736158,589829.55781,0.00074294205052,ARPA-USDT,0.0670120854890284,0.0670900221715504,
2024-02-22 18:00:00,0.06735,0.06773,0.06699,0.06733,12087465,814512.09627,6191,4848985,326921.96255,0.0016364177328176,ARPA-USDT,0.0673614179276088,0.0673871390368739,
2024-02-22 19:00:00,0.06733,0.06743,0.06684,0.06735,6241894,419337.85286,3531,3222578,216569.87149,0.0016359309934561,ARPA-USDT,0.0673249328638576,0.0672682444147629,
2024-02-22 20:00:00,0.06733,0.0678,0.06719,0.06758,6219491,419891.04034,4389,2501898,168890.25318,0.0011851851851851,ARPA-USDT,0.0673454455457454,0.0673204659031077,
2024-02-22 21:00:00,0.06755,0.06758,0.06672,0.06698,5619559,376865.29209,3650,2242942,150448.65979,0.0010461814377522,ARPA-USDT,0.0675438978374257,0.0675169836230973,
2024-02-22 22:00:00,0.06699,0.06718,0.06608,0.06683,5026332,334961.21735,3596,2256124,150424.86777,0.0005988920497079,ARPA-USDT,0.0670397947018568,0.0670226474721243,
2024-02-22 23:00:00,0.06682,0.06693,0.06591,0.0664,7626341,505302.74438,4496,4252018,281752.51676,0.0013572613482131,ARPA-USDT,0.0668487736201185,0.0668761031635288,
2024-02-23 00:00:00,0.06639,0.06678,0.06603,0.06673,6651312,441183.3117,4105,3257850,216041.86071,0.0012003000750187,ARPA-USDT,0.0664123463880958,0.0663707541024859,0.00043394
2024-02-23 01:00:00,0.06674,0.06694,0.06588,0.06597,15013902,998875.21437,5848,7611616,506047.77161,0.0012141447867657,ARPA-USDT,0.0667305828351836,0.0666514466574572,
2024-02-23 02:00:00,0.06597,0.06659,0.0657,0.066,9659486,639374.29637,5450,4329240,286635.50395,0.0012135922330096,ARPA-USDT,0.0660573821387504,0.0662426207601117,
2024-02-23 03:00:00,0.06598,0.06598,0.06492,0.06534,16020014,1047602.21432,7695,7490009,489960.0885,0.0006125574272588,ARPA-USDT,0.0659066951538521,0.0657757394726058,
2024-02-23 04:00:00,0.06534,0.06671,0.06466,0.06622,17671637,1163214.46016,8039,9904142,652651.22352,0.0010582010582009,ARPA-USDT,0.0653640662674848,0.0652581736131101,
2024-02-23 05:00:00,0.06621,0.06682,0.06616,0.06656,8985750,597058.453,4674,4737614,314903.27585000003,0.0009022556390976,ARPA-USDT,0.0662699364518838,0.066332363934718,
2024-02-23 06:00:00,0.06656,0.06691,0.06624,0.0664,4780992,318151.95188,3114,2116588,140809.23911,0.0010553294135384,ARPA-USDT,0.0665134910695475,0.0665190700563931,
2024-02-23 07:00:00,0.0664,0.06641,0.06522,0.06553,11108888,731901.89749,4828,3659784,241165.17273,0.0015283509093688,ARPA-USDT,0.0663645051238258,0.0662808052579531,
2024-02-23 08:00:00,0.06553,0.06599,0.06486,0.06512,11466729,750023.09526,5829,6048675,395421.57702,0.0009222256378726,ARPA-USDT,0.0654260243376853,0.0655329711852144,0.00012793
2024-02-23 09:00:00,0.06512,0.06558,0.06489,0.06533,5916168,386124.65803,3703,2700137,176213.04748,0.0013795217657877,ARPA-USDT,0.0651194113705583,0.0651424812316978,
2024-02-23 10:00:00,0.06532,0.06597,0.06517,0.06555,7411373,485894.82023,4299,3612714,236790.29834,0.001527883880825,ARPA-USDT,0.0653403649635036,0.065414463188838,
2024-02-23 11:00:00,0.06553,0.06596,0.06544,0.06596,2680794,176141.51553,2036,1215121,79848.65626,0.0015183723048892,ARPA-USDT,0.0654919352051041,0.0655384560243886,
2024-02-23 12:00:00,0.06596,0.06599,0.06507,0.06528,3779473,247599.74973,3088,1836417,120278.76032,0.000919963201472,ARPA-USDT,0.0659670119991336,0.0659323898833511,
2024-02-23 13:00:00,0.06529,0.06618,0.06515,0.06615,5002559,328851.92352,3847,2196400,144327.3816,0.0013623978201635,ARPA-USDT,0.0652923751958046,0.065335378280876,
2024-02-23 14:00:00,0.06616,0.06682,0.06545,0.06636,15381209,1018211.82523,8264,6088310,403321.95225,0.0009049773755656,ARPA-USDT,0.0660788136796232,0.0662079359599157,
2024-02-23 15:00:00,0.06637,0.06655,0.06477,0.06495,22047667,1446873.55779,12310,9376116,615548.27523,0.0013876040703051,ARPA-USDT,0.0663282929461216,0.0662960837723025,
2024-02-23 16:00:00,0.06495,0.06524,0.06311,0.06489,30326624,1947773.56128,15358,14290660,918951.07,0.0010799136069115,ARPA-USDT,0.0649612139832231,0.0648916097302425,0.00037797
2024-02-23 17:00:00,0.0649,0.06549,0.06476,0.06531,8653524,564184.67763,5158,4910479,320296.94798,0.0009195402298851,ARPA-USDT,0.0648376492492331,0.0649228292116028,
2024-02-23 18:00:00,0.06532,0.06557,0.06477,0.06542,4980765,324650.18489,3461,2587788,168661.04089,0.0012243648607286,ARPA-USDT,0.0653086239911862,0.0652020588403781,
2024-02-23 19:00:00,0.06543,0.0657,0.06518,0.06568,4854107,317830.51907,3310,2209679,144689.03091,0.0010669105319311,ARPA-USDT,0.0654335853341315,0.0653351021639032,
2024-02-23 20:00:00,0.06567,0.06616,0.06535,0.06606,6652763,437592.78656,3512,3498115,230133.80437,0.0007574609907587,ARPA-USDT,0.0656764787910058,0.0656634283276179,
2024-02-23 21:00:00,0.06607,0.06619,0.06558,0.06583,5239305,345241.69727,3843,2728595,179831.39316,0.0009122700319295,ARPA-USDT,0.0661126527172229,0.0661124124060458,
2024-02-23 22:00:00,0.06584,0.06598,0.06516,0.06528,3833858,251469.41219,2905,1740608,114130.04771,0.0010734549915656,ARPA-USDT,0.0658259006265445,0.0658880236498245,
2024-02-23 23:00:00,0.06527,0.06585,0.0647,0.06553,5784768,378015.4728,3775,2457805,160490.0475,0.0013753056234719,ARPA-USDT,0.0652553431427925,0.0651585125107268,
2024-02-24 00:00:00,0.06553,0.06613,0.06528,0.06583,5168802,340208.21823,4100,3022599,198955.0187,0.0012167300380228,ARPA-USDT,0.0656872324575216,0.065800657426195,0.00033874
2024-02-24 01:00:00,0.06584,0.06599,0.0643,0.06454,7186197,468092.14207,4771,3102318,202168.06213,0.0009305210918115,ARPA-USDT,0.0658258048086406,0.0658833305979706,
2024-02-24 02:00:00,0.06452,0.06553,0.0643,0.06537,5480021,355754.12011,4199,2939388,190777.0251,0.001378676470588,ARPA-USDT,0.0646585879472889,0.0646384998439891,
2024-02-24 03:00:00,0.06537,0.06596,0.06503,0.06579,2573304,168610.42266,2890,1139690,74704.97499,0.0013698630136986,ARPA-USDT,0.0653368209565975,0.0652356349725663,
2024-02-24 04:00:00,0.06579,0.06644,0.06569,0.06633,6339960,419273.0624,4097,2823854,186763.01437,0.0007543753771876,ARPA-USDT,0.0657485087501366,0.065742248026222,
2024-02-24 05:00:00,0.06633,0.06654,0.06611,0.06635,3416076,226538.99952,2851,1370574,90903.05534,0.0007541478129715,ARPA-USDT,0.0663618719263367,0.0663071175758718,
2024-02-24 06:00:00,0.06635,0.06681,0.06614,0.06641,6092096,404755.223,3694,2830529,188039.16158,0.0009042954031648,ARPA-USDT,0.0663061381906496,0.0662774213115801,
2024-02-24 07:00:00,0.0664,0.06699,0.06628,0.06678,5932217,395649.63528,4146,2724879,181748.13147,0.0007492881762327,ARPA-USDT,0.0663600915110978,0.0663305222604013,
2024-02-24 08:00:00,0.06679,0.0671,0.06656,0.06667,6145565,410646.31965,4279,2687882,179636.40211999998,0.0015021781583293,ARPA-USDT,0.0667642333336768,0.0666877059014674,0.00063699
2024-02-24 09:00:00,0.06668,0.06759,0.06663,0.06744,5406501,363778.36013,4744,2582091,173686.74209,0.0008904719501336,ARPA-USDT,0.0667080524486756,0.066767686550943,
2024-02-24 10:00:00,0.06743,0.06774,0.06716,0.06729,4448966,300015.36317,3859,1797308,121303.37388,0.0008924587237841,ARPA-USDT,0.067335508873382,0.0673552113966478,
2024-02-24 11:00:00,0.06729,0.06758,0.06711,0.06753,3592794,242015.92429,3009,1815518,122302.57264,0.0013345195729539,ARPA-USDT,0.0672637896471234,0.0672044559500206,
2024-02-24 12:00:00,0.06753,0.06758,0.06691,0.06732,4610970,310253.08503,3572,2108611,141906.39848,0.0010408921933084,ARPA-USDT,0.067514737491875,0.0675020404410581,
2024-02-24 13:00:00,0.06732,0.0676,0.06695,0.06737,2915002,196293.17057,2490,1334057,89874.04184,0.001040118870728,ARPA-USDT,0.0673276358174828,0.0672396923934182,
2024-02-24 14:00:00,0.06737,0.06738,0.06666,0.0669,6299576,421772.90222,3931,2412639,161516.25417,0.0008976660682227,ARPA-USDT,0.0673471182461026,0.067238831345724,
2024-02-24 15:00:00,0.0669,0.06706,0.06667,0.06681,3146731,210298.5595,2954,1558196,104160.18358,0.0008988764044941,ARPA-USDT,0.0668821231744594,0.0668876669338554,
2024-02-24 16:00:00,0.06681,0.06732,0.0668,0.06729,3935483,264226.31705,2698,1821916,122339.94138,0.0010413567390656,ARPA-USDT,0.0668304355783308,0.0669108961960744,0.00037946
2024-02-24 17:00:00,0.06729,0.06744,0.06706,0.06737,5073448,341399.20346,3473,2053632,138190.67078,0.0011888839352058,ARPA-USDT,0.0672823503935034,0.0673182755192288,
2024-02-24 18:00:00,0.06736,0.06759,0.06722,0.06729,4255104,286936.68762,2605,1929201,130094.01789,0.0007436049970257,ARPA-USDT,0.067386121231764,0.0674238738812565,
2024-02-24 19:00:00,0.06728,0.06761,0.06728,0.06748,3780969,254955.88604,2413,1791151,120779.10887,0.0008899436369029,ARPA-USDT,0.0673366003508124,0.0673288022545623,
2024-02-24 20:00:00,0.06748,0.06757,0.06707,0.06724,5458539,367386.42946,3146,2190193,147477.84727,0.0008931229532598,ARPA-USDT,0.0675318707145375,0.0674947442321183,
2024-02-24 21:00:00,0.06724,0.06768,0.06705,0.06744,5805396,391109.98954,3950,2645931,178201.467,0.000593471810089,ARPA-USDT,0.0672378391220291,0.067133400071334,
2024-02-24 22:00:00,0.06744,0.06755,0.06704,0.0671,2841204,191183.39535,2091,1184145,79682.21287999999,0.000447293872074,ARPA-USDT,0.0674441864473367,0.0674533158536377,
2024-02-24 23:00:00,0.06709,0.06751,0.06693,0.06729,5315712,357638.42798,3067,2474460,166497.71108,0.0011902990626393,ARPA-USDT,0.0670976097176784,0.0670553077175366,
2024-02-25 00:00:00,0.06728,0.0677,0.06705,0.0674,7531473,507470.7812,5700,4085015,275393.84247,0.0005938242280285,ARPA-USDT,0.0673276959564215,0.0674175663128233,0.00062841
2024-02-25 01:00:00,0.0674,0.06782,0.06713,0.0676,5431148,366176.94295,4117,2492776,168172.26496,0.0007401924500369,ARPA-USDT,0.0675040783708424,0.0675851952804824,
2024-02-25 02:00:00,0.06759,0.06779,0.06707,0.06728,3826352,258263.63364,3656,2026803,136820.68012,0.0011904761904764,ARPA-USDT,0.067577631661639,0.067542935104159,
2024-02-25 03:00:00,0.06728,0.06729,0.06636,0.06703,4200393,280567.84572,3124,1976323,132094.14187,0.0008959235478573,ARPA-USDT,0.0672558365787346,0.0671378166069821,
2024-02-25 04:00:00,0.06703,0.06716,0.06655,0.06684,2444363,163252.14087,2470,1241538,82936.15013,0.0005988023952094,ARPA-USDT,0.0670337332142734,0.0669934346656257,
2024-02-25 05:00:00,0.06683,0.06696,0.06605,0.06657,11005186,731451.53758,5878,4724253,314002.97926,0.0009021199819576,ARPA-USDT,0.0668145474578939,0.0668115571669621,
2024-02-25 06:00:00,0.06656,0.06715,0.06623,0.06705,6963462,465196.90732,4799,4103709,274305.92987,0.0007462686567163,ARPA-USDT,0.0665535134276826,0.0664923310301343,
2024-02-25 07:00:00,0.06702,0.06721,0.06661,0.06685,5796638,387450.17475,3736,2090887,139822.73268000002,0.00104821802935,ARPA-USDT,0.0670346594836156,0.0669746127762705,
2024-02-25 08:00:00,0.06685,0.06686,0.06593,0.06611,5249685,348740.7448,3465,1844407,122631.29842,0.0012115704982582,ARPA-USDT,0.0668238796419766,0.0668187820706786,0.0005023
2024-02-25 09:00:00,0.06609,0.06663,0.06589,0.06654,12634403,837858.13471,6175,7400550,491012.37869,0.0010531066646608,ARPA-USDT,0.0661466485973274,0.0660625791817317,
2024-02-25 10:00:00,0.06655,0.06703,0.06653,0.0667,4351629,290465.1,2898,1965278,131162.20447,0.0009003601440575,ARPA-USDT,0.0665552754475703,0.0666012579101172,
2024-02-25 11:00:00,0.06671,0.067,0.06659,0.06697,3132333,209256.53398,2016,1864536,124596.40558,0.0007471607890019,ARPA-USDT,0.0666927054597701,0.0666610087118339,
2024-02-25 12:00:00,0.06697,0.06769,0.06686,0.0675,6171281,415331.19842,3740,2562564,172531.2448,0.0005929439667951,ARPA-USDT,0.0669154618191175,0.0669459778025752,
2024-02-25 13:00:00,0.06752,0.0682,0.067,0.06719,9272116,626995.5242,6025,4082162,276291.901,0.0014905351021017,ARPA-USDT,0.0675625394323301,0.0678687179396132,
2024-02-25 14:00:00,0.06718,0.06785,0.06708,0.06748,5580405,376471.01804,3468,2532896,170921.85868,0.0010384215991692,ARPA-USDT,0.0671332655705032,0.0671459710223799,
2024-02-25 15:00:00,0.06748,0.06768,0.06676,0.06694,6341451,425915.61594,4061,2262737,151973.55609,0.0010468072379243,ARPA-USDT,0.0674631304744904,0.0673757623779677,
2024-02-25 16:00:00,0.06694,0.06807,0.06671,0.06699,15080271,1016585.79816,7727,6891945,464816.14182,0.0013452914798204,ARPA-USDT,0.0669679640695915,0.0669691146723374,0.00039208
2024-02-25 17:00:00,0.067,0.06746,0.06689,0.0674,4705524,316374.40195,3293,2304281,154922.1238,0.0013370970138166,ARPA-USDT,0.067024038089783,0.0670173696447974,
2024-02-25 18:00:00,0.06741,0.06744,0.06712,0.06724,3198015,215094.57892,2835,1349356,90747.70365,0.0014894250819181,ARPA-USDT,0.0673799515818318,0.067346457661386,
2024-02-25 19:00:00,0.06723,0.06764,0.06713,0.06764,2644140,178076.11837,2740,1290669,86959.89934999999,0.0017772511848341,ARPA-USDT,0.0672105104186865,0.0671832331612227,
2024-02-25 20:00:00,0.06763,0.06769,0.0672,0.06732,3719663,251001.28229,3205,1511244,102003.37185,0.001338688085676,ARPA-USDT,0.0676197529754033,0.0675847564598512,
2024-02-25 21:00:00,0.06731,0.06749,0.06712,0.06715,3057242,205660.857,2285,1252566,84304.49938,0.0011927836588638,ARPA-USDT,0.0673729990983805,0.0673161514708018,
2024-02-25 22:00:00,0.06715,0.06731,0.06695,0.06714,2550091,171176.84221,2482,1211003,81309.93658,0.0010436857015059,ARPA-USDT,0.0670823745949145,0.067051174776369,
2024-02-25 23:00:00,0.06715,0.06756,0.06701,0.06748,2546653,171346.55312,2346,1401919,94361.70481,0.0010384215991692,ARPA-USDT,0.0671913402707617,0.0671697230424769,
2024-02-26 00:00:00,0.0675,0.06784,0.06706,0.06763,5793401,390526.88823,4186,2718709,183381.99515,0.0010361160449969,ARPA-USDT,0.0674654642612155,0.0673722544856821,0.00081166
2024-02-26 01:00:00,0.06763,0.06782,0.06735,0.06765,4893699,330640.92816,3256,1844332,124656.12411,0.0008877052818465,ARPA-USDT,0.0676246055273979,0.067614945917447,
2024-02-26 02:00:00,0.06764,0.06778,0.0672,0.06722,2747235,185372.75625,2092,1454209,98211.81638,0.0005954153021732,ARPA-USDT,0.0676769770719896,0.0676058164598499,
2024-02-26 03:00:00,0.06723,0.06784,0.06714,0.06772,2954840,199479.92282,2423,1475538,99620.92022,0.0013307703681799,ARPA-USDT,0.0672421764765423,0.0672863346155714,
2024-02-26 04:00:00,0.06775,0.068,0.06757,0.06769,3534019,239650.25657,2771,2087992,141606.52734,0.0017759360663014,ARPA-USDT,0.067745456425051,0.0676713587006983,
2024-02-26 05:00:00,0.0677,0.06869,0.06747,0.06842,6380519,434450.5333,4349,3817977,260089.25534,0.0010241404535478,ARPA-USDT,0.0677083607610575,0.0677514278123031,
2024-02-26 06:00:00,0.06844,0.06881,0.06813,0.06872,7774868,532442.21172,5774,3442301,235864.27734,0.002187545573866,ARPA-USDT,0.0683486819402698,0.0683236063042734,
2024-02-26 07:00:00,0.06873,0.06873,0.06716,0.06735,13968228,946745.09062,9471,5644752,382719.92073,0.0013380909901872,ARPA-USDT,0.0686341281268723,0.0685910130423158,
2024-02-26 08:00:00,0.06735,0.06769,0.06675,0.06715,10540372,708862.01434,7818,5168774,347690.13519,0.0020892404118788,ARPA-USDT,0.0674180552927346,0.0674004349476925,0.00040459
2024-02-26 09:00:00,0.06717,0.06717,0.06544,0.06578,25785567,1707621.13201,13053,10585698,700571.80362,0.002285540149322,ARPA-USDT,0.0670418912216011,0.0670426034501696,
2024-02-26 10:00:00,0.06577,0.06656,0.06567,0.06636,8803527,583262.955,4933,3647842,241631.18169,0.0018115942028986,ARPA-USDT,0.0658340437948998,0.065870304557142,
2024-02-26 11:00:00,0.06636,0.06762,0.06607,0.06756,7875749,526130.65961,5551,4344146,290211.12918,0.001630837657524,ARPA-USDT,0.066415518361782,0.0663695524481581,
2024-02-26 12:00:00,0.06756,0.06756,0.06677,0.06716,5714138,383657.29648,4457,2294262,153992.73611,0.0014912019087385,ARPA-USDT,0.0674509828037589,0.0673426950158553,
2024-02-26 13:00:00,0.06716,0.06737,0.06635,0.06665,5928105,396890.98103,3604,2467262,165197.68904,0.0010513667768099,ARPA-USDT,0.0671483161554264,0.0671372825619551,
2024-02-26 14:00:00,0.06665,0.06789,0.06655,0.06777,11170351,753807.89235,6910,5997812,404881.97105,0.002218278615794,ARPA-USDT,0.0666725948593617,0.0667515601482051,
2024-02-26 15:00:00,0.06778,0.06817,0.06766,0.06805,10153177,689343.43739,6875,3992792,271153.78304,0.0023567535719546,ARPA-USDT,0.0678378889660899,0.0678202466699748,
2024-02-26 16:00:00,0.06805,0.06839,0.0676,0.0683,8349784,568194.17487,6872,3756958,255757.48549,0.0022010271460013,ARPA-USDT,0.0680186197450844,0.0679928256236588,0.00025004
2024-02-26 17:00:00,0.06828,0.06873,0.06812,0.06859,6438792,440480.58644,5213,3217347,220120.70497,0.0018989190768332,ARPA-USDT,0.0682780315227523,0.0682564193372698,
2024-02-26 18:00:00,0.06859,0.06873,0.06807,0.06818,6344069,434002.71532,5385,3258808,223000.4475,0.0011747430249633,ARPA-USDT,0.0686293561327495,0.0685640107372757,
2024-02-26 19:00:00,0.06817,0.06877,0.0679,0.06868,8744935,597798.66778,6237,3665789,250599.99622,0.0013121446274968,ARPA-USDT,0.0682021127675996,0.0680846799132841,
2024-02-26 20:00:00,0.06868,0.06874,0.06805,0.06834,5935297,405764.32989,4354,2384839,163077.12889,0.0020527859237535,ARPA-USDT,0.0686811333570955,0.0685121548438795,
2024-02-26 21:00:00,0.06835,0.06869,0.0682,0.06852,4783833,327332.94767,3305,2806634,192109.41345,0.0017543859649122,ARPA-USDT,0.0683545006293438,0.0683061506028405,
2024-02-26 22:00:00,0.06852,0.06889,0.06822,0.06858,5134076,352061.04824000003,4341,2837371,194685.21219,0.0017528483786153,ARPA-USDT,0.0685459616543535,0.0686191072293517,
2024-02-26 23:00:00,0.06858,0.0686,0.06827,0.06835,2340350,160102.83761000002,2379,1109770,75944.31754999999,0.001611957796014,ARPA-USDT,0.0685239187545917,0.0684568921795297,
2024-02-27 00:00:00,0.06836,0.06892,0.06827,0.06857,7899000,541805.38058,7093,4377805,300334.69476,0.0014604936468527,ARPA-USDT,0.0684351662797373,0.068446500409818,0.00100044
2024-02-27 01:00:00,0.06858,0.06942,0.06839,0.06914,4707436,324806.67892,4628,2311210,159558.19432,0.0014484356894552,ARPA-USDT,0.0686083121976866,0.0685494162610687,
2024-02-27 02:00:00,0.06917,0.07075,0.0689,0.07055,20028134,1397259.23596,15266,11445982,798450.30009,0.0021306818181818,ARPA-USDT,0.0692924069504393,0.0692319572392083,
2024-02-27 03:00:00,0.07055,0.0706,0.06948,0.06978,17950013,1260954.81743,10908,8735370,613776.14124,0.0018664752333092,ARPA-USDT,0.0705213781818001,0.070427146567811,
2024-02-27 04:00:00,0.06979,0.07042,0.06964,0.06998,7797882,546799.40639,5822,3194285,224063.35461,0.0010012873694751,ARPA-USDT,0.0698233002733522,0.0700436433984951,
2024-02-27 05:00:00,0.06999,0.07017,0.06961,0.06988,4585696,320626.74348,4036,1881092,131537.07650999998,0.001863799283154,ARPA-USDT,0.069990295914936,0.0699873177282222,
2024-02-27 06:00:00,0.06988,0.07001,0.0689,0.06932,7198191,499309.72378,5152,3067308,212911.51429,0.0015893656985985,ARPA-USDT,0.0698642457277217,0.0698381501384767,
2024-02-27 07:00:00,0.06933,0.06941,0.06885,0.06908,6067591,419413.74559,4709,3052244,210999.65904,0.0014496955639315,ARPA-USDT,0.0693783730799683,0.0692093329062775,
2024-02-27 08:00:00,0.06907,0.06985,0.06907,0.06977,4689398,326046.42031,4270,2542925,176823.57625,0.0012916188289322,ARPA-USDT,0.069180619404965,0.0693065929565378,0.000874
2024-02-27 09:00:00,0.06978,0.07003,0.0696,0.06986,4649023,324668.07795,3748,2078270,145191.95189,0.0014334862385321,ARPA-USDT,0.0698579308010354,0.0698330209826717,
2024-02-27 10:00:00,0.06986,0.07011,0.06962,0.06996,6454366,450902.43007,3864,2487349,173771.53542,0.0018616640412429,ARPA-USDT,0.0698227496371892,0.0697881863211537,
2024-02-27 11:00:00,0.06995,0.07056,0.0697,0.07037,8149317,570934.2866100001,5823,3742621,262302.85799,0.0012805919180423,ARPA-USDT,0.0699353731146242,0.0699484459947313,
2024-02-27 12:00:00,0.07037,0.07066,0.06999,0.07011,8725362,613137.63193,7257,3844629,270255.8023,0.0009994288977726,ARPA-USDT,0.0703219345955715,0.0703120283722493,
2024-02-27 13:00:00,0.07012,0.07044,0.0694,0.06992,10022940,700711.29421,7905,4229217,295769.32419,0.0015757054863199,ARPA-USDT,0.0702973835282995,0.0701651100505005,
2024-02-27 14:00:00,0.06993,0.07014,0.06926,0.06957,5264238,367257.79563,4978,2260900,157813.29058,0.0015836452634612,ARPA-USDT,0.0699650053346128,0.0698502283918196,
2024-02-27 15:00:00,0.06957,0.06984,0.06859,0.06889,6572285,454981.60524,5605,3019285,209031.7012,0.0010171461784365,ARPA-USDT,0.0696374219234746,0.0696689963888802,
2024-02-27 16:00:00,0.0689,0.06932,0.06805,0.06875,12893027,886442.9117299999,8715,6102169,419695.12075,0.001602564102564,ARPA-USDT,0.0690626597872743,0.0691883876511627,0.00046545
2024-02-27 17:00:00,0.06876,0.06952,0.06865,0.06948,6863662,474953.39734,6024,3606662,249579.05279,0.0017301038062282,ARPA-USDT,0.0687819780601696,0.0687767820693982,
2024-02-27 18:00:00,0.06948,0.06996,0.06936,0.06953,5321023,370653.22982,4423,2752360,191798.37943,0.0017288575133265,ARPA-USDT,0.0694430659937888,0.0694697424567972,
2024-02-27 19:00:00,0.06953,0.06972,0.06896,0.06929,7449525,516857.00879,5277,3625190,251481.53522,0.002314479965283,ARPA-USDT,0.0695358340419695,0.0695751356254449,
2024-02-27 20:00:00,0.06929,0.06939,0.06883,0.06934,5188744,358821.53032,4648,2638553,182505.55759,0.0018783412801619,ARPA-USDT,0.0693209329477008,0.0693042494695029,
2024-02-27 21:00:00,0.06933,0.06936,0.06904,0.06928,3390846,234883.66287,3065,1859118,128800.2406,0.0013007660066481,ARPA-USDT,0.0693022824130436,0.0692210395293193,
2024-02-27 22:00:00,0.06929,0.0694,0.06922,0.0693,3187550,220974.56308,2541,1965148,136253.36146,0.0014450867052022,ARPA-USDT,0.0693100616355524,0.0693410764827802,
2024-02-27 23:00:00,0.06931,0.06935,0.06892,0.06898,3822587,264342.62549,2622,1727575,119454.49467,0.0010158177332753,ARPA-USDT,0.0693205626764411,0.0692949219665567,
2024-02-28 00:00:00,0.06898,0.06966,0.06898,0.06958,6474286,448744.83742,4333,3191143,221151.7477,0.0014392630972941,ARPA-USDT,0.0690920689935647,0.0691097234055976,0.00073188
2024-02-28 01:00:00,0.06959,0.06961,0.06901,0.06944,5357894,371171.42771,5035,2191271,151818.96367,0.0011534025374855,ARPA-USDT,0.0695825057261073,0.0695090673412022,
2024-02-28 02:00:00,0.06945,0.06988,0.06927,0.06963,3305721,229998.60391,3449,1776509,123602.24165,0.0012942191544433,ARPA-USDT,0.0694585977734821,0.0694038691911531,
2024-02-28 03:00:00,0.06962,0.07004,0.06937,0.06969,6953877,484567.5298,5437,3970914,276792.44198,0.0011492601637694,ARPA-USDT,0.0696089521746517,0.0696176266236696,
2024-02-28 04:00:00,0.06968,0.06982,0.06949,0.0695,5935952,413409.07695,4200,2296296,160001.18465,0.0004318410824817,ARPA-USDT,0.0696570681682919,0.0696607224993612,
2024-02-28 05:00:00,0.06952,0.06972,0.06926,0.06972,4344513,301770.82376,3062,1647526,114497.22198,0.0008613264427219,ARPA-USDT,0.0695177888674323,0.0694703709607827,
2024-02-28 06:00:00,0.06972,0.06992,0.06937,0.06959,4158911,289778.59027,3636,2219460,154642.6261,0.001006904487917,ARPA-USDT,0.0697471294657846,0.0697783559814343,
2024-02-28 07:00:00,0.06958,0.07012,0.06949,0.07006,4022387,280776.91181,3725,2310517,161310.85336,0.0021456157917321,ARPA-USDT,0.0695658887684595,0.0695508930675997,
2024-02-28 08:00:00,0.07007,0.0701,0.06922,0.06933,8125881,564914.26513,5975,4446954,309085.46741,0.0012998266897747,ARPA-USDT,0.0700398411154879,0.0699547152403512,0.00050453
2024-02-28 09:00:00,0.06932,0.07004,0.06874,0.06989,11463923,794335.3971299999,8039,5896435,408699.44628,0.0015763829177415,ARPA-USDT,0.0692650475569127,0.0691192749351533,
2024-02-28 10:00:00,0.0699,0.07034,0.06974,0.07029,9450475,662422.89065,7615,4572664,320559.043,0.0022814772565236,ARPA-USDT,0.0699934944282223,0.0701316097066766,
2024-02-28 11:00:00,0.0703,0.07076,0.06793,0.06897,26696695,1853297.94569,13218,12664422,880248.83974,0.0017429193899782,ARPA-USDT,0.0702389219563367,0.0702411521182091,
2024-02-28 12:00:00,0.06897,0.06967,0.06895,0.06948,11950291,828340.6044,8998,5396576,374133.71211,0.0018745493871665,ARPA-USDT,0.0690600476305002,0.0692548603109848,
2024-02-28 13:00:00,0.06947,0.07011,0.06938,0.06961,13472169,939735.30822,9328,6782841,473239.35291,0.0020152583849144,ARPA-USDT,0.0694797212608262,0.0695864101645482,
2024-02-28 14:00:00,0.06963,0.0701,0.06901,0.06939,11170187,777650.63559,8056,5654519,393808.18931,0.0014432096983689,ARPA-USDT,0.0696624492411827,0.0697794913313241,
2024-02-28 15:00:00,0.0694,0.06983,0.06907,0.06935,8479058,588634.87613,6154,4339708,301343.87679,0.0024573576178084,ARPA-USDT,0.0693834689917061,0.0695334108266555,
2024-02-28 16:00:00,0.06936,0.07056,0.06931,0.07014,15800005,1107600.3906,8772,8543763,599034.47249,0.0018568775889158,ARPA-USDT,0.0694070547481948,0.0694198612043842,0.00108907
2024-02-28 17:00:00,0.07014,0.0708,0.06054,0.06818,116619561,7764485.4631,53884,54279536,3621963.45797,0.0005870267097152,ARPA-USDT,0.0700514438242677,0.0700017963182582,
2024-02-28 18:00:00,0.06819,0.06832,0.06494,0.0669,56107403,3736415.00312,36861,27562001,1835541.80737,0.001197246333433,ARPA-USDT,0.0681860050606091,0.0677701381263128,
2024-02-28 19:00:00,0.0669,0.06763,0.06623,0.06722,15081539,1011595.60894,10574,7340566,492344.3851,0.0007443799315172,ARPA-USDT,0.0669724889858174,0.0672280052398855,
2024-02-28 20:00:00,0.06724,0.06781,0.06657,0.06767,12360769,828970.48007,8842,5435631,364703.66644,0.0010355029585797,ARPA-USDT,0.0672095610683599,0.0671935365030265,
2024-02-28 21:00:00,0.06767,0.06864,0.06732,0.06842,11498615,783481.42105,6684,4726067,321835.06798,0.0011706175007315,ARPA-USDT,0.0676131161571556,0.0675822365680666,
2024-02-28 22:00:00,0.06841,0.06871,0.06806,0.06863,8689542,594739.93717,4867,3562358,243825.4784,0.0016053706946876,ARPA-USDT,0.0683830253633353,0.0683638221769268,
2024-02-28 23:00:00,0.06864,0.06908,0.06857,0.06893,5104858,351476.3785,4683,2301535,158496.91607,0.0021808665309683,ARPA-USDT,0.0687227137097589,0.0688179776208603,
2024-02-29 00:00:00,0.06893,0.07075,0.06872,0.0706,16551940,1156299.67733,11562,8104286,565716.69389,0.0019869429463525,ARPA-USDT,0.0690361486428153,0.0690626657025279,0.0005143
2024-02-29 01:00:00,0.07062,0.07155,0.07038,0.07052,11169469,790994.75022,8382,5473109,387726.22819,0.0021315901662639,ARPA-USDT,0.0705232893723261,0.0706475749315631,
2024-02-29 02:00:00,0.07054,0.07077,0.06999,0.07003,8994017,632603.61742,6372,4448229,312978.91221,0.0025769506084467,ARPA-USDT,0.0705555852543142,0.0705204195292227,
2024-02-29 03:00:00,0.07003,0.07039,0.06954,0.07026,5538935,387529.17658,5158,2440204,170918.99036,0.001568068424804,ARPA-USDT,0.0700908914794484,0.0699894688279757,
2024-02-29 04:00:00,0.07026,0.07093,0.07001,0.07068,10048878,708625.26967,7295,5192561,366259.00493,0.0021267545725225,ARPA-USDT,0.0704366169094722,0.0703283655614766,
2024-02-29 05:00:00,0.07068,0.07151,0.07058,0.07124,6928248,492512.70205,6276,3320882,236187.7629,0.0019690576652602,ARPA-USDT,0.0706655047716062,0.0706578970026555,
2024-02-29 06:00:00,0.07124,0.07223,0.0706,0.07091,19666686,1404418.7985,11035,8775251,627079.0033100001,0.0019782393669633,ARPA-USDT,0.0711943448602807,0.0711653571777367,
2024-02-29 07:00:00,0.07092,0.0718,0.07054,0.07175,10897506,774489.949,8655,5401779,383976.06392,0.0020949720670391,ARPA-USDT,0.0710626812649812,0.0709441592898698,
2024-02-29 08:00:00,0.07175,0.07279,0.07143,0.07245,11332088,815619.37518,9231,5987326,431078.53034,0.0037406483790525,ARPA-USDT,0.071770753231306,0.0718665192419625,0.00094376
2024-02-29 09:00:00,0.07244,0.07276,0.07155,0.07167,9573406,690750.44473,7078,4468541,322467.91366,0.0030790762771168,ARPA-USDT,0.0724947925347526,0.0725758386671102,
2024-02-29 10:00:00,0.07167,0.07177,0.07081,0.07133,9439862,672230.9442500001,7141,4501618,320555.29684,0.00238898257448,ARPA-USDT,0.0716960816666554,0.0715207651094238,
2024-02-29 11:00:00,0.07131,0.07184,0.07091,0.07101,5727703,408719.14546,5707,2899877,207010.4812,0.0019754480033864,ARPA-USDT,0.0713244720934471,0.0713048641067517,
2024-02-29 12:00:00,0.07101,0.07126,0.07052,0.07124,6938979,492569.77189,6871,3450599,244985.35372,0.0015464642204414,ARPA-USDT,0.0710405471354531,0.0710151724786572,
2024-02-29 13:00:00,0.07125,0.07171,0.07088,0.07142,6885108,491446.08895,6301,2736824,195387.04375,0.0018235376630661,ARPA-USDT,0.0713312591453043,0.0712581569984987,
2024-02-29 14:00:00,0.07141,0.07172,0.07068,0.07102,6442607,459259.98525,5492,3186376,227252.34651,0.0018338270560023,ARPA-USDT,0.0714177570573579,0.0713911284874515,
2024-02-29 15:00:00,0.07103,0.07138,0.07076,0.07135,5328921,379003.77537,4308,2657776,189034.30768,0.0009820426487092,ARPA-USDT,0.0710425884410213,0.0709083197714424,
2024-02-29 16:00:00,0.07135,0.07155,0.06845,0.0695,34420751,2405748.4266,16722,16111075,1126691.35351,0.0025966532025389,ARPA-USDT,0.0714113671445358,0.0714438209247539,0.00099607
2024-02-29 17:00:00,0.0695,0.06975,0.06787,0.06857,17365601,1194025.21604,13646,8659828,595859.98879,0.0020458863071752,ARPA-USDT,0.0695673764492052,0.0696672436180866,
2024-02-29 18:00:00,0.06858,0.06928,0.06795,0.06851,9782703,671781.06189,8126,4536189,311458.15349,0.0023408924652523,ARPA-USDT,0.0686898817591925,0.0686915341640323,
2024-02-29 19:00:00,0.0685,0.06948,0.06815,0.0694,5467678,376827.82651,4406,2810455,193663.22374,0.002745268024852,ARPA-USDT,0.0685018732634041,0.0684395252107641,
2024-02-29 20:00:00,0.0694,0.06949,0.06906,0.06914,4586497,317721.36408,4048,1822867,126316.08068,0.0017386264850767,ARPA-USDT,0.069426282197088,0.0693579232051673,
2024-02-29 21:00:00,0.06913,0.0692,0.06679,0.06797,19847077,1342531.55373,12798,10582799,714624.8083500001,0.0020639834881321,ARPA-USDT,0.0690703017412543,0.0690356428351404,
2024-02-29 22:00:00,0.06798,0.06818,0.0644,0.06571,21547493,1418303.79396,13198,9870948,649712.91944,0.0013715330691863,ARPA-USDT,0.0680102638765962,0.0678685423244155,
2024-02-29 23:00:00,0.0657,0.06721,0.06569,0.06707,9455555,630350.7601,7259,4905111,326761.02129,0.0011942080907598,ARPA-USDT,0.0657269296301354,0.0659009761094097,
2024-03-01 00:00:00,0.06707,0.06833,0.06706,0.06829,8835247,597183.6553100001,6736,3961324,267955.34022,0.0022013501614324,ARPA-USDT,0.0671466810847744,0.0671745713470551,0.00058463
2024-03-01 01:00:00,0.0683,0.06877,0.06796,0.06855,8053812,550613.29018,6713,3621515,247630.68494,0.001900029231219,ARPA-USDT,0.0681978337257974,0.0681428271057558,
2024-03-01 02:00:00,0.06855,0.06876,0.06792,0.06869,7425216,508062.78357,5860,3556111,243391.26662,0.0016039661708953,ARPA-USDT,0.0685472881198539,0.0685393362095726,
2024-03-01 03:00:00,0.0687,0.06934,0.06838,0.06866,5930401,408680.88709,4901,2888033,199139.20718,0.0014585764294048,ARPA-USDT,0.0686611209176633,0.0687329167734724,
2024-03-01 04:00:00,0.06866,0.06982,0.06862,0.06976,5169871,358446.94316,4626,2458745,170496.42023,0.0015793251974156,ARPA-USDT,0.0686684305008823,0.0687198819282689,
2024-03-01 05:00:00,0.06978,0.07044,0.06956,0.06969,9606305,672612.00894,6237,5263969,368809.49304,0.0017248814144026,ARPA-USDT,0.0698171011341558,0.0697860577098219,
2024-03-01 06:00:00,0.06969,0.07012,0.06924,0.0694,5600386,389869.37725,4832,2500355,174146.48171,0.0007209805335257,ARPA-USDT,0.0696786505392014,0.0696918417015475,
2024-03-01 07:00:00,0.06941,0.06958,0.06879,0.06905,3984047,275688.65104,3905,1845280,127693.27164,0.0013051044083527,ARPA-USDT,0.0693756789113172,0.0693708577896665,
2024-03-01 08:00:00,0.06905,0.07015,0.06889,0.06992,5044371,350701.93513,4474,2135251,148407.41189,0.0017191977077362,ARPA-USDT,0.0689946963010146,0.0690160992744599,0.00072972
2024-03-01 09:00:00,0.06992,0.07014,0.0695,0.06976,5877364,410061.08659,4301,2747862,191743.33134,0.001435544071203,ARPA-USDT,0.0699251369991379,0.0698813083137518,
2024-03-01 10:00:00,0.06976,0.07007,0.06897,0.06928,16102368,1117286.06573,6240,7026829,487300.02895,0.0013007660066481,ARPA-USDT,0.0697703209062383,0.0697783474513254,
2024-03-01 11:00:00,0.06928,0.06941,0.06887,0.06932,4115353,284791.65588,3788,1817388,125751.55138,0.0014446691707599,ARPA-USDT,0.0692978033108255,0.0692918780321027,
2024-03-01 12:00:00,0.06931,0.0701,0.06921,0.06969,6068387,423027.09367,6206,3336104,232539.93908,0.0017248814144026,ARPA-USDT,0.0692461373987307,0.0692748370309495,
2024-03-01 13:00:00,0.06968,0.07071,0.06967,0.07038,9026034,635012.26062,6696,4918266,346008.30619000003,0.0015653906361177,ARPA-USDT,0.0696958204598846,0.0698352076114332,
2024-03-01 14:00:00,0.07038,0.07041,0.06906,0.06988,12701102,887386.57963,8748,5092248,355673.76257,0.0011461318051575,ARPA-USDT,0.0702931107425139,0.0702346668432995,
2024-03-01 15:00:00,0.06989,0.06993,0.06884,0.06894,8421975,583923.71538,7289,3875982,268718.22108,0.0007257947452459,ARPA-USDT,0.0698817473937377,0.0698479956016216,
2024-03-01 16:00:00,0.06895,0.06985,0.06894,0.06937,8725355,605658.7067099999,7279,4261202,295812.03133,0.0011545677586952,ARPA-USDT,0.0690532136332162,0.0691354705869636,0.00117953
2024-03-01 17:00:00,0.06937,0.07053,0.06933,0.07036,7560038,530070.55232,6388,3781733,265188.98687,0.0014232849416453,ARPA-USDT,0.0693867637947725,0.0695060042422529,
2024-03-01 18:00:00,0.07037,0.07075,0.07012,0.07068,8688981,612133.14656,5927,4019820,283227.7033,0.0017006802721089,ARPA-USDT,0.0703706196290057,0.0703450379918307,
2024-03-01 19:00:00,0.07069,0.07085,0.07049,0.07075,4141406,292807.10315,3822,2215855,156681.43119,0.0019827219940515,ARPA-USDT,0.0707000045775568,0.0706947013088158,
2024-03-01 20:00:00,0.07076,0.07108,0.07042,0.07096,4815828,340943.43015000003,4376,2406595,170433.67462,0.0022598870056496,ARPA-USDT,0.070789236782235,0.0708131632172405,
2024-03-01 21:00:00,0.07096,0.07131,0.07064,0.07114,6227789,442569.49824,4683,2794454,198572.1727,0.0014076576576576,ARPA-USDT,0.070844691221935,0.0707521442752015,
2024-03-01 22:00:00,0.07115,0.07175,0.07089,0.07148,7861137,561338.19611,5034,3433438,245323.61428,0.001822004204625,ARPA-USDT,0.0711324383813867,0.0710568127513277,
2024-03-01 23:00:00,0.07149,0.07186,0.07144,0.0715,3747775,268295.14987,3459,1826896,130815.93745,0.0014005602240894,ARPA-USDT,0.0714831627778071,0.0715233588144876,
2024-03-02 00:00:00,0.07151,0.07208,0.07139,0.07182,6936730,497608.6291,5657,2915561,209240.42416,0.0023726448011163,ARPA-USDT,0.0715319591068603,0.071521660844435,0.00090056
2024-03-02 01:00:00,0.07184,0.07185,0.07001,0.07084,16698045,1181395.96242,8805,6668936,471283.42723,0.002121940868581,ARPA-USDT,0.0716996689477606,0.0716915488876592,
2024-03-02 02:00:00,0.07083,0.07093,0.07031,0.07079,7843417,554314.0965999999,5007,3232681,228575.4808,0.0024072500708014,ARPA-USDT,0.0708312313265988,0.0708057496260555,
2024-03-02 03:00:00,0.0708,0.07083,0.07026,0.0708,6121675,431922.02636,7090,2823250,199260.62316,0.0025488530161428,ARPA-USDT,0.0708168435751778,0.0707423724453712,
2024-03-02 04:00:00,0.0708,0.07099,0.07033,0.07051,6914453,488627.97791,5210,3269518,231080.45875,0.0018471156578574,ARPA-USDT,0.0708257425325408,0.0708479816028647,
2024-03-02 05:00:00,0.0705,0.07075,0.06994,0.07073,10313631,726143.65522,6434,5075515,357346.42877,0.0019832837512394,ARPA-USDT,0.0704943314648356,0.0705096402563196,
2024-03-02 06:00:00,0.07073,0.0715,0.07064,0.07133,6695699,476613.8021,5434,3226993,229761.90712,0.0012633352049411,ARPA-USDT,0.0707601328734499,0.0707126495717798,
2024-03-02 07:00:00,0.07133,0.07136,0.07088,0.07125,4536257,322652.59593,4180,2061304,146620.87055,0.0025327142254114,ARPA-USDT,0.0713345681679588,0.0712291177575257,
2024-03-02 08:00:00,0.07124,0.07137,0.07004,0.0707,10212982,722041.1155,6823,4076552,287841.79652,0.0031214528944381,ARPA-USDT,0.0712148461833525,0.071257887490989,0.00103127
2024-03-02 09:00:00,0.0707,0.07085,0.06965,0.07035,12371571,868758.89951,8448,5909172,415149.51031,0.0034231921266578,ARPA-USDT,0.0707256908233324,0.0706913060169902,
2024-03-02 10:00:00,0.07036,0.071,0.07018,0.0705,9399360,663332.34606,6360,4342062,306591.79002,0.0024171761694866,ARPA-USDT,0.0703247430304618,0.070378996615163,
2024-03-02 11:00:00,0.07049,0.07164,0.07047,0.0711,9618542,684595.32849,7008,5230622,372236.90374,0.0018317598985486,ARPA-USDT,0.0704990463049183,0.0706273323788325,
2024-03-02 12:00:00,0.07109,0.07176,0.07104,0.07169,10260643,734211.50405,6527,5052195,361579.7634,0.0027975940691007,ARPA-USDT,0.0711337630998625,0.0711925092516859,
2024-03-02 13:00:00,0.07169,0.07234,0.07147,0.07179,16150285,1161928.7102,9313,7480984,538577.83725,0.0016743407283383,ARPA-USDT,0.0716978355269079,0.071679509034028,
2024-03-02 14:00:00,0.07179,0.0722,0.07083,0.07206,16851281,1205007.49892,12329,7585522,542408.84904,0.0019466073414906,ARPA-USDT,0.0717021158517666,0.0714255627498391,
2024-03-02 15:00:00,0.07205,0.07213,0.07106,0.07159,7791006,558357.97191,6680,3536668,253496.93987,0.0013987970345503,ARPA-USDT,0.0720693602338522,0.0719545879208342,
2024-03-02 16:00:00,0.07162,0.07258,0.07153,0.07211,14057346,1014555.34634,10924,7196785,519514.52888,0.0022237665045168,ARPA-USDT,0.0716755648001377,0.0719242502587923,0.00107229
2024-03-02 17:00:00,0.07209,0.07305,0.07209,0.07227,12177532,883200.87638,8197,5612139,407070.17263,0.0013856172925037,ARPA-USDT,0.0721722741520298,0.0723200848275546,
2024-03-02 18:00:00,0.07225,0.07294,0.07221,0.0728,4102077,297652.46567,4164,2322735,168530.7855,0.0026167194601296,ARPA-USDT,0.0722640832380086,0.0722574137400718,
2024-03-02 19:00:00,0.0728,0.07302,0.07249,0.07293,5000279,363460.43601,4972,2736921,199053.02657,0.0024742268041237,ARPA-USDT,0.0727845714708092,0.0727642172835422,
2024-03-02 20:00:00,0.07291,0.07299,0.07227,0.0726,7257898,526851.34765,6278,3382535,245527.58972,0.0017938457292672,ARPA-USDT,0.07289376593303,0.0729087859649307,
2024-03-02 21:00:00,0.0726,0.07353,0.07257,0.07338,6747638,493611.97868,5550,3441514,251841.33564,0.0016380016380015,ARPA-USDT,0.0726613106038564,0.0727030973390693,
2024-03-02 22:00:00,0.07337,0.0738,0.073,0.07334,7283172,535091.20497,6307,3648175,268082.08314,0.001912568306011,ARPA-USDT,0.0734441516279958,0.0733392001957902,
2024-03-02 23:00:00,0.07335,0.07449,0.07335,0.07447,5581062,412746.09151,5704,2871883,212448.61499,0.0018834925332975,ARPA-USDT,0.0734150230999877,0.0735277952255798,
2024-03-03 00:00:00,0.07447,0.07452,0.07365,0.07423,9496865,703563.91371,8866,5099490,377959.074,0.0021601188065345,ARPA-USDT,0.0744006737167697,0.0741136592137953,0.00108109
2024-03-03 01:00:00,0.07425,0.07441,0.07361,0.07423,6505084,481855.87158,4778,3272994,242642.53132,0.0018895937373464,ARPA-USDT,0.0742402461691814,0.0742740976847354,
2024-03-03 02:00:00,0.07424,0.07452,0.0735,0.07405,5372390,397424.22055,4983,2578549,190800.06933,0.0024367131447136,ARPA-USDT,0.0742032054618988,0.0741452744514302,
2024-03-03 03:00:00,0.07403,0.07483,0.07397,0.07442,4064011,302335.7882,3533,2264728,168441.80832,0.0022895622895622,ARPA-USDT,0.0740364186350215,0.0740332800330844,
2024-03-03 04:00:00,0.07443,0.07513,0.07425,0.07503,5109140,381666.21699,3475,2869750,214435.04337,0.00173564753004,ARPA-USDT,0.0744205386241712,0.0743618545281394,
2024-03-03 05:00:00,0.07504,0.07523,0.07395,0.07403,5870653,437873.0884,5317,2028526,151440.19979,0.0023016517736258,ARPA-USDT,0.0750239418751579,0.0749889838858795,
2024-03-03 06:00:00,0.07403,0.07406,0.07239,0.07276,16367710,1195873.12834,11197,6971770,509420.40059,0.0017898939832026,ARPA-USDT,0.0740187557905644,0.0737896797482807,
2024-03-03 07:00:00,0.07277,0.07294,0.067,0.0706,59234791,4158234.81975,36996,27200756,1909493.7519,0.0007087172218283,ARPA-USDT,0.0728142669544882,0.0728340433642835,
2024-03-03 08:00:00,0.07061,0.0725,0.07,0.07203,24996330,1776023.0252,19263,13017153,924937.23818,0.0019474196689386,ARPA-USDT,0.0710199444467523,0.0711190682206144,0.00122955
2024-03-03 09:00:00,0.07204,0.07252,0.07155,0.07178,12891992,929553.51691,9449,5207861,375588.79126,0.0015348123343099,ARPA-USDT,0.0719502828889692,0.0720882492225195,
2024-03-03 10:00:00,0.07177,0.07179,0.07075,0.07145,10275715,732561.41645,8272,4849196,345990.74345,0.0015419119708437,ARPA-USDT,0.0717313898316327,0.0715133887384404,
2024-03-03 11:00:00,0.07145,0.07214,0.07127,0.07178,5942146,426443.13952,5613,3029677,217478.25409,0.0020940946530783,ARPA-USDT,0.0714031873957521,0.0713985417506046,
2024-03-03 12:00:00,0.07178,0.07217,0.07135,0.0715,9016082,647056.24066,6928,4145352,297589.13114,0.0019618834080714,ARPA-USDT,0.0717768702467019,0.0716958659670058,
2024-03-03 13:00:00,0.07151,0.07194,0.07127,0.07188,5475145,392097.33953,4994,3233808,231646.27707,0.0016722408026754,ARPA-USDT,0.0715939664329337,0.0716131427053191,
2024-03-03 14:00:00,0.0719,0.07195,0.07084,0.07122,8442829,603564.0220400001,6651,3690241,263975.19809,0.0016877637130803,ARPA-USDT,0.0718384898418423,0.0718111734773667,
2024-03-03 15:00:00,0.07123,0.0718,0.07118,0.07179,6966261,498173.15531,5103,3501841,250484.97834,0.0023736386484223,ARPA-USDT,0.0712555417308284,0.0713169917619594,
2024-03-03 16:00:00,0.07179,0.07221,0.07155,0.07217,7587184,545284.81336,6288,4054050,291364.91478,0.0016655100624565,ARPA-USDT,0.0718877543862034,0.0718524541714786,0.00059971
2024-03-03 17:00:00,0.07218,0.07223,0.07155,0.07182,6520817,469062.52958,4900,2468146,177583.67717,0.001254705144291,ARPA-USDT,0.0721981427149155,0.0721334460933163,
2024-03-03 18:00:00,0.07182,0.07193,0.07119,0.07155,5533750,395758.62815,4576,2769720,198068.92781,0.0015397536394177,ARPA-USDT,0.0718378128287191,0.071847102172707,
2024-03-03 19:00:00,0.07156,0.07186,0.07148,0.07174,4950198,354965.57699000003,3887,2919228,209343.90627,0.0019553072625697,ARPA-USDT,0.0715871551587091,0.0716369728526506,
2024-03-03 20:00:00,0.07175,0.07198,0.07134,0.07186,7567010,542612.82929,5021,4134856,296546.44310000003,0.0020917584716217,ARPA-USDT,0.071797646951317,0.0717192293117891,
2024-03-03 21:00:00,0.07185,0.07269,0.07183,0.07261,6794773,491603.78449,4820,3115805,225437.82861,0.0019318338622875,ARPA-USDT,0.0718893882230869,0.0719347295001445,
2024-03-03 22:00:00,0.0726,0.07303,0.0723,0.07275,5168071,375753.80934,4897,2396243,174236.99678,0.0017901404571742,ARPA-USDT,0.0725850467624891,0.072594741428857,
2024-03-03 23:00:00,0.07276,0.07416,0.07238,0.07314,18723117,1371694.04394,10571,10427961,764387.1600800001,0.0016433853738702,ARPA-USDT,0.0726937829950138,0.0725959805425878,
2024-03-04 00:00:00,0.07314,0.07401,0.07176,0.07385,21203935,1547581.53498,16403,10045262,733575.7279,0.0028517110266159,ARPA-USDT,0.0731346382586269,0.0730586275116801,0.00067554
2024-03-04 01:00:00,0.07385,0.07394,0.07294,0.07352,11356505,834133.44625,10767,5796929,425913.58837,0.0023176550783912,ARPA-USDT,0.0736618106558652,0.0737068780866283,
2024-03-04 02:00:00,0.07352,0.07443,0.07322,0.07362,9447555,697540.85992,9123,4522202,333800.94738,0.0024509803921568,ARPA-USDT,0.0734895058812979,0.0733808351052593,
2024-03-04 03:00:00,0.07368,0.07437,0.07322,0.07365,13816762,1019694.43023,11618,6746722,498159.29595,0.0014957846070164,ARPA-USDT,0.0736151821920002,0.0734501138325989,
2024-03-04 04:00:00,0.07365,0.0746,0.07333,0.07446,6985896,516848.801,6123,4110447,304184.102,0.0021534320323013,ARPA-USDT,0.0737106907575569,0.0735511013208326,
2024-03-04 05:00:00,0.07445,0.07475,0.07386,0.07455,10805114,802789.1875,7570,4431760,329567.69592,0.0018814675446847,ARPA-USDT,0.0745159255975569,0.0745992762843678,
2024-03-04 06:00:00,0.07454,0.07484,0.07408,0.07483,9237629,688242.90244,8005,4583716,341571.39589,0.0020085698982323,ARPA-USDT,0.0745306092916045,0.0745244091027382,
2024-03-04 07:00:00,0.07483,0.07632,0.0746,0.07573,17295199,1308800.25749,12386,8769737,663641.98955,0.0017195767195767,ARPA-USDT,0.0747762321773058,0.0747845231315464,
2024-03-04 08:00:00,0.07575,0.0763,0.07521,0.07548,12967863,982354.35484,11488,5589565,423685.13839,0.0025235755080357,ARPA-USDT,0.0757465984666953,0.0757225764362553,0.00096618
2024-03-04 09:00:00,0.07548,0.07723,0.0746,0.07672,29317166,2235025.59433,19298,14287346,1090041.33382,0.0022207707380794,ARPA-USDT,0.075510921177754,0.0754284911596223,
2024-03-04 10:00:00,0.07672,0.07712,0.07553,0.07614,20768705,1584739.36404,17251,8983526,685492.95154,0.0022377254179282,ARPA-USDT,0.0766558627833778,0.0764442777226999,
2024-03-04 11:00:00,0.07614,0.07905,0.07595,0.07833,31211019,2421938.31049,23610,16164659,1255224.70478,0.0021750255885364,ARPA-USDT,0.0762734187323801,0.0763381147317854,
2024-03-04 12:00:00,0.07832,0.08114,0.07805,0.07952,56304946,4490849.94595,41431,27479428,2191312.24617,0.0022687169145449,ARPA-USDT,0.0782624549257709,0.0785235687563943,
2024-03-04 13:00:00,0.07952,0.08017,0.0777,0.07827,28250197,2230457.17073,20025,12352231,975724.89311,0.0015355086372361,ARPA-USDT,0.0792877838853955,0.0790222048441232,
2024-03-04 14:00:00,0.0783,0.07926,0.07636,0.07675,40561409,3148415.17215,27496,18138148,1408706.2146,0.0010434328942219,ARPA-USDT,0.0784786737654771,0.0779520743281057,
2024-03-04 15:00:00,0.07675,0.07767,0.07658,0.07697,15306511,1179805.52564,11117,7844644,604774.27771,0.0026051843167902,ARPA-USDT,0.0768070272849298,0.0771910617601278,
2024-03-04 16:00:00,0.07695,0.07723,0.07569,0.07579,17014671,1301956.67486,13167,7341100,562129.52585,0.0025132275132273,ARPA-USDT,0.0769803387031202,0.0768482214740746,0.00065401
2024-03-04 17:00:00,0.07579,0.07644,0.07362,0.07365,28435890,2135554.0952,20062,12186839,917433.43659,0.0019045027887361,ARPA-USDT,0.0759903155393606,0.0758677630119051,
2024-03-04 18:00:00,0.07365,0.07582,0.07292,0.07579,22556464,1671740.00263,18351,11038697,818838.18631,0.0017182130584192,ARPA-USDT,0.0739340517029464,0.0743344254005558,
2024-03-04 19:00:00,0.07579,0.07644,0.07525,0.07607,14126804,1070980.16153,11936,7572925,574218.40073,0.002239789196311,ARPA-USDT,0.0756823189504678,0.0755815441636709,
2024-03-04 20:00:00,0.07609,0.07629,0.07469,0.07518,12353353,930761.09659,8801,5105738,385074.52524,0.001865671641791,ARPA-USDT,0.0761915370419969,0.0760812353172081,
2024-03-04 21:00:00,0.07517,0.07563,0.07444,0.0753,6690659,502700.60543,6340,3470687,260764.27674,0.0021293585307426,ARPA-USDT,0.0750763730569948,0.0749085544150606,
2024-03-04 22:00:00,0.0753,0.07639,0.07501,0.07628,8713768,658273.73099,6976,5168806,390674.20809,0.0018387181507748,ARPA-USDT,0.0752158985147697,0.0751563765076632,
2024-03-04 23:00:00,0.07628,0.0764,0.07525,0.07596,8509835,644877.51948,7687,4424764,335445.82196,0.0021108179419524,ARPA-USDT,0.0762475888225779,0.0762506301562305,
2024-03-05 00:00:00,0.07596,0.07639,0.07512,0.0752,7973986,604633.3027,8617,3782857,287010.37972,0.0028003733831176,ARPA-USDT,0.076107658761447,0.075753532891591,0.00065942
2024-03-05 01:00:00,0.07521,0.07696,0.07459,0.07631,11555324,875898.25991,10087,6442641,488879.58793,0.0028913129189118,ARPA-USDT,0.075186988556381,0.0750164126229785,
2024-03-05 02:00:00,0.07631,0.07638,0.07395,0.07506,17449893,1305371.80075,14791,7748427,579639.90457,0.0026716537536735,ARPA-USDT,0.0762023819379273,0.0758803212276345,
2024-03-05 03:00:00,0.07505,0.07584,0.07446,0.07475,17009398,1279281.29502,10055,9074071,682513.37164,0.0030864197530864,ARPA-USDT,0.0751007167536246,0.074765338058498,
2024-03-05 04:00:00,0.07474,0.07581,0.07335,0.07481,18396515,1376290.34895,16827,8601610,643901.8333,0.0026806058169146,ARPA-USDT,0.0748596178894927,0.0750587788931899,
2024-03-05 05:00:00,0.07482,0.0754,0.07185,0.07538,24944681,1849312.79228,22091,11930987,885237.96783,0.0041294791527908,ARPA-USDT,0.0747324391288446,0.073795669611344,
2024-03-05 06:00:00,0.07533,0.07533,0.07432,0.07489,12647936,945728.47291,8966,6244541,466945.82792,0.0037528481436805,ARPA-USDT,0.0751497850262724,0.0749183286779868,
2024-03-05 07:00:00,0.07487,0.075,0.07363,0.07363,12558077,931564.91591,10808,6691383,496368.01364,0.0024506466984342,ARPA-USDT,0.0749145718449194,0.0747698666567325,
2024-03-05 08:00:00,0.07364,0.07464,0.07308,0.0746,10532757,778937.30753,9457,5054158,373662.16852,0.0028229600752789,ARPA-USDT,0.0738821878577492,0.074044739959464,0.00173912
2024-03-05 09:00:00,0.07459,0.07572,0.07447,0.07529,10931984,821864.53199,8279,5556395,417703.95891,0.002663470502064,ARPA-USDT,0.074649095806059,0.0746264466482309,
2024-03-05 10:00:00,0.07529,0.07658,0.07523,0.07612,14433252,1095965.40538,8666,7151534,543178.22226,0.0032951100566758,ARPA-USDT,0.0753136779352122,0.0753165712063639,
2024-03-05 11:00:00,0.07612,0.0763,0.07493,0.07516,10189624,769960.26412,7133,4661905,352053.32391000004,0.0026680896478121,ARPA-USDT,0.0761273484073668,0.0760562015970831,
2024-03-05 12:00:00,0.07515,0.07584,0.07509,0.0758,5563547,420502.82134,4956,2840335,214683.74202,0.0018503832936822,ARPA-USDT,0.0751320353615207,0.0753332698101117,
2024-03-05 13:00:00,0.07579,0.07631,0.07537,0.0758,8727369,661785.29565,6882,4446947,337255.66139,0.0023803226659613,ARPA-USDT,0.075762474526856,0.0756552104531688,
2024-03-05 14:00:00,0.0758,0.07598,0.07451,0.07476,16720142,1257750.55754,12592,7754267,583566.26154,0.0016077170418005,ARPA-USDT,0.0757325690123514,0.0756000093541105,
2024-03-05 15:00:00,0.07475,0.07529,0.07226,0.07319,39687789,2929363.35513,29347,18355201,1354082.75006,0.0024654156964798,ARPA-USDT,0.0748552912055627,0.0750413121659751,
2024-03-05 16:00:00,0.07317,0.07372,0.06888,0.07197,65878283,4687001.70165,44132,31874648,2269969.69414,0.0022281019356635,ARPA-USDT,0.0735317247214992,0.0730031124845306,0.00117579
2024-03-05 17:00:00,0.07198,0.07202,0.06923,0.07172,52872319,3726314.60785,34085,25521045,1797491.36287,0.0032172331794657,ARPA-USDT,0.071822875675544,0.0713569789283613,
2024-03-05 18:00:00,0.0717,0.0719,0.07049,0.07113,40602041,2887785.58336,23905,21173601,1505729.28706,0.0022544737212906,ARPA-USDT,0.0716507498443122,0.0715439278903214,
2024-03-05 19:00:00,0.07112,0.07179,0.05761,0.06303,84891066,5577461.38984,51704,34146548,2258564.09103,-0.0007926442612554,ARPA-USDT,0.0711429112756912,0.0714837645910514,
2024-03-05 20:00:00,0.06311,0.06508,0.06199,0.06323,62277279,3976560.5834,55252,31356564,2002307.51579,0.0007913896802784,ARPA-USDT,0.06330873408845,0.0636306303986411,
2024-03-05 21:00:00,0.06322,0.06596,0.06316,0.0655,27474597,1787543.34423,21241,13357254,869259.18943,0.0007639419404126,ARPA-USDT,0.0632672898720296,0.0636987078164217,
2024-03-05 22:00:00,0.06551,0.06625,0.06433,0.06625,15202308,992515.4197,12001,8179635,533957.14679,0.0006041383476815,ARPA-USDT,0.0653374801945394,0.0654099276286184,
2024-03-05 23:00:00,0.06625,0.06684,0.06535,0.06644,13933185,921980.43154,10728,4650338,308166.86032,0.0012055455093429,ARPA-USDT,0.0658079419682724,0.0658789744613289,
2024-03-06 00:00:00,0.06643,0.06689,0.06602,0.06626,9999431,665044.52489,9444,4997620,332471.13952,0.001208824418253,ARPA-USDT,0.0664955704556576,0.0664476933833759,0.00037232
2024-03-06 01:00:00,0.06626,0.06669,0.06536,0.06578,7888862,520259.73542,7261,3690679,243354.34994,0.0015225334957369,ARPA-USDT,0.0662732178299095,0.0663792742917109,
2024-03-06 02:00:00,0.06576,0.0659,0.06441,0.06443,10451135,681630.33717,10814,4768236,310946.39506,0.0015544846883259,ARPA-USDT,0.0657182755067168,0.0655029679723984,
2024-03-06 03:00:00,0.06442,0.06572,0.06441,0.06566,5908034,385361.5619,7009,2700698,176192.51502,0.0010672358591248,ARPA-USDT,0.0646216845344668,0.0648305054925609,
2024-03-06 04:00:00,0.06565,0.06773,0.06565,0.06763,8409977,560580.16941,7372,3934399,262188.32329,0.0017775144423046,ARPA-USDT,0.065668226958331,0.0657221692907382,
2024-03-06 05:00:00,0.06762,0.06886,0.06731,0.06884,11763880,802435.80243,8807,5487371,374421.5379,0.0016004655899897,ARPA-USDT,0.067622613004199,0.0675159900786121,
2024-03-06 06:00:00,0.06881,0.06963,0.06861,0.06961,10032752,693362.69936,7756,4744492,328014.82885,0.0017268671751331,ARPA-USDT,0.0687732112623551,0.0687423170500826,
2024-03-06 07:00:00,0.06961,0.06993,0.06909,0.06989,5604653,390681.5877,4821,2627030,183146.62525,0.0021508459994263,ARPA-USDT,0.0695908120604611,0.0693588580506323,
2024-03-06 08:00:00,0.06989,0.07013,0.06898,0.06929,12628262,879827.11194,9365,5682970,395825.16407,0.0014452955629427,ARPA-USDT,0.0698802033428857,0.0697976181176148,0.00031301
2024-03-06 09:00:00,0.06929,0.06962,0.06802,0.06817,10791520,743536.8892,8897,5542056,381941.96186,0.0014690759512265,ARPA-USDT,0.0693201906710691,0.0694436582897952,
2024-03-06 10:00:00,0.06816,0.06921,0.068,0.06905,7292592,502225.07685,6435,3522822,242702.04828,0.0013051044083527,ARPA-USDT,0.0682462189512986,0.0686620137405267,
2024-03-06 11:00:00,0.06906,0.06939,0.06858,0.06899,6444152,444453.51564,5591,2869747,197985.10187,0.0011609345523144,ARPA-USDT,0.0690374941906584,0.0689234082731321,
2024-03-06 12:00:00,0.06899,0.06915,0.06644,0.06749,22765945,1545140.2101,14634,11471812,778530.77758,0.0013353115727001,ARPA-USDT,0.0690332609454038,0.06904613102458,
2024-03-06 13:00:00,0.06747,0.06792,0.06652,0.06741,13864816,931496.44454,10657,6312723,423865.08866,0.0014856633486852,ARPA-USDT,0.0676955478083176,0.06767799702284,
2024-03-06 14:00:00,0.0674,0.06792,0.0666,0.0671,14934063,1006436.25774,10468,7344181,495104.13544,0.0013430831219221,ARPA-USDT,0.0675281005451448,0.0675471065378793,
2024-03-06 15:00:00,0.06709,0.06745,0.06591,0.06731,12585589,840305.57582,10685,5583607,372956.6155,0.0010410469958357,ARPA-USDT,0.0671904614978825,0.0669505765827477,
2024-03-06 16:00:00,0.06732,0.06794,0.06712,0.06788,9623480,650110.04468,7406,4789831,323601.01257,0.0010322961215161,ARPA-USDT,0.0674184089298713,0.0673373187784349,0.00045302
2024-03-06 17:00:00,0.06788,0.06813,0.06749,0.06808,10998006,746694.15921,6382,5465451,371210.27403,0.0010292604028818,ARPA-USDT,0.0678777945876894,0.0677371212437255,
2024-03-06 18:00:00,0.06807,0.06833,0.06756,0.06795,12279021,835269.25384,6870,6349892,431989.85458,0.0016214622641508,ARPA-USDT,0.0680747945063218,0.0681203542876097,
2024-03-06 19:00:00,0.06794,0.0683,0.06766,0.06788,8634620,587074.94071,5110,3975278,270296.5681,0.0013276294438706,ARPA-USDT,0.0679338880560001,0.0678694935178415,
2024-03-06 20:00:00,0.06789,0.06862,0.06776,0.06859,10148158,691827.12122,6184,5136487,350160.83808,0.0011677127426652,ARPA-USDT,0.0678561114302125,0.0680139946299782,
2024-03-06 21:00:00,0.06859,0.06928,0.06794,0.06922,14633281,1001990.49422,6720,6018552,412659.33283,0.0015916654608594,ARPA-USDT,0.0682097237054276,0.0683545492829778,
2024-03-06 22:00:00,0.06922,0.06937,0.06868,0.06898,5830583,402933.20538,4340,2882702,199165.75674,0.0005802146794313,ARPA-USDT,0.0691626739550071,0.0691718350429488,
2024-03-06 23:00:00,0.06896,0.0695,0.06871,0.06923,8077299,558775.60859,4738,4670306,323113.5725,0.0010121457489877,ARPA-USDT,0.0689430923619203,0.0688563753400366,
2024-03-07 00:00:00,0.06924,0.07041,0.06882,0.0704,9433385,656815.96257,7235,5073685,353713.16629,0.0017074558907228,ARPA-USDT,0.069361813031952,0.069210746574249,0.00025841
2024-03-07 01:00:00,0.07041,0.07054,0.06913,0.07053,8007136,559098.97596,6487,4069333,284292.10496,0.0017043033659991,ARPA-USDT,0.070376066391107,0.0701348909003529,
2024-03-07 02:00:00,0.07053,0.07078,0.0695,0.06995,10029352,703461.29253,7333,3905406,274014.4508,0.0014316392269149,ARPA-USDT,0.0704177133263915,0.0703755698533328,
2024-03-07 03:00:00,0.06994,0.07013,0.06896,0.0694,8323832,578769.70198,7313,4590728,319109.15729,0.0010096639261503,ARPA-USDT,0.0699211261567705,0.0698211889086403,
2024-03-07 04:00:00,0.06939,0.07023,0.06909,0.06944,9007526,628275.44549,7373,4253294,296644.97613,0.001297764960346,ARPA-USDT,0.0694760164769838,0.0693956306374563,
2024-03-07 05:00:00,0.06943,0.06958,0.06692,0.06763,20962597,1428206.16621,10793,9074290,618792.4073,0.0007398638650486,ARPA-USDT,0.0694383223527514,0.0694443474297797,
2024-03-07 06:00:00,0.06762,0.0687,0.06728,0.06856,8551649,581507.6419,7028,4732662,321956.99304,0.0017533606078317,ARPA-USDT,0.0676822739331716,0.0677841814857333,
2024-03-07 07:00:00,0.06856,0.07065,0.06843,0.07012,14781316,1031118.48769,10947,8646670,603187.14611,0.0009992862241257,ARPA-USDT,0.0685204198754436,0.0686935520634506,
2024-03-07 08:00:00,0.07012,0.07073,0.07,0.07055,10818653,761868.0223600001,8194,4785543,336995.65295,0.0009931895573211,ARPA-USDT,0.0701025386033912,0.0703216662838902,0.00038801
2024-03-07 09:00:00,0.07055,0.07144,0.07047,0.07139,9806602,696703.81804,7486,4952521,351856.50089,0.0011218622914037,ARPA-USDT,0.0705195715815536,0.0706600561766502,
2024-03-07 10:00:00,0.07138,0.0715,0.07065,0.07097,8907443,633496.95582,6535,3919282,278872.51415,0.001693719124912,ARPA-USDT,0.0713932310399786,0.0713704686537915,
2024-03-07 11:00:00,0.07097,0.07144,0.07022,0.0705,8756589,619929.26493,7337,4284954,303528.60026,0.0012782275244993,ARPA-USDT,0.0710588463090262,0.0710787480307109,
2024-03-07 12:00:00,0.07049,0.07053,0.06967,0.07044,20327689,1427589.40327,8888,9113683,640270.90968,0.0015640551684914,ARPA-USDT,0.0704550667588214,0.0702057617630811,
2024-03-07 13:00:00,0.07044,0.0717,0.06996,0.07159,16475062,1167903.71847,9102,9788539,694335.53188,0.0013987970345503,ARPA-USDT,0.0704790958985176,0.0704476402451029,
2024-03-07 14:00:00,0.07158,0.07212,0.07017,0.07185,22089384,1577718.25547,14575,10010123,715075.31146,0.0012541806020065,ARPA-USDT,0.0716294606563441,0.0716267546605495,
2024-03-07 15:00:00,0.07185,0.07228,0.07135,0.07214,8928447,641691.91827,7691,4425515,318204.10558,0.0018053048187749,ARPA-USDT,0.0718501552046483,0.0719151530595428,
2024-03-07 16:00:00,0.07213,0.07281,0.07187,0.07251,10440375,755064.86975,8215,5172833,374333.87567,0.0012427506213754,ARPA-USDT,0.0722848593656203,0.0722952539439305,0.00059739
2024-03-07 17:00:00,0.07251,0.07315,0.07242,0.07312,7194566,523588.71383,5686,3455452,251520.54612,0.0012323702587977,ARPA-USDT,0.0724687357469738,0.0725148392573836,
2024-03-07 18:00:00,0.07311,0.07425,0.07274,0.07402,29925157,2203526.59653,12944,15691874,1155346.83805,0.0010819583446037,ARPA-USDT,0.0730846056064986,0.0729509532326454,
2024-03-07 19:00:00,0.07403,0.07428,0.07364,0.07424,11343547,839751.9428600001,7618,4768095,353056.05742,0.0012137559002023,ARPA-USDT,0.0739322990271037,0.0739494740411392,
2024-03-07 20:00:00,0.07424,0.07526,0.07412,0.07426,12424226,926508.87615,7966,6045123,451054.34346,0.001618559482061,ARPA-USDT,0.0743307956164881,0.0744277541087463,
2024-03-07 21:00:00,0.07427,0.07449,0.07369,0.07395,10373736,768316.88399,7097,4744161,351495.55094,0.0023041474654379,ARPA-USDT,0.0742319312220206,0.0742663562360564,
2024-03-07 22:00:00,0.07395,0.07615,0.07395,0.07597,19155454,1434616.8105,10758,12993824,973071.54228,0.0010541573329818,ARPA-USDT,0.0740574533414262,0.0741195005026924,
2024-03-07 23:00:00,0.076,0.07674,0.07486,0.07514,19859916,1507623.53654,13183,10384848,788742.46117,0.0009324630345011,ARPA-USDT,0.0757730791895778,0.0760201285423758,
2024-03-08 00:00:00,0.07518,0.07567,0.07394,0.07426,21839166,1629485.3915,11556,9095621,678436.18012,0.001618559482061,ARPA-USDT,0.0754426764887293,0.0754859441165517,0.00085056
2024-03-08 01:00:00,0.07427,0.07466,0.07345,0.07355,6582653,487669.68071,6300,2895660,214684.04614,0.0020435967302452,ARPA-USDT,0.074298294337979,0.0743912531007502,
2024-03-08 02:00:00,0.07358,0.07382,0.07296,0.07304,9299024,682633.21558,7691,3753139,275730.29359,0.0013709898546749,ARPA-USDT,0.0735952425549083,0.0736209931784345,
2024-03-08 03:00:00,0.07305,0.07328,0.07275,0.07276,6803016,496919.64729,5854,3340813,244142.18362,0.0017898939832026,ARPA-USDT,0.0730854923271556,0.0730538447285321,
2024-03-08 04:00:00,0.07277,0.07308,0.07238,0.07276,7074984,514494.70507,5517,2930122,213165.65839,0.0020658311527339,ARPA-USDT,0.0727776336669332,0.0727419062140402,
2024-03-08 05:00:00,0.07277,0.07283,0.07173,0.07217,6598214,476241.6897,5530,3124791,225579.09248,0.0006932889628397,ARPA-USDT,0.0727088102651795,0.0727477231540742,
2024-03-08 06:00:00,0.07218,0.07253,0.07196,0.0725,5631955,406496.01453,4614,3482876,251409.7585,0.0017963244438301,ARPA-USDT,0.0722407867915542,0.0722218724811723,
2024-03-08 07:00:00,0.07249,0.07351,0.07233,0.07316,9577746,697939.72651,6571,6022201,438809.34849,0.0019172829361819,ARPA-USDT,0.0725218355063956,0.0724431833608771,
2024-03-08 08:00:00,0.07314,0.0734,0.07254,0.07303,5813836,424128.77855,4936,2718006,198390.94609,0.0017832647462276,ARPA-USDT,0.0731087719749831,0.0732116268023528,0.00066131
2024-03-08 09:00:00,0.07303,0.07355,0.07273,0.0728,5129278,374420.59895,4187,2007987,146714.29028000002,0.0026167194601296,ARPA-USDT,0.0730347308692138,0.0729813328795938,
2024-03-08 10:00:00,0.07279,0.07295,0.07228,0.07239,3957967,287352.83949,3664,1419391,103105.18548,0.0015218594355284,ARPA-USDT,0.0728152399183256,0.0728146386285469,
2024-03-08 11:00:00,0.07242,0.07286,0.07202,0.07282,7683819,556521.2182,4855,3738850,270819.55986,0.0019262520638414,ARPA-USDT,0.0723741069676682,0.0723176733399665,
2024-03-08 12:00:00,0.07283,0.07328,0.07225,0.07324,9943824,723509.87558,5554,4503399,327613.39605,0.0020522643316458,ARPA-USDT,0.072754733900666,0.072715629257009,
2024-03-08 13:00:00,0.07325,0.0733,0.0723,0.0724,7328914,533089.20922,5970,3682275,267837.39358,0.0020761245674743,ARPA-USDT,0.0732059397617871,0.0730726534018472,
2024-03-08 14:00:00,0.0724,0.07263,0.07196,0.07209,13730716,992966.99407,10102,7339882,530838.5573699999,0.0018065591995553,ARPA-USDT,0.0724620581771472,0.0724081444664022,
2024-03-08 15:00:00,0.07208,0.07231,0.067,0.07043,65419774,4626984.26525,35380,29819577,2111901.70681,0.0008526360665057,ARPA-USDT,0.072122894621208,0.0719931182694465,
2024-03-08 16:00:00,0.07041,0.07269,0.06883,0.07252,66317339,4705545.63186,36060,34103539,2420051.50608,0.0017958281530598,ARPA-USDT,0.0708226634702711,0.0700433084452485,0.0008808
2024-03-08 17:00:00,0.07248,0.07415,0.072,0.07363,23357649,1710561.76687,13041,11452338,838988.29663,0.0012238237693773,ARPA-USDT,0.0723253537357917,0.0723169076701208,
2024-03-08 18:00:00,0.07362,0.07519,0.07342,0.07436,22177442,1648277.98506,14195,9918218,737306.74552,0.0013466199838403,ARPA-USDT,0.073600490132838,0.0735614488677163,
2024-03-08 19:00:00,0.07437,0.0744,0.07327,0.07389,9585121,707358.52537,7376,3678988,271567.91358,0.0016266775111832,ARPA-USDT,0.0742561286681863,0.0740072594702036,
2024-03-08 20:00:00,0.07389,0.07416,0.07322,0.07373,6932331,511068.44584,5527,2849317,210081.14081,0.0016302132862384,ARPA-USDT,0.0738468519073773,0.073919808720476,
2024-03-08 21:00:00,0.07372,0.07414,0.0735,0.07371,6296878,465005.63728,5669,2861674,211322.77151,0.0013585110718652,ARPA-USDT,0.0736303899826313,0.0736759949860077,
2024-03-08 22:00:00,0.07372,0.07448,0.07361,0.07413,6166725,457690.4186,5180,2984605,221513.99922,0.0013508037282183,ARPA-USDT,0.0737458074331236,0.0737379774875754,
2024-03-08 23:00:00,0.07412,0.07491,0.0736,0.07417,13874906,1029460.64763,6752,5904944,438523.21482,0.0020264793299107,ARPA-USDT,0.0741710649217346,0.0742737044028286,
2024-03-09 00:00:00,0.07416,0.07493,0.07389,0.07445,5454931,405287.36103,4900,3007286,223476.01084,0.0022886375875068,ARPA-USDT,0.0741530944829565,0.0740515188129015,0.00068337
2024-03-09 01:00:00,0.07445,0.0746,0.07397,0.07442,3349856,248958.87896,3390,1818410,135172.18699,0.0020196580045779,ARPA-USDT,0.0743644123220752,0.0742541014067184,
2024-03-09 02:00:00,0.07441,0.07563,0.07427,0.07539,6555102,491249.40671,5183,4000008,299675.25341,0.002126811112588,ARPA-USDT,0.0743413982862963,0.074342616234133,
2024-03-09 03:00:00,0.0754,0.07553,0.07498,0.07529,4526565,340426.58746,3682,2483326,186825.3718,0.0019962736225711,ARPA-USDT,0.0754121160051795,0.075438898917887,
2024-03-09 04:00:00,0.07529,0.07558,0.07489,0.07555,5205463,391056.0609,4515,2926194,219915.74861,0.0015908789606258,ARPA-USDT,0.0752763264874979,0.0752021002866163,
2024-03-09 05:00:00,0.07556,0.07568,0.07467,0.0754,6956960,522663.55475,5759,3630355,272845.80791,0.0022597368071246,ARPA-USDT,0.0756227185488408,0.0754463660824769,
2024-03-09 06:00:00,0.07539,0.07577,0.07523,0.07562,4675509,353427.1307,4410,2524112,190827.44034,0.0019875447197563,ARPA-USDT,0.0753603055911595,0.0754138939001481,
2024-03-09 07:00:00,0.07562,0.07591,0.07533,0.07538,5337666,403492.24116,4027,2110267,159589.51481,0.0017275747508307,ARPA-USDT,0.0756857870241223,0.0756932852962026,
2024-03-09 08:00:00,0.07537,0.07627,0.07526,0.07578,6730717,509516.48628,5423,3514469,266153.00867,0.0019833399444664,ARPA-USDT,0.0754408168924939,0.0754567250956048,0.00085205
2024-03-09 09:00:00,0.07579,0.0766,0.07577,0.07644,6758599,516308.1591,6145,3889624,297162.53719,0.0020975353959096,ARPA-USDT,0.0758163824052383,0.0759565420427515,
2024-03-09 10:00:00,0.07645,0.07653,0.07478,0.07612,11571977,873585.75837,7330,4554294,343900.71624,0.0021063717746181,ARPA-USDT,0.0764423586334681,0.0763810749180746,
2024-03-09 11:00:00,0.07612,0.07816,0.07605,0.07768,25189718,1947416.73344,16632,13826011,1068536.35437,0.0016763378465507,ARPA-USDT,0.0761017736794306,0.0764486020164082,
2024-03-09 12:00:00,0.07768,0.07805,0.07677,0.07682,12879815,994965.29658,9468,5214240,403015.53995,0.0019564366766662,ARPA-USDT,0.0777728291798198,0.077859469898743,
2024-03-09 13:00:00,0.07682,0.07734,0.07672,0.07701,5424514,417328.38164,4680,2564738,197343.63266,0.0023428348301444,ARPA-USDT,0.0768583427254864,0.0768969012923044,
2024-03-09 14:00:00,0.07703,0.07716,0.07582,0.07595,9594122,734307.76759,5917,3458351,264725.26246,0.0026402640264027,ARPA-USDT,0.0770007530785109,0.0769017760259438,
2024-03-09 15:00:00,0.07593,0.07661,0.07588,0.07644,4987413,380340.24576,4376,2681673,204572.3835,0.002360346184107,ARPA-USDT,0.0760406827549745,0.0760719008754982,
2024-03-09 16:00:00,0.07642,0.07651,0.07526,0.07566,12045559,914697.22686,7053,5242625,398365.51173,0.0019864918553835,ARPA-USDT,0.076458559043975,0.0764339514817526,0.00085497
2024-03-09 17:00:00,0.07566,0.0759,0.07512,0.07542,6868654,518929.70174,5189,3217135,243058.88666,0.0018597236981934,ARPA-USDT,0.0756658675090536,0.0757732165295419,
2024-03-09 18:00:00,0.07542,0.07796,0.075,0.07722,28911847,2222978.78019,16392,16299070,1251568.12031,0.0014265335235377,ARPA-USDT,0.0752780633845625,0.0752087574735036,
2024-03-09 19:00:00,0.07721,0.07789,0.07696,0.07741,9516670,736460.72564,7775,4354057,337012.50335,0.0011639937920331,ARPA-USDT,0.0772120822426385,0.0774873740036321,
2024-03-09 20:00:00,0.07739,0.07787,0.07712,0.0778,5454221,422982.87181,4546,2524639,195840.3799,0.0018027298480554,ARPA-USDT,0.0774457277992018,0.0776005382900256,
2024-03-09 21:00:00,0.07781,0.07804,0.07712,0.07801,6996520,542770.50717,4918,3495107,271160.56428,0.001540634227757,ARPA-USDT,0.0777792961220808,0.0777549989169632,
2024-03-09 22:00:00,0.07801,0.07902,0.07793,0.07884,10301105,809357.68448,7085,5474783,430154.7636,0.0015243902439023,ARPA-USDT,0.0780042768885717,0.0779940380678961,
2024-03-09 23:00:00,0.07883,0.07928,0.07811,0.07832,12483246,983894.76635,7272,6587362,519425.60241,0.0025601638504864,ARPA-USDT,0.078820111071092,0.0787838660546722,
2024-03-10 00:00:00,0.07833,0.07879,0.07783,0.07797,6324312,494648.19885,5586,2939094,229965.40732,0.0024427873489327,ARPA-USDT,0.078323614122435,0.0781543365062474,0.0008043
2024-03-10 01:00:00,0.07797,0.07832,0.07714,0.07782,10887802,845030.14824,8911,5618323,436105.43073,0.0015444015444014,ARPA-USDT,0.0780468600911577,0.0781054427408685,
2024-03-10 02:00:00,0.07782,0.07791,0.07741,0.07775,3927550,304994.89956,3730,1880524,146031.34595,0.0024497163486332,ARPA-USDT,0.0778737830109876,0.0776640659405284,
2024-03-10 03:00:00,0.07774,0.07792,0.07745,0.07779,3468643,269528.88318,3298,1540892,119762.23225,0.0015449980687523,ARPA-USDT,0.077742494136206,0.0776503661101178,
2024-03-10 04:00:00,0.07781,0.07795,0.07741,0.07764,4345625,337633.22452,3983,1788500,138978.76692,0.0025826446280992,ARPA-USDT,0.0778063314080523,0.0777773844652721,
2024-03-10 05:00:00,0.07765,0.07787,0.0774,0.0775,4761097,369850.50345,4273,2289377,177829.9727,0.0025873221216041,ARPA-USDT,0.0776422141089109,0.0776296717383267,
2024-03-10 06:00:00,0.07751,0.07908,0.07747,0.07879,9069011,711150.88519,6927,4608094,361133.47642,0.0017800381436745,ARPA-USDT,0.0775382502757786,0.0775332212739411,
2024-03-10 07:00:00,0.07878,0.07987,0.07824,0.07859,11072710,874362.4539,8807,4908128,387880.72808,0.0014016309887869,ARPA-USDT,0.0787248287909081,0.0787960921852796,
2024-03-10 08:00:00,0.0786,0.07914,0.07837,0.07904,7510960,591294.43569,5372,3612123,284529.75846,0.0019013816706807,ARPA-USDT,0.0785927584077323,0.0786866337991026,0.00101321
2024-03-10 09:00:00,0.07906,0.0799,0.07767,0.07787,18175108,1434185.6441,13983,8430986,665747.37229,0.0016722408026754,ARPA-USDT,0.0790450351126446,0.0789843037685398,
2024-03-10 10:00:00,0.07788,0.07905,0.07775,0.0784,7711675,603977.37433,6690,3598457,281941.64784,0.0026857654431513,ARPA-USDT,0.0778947665666445,0.0781750620134152,
2024-03-10 11:00:00,0.0784,0.08096,0.07833,0.07995,34656506,2773922.79954,20190,16135918,1290841.56876,0.0012523481527864,ARPA-USDT,0.0783927750769045,0.078696271074909,
2024-03-10 12:00:00,0.07995,0.08164,0.07867,0.07896,30042689,2408675.77881,19751,14484799,1162960.53078,0.002030456852792,ARPA-USDT,0.0798539810681664,0.0798916059007669,
2024-03-10 13:00:00,0.07893,0.07959,0.07644,0.07737,17661778,1377726.37434,11316,7153580,558647.01264,0.0020722704312912,ARPA-USDT,0.0789346881020981,0.0789132020236879,
2024-03-10 14:00:00,0.07738,0.07992,0.07682,0.07855,28103218,2205857.39259,20448,14416016,1132178.67814,0.0020410766679421,ARPA-USDT,0.0774760711588759,0.0777372054574496,
2024-03-10 15:00:00,0.07853,0.07916,0.07826,0.07886,10041403,790088.57205,9357,4820507,379501.98749,0.0015240030480059,ARPA-USDT,0.0785116148617435,0.078597527062859,
2024-03-10 16:00:00,0.07889,0.08002,0.07862,0.07896,15061601,1194807.97568,11882,6568971,521790.24872,0.002030456852792,ARPA-USDT,0.0790374061338011,0.0794319097077284,0.0004673
2024-03-10 17:00:00,0.07895,0.07929,0.07851,0.07879,7039988,555116.4304899999,6216,3360181,265032.05108,0.0013980681240468,ARPA-USDT,0.078872982874286,0.0788657022801892,
2024-03-10 18:00:00,0.0788,0.07882,0.07747,0.07751,11651327,911150.9433,7569,4925501,385155.68464,0.0020685197155785,ARPA-USDT,0.0787906104511866,0.0786304780809607,
2024-03-10 19:00:00,0.0775,0.07855,0.07714,0.07847,8746902,680186.92941,7115,5119094,398128.176,0.0015315890236118,ARPA-USDT,0.0774777139462248,0.0773431231478127,
2024-03-10 20:00:00,0.07847,0.07853,0.07756,0.07813,5685692,443539.26844,5143,2533621,197612.87407,0.0015382643250867,ARPA-USDT,0.0784103211014477,0.0781994628929985,
2024-03-10 21:00:00,0.07813,0.07859,0.07777,0.07807,6580984,514955.31668,5614,3742965,292901.46272,0.0011541420877148,ARPA-USDT,0.0781402025400209,0.0781488044050238,
2024-03-10 22:00:00,0.07806,0.07809,0.07491,0.07585,25489012,1943034.20034,15231,10252099,782188.33658,0.0014523369421706,ARPA-USDT,0.0780552659622833,0.0778683556392068,
2024-03-10 23:00:00,0.07583,0.07802,0.07581,0.07795,7925644,611594.38645,6965,3995823,308224.7541,0.0010273532811095,ARPA-USDT,0.0758831788519924,0.0760466804722903,
2024-03-11 00:00:00,0.07795,0.07808,0.07315,0.0759,20234852,1535510.53915,16754,9729952,738560.44793,0.0013192612137202,ARPA-USDT,0.0779993049608194,0.0779612928699037,0.00105508
2024-03-11 01:00:00,0.07592,0.07665,0.07438,0.07548,12529186,947587.64865,12206,6202567,468912.72604,0.0017252820172528,ARPA-USDT,0.0758554591193316,0.0757177869009465,
2024-03-11 02:00:00,0.07549,0.0762,0.07468,0.07615,10034743,759059.41971,6824,4954000,374705.752,0.002369356324865,ARPA-USDT,0.0754743238962737,0.0755598825432032,
2024-03-11 03:00:00,0.07612,0.07741,0.07599,0.07705,5730369,440226.33892,6808,2921837,224498.57731,0.0018203094526068,ARPA-USDT,0.076106310149191,0.0761736998532586,
2024-03-11 04:00:00,0.07703,0.07749,0.0766,0.07681,4337776,333572.39085,3749,2063112,158684.49932,0.0007817589576548,ARPA-USDT,0.0769334762539814,0.0769873504727859,
2024-03-11 05:00:00,0.07681,0.07781,0.07654,0.07694,5459746,421261.64311,4801,2678713,206668.92007,0.0027368695425515,ARPA-USDT,0.0768181662423031,0.0769797037780569,
2024-03-11 06:00:00,0.07693,0.0783,0.0762,0.07798,16991222,1312991.27254,13438,7902273,610482.6860100001,0.000641601437187,ARPA-USDT,0.0769264946602719,0.0767287173476502,
2024-03-11 07:00:00,0.07798,0.07874,0.07736,0.07826,13082060,1021670.57911,13262,5979696,467194.26307,0.0023053278688525,ARPA-USDT,0.077956694856509,0.078124100805146,
2024-03-11 08:00:00,0.07826,0.07936,0.07824,0.07916,6689584,527435.93246,7190,3400073,268085.95279,0.0025329280648429,ARPA-USDT,0.0785224450483644,0.0784686155534284,0.00076038
2024-03-11 09:00:00,0.07917,0.07967,0.07889,0.07955,7059054,560081.90388,7675,3960139,314309.3546,0.0026468364003024,ARPA-USDT,0.0791785025006242,0.0791308314482344,
2024-03-11 10:00:00,0.07955,0.0802,0.07867,0.07881,10625019,844787.67951,7982,4980796,396567.40991,0.0016522623284189,ARPA-USDT,0.0797901895495215,0.0799641231049436,
2024-03-11 11:00:00,0.07884,0.07976,0.07833,0.079,10716857,848645.74981,8055,5506826,436646.67809,0.0022836843440749,ARPA-USDT,0.0788788367216329,0.0789447633495969,
2024-03-11 12:00:00,0.07901,0.07998,0.07869,0.0797,8241014,655241.60915,7550,4170670,331748.29815,0.0023896365237077,ARPA-USDT,0.0789918331844135,0.0790847197753721,
2024-03-11 13:00:00,0.0797,0.07999,0.07842,0.07865,11387019,902357.92927,10306,4673860,370799.11761,0.0020384762390113,ARPA-USDT,0.0796399276171408,0.07954142857449,
2024-03-11 14:00:00,0.07865,0.07928,0.07855,0.07923,8436609,665867.92145,8201,3816760,301244.46561,0.0017701352889114,ARPA-USDT,0.0787417215575849,0.0788232163056052,
2024-03-11 15:00:00,0.07924,0.08061,0.07895,0.0791,19829404,1583334.74974,13716,10455000,834976.20731,0.0015193719929096,ARPA-USDT,0.079202409005385,0.0792358416806013,
2024-03-11 16:00:00,0.07912,0.07984,0.07828,0.07925,15270095,1208175.32745,13390,7077282,560261.87686,0.0015164918488561,ARPA-USDT,0.0793497881856909,0.0792997334688493,0.00072652
2024-03-11 17:00:00,0.07927,0.07973,0.07875,0.07968,9410205,745556.12944,6370,3823618,303325.74704,0.0012565971349585,ARPA-USDT,0.0789588896138819,0.079192064373123,
2024-03-11 18:00:00,0.07967,0.08066,0.07947,0.08064,8921110,715637.4205,7506,4583349,367681.22128,0.0014903129657228,ARPA-USDT,0.0796190864947189,0.0796337077123541,
2024-03-11 19:00:00,0.08066,0.08071,0.0797,0.07992,7876727,631485.53814,6334,3533393,283351.90352,0.0020060180541625,ARPA-USDT,0.0805459444296142,0.0804141839735464,
2024-03-11 20:00:00,0.07993,0.08094,0.07984,0.08051,7137348,574996.85512,5730,3513315,283067.95472,0.001866600298656,ARPA-USDT,0.0799320250485738,0.0800085441475925,
2024-03-11 21:00:00,0.08052,0.08108,0.08027,0.08098,3865876,311825.73549,3719,2056468,165905.54059,0.0013602077408185,ARPA-USDT,0.080513729175511,0.0803887619730991,
2024-03-11 22:00:00,0.08096,0.08096,0.08007,0.08029,4149391,333928.00579,4233,2176711,175162.31973,0.0017467248908296,ARPA-USDT,0.0809040632945877,0.0808265511072181,
2024-03-11 23:00:00,0.08028,0.08087,0.08023,0.08076,3482597,280813.24099,4185,1695494,136707.71687,0.0014880952380951,ARPA-USDT,0.080301915876925,0.0803105983720425,
2024-03-12 00:00:00,0.08077,0.08132,0.08051,0.08092,4631059,374846.87152,5128,2311079,187043.51249,0.0019811788013868,ARPA-USDT,0.0808336634005881,0.0808408798466285,0.00088989
2024-03-12 01:00:00,0.08092,0.08214,0.08052,0.08162,8747372,711847.22542,7107,4849960,394959.74007,0.0015952877653697,ARPA-USDT,0.0810380837342922,0.0809570139735947,
2024-03-12 02:00:00,0.08163,0.08305,0.08141,0.08246,10868656,895827.79988,8730,5424456,447097.46786,0.0020658646251063,ARPA-USDT,0.0815769983068066,0.0816451631672056,
2024-03-12 03:00:00,0.08246,0.08254,0.08006,0.08033,12070442,981576.19335,9820,4373233,355512.1261,0.0018707907208779,ARPA-USDT,0.0823755238245711,0.0824143827041118,
2024-03-12 04:00:00,0.08033,0.08145,0.07979,0.08079,7494884,604429.5707,7389,3925066,316611.48558,0.0013634110064451,ARPA-USDT,0.0804852074343621,0.0804331194301329,
2024-03-12 05:00:00,0.08079,0.08192,0.08064,0.0814,5925486,482492.21013,6730,3157571,257090.88232,0.0017228648781688,ARPA-USDT,0.0808438322538668,0.0808637045221962,
2024-03-12 06:00:00,0.0814,0.0814,0.07933,0.08113,11284481,906922.71976,11743,5090358,409521.32376,0.0008635578583764,ARPA-USDT,0.081247914159666,0.0810107391954133,
2024-03-12 07:00:00,0.08113,0.08193,0.08026,0.08056,6374979,516938.52216,7791,3196200,259186.40748,0.0004967709885743,ARPA-USDT,0.0811882072292847,0.0811532474926667,
2024-03-12 08:00:00,0.08057,0.08098,0.07825,0.07894,14383163,1139302.94816,15202,6182074,489574.17781,0.0015224562293834,ARPA-USDT,0.0807296557653624,0.0805963378853123,0.00063188
2024-03-12 09:00:00,0.07894,0.08172,0.07892,0.08081,10004901,806314.53949,8498,4292915,346099.69672,0.0014871731317389,ARPA-USDT,0.0789884591373673,0.0791570196588796,
2024-03-12 10:00:00,0.0808,0.08707,0.08052,0.08233,79163238,6653701.25184,42563,43249660,3637645.70489,0.0008509603695598,ARPA-USDT,0.0807206374203224,0.0808974819116842,
2024-03-12 11:00:00,0.08232,0.08384,0.08146,0.08223,57441798,4746962.22279,30476,28058374,2320019.68555,0.0006084205402774,ARPA-USDT,0.0828274103622618,0.0829495348493326,
2024-03-12 12:00:00,0.08224,0.08345,0.08072,0.08298,28824750,2359965.16463,21638,12343809,1011870.25611,0.0006029181237188,ARPA-USDT,0.0821005152063528,0.0819991541729108,
2024-03-12 13:00:00,0.08299,0.08308,0.08161,0.0824,16603332,1367761.79124,12792,7635007,629222.68939,0.0014584346135146,ARPA-USDT,0.0829252684269105,0.0826868564510232,
2024-03-12 14:00:00,0.08238,0.08302,0.08054,0.08163,21376634,1750218.98733,16601,9190423,752868.18064,0.0011037527593817,ARPA-USDT,0.0821774810978047,0.0824034621520817,
2024-03-12 15:00:00,0.08165,0.08347,0.08119,0.08294,17274971,1429138.75671,15988,8335833,689939.91486,0.0004825090470446,ARPA-USDT,0.0815600685150405,0.0817371780497734,
2024-03-12 16:00:00,0.08294,0.08326,0.08014,0.08075,23368213,1911860.48423,20309,10297064,843307.16787,0.0013640873015872,ARPA-USDT,0.0829680008137059,0.0830112284067391,0.00051394
2024-03-12 17:00:00,0.08075,0.08234,0.07635,0.08215,72467964,5760773.24048,42629,34830937,2779549.06191,0.0012187690432663,ARPA-USDT,0.0808891680850539,0.0808157575820998,
2024-03-12 18:00:00,0.08214,0.08562,0.08152,0.08547,49076189,4095163.97902,31433,25182082,2103558.7628,0.0009368778545497,ARPA-USDT,0.0820708635229956,0.0819261413809468,
2024-03-12 19:00:00,0.08547,0.0894,0.0854,0.08727,96912935,8507787.35124,55214,47254036,4150139.86624,0.0016067944450821,ARPA-USDT,0.0859618055540181,0.08695482179284,
2024-03-12 20:00:00,0.08727,0.10707,0.08686,0.10701,363593650,35902691.30542,219133,188596939,18603005.55986,-0.0024237904353501,ARPA-USDT,0.087416695799231,0.0873405324054967,
2024-03-12 21:00:00,0.10697,0.12316,0.10668,0.10974,799545885,92401220.36678,469713,400905433,46365008.70657,0.003383011794825,ARPA-USDT,0.1086989413104643,0.1137427959512651,
2024-03-12 22:00:00,0.10973,0.1139,0.10718,0.11024,261453961,28967832.1988,173301,134144713,14870058.50037,0.0019085703898937,ARPA-USDT,0.1097261252521907,0.1106581504741044,
2024-03-12 23:00:00,0.11023,0.11357,0.10827,0.10919,156326325,17380961.60739,100150,77149856,8586276.21642,0.0024788835842819,ARPA-USDT,0.1101494122091901,0.1096797333090607,
2024-03-13 00:00:00,0.10916,0.11047,0.10425,0.1045,167049970,17806658.61464,114903,82297971,8775195.535699999,0.0016294450301925,ARPA-USDT,0.108802723723769,0.1091341646037261,0.00024064
2024-03-13 01:00:00,0.1045,0.10498,0.09956,0.10204,145838017,14886224.94503,96930,69734120,7119830.02734,0.0017671313567642,ARPA-USDT,0.1047319544291677,0.1043238590506248,
2024-03-13 02:00:00,0.10202,0.10245,0.0966,0.0967,101042704,10011116.61568,67803,45846652,4544921.17076,0.0017611105355845,ARPA-USDT,0.1019024256212672,0.1013976871905319,
2024-03-13 03:00:00,0.09669,0.09823,0.09301,0.09382,131007671,12494199.22961,74093,63194985,6026482.5967,0.001815269620929,ARPA-USDT,0.0963363726639951,0.0965490880097547,
2024-03-13 04:00:00,0.09384,0.09553,0.09345,0.09438,72861819,6888101.36281,48715,38521744,3642816.74129,0.0019108280254775,ARPA-USDT,0.0941448995743354,0.0939128702040898,
2024-03-13 05:00:00,0.09439,0.09868,0.09383,0.09543,116894502,11285765.3009,68796,60520947,5841935.50214,0.0017845895444048,ARPA-USDT,0.0942681423198819,0.09419438526015,
2024-03-13 06:00:00,0.09543,0.09616,0.09402,0.09513,63009350,5984657.22194,37477,29392322,2793310.45238,0.0014738393515107,ARPA-USDT,0.0951452616819977,0.0949440258771111,
2024-03-13 07:00:00,0.09513,0.0995,0.09436,0.09631,112246126,10875636.5237,65692,56867468,5509490.01225,0.0011434511434513,ARPA-USDT,0.0949296837680432,0.0946727998511544,
2024-03-13 08:00:00,0.0963,0.09894,0.09504,0.09672,83439003,8079877.44254,52331,39493549,3826203.38979,0.0015532774153463,ARPA-USDT,0.096226353760929,0.0958890849297934,0.0009339
2024-03-13 09:00:00,0.09672,0.09732,0.09457,0.09499,57211757,5495353.84888,35293,26132669,2511456.45642,0.0022156573116691,ARPA-USDT,0.0966415821689102,0.096491567149162,
2024-03-13 10:00:00,0.09498,0.09562,0.09372,0.09429,46969970,4431810.95411,28857,22398627,2114264.67112,0.0019126554032515,ARPA-USDT,0.0951322488183633,0.0950266351382563,
2024-03-13 11:00:00,0.09429,0.09434,0.0915,0.09235,54243838,5034865.70993,32453,23457827,2178235.6212,0.0020616319444444,ARPA-USDT,0.0941078610714642,0.093894096797868,
2024-03-13 12:00:00,0.09234,0.09284,0.09155,0.09259,41744800,3850067.82245,24841,21899646,2020594.81287,0.0018394286950875,ARPA-USDT,0.0922172067379811,0.0923222218972707,
2024-03-13 13:00:00,0.09258,0.09337,0.09163,0.09334,51318346,4742708.34496,29873,25768804,2382514.9032,0.0016096147655328,ARPA-USDT,0.0925502853403414,0.0925220931717639,
2024-03-13 14:00:00,0.09336,0.09427,0.091,0.09118,67411103,6254956.66411,36155,30803791,2862085.78302,0.0012078620841111,ARPA-USDT,0.0931528853903389,0.0938162057038336,
2024-03-13 15:00:00,0.09118,0.09219,0.09003,0.09217,50471767,4606416.4497,27939,26272705,2399738.58357,0.0019567344276552,ARPA-USDT,0.0912010046069992,0.0909009692511774,
2024-03-13 16:00:00,0.09216,0.09306,0.0911,0.09156,37044765,3409242.85633,24815,16620776,1530350.22362,0.002079457152238,ARPA-USDT,0.0922350780953367,0.0926065508986152,0.00078463
2024-03-13 17:00:00,0.09155,0.09618,0.09147,0.09481,144000464,13583642.94279,74681,77809066,7338491.62922,0.001267293272785,ARPA-USDT,0.0915635969267023,0.091800404134603,
2024-03-13 18:00:00,0.09482,0.09742,0.09316,0.09425,99140353,9414920.15367,59538,46276498,4398056.26372,0.0009558198810535,ARPA-USDT,0.0949459949957891,0.0952086378598148,
2024-03-13 19:00:00,0.09427,0.09508,0.09313,0.09361,63616403,5989841.21163,31098,29565681,2784478.27891,0.0018193493150684,ARPA-USDT,0.0940719749589778,0.0943762854172906,
2024-03-13 20:00:00,0.09357,0.09432,0.0923,0.09286,41007674,3825942.26366,26115,18187059,1697051.72485,0.0021584286639326,ARPA-USDT,0.0937827735938465,0.0939208941997514,
2024-03-13 21:00:00,0.09286,0.09579,0.09264,0.09564,52099159,4927749.96288,28849,26449209,2500816.16159,0.0014659685863873,ARPA-USDT,0.0927828984284454,0.09303963154266,
2024-03-13 22:00:00,0.09563,0.09565,0.09473,0.09531,23817061,2268550.36689,18216,11032421,1051101.65841,0.0011554621848739,ARPA-USDT,0.0956121581568183,0.0952953119966638,
2024-03-13 23:00:00,0.09532,0.09669,0.09515,0.09601,31027750,2976639.96083,23388,16081463,1543259.15952,0.0011470281543273,ARPA-USDT,0.0955152958839276,0.0955048424228297,
2024-03-14 00:00:00,0.09604,0.09676,0.0946,0.09504,33196464,3173894.53324,27092,14290057,1366902.0938,0.0026374090093892,ARPA-USDT,0.0962327240252039,0.096330563010564,0.00043794
2024-03-14 01:00:00,0.09504,0.09531,0.09321,0.09382,27509133,2585548.36796,21345,12457624,1171286.84875,0.0019222554463904,ARPA-USDT,0.0951272244811122,0.0948182755327863,
2024-03-14 02:00:00,0.0938,0.09449,0.09359,0.09383,13176627,1240452.53828,11006,6937535,653033.23038,0.0025643765359546,ARPA-USDT,0.0937618573164631,0.094069250893563,
2024-03-14 03:00:00,0.09383,0.09483,0.09271,0.09339,27356173,2562830.16775,20333,12403239,1162156.71743,0.0022537025112685,ARPA-USDT,0.093942492727595,0.0940833642883902,
2024-03-14 04:00:00,0.09339,0.09386,0.09203,0.09252,20949495,1947750.27039,19839,9770589,908781.2972,0.0030355594102342,ARPA-USDT,0.0935099105666984,0.0930979833914023,
2024-03-14 05:00:00,0.09252,0.09322,0.0922,0.09227,11337531,1051420.39578,12417,5384637,499475.00183,0.0021722602367764,ARPA-USDT,0.0927102484640782,0.0927706519881605,
2024-03-14 06:00:00,0.09228,0.09254,0.09156,0.09186,16200348,1490399.7542,14155,7221136,664628.71077,0.0022913256955809,ARPA-USDT,0.0923397948188682,0.0921361278519342,
2024-03-14 07:00:00,0.09187,0.09203,0.09023,0.09126,23797346,2165445.55673,17202,10509583,956158.76414,0.0020863072361918,ARPA-USDT,0.0918743988927634,0.0917549499380247,
2024-03-14 08:00:00,0.09126,0.09161,0.09061,0.09062,14160839,1291411.50653,10789,5872125,535702.78734,0.0021010726528807,ARPA-USDT,0.0913987643035914,0.0913697525112352,0.00065014
2024-03-14 09:00:00,0.09064,0.09356,0.09041,0.09255,47736256,4404641.83765,27112,26790011,2471228.65902,0.0018402251569602,ARPA-USDT,0.0907435340031573,0.0906952860309464,
2024-03-14 10:00:00,0.09255,0.09334,0.09205,0.09248,16464618,1525719.43687,13586,8327224,771802.70918,0.0024932249322493,ARPA-USDT,0.0926231274876705,0.092720092665108,
2024-03-14 11:00:00,0.09248,0.09292,0.09124,0.09215,22932765,2111759.36531,19023,10348671,953068.95544,0.0018482278756251,ARPA-USDT,0.0924675015288594,0.0925450210508869,
2024-03-14 12:00:00,0.09214,0.09259,0.09051,0.09121,21987626,2008718.57429,18342,10654324,973689.08833,0.0015372790161414,ARPA-USDT,0.0920936891144313,0.0920121281617209,
2024-03-14 13:00:00,0.09122,0.0916,0.08776,0.08899,54441279,4861540.84973,38907,23181523,2069952.90198,0.0019139833370862,ARPA-USDT,0.0912466116976142,0.0913404464351105,
2024-03-14 14:00:00,0.08896,0.09023,0.08876,0.0896,32582146,2914712.94378,25342,16290963,1458012.49392,0.002012972489376,ARPA-USDT,0.0891581567129817,0.0893507989990477,
2024-03-14 15:00:00,0.08962,0.09043,0.08779,0.08871,29445071,2619761.04663,24280,14617844,1301015.71431,0.0019200361418567,ARPA-USDT,0.089539445512136,0.0896096758132451,
2024-03-14 16:00:00,0.08871,0.09013,0.08747,0.08989,30431324,2700832.28148,22016,14181438,1260179.06098,0.0018947837717342,ARPA-USDT,0.088960439655862,0.0889980911120109,0.00108487
2024-03-14 17:00:00,0.0899,0.09052,0.08919,0.09034,15494030,1390210.64412,11459,7365233,661145.73113,0.0018853277143173,ARPA-USDT,0.0899026872459609,0.0896896099740541,
2024-03-14 18:00:00,0.09036,0.09037,0.08814,0.08912,25259713,2251361.93689,19890,11390481,1014886.21056,0.0017985611510791,ARPA-USDT,0.0902635946986675,0.0897892410668974,
2024-03-14 19:00:00,0.08912,0.0894,0.08554,0.08781,47258037,4136088.15743,36574,21949729,1922033.57081,0.0018254420992582,ARPA-USDT,0.0890955043337162,0.0887806911732177,
2024-03-14 20:00:00,0.08782,0.09233,0.08776,0.09136,44266288,4014376.8673,27274,22629437,2051293.81379,0.0013152126260411,ARPA-USDT,0.0881423894879171,0.0886805111325763,
2024-03-14 21:00:00,0.09136,0.09169,0.09096,0.09141,13163409,1201115.86627,10071,5981466,545847.15584,0.001424189307625,ARPA-USDT,0.0914448509273406,0.0914293309082858,
2024-03-14 22:00:00,0.09142,0.09261,0.09136,0.09235,9873524,908964.58392,8785,4923434,453273.59736,0.0017355461546806,ARPA-USDT,0.0914920774279984,0.0915924161108846,
2024-03-14 23:00:00,0.09234,0.09274,0.09213,0.0925,7928405,732736.637,7436,3761260,347639.86899,0.0017327268789255,ARPA-USDT,0.0922232340624773,0.0922852133494446,
2024-03-15 00:00:00,0.09251,0.09395,0.09234,0.093,11890003,1106390.89525,10418,5772984,537162.98727,0.0019392372333548,ARPA-USDT,0.0925301185077436,0.0926746530962063,0.00080102
2024-03-15 01:00:00,0.09299,0.09338,0.09204,0.09238,7861284,728803.64294,7711,3930426,364553.30425,0.0023871527777776,ARPA-USDT,0.0929837784159742,0.0930801871975073,
2024-03-15 02:00:00,0.09238,0.09346,0.088,0.08986,42153838,3831265.00992,36257,20268477,1843526.39649,0.0025661050987391,ARPA-USDT,0.092839970832358,0.0930786646499014,
2024-03-15 03:00:00,0.08988,0.09057,0.0835,0.09011,58360197,5143144.8289,54316,26994753,2383581.77651,0.0009997778271495,ARPA-USDT,0.0898813028593701,0.0901224046374739,
2024-03-15 04:00:00,0.0901,0.092,0.08779,0.08825,30789068,2762904.27127,35410,15324627,1375660.97007,0.0012480145223507,ARPA-USDT,0.0900783926570009,0.0895243232711066,
2024-03-15 05:00:00,0.08824,0.09181,0.08822,0.09008,22544846,2039005.27088,26031,10749870,972097.62708,0.0011113580795731,ARPA-USDT,0.0885994183645468,0.0896439058946801,
2024-03-15 06:00:00,0.09008,0.09594,0.08986,0.09542,46077560,4327333.18669,42878,24044023,2259695.0581,0.0009440889541592,ARPA-USDT,0.0902857596226138,0.0906584393763682,
2024-03-15 07:00:00,0.0954,0.09583,0.09196,0.09215,40143671,3765451.53244,34505,18269769,1714982.17847,0.0015215737419844,ARPA-USDT,0.0954976075175095,0.0951332075368601,
2024-03-15 08:00:00,0.09214,0.09312,0.08752,0.08777,64123163,5814011.8258,47411,27945518,2537158.18002,0.0014833409402099,ARPA-USDT,0.0922937652516359,0.0923868986777051,0.00068732
2024-03-15 09:00:00,0.08782,0.09229,0.0846,0.09177,86538748,7664765.83481,63099,39844864,3530081.6087700003,0.0017465342211548,ARPA-USDT,0.0881250580150451,0.0885104720220285,
2024-03-15 10:00:00,0.09177,0.09546,0.09045,0.09462,51446181,4823856.00529,48430,26230274,2460334.67757,0.0011638980002115,ARPA-USDT,0.0916614306441374,0.0918688711293264,
2024-03-15 11:00:00,0.09463,0.09585,0.09066,0.09477,58673748,5483433.41634,52330,27607454,2581958.27327,0.0013736263736263,ARPA-USDT,0.0946998335576261,0.0943190901805724,
2024-03-15 12:00:00,0.09476,0.09478,0.09145,0.09277,32196843,3001825.57197,32263,15306094,1427023.81091,0.0011871357651629,ARPA-USDT,0.0944385925313994,0.094068526737774,
2024-03-15 13:00:00,0.09277,0.09469,0.09168,0.09221,44108429,4096740.73513,33582,20803577,1933079.68352,0.0015205821657435,ARPA-USDT,0.0927634302741702,0.0934929744148843,
2024-03-15 14:00:00,0.09218,0.09402,0.0904,0.09362,34004545,3122252.288,28249,16963447,1557458.07411,0.0013905230505935,ARPA-USDT,0.0924593500160082,0.0920093959225694,
2024-03-15 15:00:00,0.09361,0.1093,0.0936,0.10834,230607268,23365611.17255,134955,116822339,11826155.48313,0.0,ARPA-USDT,0.0939140496997863,0.0941413914994273,
2024-03-15 16:00:00,0.10833,0.11221,0.10074,0.10226,406112428,43064975.91329,221358,195796750,20775570.62707,0.0012728874963283,ARPA-USDT,0.106890330718102,0.1062108014975046,0.00042751
2024-03-15 17:00:00,0.10222,0.10473,0.09943,0.09982,131157893,13381701.00498,99556,62566070,6388059.45511,0.0005011526510976,ARPA-USDT,0.1030362268314379,0.1037692610979407,
2024-03-15 18:00:00,0.09982,0.10216,0.09857,0.0999,98438824,9880428.61458,81766,44398390,4458160.36921,0.0017046024265516,ARPA-USDT,0.1000615615548085,0.1003209656509687,
2024-03-15 19:00:00,0.0999,0.1012,0.09742,0.09785,75124228,7452283.99796,58885,35233593,3496474.97772,0.0019455252918287,ARPA-USDT,0.1002499180391184,0.1004676275563219,
2024-03-15 20:00:00,0.09785,0.0991,0.09559,0.09613,64137426,6238141.79289,48765,29465912,2867208.41128,0.0011455946677776,ARPA-USDT,0.0976703124106526,0.0975172135957464,
2024-03-15 21:00:00,0.09616,0.0971,0.0952,0.09563,31270499,3002570.32844,26473,14688413,1410714.34123,0.0010467915837957,ARPA-USDT,0.0961701523986787,0.0964506197938475,
2024-03-15 22:00:00,0.09564,0.09948,0.09556,0.09817,54258228,5318579.60042,43416,26896030,2635802.92544,0.0017346938775508,ARPA-USDT,0.0957232725142575,0.0957897498063916,
2024-03-15 23:00:00,0.09817,0.09834,0.0965,0.09712,31684445,3080822.54038,27685,14052849,1366596.09952,0.0014435966178594,ARPA-USDT,0.0982413109007873,0.0977116703316772,
2024-03-16 00:00:00,0.09713,0.09849,0.09561,0.09635,46583189,4519791.07754,28575,23018872,2233091.38282,0.0016633745711613,ARPA-USDT,0.097123485217127,0.0969523877294469,0.00048644
2024-03-16 01:00:00,0.09635,0.09717,0.09532,0.09641,30942433,2980161.46089,25013,14328011,1380754.79262,0.0012462353307716,ARPA-USDT,0.0964534976133058,0.0965092743841397,
2024-03-16 02:00:00,0.09641,0.09694,0.09568,0.09624,20067130,1934249.74841,18674,10563897,1018408.24027,0.0008319467554078,ARPA-USDT,0.0962705106297462,0.0959273261789759,
2024-03-16 03:00:00,0.09622,0.09707,0.09511,0.09673,24467500,2348178.13966,18653,11584677,1112078.4673,0.0009312913907284,ARPA-USDT,0.0960700977725956,0.0956555866851703,
2024-03-16 04:00:00,0.09674,0.09679,0.09522,0.09544,19144905,1836189.17828,15363,9177641,880261.19092,0.0012589173310952,ARPA-USDT,0.0964919640131541,0.096286923635279,
2024-03-16 05:00:00,0.09545,0.09549,0.09364,0.09441,26631850,2515772.20406,19722,10980526,1037074.8541,0.0013788714467541,ARPA-USDT,0.0954207970976603,0.0949142235505166,
2024-03-16 06:00:00,0.09444,0.09504,0.09369,0.09385,18139797,1710799.77307,13590,8469177,798896.54489,0.0010666666666667,ARPA-USDT,0.0944754439229648,0.0945458031978711,
2024-03-16 07:00:00,0.09386,0.09474,0.09327,0.09471,17876364,1678751.40066,13554,8204295,770718.12059,0.0013744977796574,ARPA-USDT,0.0937942119530582,0.0936490804008401,
2024-03-16 08:00:00,0.09472,0.09582,0.09428,0.09467,18702502,1778130.53652,14358,8861599,842585.36335,0.0016929425457623,ARPA-USDT,0.0946133163580204,0.0944285895936837,0.00049924
2024-03-16 09:00:00,0.09466,0.09537,0.09404,0.09462,14392355,1363160.12375,13177,6819027,645975.27456,0.0011638980002115,ARPA-USDT,0.0945390098097112,0.094713857667863,
2024-03-16 10:00:00,0.09462,0.09491,0.09333,0.09362,21292028,2004126.09853,17896,8917463,839718.56981,0.0014976465554128,ARPA-USDT,0.0948055756668546,0.0943862763658963,
2024-03-16 11:00:00,0.09362,0.09426,0.0925,0.09324,27723835,2588851.83156,19718,12509783,1168777.55491,0.0009661835748793,ARPA-USDT,0.0935732275304025,0.0938803906199158,
2024-03-16 12:00:00,0.09323,0.09329,0.09094,0.09111,26640399,2451208.17867,20529,12183523,1120860.69722,0.0014288854693338,ARPA-USDT,0.0931685243315782,0.0929430035028298,
2024-03-16 13:00:00,0.09112,0.092,0.08849,0.08895,37184312,3356044.16664,27333,17460444,1576545.99251,0.0010128291694802,ARPA-USDT,0.0913328321861061,0.0916092599123791,
2024-03-16 14:00:00,0.08898,0.08976,0.08844,0.08962,21665826,1932314.25096,18682,10842036,967135.29566,0.0013407821229052,ARPA-USDT,0.0891551200054732,0.0889216259417907,
2024-03-16 15:00:00,0.08963,0.09068,0.08874,0.09053,27798626,2492724.12161,19728,15147233,1359521.29927,-0.0002208724461624,ARPA-USDT,0.0896316024091581,0.0897285973176692,
2024-03-16 16:00:00,0.09054,0.09061,0.08875,0.08913,24379495,2186458.32857,19740,11246925,1008859.88453,0.0008983717012913,ARPA-USDT,0.0904841050081201,0.0902289144323092,0.00044963
2024-03-16 17:00:00,0.08912,0.08947,0.08633,0.08715,48996135,4289589.815690001,34017,23619932,2067864.6582,0.0011487650775416,ARPA-USDT,0.0892181863056957,0.089282077314579,
2024-03-16 18:00:00,0.08718,0.08764,0.08541,0.08632,69159304,5987317.72438,52619,35041077,3035128.57829,0.0006955715279386,ARPA-USDT,0.0873877697189636,0.0873681987189322,
2024-03-16 19:00:00,0.08631,0.08831,0.0848,0.08509,45765008,3969957.74515,31607,21303245,1850204.60513,0.0016480282519129,ARPA-USDT,0.0864194940603261,0.0867401692504992,
2024-03-16 20:00:00,0.08507,0.08646,0.08451,0.08471,47244347,4041989.77473,29668,23549256,2015174.16629,0.0010635783502717,ARPA-USDT,0.0853073651421676,0.0853845342339159,
2024-03-16 21:00:00,0.08472,0.08545,0.0831,0.08376,31743133,2664048.26506,20238,15392362,1291442.1407,0.0007168458781363,ARPA-USDT,0.0848264385431731,0.0851057241866531,
2024-03-16 22:00:00,0.08375,0.08489,0.08277,0.08385,19762734,1655488.92909,17040,10485378,879216.73597,0.0015527950310558,ARPA-USDT,0.0837342078635601,0.0833706165764493,
2024-03-16 23:00:00,0.08386,0.08386,0.08172,0.0833,25499697,2114207.0076,22584,11113541,921654.59047,0.0010816007691383,ARPA-USDT,0.0837531741528762,0.0835172934708305,
2024-03-17 00:00:00,0.08331,0.08446,0.08137,0.08149,21002541,1744609.89855,18855,9658212,803982.1923,0.0012286521685711,ARPA-USDT,0.0835446553073956,0.0838037196338343,0.0001
2024-03-17 01:00:00,0.08151,0.08433,0.08151,0.08433,16789293,1396978.51023,14598,9080651,755358.26247,0.0013061030634053,ARPA-USDT,0.0816975879593146,0.0821304181878128,
2024-03-17 02:00:00,0.08431,0.08517,0.08348,0.08465,14185831,1196581.8201,13454,6699276,565245.0424,0.0009459619250324,ARPA-USDT,0.0839944670779658,0.0839679873726863,
2024-03-17 03:00:00,0.08466,0.08518,0.08443,0.08513,10329962,875399.21783,9550,5242213,444340.99852,0.002118893466745,ARPA-USDT,0.0847337828204032,0.0846380305897487,
2024-03-17 04:00:00,0.08513,0.08517,0.08412,0.0844,6910308,584860.55106,7298,3468712,293625.90305,0.0017804154302669,ARPA-USDT,0.0851243442137342,0.084984373210666,
2024-03-17 05:00:00,0.0844,0.08485,0.08334,0.0837,9175273,770416.17146,8834,3960942,332745.48148,0.0008370202080594,ARPA-USDT,0.0843840282872622,0.0842656028181819,
2024-03-17 06:00:00,0.08372,0.08396,0.08105,0.08123,16920554,1391418.25578,13313,7719478,634695.59563,0.0023445212240869,ARPA-USDT,0.0837903253364699,0.0838139815463901,
2024-03-17 07:00:00,0.08118,0.08181,0.07897,0.08089,36761562,2952907.03974,26378,17864982,1435804.10234,0.0009899764880583,ARPA-USDT,0.0812608531218551,0.0815146048996228,
2024-03-17 08:00:00,0.08089,0.08326,0.08006,0.08295,20440889,1668752.51761,16784,9362279,765297.16226,0.0008445945945945,ARPA-USDT,0.0808982012609853,0.080946841210656,0.0001
2024-03-17 09:00:00,0.08293,0.08365,0.0823,0.08304,13348311,1109484.0371,12257,6112789,508186.13141,0.0013264198721814,ARPA-USDT,0.0829679872801542,0.0827094119109202,
2024-03-17 10:00:00,0.08303,0.08449,0.08299,0.08428,15250243,1278556.96908,12925,7756039,650276.28834,0.0008312551953448,ARPA-USDT,0.0831114620040809,0.0831899218043284,
2024-03-17 11:00:00,0.08428,0.08448,0.08306,0.08323,15040833,1259332.15343,11773,7247734,606859.2393199999,0.0008417508417508,ARPA-USDT,0.0843142791175154,0.0842520666424544,
2024-03-17 12:00:00,0.08323,0.08372,0.08102,0.08147,18334662,1510145.96353,12878,8369783,689637.22074,0.0013520157325466,ARPA-USDT,0.0833421260483598,0.0833497258902753,
2024-03-17 13:00:00,0.08147,0.08265,0.08145,0.08253,13448736,1103718.10383,11916,7134320,585489.50514,0.000727537286286,ARPA-USDT,0.0815964843646532,0.0819555044309253,
2024-03-17 14:00:00,0.08253,0.08348,0.08198,0.08331,16061223,1330117.61908,12974,8946786,741316.69915,0.0012017786323756,ARPA-USDT,0.0825898743521582,0.0825393416447609,
2024-03-17 15:00:00,0.0833,0.08479,0.08282,0.08448,21115253,1771665.26569,13751,11050395,927258.28622,0.0007107320540156,ARPA-USDT,0.0833150115934905,0.0832249425268409,
2024-03-17 16:00:00,0.08447,0.08496,0.08351,0.08392,19105010,1609093.97556,13646,8831067,743799.74683,0.0004768717215068,ARPA-USDT,0.0842921563210036,0.0846150268552647,0.0003262
2024-03-17 17:00:00,0.08392,0.085,0.08372,0.08463,18096431,1527912.11992,11246,9066294,765570.94693,0.0008278145695364,ARPA-USDT,0.0839560245309721,0.0839444944330764,
2024-03-17 18:00:00,0.08464,0.08576,0.08382,0.08505,43587029,3702736.73426,21825,25015329,2125313.27258,0.0004705328784848,ARPA-USDT,0.084534372369394,0.0844045996230317,
2024-03-17 19:00:00,0.08505,0.08839,0.08471,0.08802,30215843,2602785.03617,17525,17288107,1491333.31259,0.0004546487838144,ARPA-USDT,0.0850865324219796,0.0851557171133756,
2024-03-17 20:00:00,0.08802,0.08812,0.08555,0.08585,30889253,2682055.19803,20437,13913194,1208865.9106,0.0003495688650665,ARPA-USDT,0.0880037138631804,0.087265114884951,
2024-03-17 21:00:00,0.08585,0.08686,0.08555,0.08594,12094505,1042163.72569,8738,5485556,472859.64538,0.0009317493594223,ARPA-USDT,0.0858948061421624,0.0858286163179188,
2024-03-17 22:00:00,0.08595,0.08698,0.08565,0.08583,11901860,1027366.7121,8627,5128445,442568.18553,0.001867631609665,ARPA-USDT,0.0861504196297628,0.0861359096939754,
2024-03-17 23:00:00,0.08583,0.08637,0.08519,0.08597,13746118,1178338.60987,9965,6795875,582650.43371,0.0015144454799627,ARPA-USDT,0.0859127016916029,0.0858872450258996,
2024-03-18 00:00:00,0.08597,0.08598,0.08406,0.08444,21812312,1852534.86156,14915,10467830,889124.9208,0.0010669828097213,ARPA-USDT,0.085774887338361,0.0855463943125323,0.0001
2024-03-18 01:00:00,0.08443,0.08523,0.08334,0.08467,18434658,1554791.53165,12241,8419606,710803.64626,0.0014192785334121,ARPA-USDT,0.0845299611611885,0.0843780547632529,
2024-03-18 02:00:00,0.08468,0.08626,0.08468,0.08547,13343632,1138433.92643,11671,6972786,594634.50926,0.0010541110330288,ARPA-USDT,0.0848358543429356,0.0848493246668327,
2024-03-18 03:00:00,0.08548,0.08617,0.08542,0.08558,9113356,781448.04426,8910,4225576,362283.86107,0.0010527547081531,ARPA-USDT,0.0855806473567865,0.0858121004147617,
2024-03-18 04:00:00,0.08558,0.08624,0.08465,0.08601,10800756,923819.20473,9559,4935845,422228.34661,0.0012805587892898,ARPA-USDT,0.0854633208039535,0.0853884816833451,
2024-03-18 05:00:00,0.08601,0.08717,0.08563,0.08667,10051558,868248.49527,8437,4817304,416106.82527,0.001039501039501,ARPA-USDT,0.0858875576091463,0.0859020736846526,
2024-03-18 06:00:00,0.08667,0.08688,0.08601,0.08611,6996736,603867.47841,6318,2928290,252753.54422,0.0011626555051738,ARPA-USDT,0.0866552624461736,0.0864624042579984,
2024-03-18 07:00:00,0.08611,0.08617,0.08518,0.08542,8707690,745080.68412,8035,4285024,366618.34019,0.0016416510318948,ARPA-USDT,0.0861309354200778,0.0860423814857545,
2024-03-18 08:00:00,0.08543,0.08543,0.08307,0.08405,16450125,1382137.11904,13977,8030851,674416.07414,0.0010719390185802,ARPA-USDT,0.0853431524910642,0.0850664196566846,0.00024101
2024-03-18 09:00:00,0.08408,0.08419,0.08186,0.08215,14606694,1211153.46901,12357,6272066,519914.17608,0.0009747776288533,ARPA-USDT,0.0840693645173393,0.0837173422748885,
2024-03-18 10:00:00,0.08218,0.08336,0.08189,0.0832,10739347,887327.19165,9172,5509010,455300.1535,0.0015649452269168,ARPA-USDT,0.0823051387599932,0.0825151645291201,
2024-03-18 11:00:00,0.08319,0.08373,0.08285,0.08306,5754885,479660.86487,5832,2913715,242816.42046,0.0010847294202722,ARPA-USDT,0.0831700281743388,0.0831414759642764,
2024-03-18 12:00:00,0.08306,0.08332,0.08174,0.08236,13296513,1095696.30881,9417,5655252,466274.67646,0.0014591439688718,ARPA-USDT,0.0830740518948471,0.0830340714499544,
2024-03-18 13:00:00,0.08237,0.08251,0.08004,0.08063,24370363,1972620.20392,16240,12300674,995521.99533,0.0011174571641419,ARPA-USDT,0.0824375215017921,0.082135147236287,
2024-03-18 14:00:00,0.08063,0.08113,0.07827,0.07907,21235108,1691410.44626,15290,9338410,744260.3818,0.0012663036596176,ARPA-USDT,0.0807321897286387,0.0804448705520075,
2024-03-18 15:00:00,0.07908,0.08042,0.07826,0.08011,14646400,1163030.25773,11205,8677751,689570.78039,0.0013749999999999,ARPA-USDT,0.0793154386301864,0.0793295736091039,
2024-03-18 16:00:00,0.0801,0.081,0.07887,0.07926,11836674,946882.72357,9795,6008613,480889.99749,0.001010356150543,ARPA-USDT,0.0800175448353996,0.0798608388738782,0.00026449
2024-03-18 17:00:00,0.07928,0.07932,0.07772,0.0788,23291984,1827160.3144,17530,10752711,844391.89134,0.0007620015240028,ARPA-USDT,0.0791991017010926,0.0788619788064168,
2024-03-18 18:00:00,0.07879,0.07935,0.07757,0.07773,11325962,887557.59117,8785,4880338,382668.58056,0.0015461925009663,ARPA-USDT,0.078756230179547,0.0787630041075529,
2024-03-18 19:00:00,0.07771,0.07887,0.07728,0.07791,12555687,980013.7626,9419,6538646,510837.92041,0.0008992805755394,ARPA-USDT,0.0776546809279958,0.0776179599895972,
2024-03-18 20:00:00,0.07795,0.07965,0.07795,0.0792,10493964,829186.88854,7642,6250430,493776.09767,0.0007581501137225,ARPA-USDT,0.0780412389613265,0.0781509761842219,
2024-03-18 21:00:00,0.07921,0.08063,0.07911,0.07968,7944602,635401.78011,5977,3171858,253629.82416,0.0011307953260459,ARPA-USDT,0.0791842167893352,0.0794063060891466,
2024-03-18 22:00:00,0.07968,0.07978,0.07845,0.07918,7416008,586355.39052,7213,3411844,269830.20504000003,0.0012645422357107,ARPA-USDT,0.0796442912783516,0.0795823352988307,
2024-03-18 23:00:00,0.07919,0.08036,0.07899,0.07939,6972939,555954.9577500001,6790,3338833,266190.08237,0.0015138135486314,ARPA-USDT,0.0791937181459999,0.0792102280738445,
2024-03-19 00:00:00,0.07938,0.08057,0.07741,0.07772,15193231,1200133.74801,13973,7769514,613945.00846,0.0009014810045073,ARPA-USDT,0.0793120339976282,0.0794199828380035,0.00022885
2024-03-19 01:00:00,0.07773,0.07786,0.07417,0.0755,34784151,2630390.21769,26498,14032410,1060782.38844,0.0010607265977193,ARPA-USDT,0.0777330150401088,0.0775730701160219,
2024-03-19 02:00:00,0.07549,0.07742,0.07539,0.07576,11863551,905944.59308,10976,6162146,470529.00228,0.0013217023526299,ARPA-USDT,0.0755744953869198,0.075723000276895,
2024-03-19 03:00:00,0.07576,0.0767,0.07377,0.07581,21649899,1627446.45369,18309,10363544,779095.1770499999,0.0009242144177448,ARPA-USDT,0.0758256642993381,0.0756060886509405,
2024-03-19 04:00:00,0.07578,0.07639,0.07445,0.07461,10797467,814868.45036,10413,5659686,427100.65184,0.0020145044319097,ARPA-USDT,0.0757906692653484,0.0758815857951728,
2024-03-19 05:00:00,0.0746,0.07538,0.07292,0.07438,28111847,2080761.05973,19344,12545429,929450.9015,0.0014810825366904,ARPA-USDT,0.074781653982526,0.0748618707373886,
2024-03-19 06:00:00,0.07438,0.0749,0.07217,0.07334,20410633,1500919.66322,16776,10211499,751169.58146,0.001092001092001,ARPA-USDT,0.0744380590557189,0.0742410557447708,
2024-03-19 07:00:00,0.07333,0.07436,0.06969,0.07409,43047870,3091527.94844,30773,19715694,1417993.92607,0.0006753106428958,ARPA-USDT,0.0732695021436414,0.0727914534055789,
2024-03-19 08:00:00,0.0741,0.07428,0.07046,0.07084,24832550,1793383.39946,21786,12258497,885710.76818,0.0019801980198019,ARPA-USDT,0.0739439885823862,0.0736947124934182,0.00028429
2024-03-19 09:00:00,0.07084,0.07329,0.06907,0.07316,44596992,3164772.64296,31026,21761932,1545684.67479,0.0008207934336526,ARPA-USDT,0.0709583899009018,0.0712672643161692,
2024-03-19 10:00:00,0.07316,0.07316,0.07054,0.0717,18926070,1355059.14674,14474,9764728,699128.49248,0.0005581914596706,ARPA-USDT,0.0729677490936649,0.0727419019560726,
2024-03-19 11:00:00,0.0717,0.07379,0.0707,0.07359,20082073,1446961.34266,14085,10701641,770979.70452,0.0010882873078492,ARPA-USDT,0.0718227840793646,0.0714956091863338,
2024-03-19 12:00:00,0.0736,0.07484,0.07323,0.07414,22204962,1644697.06254,14726,10550594,781677.27121,0.0008099352051835,ARPA-USDT,0.0735411909121986,0.0736963820803346,
2024-03-19 13:00:00,0.07413,0.0744,0.07282,0.07335,16542482,1215613.8747,11506,8244848,605778.24074,0.0009552401746724,ARPA-USDT,0.0741848278000602,0.074051859752375,
2024-03-19 14:00:00,0.07334,0.0739,0.072,0.07348,15477432,1127192.36099,11349,7337703,534109.17867,0.000953548562866,ARPA-USDT,0.0731917898084293,0.0730257615558309,
2024-03-19 15:00:00,0.0735,0.07528,0.07245,0.07517,14818268,1098700.42545,11316,7358772,545766.09603,0.0010653882008255,ARPA-USDT,0.07328949195339,0.0730610696980191,
2024-03-19 16:00:00,0.07518,0.07591,0.07493,0.07561,15050457,1135060.92087,9962,8072093,608765.93353,0.0006617257808363,ARPA-USDT,0.0751703571215581,0.075344384119897,0.00028525
2024-03-19 17:00:00,0.07561,0.07647,0.0754,0.07601,13967103,1059782.61504,8891,6766672,513507.80167,0.0007899934167214,ARPA-USDT,0.075549078809839,0.0756705423204744,
2024-03-19 18:00:00,0.076,0.07605,0.07489,0.07527,11725414,884680.12923,7794,4639463,350248.71953,0.0010639712727755,ARPA-USDT,0.0759555657145751,0.0758406811039876,
2024-03-19 19:00:00,0.07527,0.07611,0.07486,0.07508,7785463,586989.27246,6373,3671282,276764.22406,0.0007997867235403,ARPA-USDT,0.075265312568983,0.0752037120877233,
2024-03-19 20:00:00,0.07507,0.0754,0.07304,0.07381,34783210,2584724.80206,17829,19201868,1426688.68621,0.0002710394362379,ARPA-USDT,0.0751919357739437,0.0749860911109903,
2024-03-19 21:00:00,0.07386,0.07423,0.0726,0.07393,11988282,878619.32708,8293,5726456,419797.39663,0.0008122377149044,ARPA-USDT,0.0739608063285194,0.0739992220076668,
2024-03-19 22:00:00,0.07392,0.0741,0.07065,0.07153,17526679,1259732.08212,13273,8939871,642639.6667,0.0009795689896445,ARPA-USDT,0.0740180134870552,0.0738791698787488,
2024-03-19 23:00:00,0.07152,0.072,0.0697,0.07097,31669189,2241795.26826,17125,13942638,986874.64363,0.0014110342881332,ARPA-USDT,0.0715744519144197,0.0712227299087001,
2024-03-20 00:00:00,0.07096,0.07323,0.07059,0.07322,20968504,1505766.35021,14598,12819757,920560.03422,0.0015045821365067,ARPA-USDT,0.0709506898228366,0.0711949746179812,
2024-03-20 01:00:00,0.0732,0.07335,0.07051,0.07092,15980178,1146197.85335,13806,6787820,486910.46113,0.001977959875671,ARPA-USDT,0.0732212912778934,0.0729484271818495,
2024-03-20 02:00:00,0.07094,0.07288,0.07053,0.07281,8234672,593189.09927,7094,3996313,287928.05788,0.0008247422680411,ARPA-USDT,0.0707119509597992,0.0708756624702354,
2024-03-20 03:00:00,0.07281,0.07378,0.07107,0.07128,15724387,1144899.35978,9607,7158470,520832.77952,0.0015455950540959,ARPA-USDT,0.0731389836228787,0.0730261996741481,
2024-03-20 04:00:00,0.07128,0.07207,0.06981,0.07045,15883860,1124705.85398,13244,7405773,524315.99243,0.0009946007388461,ARPA-USDT,0.071458688024686,0.0717932283251228,
2024-03-20 05:00:00,0.07042,0.07085,0.06813,0.07012,22638579,1571117.05054,18097,10456788,725815.12919,0.0011422044545972,ARPA-USDT,0.0704487665991283,0.0705706109548579,
2024-03-20 06:00:00,0.07012,0.07157,0.07004,0.07126,13857145,984548.2338,9659,7327805,520530.74733,0.0014052838673412,ARPA-USDT,0.0701187930755654,0.0702373947797664,
2024-03-20 07:00:00,0.07127,0.07361,0.07116,0.07323,13958751,1013542.59013,10705,6313119,458237.02197,0.0002731867231253,ARPA-USDT,0.0712380475046151,0.0713239849027029,
2024-03-20 08:00:00,0.07322,0.07372,0.07226,0.07226,10717227,784664.3666,8412,4833694,353960.99028,0.0008310249307479,ARPA-USDT,0.0731541434909837,0.0731578354632111,
2024-03-20 09:00:00,0.07225,0.07323,0.07217,0.07277,7777883,566285.45809,6001,3597712,261895.05108,0.0012383048981838,ARPA-USDT,0.0722724684149702,0.0724801584963974,
2024-03-20 10:00:00,0.07276,0.07377,0.07223,0.0735,24821832,1815813.42866,12407,15183341,1110461.12173,0.000816993464052,ARPA-USDT,0.0726999433806708,0.0726578421853861,
2024-03-20 11:00:00,0.0735,0.07483,0.07316,0.0744,14017580,1039299.27319,9590,6782625,502866.1617,0.0010764262648008,ARPA-USDT,0.0734255440114594,0.073371820462701,
2024-03-20 12:00:00,0.07441,0.07506,0.07392,0.0744,13229074,986010.78209,9007,6227819,464109.15219,0.0008071025020175,ARPA-USDT,0.0743428391296574,0.0741765286896946,
2024-03-20 13:00:00,0.07439,0.07449,0.07339,0.07361,10602361,784363.96617,7946,4955183,366506.13447,0.0010879912960695,ARPA-USDT,0.0743877670561126,0.0741890292060005,
2024-03-20 14:00:00,0.07359,0.07435,0.07319,0.07381,8009237,590050.55389,5861,4168818,307185.60571,0.0006778741865509,ARPA-USDT,0.0735388348294637,0.073351469831407,
2024-03-20 15:00:00,0.07382,0.07402,0.07182,0.07225,14057461,1024738.29075,10646,6483502,472659.5387,-0.0001383891502907,ARPA-USDT,0.0737799092371862,0.0738457889006767,
2024-03-20 16:00:00,0.07226,0.07273,0.06961,0.07171,26743586,1901448.20482,18529,13438861,955929.78338,0.0006977393245881,ARPA-USDT,0.0721504068111572,0.0722147691932623,
2024-03-20 17:00:00,0.07172,0.07416,0.07137,0.07343,16626120,1217046.12272,12434,8449535,618199.85435,0.0013636983499247,ARPA-USDT,0.0717581752722881,0.0716322468923594,
2024-03-20 18:00:00,0.07344,0.0773,0.07344,0.07725,23387114,1762910.15105,14975,13074194,987304.35884,0.0012961762799741,ARPA-USDT,0.0739145811777051,0.0740299315321834,
2024-03-20 19:00:00,0.07725,0.07829,0.07647,0.07805,40020019,3101485.36344,21122,19675291,1524662.74516,0.0021828454031842,ARPA-USDT,0.0771347538431016,0.0770548532818089,
2024-03-20 20:00:00,0.07806,0.07912,0.07755,0.07843,20437906,1602084.22609,13015,8212343,643959.97321,0.0005102691669855,ARPA-USDT,0.0779660166322395,0.0777919556460852,
2024-03-20 21:00:00,0.07843,0.07931,0.07808,0.07919,15807646,1245929.58538,8595,8553957,674365.6715,0.0005053695514845,ARPA-USDT,0.0784410111325677,0.078409959629239,
2024-03-20 22:00:00,0.07919,0.07974,0.07876,0.07942,8971506,710396.73443,7396,3762954,297981.46619,0.0010083186286868,ARPA-USDT,0.0793076533837316,0.0793678639462171,
2024-03-20 23:00:00,0.0794,0.07962,0.07893,0.07947,6456625,512016.82925,5548,3508228,278268.37771,0.0013860887096774,ARPA-USDT,0.0792722741657255,0.0791207399190041,
2024-03-21 00:00:00,0.07946,0.08003,0.07884,0.07963,8149096,647111.3528,7453,4007240,318177.41327,0.0007540530350635,ARPA-USDT,0.0793795710916248,0.0791547456182215,0.000208
2024-03-21 01:00:00,0.07963,0.07986,0.07884,0.0794,9859002,783358.55807,5858,3757341,298587.75044,0.0012610340479193,ARPA-USDT,0.0796611461722103,0.079642614247428,
2024-03-21 02:00:00,0.07939,0.08039,0.07939,0.07972,7099684,566773.68491,5315,3635768,290199.69667000003,0.0013817359628187,ARPA-USDT,0.0794895499757542,0.0794942607335416,
2024-03-21 03:00:00,0.07972,0.0806,0.07899,0.07936,9352268,747010.20014,6453,4101959,327767.95239,0.0006304375236414,ARPA-USDT,0.0797289293923073,0.0798276820774604,
2024-03-21 04:00:00,0.0794,0.07984,0.07849,0.07883,9622543,762085.2864999999,8743,4764246,377345.3409,0.0011430022860043,ARPA-USDT,0.079451281041877,0.0795063200847707,
2024-03-21 05:00:00,0.07883,0.07883,0.07696,0.07852,13727439,1069195.09388,10591,6394804,497590.66581,0.0008922880815807,ARPA-USDT,0.0787773904626639,0.0785862194427168,
2024-03-21 06:00:00,0.07851,0.07919,0.07821,0.07866,10604867,835350.61252,7682,5523256,434970.26573,0.0005087763927753,ARPA-USDT,0.0784662215790625,0.0786146730316311,
2024-03-21 07:00:00,0.07865,0.07961,0.07847,0.07909,6604168,522453.58512,5068,3000443,237262.49189,0.001139240506329,ARPA-USDT,0.0786129029860563,0.0786386744887655,
2024-03-21 08:00:00,0.07908,0.08018,0.07904,0.07989,8192471,652774.13114,7037,3864385,307977.1138,0.0008769731896767,ARPA-USDT,0.0790853138537331,0.0791958243963815,0.00016439
2024-03-21 09:00:00,0.07989,0.0816,0.07976,0.08153,22771250,1838804.70937,15553,10887251,879339.62709,0.000613647520864,ARPA-USDT,0.079916421352395,0.0802883109791244,
2024-03-21 10:00:00,0.08151,0.08257,0.08097,0.0823,18267002,1493847.30284,12534,9586742,784652.41122,0.0014602092966657,ARPA-USDT,0.0814963530466572,0.0813160695304495,
2024-03-21 11:00:00,0.08226,0.08235,0.08098,0.08148,10895594,887826.78584,9004,4720626,384679.74715,0.0008598452278589,ARPA-USDT,0.0822310151536058,0.0820022243276761,
2024-03-21 12:00:00,0.08146,0.08171,0.08095,0.08122,7674950,624118.47606,6752,3789437,308109.88186,0.0007392804337111,ARPA-USDT,0.0813605254634705,0.0813005163525416,
2024-03-21 13:00:00,0.0812,0.08177,0.08065,0.08108,11434570,927025.53663,8830,5173632,419693.12686,0.0011112483022595,ARPA-USDT,0.081175006270903,0.0811538939829078,
2024-03-21 14:00:00,0.08107,0.08192,0.08081,0.0816,6177106,503486.01657,5929,3267613,266425.84259,0.0007358351729214,ARPA-USDT,0.080979885661269,0.081159885359072,
2024-03-21 15:00:00,0.0816,0.08178,0.08036,0.0813,11900536,963425.24471,8867,4920301,398663.34969,0.0016015769372919,ARPA-USDT,0.0817229200583273,0.0815689228476539,
2024-03-21 16:00:00,0.08129,0.08203,0.08082,0.08195,7328842,597182.55002,7681,3927623,320163.20027,0.0006105006105006,ARPA-USDT,0.0812745505315848,0.0810553253150204,0.00012596
2024-03-21 17:00:00,0.08198,0.08239,0.08039,0.08117,13231214,1074644.30476,10791,6068715,493308.68018,0.0008631319358816,ARPA-USDT,0.081902943831153,0.081829843864099,
2024-03-21 18:00:00,0.08116,0.08149,0.07976,0.08077,54561214,4401689.2857,27398,28926869,2334196.37446,0.000619425173439,ARPA-USDT,0.0811623950995296,0.0811190186882919,
2024-03-21 19:00:00,0.08077,0.08205,0.08024,0.08164,31905204,2587506.55604,15959,15418934,1250504.27393,0.0008581586367537,ARPA-USDT,0.0808155512545475,0.0806867070914715,
2024-03-21 20:00:00,0.08161,0.08266,0.08036,0.08184,15083584,1229572.54061,12649,7017575,572249.17132,0.0011009174311926,ARPA-USDT,0.0813877735085506,0.0810155655451837,
2024-03-21 21:00:00,0.08182,0.08193,0.08098,0.08176,6640479,540549.32572,5523,3384626,275542.20142,0.0015925517579322,ARPA-USDT,0.0818550280240596,0.0817482310696972,
2024-03-21 22:00:00,0.08175,0.08248,0.0816,0.08199,9206434,755828.6192,7204,4938250,405500.56983,0.001098901098901,ARPA-USDT,0.0817522068143985,0.0817890250005206,
2024-03-21 23:00:00,0.08198,0.08214,0.08141,0.08182,4836782,395661.19685,3993,2243829,183541.28864,0.0011011868346997,ARPA-USDT,0.0820020102255028,0.0820044393987519,
2024-03-22 00:00:00,0.08182,0.08279,0.08095,0.08166,9632875,788307.0732100001,8449,4847165,396808.76329,0.0013488657265481,ARPA-USDT,0.0817389185923964,0.0816527329221098,0.00039899
2024-03-22 01:00:00,0.08164,0.08254,0.08069,0.08098,10098666,823767.9646300001,9453,5398197,440595.52137,0.001855746628727,ARPA-USDT,0.081654982085604,0.0814596040710328,
2024-03-22 02:00:00,0.08096,0.08212,0.08079,0.08205,8029823,653141.27696,7070,3804937,309511.03675,0.000975966817128,ARPA-USDT,0.0811356502853947,0.0813536367500486,
2024-03-22 03:00:00,0.08206,0.0841,0.08205,0.08392,11550202,961426.92482,8969,6574643,547334.56007,0.0002383790226458,ARPA-USDT,0.082158019791568,0.0823686155923707,
2024-03-22 04:00:00,0.08392,0.08423,0.08227,0.0836,9917585,825971.4492,8595,4641366,386565.74711,0.0004786979415989,ARPA-USDT,0.0840263508506108,0.0838836280113816,
2024-03-22 05:00:00,0.08358,0.08469,0.08287,0.08463,8994037,754098.9343,6745,4378265,367221.64584,-0.0005904581955598,ARPA-USDT,0.0835188893390421,0.0836351856056089,
2024-03-22 06:00:00,0.08466,0.08588,0.08366,0.08402,20193662,1712853.38659,13215,9309414,790002.8655300001,0.0016690510252741,ARPA-USDT,0.0847218232819941,0.0847250989382732,
2024-03-22 07:00:00,0.08402,0.08459,0.08346,0.08441,6961980,584876.82033,6168,3430156,288161.0181,0.0015424774560988,ARPA-USDT,0.0839188404518398,0.0837822261496574,
2024-03-22 08:00:00,0.08441,0.085,0.08376,0.08471,15336232,1296592.70809,9508,7888297,667147.37416,0.0013002364066194,ARPA-USDT,0.0844773231116879,0.0845454503403863,0.00016916
2024-03-22 09:00:00,0.08469,0.09279,0.08461,0.09266,127723488,11411594.8035,83864,66787933,5964349.35087,-0.0001079097874177,ARPA-USDT,0.0846957068061574,0.0856484243561256,
2024-03-22 10:00:00,0.09267,0.09288,0.08605,0.08701,162256837,14577077.04736,98506,75020008,6735574.90439,0.0002299114840786,ARPA-USDT,0.092423128020176,0.092030325967841,
2024-03-22 11:00:00,0.08701,0.08862,0.08576,0.08673,75156221,6547201.26094,50433,36319565,3165239.42905,0.0006922810661129,ARPA-USDT,0.0873206197783897,0.0866419381372891,
2024-03-22 12:00:00,0.08672,0.08785,0.08343,0.08383,72171496,6180073.0714,42628,32799644,2808992.38708,0.0011943150603128,ARPA-USDT,0.0869249057226853,0.0865225744487333,
2024-03-22 13:00:00,0.08383,0.0843,0.08194,0.08271,59593555,4950006.59492,33922,26865036,2232192.171,0.0015742310486801,ARPA-USDT,0.0840574090224053,0.0838304262763941,
2024-03-22 14:00:00,0.08271,0.08433,0.0814,0.08353,51657283,4288023.18151,38119,25754682,2139979.3089,0.0003592814371256,ARPA-USDT,0.0828789341478051,0.0831532254682694,
2024-03-22 15:00:00,0.08353,0.0846,0.08227,0.08441,37886701,3167792.6322,25367,18112645,1514990.54353,0.0018991097922846,ARPA-USDT,0.0836042958164408,0.0836107697666229,
2024-03-22 16:00:00,0.08441,0.08443,0.08201,0.08285,25435895,2114364.45703,18464,11085267,921858.93285,0.0012084592145014,ARPA-USDT,0.0841818413561044,0.0840738287260414,0.0001
2024-03-22 17:00:00,0.08284,0.08471,0.08283,0.08372,18018344,1509686.3708,14378,9932581,832174.19447,0.0011958861516383,ARPA-USDT,0.0830282154789127,0.0833483689259744,
2024-03-22 18:00:00,0.08373,0.08449,0.08347,0.08357,17915755,1502935.11283,12738,8639475,724896.4936,0.0011980352222356,ARPA-USDT,0.0837423450201802,0.0837667925396671,
2024-03-22 19:00:00,0.08356,0.08384,0.08255,0.08327,15605846,1297400.73298,10621,6931765,576346.7655,0.0007210671794253,ARPA-USDT,0.0834437922158268,0.0833717055883864,
2024-03-22 20:00:00,0.08328,0.08344,0.0822,0.08258,15158926,1252559.87139,10800,7726035,638436.75295,0.0009696969696968,ARPA-USDT,0.0832676891008404,0.0831816660914468,
2024-03-22 21:00:00,0.08259,0.08267,0.08046,0.08172,22954005,1874192.86874,13432,10286356,840306.6851,0.0012251899044353,ARPA-USDT,0.0825987814783592,0.0825215674943266,
2024-03-22 22:00:00,0.08173,0.08184,0.08045,0.08149,14860700,1208140.31886,11319,7801899,634729.63159,0.0013516834603097,ARPA-USDT,0.0817031220643765,0.081643858099624,
2024-03-22 23:00:00,0.08148,0.08332,0.08138,0.08327,12527827,1032803.99025,9699,6649560,548078.12727,0.0007210671794253,ARPA-USDT,0.0814381688655495,0.081537128314277,
2024-03-23 00:00:00,0.08327,0.08333,0.08252,0.0826,12486413,1034663.24013,10174,4997400,414195.28066,0.0010907768755303,ARPA-USDT,0.082958993843303,0.0828817908928635,0.00015477
2024-03-23 01:00:00,0.0826,0.08366,0.08252,0.0833,9949031,828291.01091,6926,4388689,365412.14131,0.0006006006006005,ARPA-USDT,0.0825685733439367,0.0827603441652378,
2024-03-23 02:00:00,0.08331,0.08378,0.08275,0.08331,12715476,1058017.66098,8701,5650382,470202.61635,0.0009611918779286,ARPA-USDT,0.0832007204494527,0.0831936003331313,
2024-03-23 03:00:00,0.08331,0.08331,0.08201,0.08272,9598169,792919.20056,7432,4250746,351239.80218,0.0006048143220032,ARPA-USDT,0.0831991455424215,0.083057314332912,
2024-03-23 04:00:00,0.08271,0.08332,0.08245,0.08274,6689306,554126.23038,5654,3217795,266529.07932,0.0014524328249818,ARPA-USDT,0.0826456584267571,0.0825524029750561,
2024-03-23 05:00:00,0.08274,0.08342,0.08266,0.08295,4687827,389139.07134,4512,2493823,207035.51142,0.0012070006035003,ARPA-USDT,0.0827176652922771,0.0828228684427423,
2024-03-23 06:00:00,0.08297,0.08341,0.08267,0.08277,5727941,475394.31461,4975,2552695,211913.47223,0.0010885341074018,ARPA-USDT,0.083019650619944,0.0829553286539453,
2024-03-23 07:00:00,0.08278,0.08397,0.08271,0.08361,8620484,719675.74769,5976,4342340,362560.24848,0.0002392630697451,ARPA-USDT,0.0827866729644461,0.0828404511807852,
2024-03-23 08:00:00,0.08361,0.08421,0.0833,0.08358,8213864,687898.21341,6463,3998817,335013.9178,0.0014378145219267,ARPA-USDT,0.0837554486733664,0.0839482014707869,0.00010864
2024-03-23 09:00:00,0.08358,0.08374,0.08267,0.08321,6580621,547365.72248,5340,2956591,245973.41621,0.0012032246420408,ARPA-USDT,0.0836918443681658,0.0834283301002958,
2024-03-23 10:00:00,0.08322,0.08564,0.08319,0.08452,54296846,4600202.05692,29537,24939741,2111555.58619,0.0005919261276192,ARPA-USDT,0.0832568972401038,0.0833608429595531,
2024-03-23 11:00:00,0.08452,0.08565,0.08396,0.08558,40304236,3422494.39316,16645,19941314,1693148.51934,0.0014041656915517,ARPA-USDT,0.0845367939964114,0.0845340616829504,
2024-03-23 12:00:00,0.08556,0.08877,0.08545,0.088,28182066,2456530.37377,19805,14448608,1259360.44583,0.0009099181073703,ARPA-USDT,0.0855444667623944,0.0856467082013433,
2024-03-23 13:00:00,0.08801,0.08838,0.08571,0.08644,33132196,2881951.73444,20230,14497526,1260633.38039,0.0006946052326928,ARPA-USDT,0.0879453321576263,0.0877575777936802,
2024-03-23 14:00:00,0.08644,0.08662,0.08525,0.08643,17575573,1510403.86894,11742,8599836,739354.03487,0.0012743280815572,ARPA-USDT,0.0863554673169633,0.0860264752485507,
2024-03-23 15:00:00,0.08643,0.08679,0.08576,0.08655,11420959,984801.68462,7920,5013979,432522.42191,0.0009251763617439,ARPA-USDT,0.0864426888308833,0.0862549769673516,
2024-03-23 16:00:00,0.08656,0.08661,0.08582,0.08601,9708350,836968.63933,7865,4874125,420184.1854,0.0012805587892898,ARPA-USDT,0.0865113148906978,0.0863732242357644,0.00010942
2024-03-23 17:00:00,0.08601,0.08617,0.08521,0.08533,10209479,874115.14515,8595,4809825,411897.98322,0.0016433853738702,ARPA-USDT,0.0861056591846377,0.0860493184504065,
2024-03-23 18:00:00,0.08533,0.09052,0.08491,0.08829,102023389,8998537.63947,50751,54367551,4789782.86869,0.0011339154099103,ARPA-USDT,0.0853229984956895,0.0853058821672834,
2024-03-23 19:00:00,0.08829,0.08837,0.08656,0.08722,36654223,3207548.16138,24466,17651543,1544664.40341,0.0010329392861243,ARPA-USDT,0.0878297986808141,0.0879265649769391,
2024-03-23 20:00:00,0.08721,0.08818,0.08654,0.08657,18791996,1643255.56469,13624,8682287,759206.92214,0.0009249624234015,ARPA-USDT,0.0873308978435017,0.0875050277367489,
2024-03-23 21:00:00,0.08659,0.08687,0.086,0.08615,11708227,1011797.5073,8150,5289696,457247.58953,0.0012784751278474,ARPA-USDT,0.0865449540293258,0.0865072270926951,
2024-03-23 22:00:00,0.08614,0.08665,0.08572,0.086,10087273,868976.1157900001,7415,4486137,386763.69472,0.0015139163852333,ARPA-USDT,0.0861624614872364,0.0861861476678489,
2024-03-23 23:00:00,0.086,0.08615,0.08485,0.08508,9698707,829016.1103,7262,3894508,333143.52561,0.001176747469993,ARPA-USDT,0.0859571234194275,0.0860085827906789,
2024-03-24 00:00:00,0.08509,0.08788,0.08495,0.0871,20903234,1808821.69721,15491,10702974,925334.19447,0.0010343638662222,ARPA-USDT,0.0850435687935997,0.0852701208414737,0.0001
2024-03-24 01:00:00,0.0871,0.0874,0.08628,0.08689,6155291,533957.2229,5960,3003933,260581.97855,0.0010368663594468,ARPA-USDT,0.0870670380635817,0.0870945447453001,
2024-03-24 02:00:00,0.08688,0.08688,0.08575,0.08603,5314935,457895.25795,5133,2580349,222242.27167,0.0016299918500408,ARPA-USDT,0.0868331019202363,0.0865378907979685,
2024-03-24 03:00:00,0.08602,0.08606,0.08451,0.08499,7232548,615827.83775,7239,3552640,302433.3078,-0.0002352664392425,ARPA-USDT,0.0860069783695652,0.0857973324764865,
2024-03-24 04:00:00,0.08499,0.08558,0.08428,0.08477,7137471,604439.22282,6923,3095585,262350.18884,0.0011810558639424,ARPA-USDT,0.0850754182590233,0.0849813532654217,
2024-03-24 05:00:00,0.08476,0.08532,0.08434,0.08492,4910950,416849.56229,4612,2542745,215797.53089,0.0011789672247111,ARPA-USDT,0.0846883442244506,0.0846385190706308,
2024-03-24 06:00:00,0.08492,0.08494,0.08355,0.08405,6955918,585657.52484,6279,3426471,288527.96625,0.0011911852293031,ARPA-USDT,0.0848215106321309,0.0847160292066424,
2024-03-24 07:00:00,0.08405,0.08458,0.08367,0.08455,5465030,459675.3976,5625,3451303,290295.73563,0.0016585712593295,ARPA-USDT,0.0840410410269069,0.0839810699528108,
2024-03-24 08:00:00,0.08455,0.08583,0.0844,0.08565,9984639,850106.25137,8008,5727206,487525.41491,0.0011689070718878,ARPA-USDT,0.0845311388529967,0.084521417526748,0.0001309
2024-03-24 09:00:00,0.08565,0.08568,0.08481,0.08491,4273920,364002.06156,4233,1636558,139321.78005,0.0017697026899481,ARPA-USDT,0.0855997650202778,0.0854578548766377,
2024-03-24 10:00:00,0.08492,0.08728,0.08485,0.08656,28820373,2484370.37538,16597,14590748,1256770.35058,0.0012724117987275,ARPA-USDT,0.0849083838142328,0.0849474273806067,
2024-03-24 11:00:00,0.08655,0.08852,0.08604,0.0862,31251064,2730549.61687,20402,14921125,1304236.65092,0.0005803830528148,ARPA-USDT,0.0864465947552208,0.0865699925978953,
2024-03-24 12:00:00,0.0862,0.08871,0.08592,0.08829,29043667,2546630.63614,20144,14399777,1262126.4724,0.0005666364460561,ARPA-USDT,0.0861280511918304,0.0862513096096178,
2024-03-24 13:00:00,0.08828,0.08944,0.0876,0.08795,22153514,1960039.6173,15000,10530015,932081.86801,0.0015943514406104,ARPA-USDT,0.0882964092826655,0.0881255495279588,
2024-03-24 14:00:00,0.08795,0.08874,0.087,0.08759,14569551,1277631.71824,10594,7045035,617853.43797,0.0016009148084619,ARPA-USDT,0.0880233936664427,0.087934915136064,
2024-03-24 15:00:00,0.08758,0.08962,0.08738,0.08806,21642105,1919466.89518,15811,11295755,1001770.29713,0.0012507106310404,ARPA-USDT,0.0875879322689196,0.0875741796756205,
2024-03-24 16:00:00,0.08804,0.08859,0.08751,0.08822,11866834,1044264.90017,9634,6832920,601269.26204,0.0014757634237712,ARPA-USDT,0.0879609133386448,0.0878127902820931,0.00011364
2024-03-24 17:00:00,0.08821,0.08823,0.08585,0.08684,21318380,1852704.21216,13321,9748972,847116.26921,0.0014992503748125,ARPA-USDT,0.0881834406473958,0.0877314804123806,
2024-03-24 18:00:00,0.08683,0.08983,0.08683,0.08809,37670030,3344614.66939,22705,19921489,1768766.58103,0.0018196292505403,ARPA-USDT,0.0869193079256998,0.0871180160522619,
2024-03-24 19:00:00,0.08809,0.08852,0.08779,0.08805,12010282,1058828.66363,7640,6027026,531366.02964,0.0014786169244769,ARPA-USDT,0.0880983228492905,0.088196576299507,
2024-03-24 20:00:00,0.08805,0.08857,0.08736,0.08761,12507729,1100068.92567,8324,5245651,461447.44557,0.0014860539551897,ARPA-USDT,0.0879891137382489,0.0878976937301776,
2024-03-24 21:00:00,0.0876,0.08796,0.08613,0.08716,20898487,1820836.74033,11190,9726353,847904.86273,0.0010336510853337,ARPA-USDT,0.0876020128772263,0.0877234050837779,
2024-03-24 22:00:00,0.08716,0.08781,0.08715,0.08763,9148394,800511.90752,7405,4546265,397823.68335,0.0011424654404204,ARPA-USDT,0.087272965137175,0.0874405208297379,
2024-03-24 23:00:00,0.08762,0.08799,0.08722,0.08755,8491853,744556.40466,7006,4499126,394488.69527,0.0012580054894784,ARPA-USDT,0.0876596333625474,0.0876529898839749,
2024-03-25 00:00:00,0.08755,0.0881,0.08686,0.08758,11106306,972185.43983,8826,5234284,458354.43644,0.0009142857142858,ARPA-USDT,0.0875364268898926,0.0873442614633945,0.00032904
2024-03-25 01:00:00,0.08757,0.08825,0.08711,0.08761,8619683,755562.32014,6516,4838216,424187.41894,0.0010283363802559,ARPA-USDT,0.0875997581751601,0.0878117185993148,
2024-03-25 02:00:00,0.0876,0.08835,0.08726,0.08798,7772665,682625.03259,6192,4261667,374292.26462,0.0006824385805277,ARPA-USDT,0.0875862825575786,0.0875373383327021,
2024-03-25 03:00:00,0.08798,0.08801,0.08701,0.08723,14947625,1306814.67263,7194,6113209,534463.55345,0.0009179575444635,ARPA-USDT,0.0879486171272695,0.0877515261386215,
2024-03-25 04:00:00,0.08723,0.0879,0.08702,0.0876,6832028,597583.4162,4840,3391587,296698.46338,0.0011428571428571,ARPA-USDT,0.087241575764075,0.0872581083525546,
2024-03-25 05:00:00,0.0876,0.0879,0.08737,0.08747,6071649,531996.75575,4508,2784603,244028.21902,0.001029983978027,ARPA-USDT,0.0875619356501884,0.0875051499781314,
2024-03-25 06:00:00,0.08747,0.08753,0.08653,0.08678,6580126,572098.59246,5068,2837280,246609.17331,0.0011536686663591,ARPA-USDT,0.0874753749775983,0.0874688270951054,
2024-03-25 07:00:00,0.08677,0.08688,0.08492,0.08526,22036218,1886978.38991,11241,8807517,754144.09438,0.0010567101091933,ARPA-USDT,0.0867960403679719,0.0867879888156198,
2024-03-25 08:00:00,0.08524,0.0858,0.08519,0.08552,8492376,726060.58679,5613,4610916,394257.30431,0.0011706860220088,ARPA-USDT,0.0852894071330123,0.0853819767413933,0.00034702
2024-03-25 09:00:00,0.0855,0.08616,0.08521,0.08603,6312090,540484.50918,5223,3491954,298923.32225,0.0011637379262188,ARPA-USDT,0.0855238685732501,0.0855624662244467,
2024-03-25 10:00:00,0.08603,0.08633,0.08531,0.08571,8285281,710948.316,6111,3757914,322425.19663,0.0009342520144808,ARPA-USDT,0.0860032420993042,0.0860080549116879,
2024-03-25 11:00:00,0.08572,0.08572,0.0845,0.08472,10648558,904453.34073,7161,4609823,391712.20445,0.0016552376448333,ARPA-USDT,0.085641042727665,0.085595440861148,
2024-03-25 12:00:00,0.08472,0.08531,0.0846,0.08489,6508935,553262.07418,6024,3382547,287490.96758,0.0010613207547169,ARPA-USDT,0.0846746146783299,0.0848190618059172,
2024-03-25 13:00:00,0.08488,0.08581,0.08437,0.08579,14699701,1249549.86332,8523,8123666,690302.73527,0.0014007237072488,ARPA-USDT,0.0849448002742199,0.0850187933221976,
2024-03-25 14:00:00,0.0858,0.08763,0.08509,0.08734,26861591,2320122.17576,16666,13403799,1158791.94165,0.0011462631820267,ARPA-USDT,0.0859982762833691,0.0858481835974759,
2024-03-25 15:00:00,0.08733,0.08827,0.08692,0.08783,20706290,1814930.87581,14071,9393654,823383.38738,0.0007976298997265,ARPA-USDT,0.087416198314513,0.0874402034644373,
2024-03-25 16:00:00,0.08782,0.0885,0.08735,0.08838,17493959,1538951.62751,12144,8790605,773793.32934,0.0017001020061202,ARPA-USDT,0.0880146449115886,0.0879933639978554,0.00013969
2024-03-25 17:00:00,0.08837,0.09099,0.08832,0.08906,63257235,5687996.41725,31648,33007171,2968311.58946,0.0013492241960872,ARPA-USDT,0.0883949967892028,0.0886989112593655,
2024-03-25 18:00:00,0.08907,0.0891,0.08808,0.08868,15999462,1415544.3622,10460,6860971,606999.39407,0.001015916017609,ARPA-USDT,0.0890139774777763,0.0887502566987329,
2024-03-25 19:00:00,0.08868,0.092,0.08801,0.0913,49051790,4429919.49822,22906,26499609,2391858.42909,0.000767291461142,ARPA-USDT,0.0886565680646102,0.0886446597374032,
2024-03-25 20:00:00,0.09129,0.09135,0.08984,0.09015,19604465,1773105.47665,12884,7642181,691070.45787,0.0014441235281048,ARPA-USDT,0.0911848532881201,0.0908821422755956,
2024-03-25 21:00:00,0.09015,0.09084,0.08815,0.08931,24847725,2227628.11638,14796,10856703,973814.29105,0.0012331838565022,ARPA-USDT,0.090097783899567,0.0901326027535164,
2024-03-25 22:00:00,0.08931,0.08971,0.08881,0.08943,7786157,694988.99803,7357,3545338,316465.2877,0.0010073875083949,ARPA-USDT,0.0892781872813059,0.0893074824264951,
2024-03-25 23:00:00,0.08943,0.08965,0.08864,0.08939,6719828,599176.42234,6056,3455207,308028.25025,0.0011199462425803,ARPA-USDT,0.0894573282344659,0.0894272953332353,
2024-03-26 00:00:00,0.08939,0.09047,0.08891,0.08981,9442429,846880.14053,8162,4457280,399738.56524,0.00100312082033,ARPA-USDT,0.0893215813786331,0.0892354569595313,0.00017123
2024-03-26 01:00:00,0.08981,0.0911,0.08963,0.09095,8084262,730927.39902,6413,4314252,389824.98566,0.0007702464788732,ARPA-USDT,0.0898155695192199,0.0898451155178427,
2024-03-26 02:00:00,0.09094,0.09152,0.0906,0.09142,7351028,669816.60255,6459,3336212,303948.3471,0.0015337423312884,ARPA-USDT,0.0909550126842868,0.0909094673199965,
2024-03-26 03:00:00,0.0914,0.09158,0.09075,0.09115,6094441,555934.93941,5232,2581110,235532.19146,0.0008784451520806,ARPA-USDT,0.0913136415041435,0.0911884595180329,
2024-03-26 04:00:00,0.09115,0.0919,0.09063,0.09146,6302578,575651.22934,5015,2550050,232893.88788,0.0010945709281962,ARPA-USDT,0.0911501006691768,0.0911290193201292,
2024-03-26 05:00:00,0.09146,0.09196,0.09087,0.09144,7793136,712283.40178,5629,3073547,280981.68193,0.0013140604467805,ARPA-USDT,0.0914414923910069,0.0913152566038834,
2024-03-26 06:00:00,0.09145,0.092,0.09083,0.09163,7561842,690775.80026,5330,3772643,344668.81586,0.0009831767533319,ARPA-USDT,0.0913940785353993,0.0913736152845675,
2024-03-26 07:00:00,0.09163,0.0921,0.09015,0.09078,13865155,1265126.00417,8068,5991078,547460.52672,0.0009923916639098,ARPA-USDT,0.0916305401234567,0.091602821909753,
2024-03-26 08:00:00,0.0908,0.09126,0.09033,0.09124,8810408,799877.13504,7567,3639263,330673.87243,0.0010972130787798,ARPA-USDT,0.0905573844039057,0.0909373058805037,0.00037235
2024-03-26 09:00:00,0.09124,0.09125,0.09061,0.09108,11182912,1016791.97341,5678,5761920,524052.38876,0.0010991426687183,ARPA-USDT,0.0911943484891396,0.0911058940730161,
2024-03-26 10:00:00,0.09108,0.09167,0.09078,0.09106,8898741,811894.12491,6182,3784643,345393.02275,0.0010993843447668,ARPA-USDT,0.0910749892944835,0.0910993811530863,
2024-03-26 11:00:00,0.09105,0.09146,0.09032,0.09054,10593301,961689.66504,6241,5298437,481456.03286,0.0013271400132712,ARPA-USDT,0.0909854897943601,0.091138594815855,
2024-03-26 12:00:00,0.09054,0.09165,0.09036,0.09103,8381877,763065.9361,6341,3844898,349922.69745,0.0015403234679283,ARPA-USDT,0.0905865478767105,0.0906218818854126,
2024-03-26 13:00:00,0.09104,0.09113,0.089,0.08995,11839471,1067568.42696,10122,5241307,472494.46542,0.0005561735261403,ARPA-USDT,0.0910850574900003,0.0909739209024586,
2024-03-26 14:00:00,0.08996,0.09054,0.08777,0.09044,21584845,1922983.66975,18447,10125064,903056.64415,0.0013286093888398,ARPA-USDT,0.0899296663919208,0.0897661846046658,
2024-03-26 15:00:00,0.09047,0.09049,0.08894,0.08947,9433639,844402.27437,10514,4463445,399427.27629,0.0013430330162282,ARPA-USDT,0.0903765178138333,0.0901146205119565,
2024-03-26 16:00:00,0.08947,0.09033,0.08804,0.0885,14163334,1261246.84126,15180,7524606,670126.20952,0.0016977928692698,ARPA-USDT,0.0895910858050198,0.0899994879095636,0.00034813
2024-03-26 17:00:00,0.08848,0.0905,0.08836,0.09018,15366721,1378988.68769,13844,7184568,644491.62197,0.0011101243339253,ARPA-USDT,0.0885418094009912,0.0887752627666853,
2024-03-26 18:00:00,0.09019,0.09047,0.08974,0.08989,7417997,668060.50378,7805,3049272,274694.58126,0.0015598885793872,ARPA-USDT,0.0901017247352182,0.089897730234707,
2024-03-26 19:00:00,0.0899,0.09013,0.08865,0.08877,9775988,872897.29925,9354,4231463,377890.1109,0.0015796005867088,ARPA-USDT,0.0898385280875169,0.0899369937197832,
2024-03-26 20:00:00,0.08877,0.09178,0.08877,0.0912,58624213,5322176.82349,25439,32479244,2947503.55934,0.0010976948408343,ARPA-USDT,0.0889237858765803,0.0890344917288173,
2024-03-26 21:00:00,0.09121,0.09131,0.08981,0.0907,14816119,1340479.06249,10101,5447361,492702.14822,0.0012142620598298,ARPA-USDT,0.0908542125872951,0.0907465594958434,
2024-03-26 22:00:00,0.0907,0.09117,0.08988,0.09086,21533211,1952821.36342,12125,10624291,963703.70739,0.0013224597751817,ARPA-USDT,0.0906896073332934,0.0906725253777647,
2024-03-26 23:00:00,0.09087,0.09155,0.09061,0.09115,6834323,622692.0648,5272,3347785,304940.12754,0.0012082601054481,ARPA-USDT,0.0909447920498617,0.0909470018169526,
2024-03-27 00:00:00,0.09115,0.092,0.09015,0.09192,12367190,1128360.33093,10614,6354666,579691.99596,0.0011981265657334,ARPA-USDT,0.0911674143721155,0.0912135499290171,0.0006088
2024-03-27 01:00:00,0.09193,0.09294,0.09185,0.09194,11965269,1104804.13779,9158,6093305,562723.28385,0.0015250544662308,ARPA-USDT,0.0920816380512752,0.0923874290843755,
2024-03-27 02:00:00,0.09193,0.0926,0.09166,0.09254,5227602,481713.71488,5169,2499458,230379.51764,0.0012984202553558,ARPA-USDT,0.0918307876907759,0.0918787629376448,
2024-03-27 03:00:00,0.09254,0.09258,0.091,0.0917,6749920,617728.16555,5664,2617730,239570.14001,0.0013103297663246,ARPA-USDT,0.0924980275229357,0.0922886609230406,
2024-03-27 04:00:00,0.0917,0.09212,0.09085,0.09111,4463948,408635.97154,4389,1726939,158163.64897,0.0019795447047179,ARPA-USDT,0.0917229610527861,0.091910851995085,
2024-03-27 05:00:00,0.09111,0.09149,0.0904,0.09147,5020676,456160.42472,4624,2772288,251883.45584,0.0010944511327568,ARPA-USDT,0.0911430494563044,0.0911512076314623,
2024-03-27 06:00:00,0.09148,0.09192,0.09064,0.09092,4426921,403907.61477,4874,2008803,183331.15296,0.0016525283684036,ARPA-USDT,0.091477119472127,0.0916819620014541,
2024-03-27 07:00:00,0.09093,0.09096,0.08863,0.08907,8076177,723679.53134,7804,3965448,355341.01772,0.0020249746878164,ARPA-USDT,0.0908969974876675,0.0907244254946628,
2024-03-27 08:00:00,0.08909,0.09004,0.0881,0.08831,6420148,572492.64549,6537,3347511,298214.97312,0.0013606984918923,ARPA-USDT,0.0891615069307742,0.089354122800479,0.00027754
2024-03-27 09:00:00,0.08836,0.08959,0.08753,0.08955,9557128,846054.2168,8472,5083973,450145.50397,0.0012298747763863,ARPA-USDT,0.0884635322783553,0.0882041731233222,
2024-03-27 10:00:00,0.08953,0.09052,0.08917,0.08978,7495251,672548.11511,8139,3841365,344730.01035,0.0017853157777281,ARPA-USDT,0.0895693082742177,0.0895640212821738,
2024-03-27 11:00:00,0.08979,0.09018,0.08906,0.09003,5305173,475506.29568,5441,2651095,237657.22421,0.0015574591166982,ARPA-USDT,0.0896398575508919,0.0895233713881421,
2024-03-27 12:00:00,0.09004,0.09064,0.08924,0.08996,5058029,455506.34951,5459,2297558,206964.94831,0.0015586729013583,ARPA-USDT,0.0900587057799063,0.0900751938269966,
2024-03-27 13:00:00,0.08997,0.09179,0.0886,0.08886,24778958,2234924.86981,17721,10360263,933397.24391,0.0019167888149733,ARPA-USDT,0.0900900354013671,0.0903784500237864,
2024-03-27 14:00:00,0.08881,0.08951,0.08634,0.08943,27670767,2438438.39657,22053,13377960,1179503.2955,0.0005594092638172,ARPA-USDT,0.0887432839904516,0.0882116117930317,
2024-03-27 15:00:00,0.08945,0.08951,0.08739,0.08741,9453927,834918.52965,9165,4884676,431511.52253,0.0013747279184328,ARPA-USDT,0.0894800555284185,0.0893439406774463,
2024-03-27 16:00:00,0.08744,0.0886,0.08687,0.0885,9753755,856138.73166,8588,5178367,454777.24942,0.000904772675865,ARPA-USDT,0.0872213691511015,0.0876516725616532,0.00037172
2024-03-27 17:00:00,0.0885,0.08918,0.08813,0.08842,5921819,525339.35731,5590,2611569,231804.3934,0.0015858631626641,ARPA-USDT,0.088485233444032,0.0886152333915895,
2024-03-27 18:00:00,0.08844,0.08862,0.08626,0.08633,8169255,714693.64803,7898,3642788,319065.88927,0.0015081206496521,ARPA-USDT,0.0882829211913109,0.0883735087016331,
2024-03-27 19:00:00,0.08634,0.08746,0.08634,0.08706,4236158,368385.4685,5335,2229122,193886.78085,0.00114995400184,ARPA-USDT,0.0864539429510395,0.0867185084348766,
2024-03-27 20:00:00,0.08706,0.088,0.08703,0.08774,5486894,481310.91324,5144,2887236,253303.7303,0.0017125242607602,ARPA-USDT,0.0871049801727245,0.0871760242682821,
2024-03-27 21:00:00,0.08773,0.08839,0.08731,0.08747,5126561,450900.88741,4068,2391484,210298.74315,0.0016031146226955,ARPA-USDT,0.0877133140944008,0.0876897813961806,
2024-03-27 22:00:00,0.08746,0.08801,0.08739,0.08789,2478529,217509.7093,2769,1276346,112001.50946,0.0019379844961238,ARPA-USDT,0.0874454416734646,0.0875234300102572,
2024-03-27 23:00:00,0.08789,0.08795,0.08685,0.08768,4977609,435171.49146,4792,2574420,225139.60429,0.0013704888076746,ARPA-USDT,0.087877126438965,0.0877520538821128,
2024-03-28 00:00:00,0.08767,0.08882,0.0873,0.08772,8442110,741857.89356,6962,4267264,375169.54142,0.0017129153819801,ARPA-USDT,0.0875711640109853,0.0875294536561004,0.00038481
2024-03-28 01:00:00,0.08773,0.08782,0.08623,0.08762,7291909,634319.30877,6530,3507790,305348.96819,0.0012569992000914,ARPA-USDT,0.0877438275247674,0.0876133391745782,
2024-03-28 02:00:00,0.08758,0.09003,0.08754,0.08928,22656875,2021275.09309,19753,10592476,944680.40842,0.0010090817356205,ARPA-USDT,0.0876581885943973,0.0880726381511886,
2024-03-28 03:00:00,0.08928,0.09038,0.08859,0.09002,14931949,1335276.10373,14761,7353554,657493.62301,0.001112099644128,ARPA-USDT,0.0892411292397336,0.0890848347861103,
2024-03-28 04:00:00,0.09001,0.09246,0.08978,0.09219,14949981,1367469.86328,14523,7232143,661239.6753,0.0007598784194529,ARPA-USDT,0.0900865142112924,0.0901586494833826,
2024-03-28 05:00:00,0.09219,0.0922,0.09097,0.09151,8193753,749681.59893,8068,3869735,354061.30592,0.0012035010940918,ARPA-USDT,0.0920881322148194,0.0916882495163012,
2024-03-28 06:00:00,0.09151,0.09407,0.09108,0.09334,19591949,1822570.56508,15079,9777690,909685.98275,0.001072501072501,ARPA-USDT,0.0915628128055556,0.0914090964304157,
2024-03-28 07:00:00,0.09333,0.09458,0.09257,0.09307,13979600,1308362.557,12016,6000011,562002.92917,0.00118330464716,ARPA-USDT,0.0930708066604404,0.093084301679582,
2024-03-28 08:00:00,0.09307,0.09378,0.09251,0.09278,11401221,1061050.79747,10084,5322035,495413.5645,0.0015112262521588,ARPA-USDT,0.0930583690536612,0.0928696076617918,0.00029417
2024-03-28 09:00:00,0.09279,0.09349,0.09223,0.09337,8295494,769569.52269,7049,3773195,350214.45247,0.0013942513942513,ARPA-USDT,0.0928822709317845,0.0929158732272192,
2024-03-28 10:00:00,0.09337,0.0934,0.09206,0.09252,7220231,669631.14909,6761,3093449,287034.06749,0.0016239038648913,ARPA-USDT,0.093316958181443,0.0932295923531283,
2024-03-28 11:00:00,0.09251,0.09288,0.09171,0.09234,8384094,773566.99636,7173,3704443,341777.40167,0.0014098253985468,ARPA-USDT,0.0924825805319941,0.0924457192954422,
2024-03-28 12:00:00,0.09232,0.09243,0.09016,0.091,11829543,1075803.16572,10521,5154274,468762.3604,0.0015408320493066,ARPA-USDT,0.0923077929978105,0.0922775216050153,
2024-03-28 13:00:00,0.09099,0.09182,0.08985,0.09138,9527990,866248.9459,8654,4520985,411354.35752,0.0014246575342466,ARPA-USDT,0.0909691502086419,0.0909575865884014,
2024-03-28 14:00:00,0.09135,0.09563,0.0908,0.09524,38960580,3659624.58442,26489,21159374,1987771.2533,0.0009458749343143,ARPA-USDT,0.0913235871988322,0.0913957485251826,
2024-03-28 15:00:00,0.09524,0.09535,0.0932,0.09369,33448230,3148494.73772,23144,14324664,1348778.01327,0.0007477034821619,ARPA-USDT,0.0952124405118431,0.0948861073549808,
2024-03-28 16:00:00,0.09371,0.09407,0.09306,0.09401,15365283,1437271.86739,12334,8019534,750371.32751,0.0010648493238207,ARPA-USDT,0.0933878259380409,0.0933254612152133,0.00023986
2024-03-28 17:00:00,0.09401,0.09583,0.09273,0.09528,19320389,1815567.01464,12664,9437854,887708.36097,0.0007352168889822,ARPA-USDT,0.0941497124979929,0.0939418673652817,
2024-03-28 18:00:00,0.0953,0.098,0.09371,0.09797,62522258,6001293.41095,38928,37184574,3572184.58207,0.0006128076805229,ARPA-USDT,0.0949488435333714,0.0942886905903305,
2024-03-28 19:00:00,0.09797,0.10043,0.09654,0.09735,97703899,9620987.86389,65716,45831277,4514423.04562,0.0017493311380942,ARPA-USDT,0.0973862778198485,0.0974675168466955,
2024-03-28 20:00:00,0.09733,0.09788,0.09545,0.09637,48946772,4724857.53482,33507,22878452,2209415.01314,0.0013507896924354,ARPA-USDT,0.0974527007728444,0.0968760102118947,
2024-03-28 21:00:00,0.09637,0.09684,0.09547,0.09559,19715893,1896485.03879,14711,8025407,771927.3173700001,0.0011520737327188,ARPA-USDT,0.0962921874860471,0.096199944384515,
2024-03-28 22:00:00,0.09559,0.09649,0.09526,0.09645,14708704,1408777.23864,11607,6953037,666244.81243,0.0016616471076953,ARPA-USDT,0.0957254528262333,0.0958520973143149,
2024-03-28 23:00:00,0.09644,0.10249,0.0961,0.10187,83561962,8370137.18953,55537,42760142,4282466.66831,0.0005893330714075,ARPA-USDT,0.0963238721250146,0.0962904170536097,
2024-03-29 00:00:00,0.10188,0.10599,0.09771,0.09878,184833776,18904947.70672,122039,87858406,8989741.17213,0.0003037974683544,ARPA-USDT,0.1016636205632168,0.1026240910312159,
2024-03-29 01:00:00,0.09879,0.11412,0.09817,0.11206,243398570,26245245.33789,159438,124599097,13433525.43623,-0.0012477718360069,ARPA-USDT,0.0991316855398756,0.0989906688699427,
2024-03-29 02:00:00,0.1121,0.11606,0.10761,0.11019,309320563,34609116.86731,193305,149387474,16718417.38807,0.0011811739051426,ARPA-USDT,0.1125796038657294,0.1122082568154299,
2024-03-29 03:00:00,0.11018,0.11103,0.10407,0.10569,106494952,11384480.90842,75344,49216038,5261457.08354,0.0010418639893921,ARPA-USDT,0.1103146944033917,0.1092189954804776,
2024-03-29 04:00:00,0.10566,0.10566,0.10206,0.10293,67696466,7006260.64629,45887,31931117,3305695.88115,0.0009724788485849,ARPA-USDT,0.1047802429393498,0.1038575392840419,
2024-03-29 05:00:00,0.10292,0.10397,0.10145,0.10204,49706332,5110059.93133,35676,24314991,2500912.38629,0.0012756353645373,ARPA-USDT,0.1027123550159681,0.102409749720862,
2024-03-29 06:00:00,0.10203,0.10617,0.10151,0.10369,66606664,6944534.96107,46493,33998771,3544758.62889,0.0005789829200038,ARPA-USDT,0.1018625229828307,0.102077429213582,
2024-03-29 07:00:00,0.10371,0.10389,0.10015,0.10187,63988028,6499898.12356,40956,28940468,2940910.80995,0.0015730999901681,ARPA-USDT,0.1035910040542131,0.1031484387251733,
2024-03-29 08:00:00,0.10186,0.10479,0.10147,0.10478,36496344,3760059.87944,26210,18676448,1923529.77164,0.0012422360248447,ARPA-USDT,0.1018781845269288,0.1018179276145797,
2024-03-29 09:00:00,0.10477,0.10983,0.10376,0.10619,103817507,11084368.72235,61264,51897015,5542276.90756,0.0013201320132012,ARPA-USDT,0.1045694589832048,0.1042398820120159,
2024-03-29 10:00:00,0.10621,0.10662,0.10263,0.10315,51947578,5413169.4997000005,37131,23391844,2437459.85947,0.0010675465838509,ARPA-USDT,0.1063598050360905,0.1057964202031628,
2024-03-29 11:00:00,0.10315,0.10872,0.10261,0.10779,64314082,6805852.02048,45540,32442488,3431760.77152,0.001021545319465,ARPA-USDT,0.1031134262664746,0.1029815624200012,
2024-03-29 12:00:00,0.10781,0.1093,0.10457,0.10763,100583438,10808767.58412,75068,48819368,5248973.10143,0.0013024467392315,ARPA-USDT,0.1080782194047321,0.1082223762162923,
2024-03-29 13:00:00,0.10763,0.10938,0.10341,0.10439,95304431,10102463.31455,63760,48169772,5108541.70629,0.0017272814509163,ARPA-USDT,0.1071540924565545,0.1076573818048019,
2024-03-29 14:00:00,0.10438,0.1075,0.10405,0.10459,56453876,5971666.49425,44643,26363902,2787358.22627,0.0017239727995401,ARPA-USDT,0.1044250001918106,0.1046996413325386,
2024-03-29 15:00:00,0.10459,0.10478,0.10073,0.10197,90761346,9271511.91898,48185,38946020,3976148.77766,0.0013748404203084,ARPA-USDT,0.1046460381992325,0.1030396611926485,
2024-03-29 16:00:00,0.102,0.10327,0.10115,0.10119,25130037,2571400.90598,21535,12053546,1233718.69488,0.0014845605700712,ARPA-USDT,0.1021552559467536,0.1025126990095482,
2024-03-29 17:00:00,0.10119,0.10223,0.0987,0.09897,45164741,4516825.97174,27830,17959506,1797554.50493,0.0018220467658669,ARPA-USDT,0.1012837338566995,0.1015907716605995,
2024-03-29 18:00:00,0.09895,0.09997,0.09832,0.09991,26576982,2633124.78574,19312,14039533,1391419.16793,0.0020058168689198,ARPA-USDT,0.0990753850149929,0.0991642880044297,
2024-03-29 19:00:00,0.0999,0.10078,0.09959,0.0999,38337274,3839813.79182,21992,19526189,1955502.68339,0.0015037593984961,ARPA-USDT,0.0998019890720078,0.0998193112046043,
2024-03-29 20:00:00,0.09989,0.10046,0.09928,0.09953,17625923,1758750.36074,11498,7551144,753593.5756,0.0017109500805152,ARPA-USDT,0.0999255741008808,0.1000893167320091,
2024-03-29 21:00:00,0.09953,0.09965,0.09837,0.09858,13916350,1377095.25862,10073,6421452,635495.80677,0.0018292682926828,ARPA-USDT,0.0994753007411707,0.0994083408447433,
2024-03-29 22:00:00,0.09858,0.1003,0.09857,0.09918,20649927,2052775.08361,14283,8994406,894344.20453,0.0013124684502776,ARPA-USDT,0.0987420905225216,0.0988743746680557,
2024-03-29 23:00:00,0.09918,0.09932,0.09837,0.09841,11871167,1173906.15337,9864,5280987,522125.38054,0.0016284987277352,ARPA-USDT,0.0992487317777585,0.0991813498642423,
2024-03-30 00:00:00,0.09841,0.09842,0.09684,0.09784,28557972,2783510.01724,17219,11020493,1074162.70778,0.0013304677105721,ARPA-USDT,0.0983519706228515,0.0981384116287072,
2024-03-30 01:00:00,0.09783,0.09885,0.09738,0.09849,19068791,1870968.14477,13268,9063353,889567.28072,0.0009146341463412,ARPA-USDT,0.0977031190136794,0.0976832303907991,
2024-03-30 02:00:00,0.0985,0.09852,0.0974,0.09771,14666303,1434832.5317,10165,6929784,677858.99022,0.0018455859735466,ARPA-USDT,0.0983074160925827,0.0982798649659217,
2024-03-30 03:00:00,0.09771,0.09797,0.09716,0.09746,14267953,1390818.96837,9902,6789158,661836.25678,0.0016443987667009,ARPA-USDT,0.097611646694136,0.0975077610078951,
2024-03-30 04:00:00,0.09746,0.09805,0.09728,0.09781,10485213,1024654.11199,8259,5344137,522177.52829,0.0022543293370222,ARPA-USDT,0.0975932963070025,0.0976885333394649,
2024-03-30 05:00:00,0.0978,0.09813,0.09726,0.09737,11453523,1117769.4269,8262,4497033,438974.20077,0.0019551348013995,ARPA-USDT,0.0977881499757821,0.0978288805105025,
2024-03-30 06:00:00,0.09737,0.09781,0.0964,0.0971,20087402,1948483.49514,15131,9163013,888930.40086,0.0013406208105599,ARPA-USDT,0.0973401472101066,0.0972831792918662,
2024-03-30 07:00:00,0.09709,0.09755,0.09579,0.09601,15429129,1491160.82792,12419,6193811,599175.07541,0.0015647819737116,ARPA-USDT,0.0971378057850165,0.0971927568337248,
2024-03-30 08:00:00,0.09601,0.0975,0.09598,0.09748,15605235,1511616.78287,11854,9580318,927975.71394,0.0016440608302505,ARPA-USDT,0.0961648275507286,0.096285737675177,
2024-03-30 09:00:00,0.09746,0.1073,0.09684,0.10162,121474121,12221060.51232,72193,70316670,7070410.85151,0.0004922713399626,ARPA-USDT,0.0972783233906723,0.0973162882849398,
2024-03-30 10:00:00,0.10162,0.10638,0.10123,0.1026,160633483,16665751.62842,102674,81273076,8430184.16987,0.0013663868826858,ARPA-USDT,0.1018933241413864,0.1026796141419945,
2024-03-30 11:00:00,0.10258,0.1041,0.10024,0.10067,65896412,6737059.76237,38653,31020115,3172709.80356,0.0015918814048352,ARPA-USDT,0.1024818338208672,0.1028311215173877,
2024-03-30 12:00:00,0.10063,0.10293,0.10014,0.10203,33673587,3431138.43498,24244,17318516,1764028.63959,0.0012757605495583,ARPA-USDT,0.1006884413105199,0.1007835608861567,
2024-03-30 13:00:00,0.10202,0.10298,0.10132,0.10205,23526301,2400780.80121,18822,11720891,1196090.38319,0.0012755102040817,ARPA-USDT,0.1021138456658359,0.1023721770593036,
2024-03-30 14:00:00,0.10207,0.10215,0.10053,0.10056,20761782,2103718.23288,15172,9727791,985687.57912,0.0016933957565494,ARPA-USDT,0.1020152660977469,0.1019107198966694,
2024-03-30 15:00:00,0.10056,0.10169,0.10031,0.10153,19961449,2013764.56605,14181,10674027,1077157.65321,0.0012820512820512,ARPA-USDT,0.1006842295498382,0.1007591769186168,
2024-03-30 16:00:00,0.10156,0.10194,0.10094,0.10183,22440623,2275575.08727,14972,10964996,1111914.99532,0.0018693427784337,ARPA-USDT,0.1015269282349373,0.1014796680681684,
2024-03-30 17:00:00,0.10183,0.1037,0.10178,0.10242,35262935,3622219.48128,24227,17943408,1843453.35256,0.0017605633802817,ARPA-USDT,0.1019243735650513,0.1020144293327214,
2024-03-30 18:00:00,0.10243,0.10333,0.10094,0.10176,53993974,5517659.57948,28360,27151949,2773814.89232,0.0018706310918579,ARPA-USDT,0.102327853290594,0.102146181259649,
2024-03-30 19:00:00,0.10176,0.10195,0.10036,0.10158,17800740,1800044.00982,13814,8644128,874368.09302,0.0011827321111768,ARPA-USDT,0.1016736182125361,0.1015095093369816,
2024-03-30 20:00:00,0.10159,0.1019,0.10094,0.10095,10480806,1062813.55849,8525,5548727,562802.18683,0.0015874590733206,ARPA-USDT,0.1015478070299852,0.1013559265283835,
2024-03-30 21:00:00,0.10097,0.10107,0.09882,0.09946,21316107,2131001.01786,12704,8482065,848676.41146,0.0016112789526687,ARPA-USDT,0.1009007392643595,0.1009180939652006,
2024-03-30 22:00:00,0.09947,0.09948,0.09767,0.098,19759290,1945464.48442,13884,7706688,758742.14545,0.0013282926330846,ARPA-USDT,0.0993596035001463,0.0992299374623357,
2024-03-30 23:00:00,0.098,0.09804,0.09682,0.0976,17787467,1735349.97375,12856,8489745,828189.73248,0.0019505184272663,ARPA-USDT,0.0979547134840285,0.0978803552477011,
2024-03-31 00:00:00,0.09761,0.10003,0.0971,0.09955,20426021,2011275.31082,17249,11411649,1122792.2892,0.0017106057556852,ARPA-USDT,0.0975260106420631,0.0973141549354077,0.00050154
2024-03-31 01:00:00,0.09954,0.10103,0.09905,0.10002,21080609,2111182.27399,18982,11066290,1108336.62645,0.0005001500450134,ARPA-USDT,0.0993131432434355,0.0993638053954196,
2024-03-31 02:00:00,0.10004,0.10061,0.09883,0.09925,9978293,993719.21556,10946,4594588,457757.16773,0.001816897143434,ARPA-USDT,0.1000165519511753,0.1001603808388108,
2024-03-31 03:00:00,0.09925,0.09966,0.09859,0.09892,11024480,1092630.05046,11157,6013912,595995.34139,0.001924440392991,ARPA-USDT,0.0991478505917688,0.0993212041530769,
2024-03-31 04:00:00,0.09893,0.09917,0.09819,0.09866,7453097,735701.30989,8599,3643889,359688.83113,0.0016243654822334,ARPA-USDT,0.0989155744346502,0.0989010344218402,
2024-03-31 05:00:00,0.09865,0.09946,0.09857,0.09909,7807822,773335.12643,8482,3914309,387608.72826,0.0011113356233583,ARPA-USDT,0.0986243378860248,0.0987522989931194,
2024-03-31 06:00:00,0.0991,0.10042,0.09884,0.09933,11211032,1116055.58749,11376,6094096,606611.6680599999,0.002725620835857,ARPA-USDT,0.0991595965842167,0.0990599045336177,
2024-03-31 07:00:00,0.09933,0.0997,0.09877,0.09917,7549368,748788.89179,8153,3833753,380355.10863,0.0016159983840016,ARPA-USDT,0.0991810857971194,0.0991455564463764,
2024-03-31 08:00:00,0.09918,0.09919,0.09834,0.09849,7503145,741045.79102,7457,3720806,367575.97076,0.0018309429356118,ARPA-USDT,0.0990888343843284,0.0989579771545627,0.00051236
2024-03-31 09:00:00,0.09849,0.09854,0.09756,0.09779,10552400,1034037.0619,9670,4762716,466801.04035,0.0015362556329372,ARPA-USDT,0.098477726942844,0.0982926193794541,
2024-03-31 10:00:00,0.0978,0.09971,0.09771,0.09774,17483552,1723186.0772900002,13193,8694865,856700.31319,0.001434426229508,ARPA-USDT,0.0978549528587257,0.0979070838771074,
2024-03-31 11:00:00,0.09775,0.09839,0.0976,0.09804,9468329,927485.45026,8582,5506117,539410.05483,0.0013277499744663,ARPA-USDT,0.0977981451280345,0.0979321266197283,
2024-03-31 12:00:00,0.09806,0.09854,0.09776,0.09813,6943238,681254.20336,7225,3271102,321004.25749,0.0016331530060222,ARPA-USDT,0.098080905266032,0.0980205913147302,
2024-03-31 13:00:00,0.09814,0.09816,0.09727,0.09738,9244595,904194.87281,7725,3551914,347580.85679,0.0013367609254497,ARPA-USDT,0.0981363007683863,0.0979888628474235,
2024-03-31 14:00:00,0.09738,0.09775,0.09702,0.09724,9610850,936027.91378,10252,4904125,477582.07666,0.0010294420424128,ARPA-USDT,0.097324001791306,0.0971946959061315,
2024-03-31 15:00:00,0.09725,0.09741,0.09687,0.09709,9840322,955739.41667,8421,4849556,471093.37564,0.001547348875593,ARPA-USDT,0.0972280981583889,0.097261610831674,
2024-03-31 16:00:00,0.09709,0.09746,0.09687,0.09739,8814290,856306.91739,7368,4838439,470148.57461,0.0013366234834464,ARPA-USDT,0.0970593724519403,0.0970048005238855,0.00073897
2024-03-31 17:00:00,0.09741,0.09833,0.09728,0.09804,10134778,990764.52005,8667,5702651,557527.7422099999,0.0017369980586492,ARPA-USDT,0.0973330970268006,0.0974771975683572,
2024-03-31 18:00:00,0.09805,0.09922,0.09756,0.09828,21641638,2127434.70044,15378,10192588,1001722.9134,0.0015285845307246,ARPA-USDT,0.0980795482521698,0.0981184465378815,
2024-03-31 19:00:00,0.09827,0.09869,0.09768,0.09798,9595620,941342.10743,8623,4603899,451608.20955,0.0020454080589076,ARPA-USDT,0.0982182324031132,0.098216972304098,
2024-03-31 20:00:00,0.09799,0.09882,0.09785,0.09843,7550615,742870.39317,8111,3580247,352279.96224,0.0014243564960829,ARPA-USDT,0.0980098255492677,0.0981080681786739,
2024-03-31 21:00:00,0.09842,0.09877,0.09735,0.09769,10006844,980327.54118,8664,3514936,344929.21602,0.0013325133251333,ARPA-USDT,0.0983838525589781,0.0984348677298622,
2024-03-31 22:00:00,0.0977,0.09816,0.097,0.09731,10072216,981715.65346,8358,4675231,455602.87516,0.0021627188465498,ARPA-USDT,0.0977137526890224,0.0977758175593321,
2024-03-31 23:00:00,0.0973,0.09741,0.09688,0.09711,7885224,765940.77616,6834,4685052,455095.15637,0.0011340206185566,ARPA-USDT,0.0972245745923468,0.097114554374852,
2024-04-01 00:00:00,0.09711,0.09759,0.09653,0.09675,12415984,1203841.75952,10202,6261286,607125.52744,0.0019676884838442,ARPA-USDT,0.0970457041088149,0.0970417108360907,0.00056087
2024-04-01 01:00:00,0.09675,0.09755,0.09651,0.09717,12326023,1195295.56062,10303,7014247,680027.07566,0.0016493145036595,ARPA-USDT,0.0967466950672041,0.0966640787738121,
2024-04-01 02:00:00,0.09717,0.09763,0.09653,0.09716,8525690,827747.42295,8339,4199847,407878.02775,0.0013397918169637,ARPA-USDT,0.0971289641703235,0.0970472967384055,
2024-04-01 03:00:00,0.09712,0.0974,0.09653,0.09671,7591446,735143.7399,8048,3609185,349520.58596,0.0021761658031087,ARPA-USDT,0.0970079927598361,0.0968701159585125,
2024-04-01 04:00:00,0.0967,0.09679,0.09586,0.0959,9783858,941597.11712,7966,4376675,421290.27389,0.0018804847471791,ARPA-USDT,0.0967117022231083,0.0966580138338777,
2024-04-01 05:00:00,0.09589,0.09629,0.0905,0.09261,38332698,3578996.59616,27723,15726710,1467805.81303,0.0010809642200844,ARPA-USDT,0.0959293442708299,0.0959673384725142,
2024-04-01 06:00:00,0.09264,0.09463,0.09229,0.09404,19709784,1843533.26852,20113,9076719,849420.51781,0.0001063490375412,ARPA-USDT,0.0926373263012454,0.0928747766935395,
2024-04-01 07:00:00,0.09401,0.09485,0.09351,0.09467,10540451,992674.83054,10714,5639283,531087.71932,0.0010574177857671,ARPA-USDT,0.0939941233836024,0.0941619221132925,
2024-04-01 08:00:00,0.09466,0.09469,0.09257,0.09273,16447843,1535371.69638,14202,7428122,693240.3691,0.0012957563977973,ARPA-USDT,0.0945919788128539,0.09445578204368,0.00056081
2024-04-01 09:00:00,0.09274,0.09388,0.09201,0.09228,11952987,1111648.74256,11278,5761269,535939.34795,0.0026075619295957,ARPA-USDT,0.0928837261131885,0.0932511977089932,
2024-04-01 10:00:00,0.09227,0.0931,0.09212,0.0929,6981258,646202.33512,7710,3773125,349244.01726,0.0005385029617661,ARPA-USDT,0.0922850082441879,0.092400274004884,
2024-04-01 11:00:00,0.09289,0.09322,0.0923,0.0923,6232174,577945.92744,7086,3426153,317756.23699,0.0016277807921867,ARPA-USDT,0.0927936432659111,0.0928081122087631,
2024-04-01 12:00:00,0.09231,0.0933,0.09213,0.09307,11999525,1110732.30396,9837,5161532,477969.47434,0.00118330464716,ARPA-USDT,0.0923355252837977,0.0923627589171766,
2024-04-01 13:00:00,0.09307,0.09459,0.09278,0.09394,13497293,1264566.1536,14099,7093795,664432.8078600001,0.0013857797676153,ARPA-USDT,0.0930985509485169,0.0931530980447084,
2024-04-01 14:00:00,0.09391,0.09403,0.09118,0.09171,13950775,1289290.94951,15185,6284205,580764.86047,0.0012008733624453,ARPA-USDT,0.0937974901508378,0.0937256736315815,
2024-04-01 15:00:00,0.09171,0.09236,0.09013,0.09046,24090137,2193560.69988,24164,11068770,1008241.06312,0.0015500442869795,ARPA-USDT,0.0917139956736566,0.0918322210133621,
2024-04-01 16:00:00,0.09046,0.0916,0.08999,0.09041,12295753,1117381.89404,12514,5334420,484982.90958,0.0011072970878087,ARPA-USDT,0.090291727475858,0.0906401486324225,0.00037869
2024-04-01 17:00:00,0.0904,0.09046,0.08895,0.08987,15542679,1394594.945,14076,6817652,612060.09587,0.0015602362643485,ARPA-USDT,0.0903423892846455,0.0902314379902203,
2024-04-01 18:00:00,0.08987,0.0902,0.08885,0.09006,11885078,1062295.11187,12485,6603104,590301.68967,0.0006666666666668,ARPA-USDT,0.0898074392972177,0.0895210116047762,
2024-04-01 19:00:00,0.09006,0.09152,0.08982,0.09141,10116433,919265.30533,10840,5538197,503375.5274,0.001314492277358,ARPA-USDT,0.0899675508988438,0.0899839650752255,
2024-04-01 20:00:00,0.09142,0.09277,0.09126,0.09246,24052459,2218157.16754,15756,13637648,1257767.98489,0.0008659883091577,ARPA-USDT,0.0913718125611792,0.0915851565612479,
2024-04-01 21:00:00,0.09246,0.09246,0.09178,0.0923,6810266,627034.33631,7142,3666918,337623.06483,0.0009760329682246,ARPA-USDT,0.0923073295000471,0.0921174809211491,
2024-04-01 22:00:00,0.09229,0.09303,0.09218,0.09273,9392855,868982.78639,7945,4006287,370648.49214,0.0011876484560571,ARPA-USDT,0.092259884711736,0.0922918327979147,
2024-04-01 23:00:00,0.09273,0.09327,0.09266,0.09296,7471671,694451.68121,6481,3585967,333278.00155,0.0008613264427217,ARPA-USDT,0.0927756475895797,0.0928680642550441,
2024-04-02 00:00:00,0.09296,0.09312,0.09147,0.0916,10209612,940773.347,8951,4563071,420581.46294,0.001421231004701,ARPA-USDT,0.0930267459594996,0.0927909855771928,
2024-04-02 01:00:00,0.09161,0.09314,0.0912,0.09248,7089977,654211.85448,8661,3452195,318369.8467,0.0007574937777297,ARPA-USDT,0.091488613564276,0.0916120863983075,
2024-04-02 02:00:00,0.09247,0.09257,0.0867,0.09027,37443142,3351009.18547,32364,17997643,1611635.92629,0.0011090163025397,ARPA-USDT,0.0923535532970973,0.0923456252172866,
2024-04-02 03:00:00,0.09026,0.09117,0.08855,0.08941,13428026,1205149.83271,18231,6643248,596393.37897,0.0019049753473778,ARPA-USDT,0.0903827661303429,0.0905665674276898,
2024-04-02 04:00:00,0.0894,0.09095,0.0889,0.09002,11379383,1024749.02563,14345,5880700,529540.53672,0.001112099644128,ARPA-USDT,0.0894058222209547,0.0898133276540022,
2024-04-02 05:00:00,0.08998,0.09099,0.08922,0.09088,11396145,1025886.01897,12560,5202119,468323.4082,0.0014325068870524,ARPA-USDT,0.089944571737786,0.090017652257703,
2024-04-02 06:00:00,0.09087,0.09163,0.0907,0.09119,9609759,876452.73661,11318,4720149,430532.77268,0.0016476274165202,ARPA-USDT,0.0908239261332185,0.0911042893256171,
2024-04-02 07:00:00,0.09118,0.09132,0.08979,0.0899,6749147,610823.41406,8877,3122591,282652.32502,0.0011135857461024,ARPA-USDT,0.0910899575950325,0.091167915838264,
2024-04-02 08:00:00,0.08991,0.0903,0.08686,0.08718,17169532,1516775.34312,15932,7444262,657865.25251,-0.000343997248022,ARPA-USDT,0.0898487742762769,0.0900070476619125,
2024-04-02 09:00:00,0.08717,0.08893,0.08655,0.08799,16886213,1481937.15267,18509,7700423,675802.41217,0.0011377858686996,ARPA-USDT,0.0874749673827161,0.0872771410531924,
2024-04-02 10:00:00,0.08801,0.08882,0.08676,0.0879,16616066,1456576.88606,16992,8329744,730472.00049,0.001138952164009,ARPA-USDT,0.087916042121267,0.0878989493415341,
2024-04-02 11:00:00,0.08787,0.08871,0.08661,0.08871,10306663,901557.72622,13809,5042310,441193.25772,0.0011285407967498,ARPA-USDT,0.0879121030681308,0.0878441672173646,
2024-04-02 12:00:00,0.08868,0.08996,0.08812,0.0887,7232433,644824.2694400001,9768,3656765,326218.26203,0.0012416751326334,ARPA-USDT,0.088542076956164,0.088499492718492,
2024-04-02 13:00:00,0.08868,0.08891,0.08651,0.08785,15111180,1322956.41606,16420,6499932,569095.39403,0.0011396011396012,ARPA-USDT,0.0885703819502968,0.0883574521624134,
2024-04-02 14:00:00,0.08785,0.08984,0.08769,0.08848,17999136,1598192.33175,14886,8595685,763286.25758,0.0013580805794477,ARPA-USDT,0.0878044757409123,0.087995595690248,
2024-04-02 15:00:00,0.08849,0.08916,0.08569,0.08616,16289912,1417639.75657,14372,7668188,667406.52072,0.0004644681839294,ARPA-USDT,0.0883535195932227,0.088497792617489,
2024-04-02 16:00:00,0.08615,0.08807,0.0853,0.08773,21660048,1871712.51471,17016,10030062,867369.01822,0.0010269283432222,ARPA-USDT,0.0860136677031983,0.0861593419878838,
2024-04-02 17:00:00,0.08776,0.08795,0.08676,0.08757,6710170,586481.74869,8153,3073658,268750.59303,0.0014867337602926,ARPA-USDT,0.0876943039368853,0.087710679380334,
2024-04-02 18:00:00,0.08756,0.08822,0.08695,0.0878,9113616,798635.30857,8619,5147084,451198.93072,0.0015970796258271,ARPA-USDT,0.0876584137925717,0.0875538556025337,
2024-04-02 19:00:00,0.0878,0.08833,0.08748,0.08762,6184464,543542.27578,6244,2789622,245018.82165,0.0,ARPA-USDT,0.087735879822732,0.0878058826025982,
2024-04-02 20:00:00,0.08761,0.08806,0.08689,0.08741,6527093,570553.92846,7290,3291801,287796.91475,0.0006868918145392,ARPA-USDT,0.0875223118133853,0.0875567079222836,
2024-04-02 21:00:00,0.08738,0.08771,0.08663,0.08706,4891828,426046.21992,5564,2346506,204327.50894,0.0010348395998618,ARPA-USDT,0.0875060115992216,0.0875342321174817,
2024-04-02 22:00:00,0.08706,0.08768,0.08686,0.08764,5069528,442507.3083,5102,2534525,221208.49203,0.0016,ARPA-USDT,0.0870708623370853,0.0869678453732895,
2024-04-02 23:00:00,0.08762,0.08763,0.0858,0.0861,5985579,517703.92216,5809,2665345,230638.16836,0.0011627906976745,ARPA-USDT,0.0875636606170849,0.0874088969959808,
2024-04-03 00:00:00,0.08608,0.08614,0.0821,0.08446,28639843,2405529.36007,21219,13365752,1121519.11321,0.0009480919649205,ARPA-USDT,0.0860862579000624,0.0858431111221677,0.00017887
2024-04-03 01:00:00,0.08448,0.08674,0.0833,0.08653,11377455,964445.79081,11329,5830008,493938.62822,0.0008096229470275,ARPA-USDT,0.0843992069819978,0.084232827692639,
2024-04-03 02:00:00,0.08652,0.08739,0.08636,0.08737,6521993,566939.66386,7217,3174407,275954.12766,0.001145869141744,ARPA-USDT,0.0866224905588812,0.0866764368316669,
2024-04-03 03:00:00,0.08735,0.08797,0.08674,0.08748,10509782,917728.44134,8200,4732551,413016.46409,0.0003430531732417,ARPA-USDT,0.087316325865791,0.0871182384190166,
2024-04-03 04:00:00,0.08748,0.08825,0.0872,0.08808,8510640,746758.27422,7862,4550632,399550.28287,0.0005679881858458,ARPA-USDT,0.0874485053056505,0.0874088516261032,
2024-04-03 05:00:00,0.08806,0.08813,0.08686,0.08728,3700773,323428.35138,4851,1390018,121540.18881,0.0005731972945086,ARPA-USDT,0.0880688466048798,0.0878869474146705,
2024-04-03 06:00:00,0.08726,0.08876,0.08717,0.08868,6345206,558876.20539,6573,3110107,273914.25004,0.0005641430666816,ARPA-USDT,0.0872174488595027,0.0873028439333098,
2024-04-03 07:00:00,0.08869,0.08932,0.08823,0.08873,6540771,580949.80708,6832,3045296,270489.49499,0.0010153429602888,ARPA-USDT,0.0885902285186945,0.0884414080535289,
2024-04-03 08:00:00,0.08871,0.09036,0.08809,0.09027,8385243,749750.67711,7947,4621687,413359.98099,0.0007760532150775,ARPA-USDT,0.0885882413110007,0.0884728274796253,0.00025308
2024-04-03 09:00:00,0.09026,0.0909,0.08975,0.09048,9602454,867697.73388,8674,4937441,446159.82661,0.0009956853634252,ARPA-USDT,0.0900839434841645,0.0901872645858685,
2024-04-03 10:00:00,0.09048,0.09099,0.08978,0.09024,8176978,738280.06068,7993,3766943,340236.48769,0.0014426811674621,ARPA-USDT,0.0903963222317312,0.0902610216887999,
2024-04-03 11:00:00,0.09022,0.09062,0.08934,0.09023,7046233,634153.4258,7763,3580883,322167.49703,0.0011095084877399,ARPA-USDT,0.0902275811993285,0.089990391238043,
2024-04-03 12:00:00,0.09023,0.09035,0.08869,0.08875,8092823,723332.3112,8689,3526055,315235.53663,0.0014669374858946,ARPA-USDT,0.090260504278973,0.0899458400743245,
2024-04-03 13:00:00,0.08874,0.08932,0.08807,0.08856,8167423,724058.71872,9773,4040911,358323.61623,0.001130454442686,ARPA-USDT,0.0888169259274577,0.0889051158132181,
2024-04-03 14:00:00,0.08856,0.09263,0.08856,0.09219,27771003,2526769.08563,21407,15084397,1372513.31251,0.0007598784194529,ARPA-USDT,0.0891122320323591,0.0896173904610563,
2024-04-03 15:00:00,0.09219,0.09339,0.08935,0.09055,32628402,2990261.97479,24662,16080257,1473827.1308,0.0011055831951354,ARPA-USDT,0.092262172515977,0.0925933910277519,
2024-04-03 16:00:00,0.09054,0.09204,0.09013,0.09035,13643869,1244192.72535,13650,5941250,541649.99776,0.000775365529464,ARPA-USDT,0.0902340034558034,0.090484324451796,0.0001
2024-04-03 17:00:00,0.09034,0.09066,0.0891,0.08969,12170501,1093763.3601,11689,6063875,544878.80095,0.0007810756527559,ARPA-USDT,0.0903620709303413,0.0904573120689369,
2024-04-03 18:00:00,0.08969,0.0909,0.08854,0.0906,16636912,1491790.88501,12982,8349308,748462.98817,0.0009943652635069,ARPA-USDT,0.0895122222306032,0.089530591593794,
2024-04-03 19:00:00,0.0906,0.09093,0.08938,0.0899,12376362,1116805.42504,10786,6106342,551201.91141,0.0004451368795903,ARPA-USDT,0.0904519740496287,0.0905896716949151,
2024-04-03 20:00:00,0.0899,0.09086,0.08851,0.08962,28125340,2524216.59286,18768,14721698,1321539.51283,0.0007816862088219,ARPA-USDT,0.0897990675237026,0.0901611143376109,
2024-04-03 21:00:00,0.0896,0.09036,0.08773,0.08941,25188005,2232847.67111,18197,10975203,972257.91074,0.0015682760165789,ARPA-USDT,0.0895534642690755,0.0892135384007641,
2024-04-03 22:00:00,0.0894,0.08968,0.08823,0.08882,9679234,861098.15145,8433,4586937,408257.12002,0.0014657796820385,ARPA-USDT,0.0895682426778242,0.0894630455032291,
2024-04-03 23:00:00,0.08879,0.08931,0.08786,0.08795,6923499,614210.28711,6485,3320328,294651.90103,0.001024356931482,ARPA-USDT,0.088749598458845,0.0887811151649825,
2024-04-04 00:00:00,0.08795,0.08904,0.08718,0.08896,11853620,1043812.01836,11443,6424171,565733.04158,0.0010127152019803,ARPA-USDT,0.087802843649306,0.0875754680739993,0.00013938
2024-04-04 01:00:00,0.08897,0.08988,0.08735,0.08801,12104356,1074758.23646,10480,5825894,517355.19297,0.0014792899408284,ARPA-USDT,0.0888108130746136,0.0887472557778669,
2024-04-04 02:00:00,0.088,0.08805,0.08553,0.08605,13794190,1192106.3593,11514,5930954,512700.29272,0.0011634671320535,ARPA-USDT,0.0879493005195096,0.0878601576604176,
2024-04-04 03:00:00,0.08604,0.08657,0.08484,0.08488,10311401,881173.33056,9808,4930023,421715.70784,0.0015339233038347,ARPA-USDT,0.0861412239890032,0.0863070390695769,
2024-04-04 04:00:00,0.08489,0.08553,0.08376,0.08546,11318919,956699.16263,10060,5616479,474929.99243,0.0014061401453011,ARPA-USDT,0.0848793791704101,0.0849140406241938,
2024-04-04 05:00:00,0.08546,0.08698,0.08544,0.08618,14235610,1228341.92046,9419,6886391,593957.5373,0.0009291521486645,ARPA-USDT,0.0855201409841558,0.0855834985155831,
2024-04-04 06:00:00,0.08619,0.08711,0.08596,0.08639,5999971,519005.32552,5916,2609037,225720.81359,0.0009268914378404,ARPA-USDT,0.0861339515084638,0.0860916363444816,
2024-04-04 07:00:00,0.08637,0.08801,0.08618,0.08736,6098654,532227.16599,7008,2974655,259575.66168,0.0012607449856734,ARPA-USDT,0.0863071651403469,0.0862808284024596,
2024-04-04 08:00:00,0.08738,0.08822,0.08703,0.08799,5657249,496941.22442,5776,2380652,209135.68639,0.0011377858686996,ARPA-USDT,0.0873479853301051,0.0872540642575178,0.0001
2024-04-04 09:00:00,0.08797,0.08918,0.08781,0.08895,6815628,603223.49708,6569,3837808,339807.48737,0.0006749915626054,ARPA-USDT,0.0879264904117762,0.0879928931963656,
2024-04-04 10:00:00,0.08896,0.08968,0.08828,0.08839,7357139,653747.31204,7255,3451938,306837.40104,0.0012460353420933,ARPA-USDT,0.0889283576343545,0.0888200693759147,
2024-04-04 11:00:00,0.08838,0.08919,0.0883,0.0888,5471682,485487.41309,5602,2725794,241789.11503,0.0009017132551849,ARPA-USDT,0.0883534136232003,0.0883632639862774,
2024-04-04 12:00:00,0.08879,0.09012,0.08857,0.08958,6806145,608256.68752,6557,3468972,310066.78166,0.0007820355267567,ARPA-USDT,0.0888231903771386,0.0887600346083445,
2024-04-04 13:00:00,0.08958,0.09161,0.08932,0.09051,13100861,1187935.00869,11612,6309847,572587.12702,0.0015491866769943,ARPA-USDT,0.0895759584678967,0.089587329757913,
2024-04-04 14:00:00,0.0905,0.09185,0.09022,0.09129,7182945,653970.3023,7838,3583808,326338.31815,0.0013162224415925,ARPA-USDT,0.0904985291191897,0.0904276501223418,
2024-04-04 15:00:00,0.09128,0.09246,0.09093,0.09159,10221284,936681.88722,9131,5035269,461376.85199,0.0007648601398602,ARPA-USDT,0.0912184924490695,0.0911083884423806,
2024-04-04 16:00:00,0.0916,0.09245,0.09103,0.09179,5636381,517731.49475,6342,2847582,261697.3677,0.0010906314756244,ARPA-USDT,0.0915908198719902,0.0914628304838033,0.0001
2024-04-04 17:00:00,0.09178,0.09251,0.09131,0.09244,8713973,800504.70849,8682,4527669,416069.65453,0.0011913787501354,ARPA-USDT,0.0917953539050481,0.0919488753605304,
2024-04-04 18:00:00,0.09241,0.09313,0.09156,0.09178,13496181,1246055.73591,10193,6150435,567933.65776,0.001637018443741,ARPA-USDT,0.0924616769425997,0.0927245494354733,
2024-04-04 19:00:00,0.09176,0.09301,0.09143,0.09193,11174688,1030824.16511,8152,5922975,546950.55769,0.0014161220043571,ARPA-USDT,0.0916927704235108,0.0918534614170341,
2024-04-04 20:00:00,0.09194,0.09215,0.09031,0.09117,22441574,2042738.99813,16235,10140526,922803.60776,0.0008782522779668,ARPA-USDT,0.0920156169886948,0.0916925232092926,
2024-04-04 21:00:00,0.09116,0.09145,0.08966,0.09022,5746909,519027.24691,5852,2749961,248289.66716,0.0013318534961153,ARPA-USDT,0.091142330544464,0.0912817582735313,
2024-04-04 22:00:00,0.09022,0.09068,0.08977,0.09025,5576881,502734.94855,4798,2475726,223296.31358,0.0014425210830002,ARPA-USDT,0.0901431203867656,0.0901025436740839,
2024-04-04 23:00:00,0.09025,0.0909,0.09003,0.09071,3925143,354957.21029,4399,1699306,153625.52175,0.0011036309458116,ARPA-USDT,0.0901479357953719,0.0901777900612291,
2024-04-05 00:00:00,0.09071,0.09142,0.08976,0.09118,6873472,621743.75828,7173,3498707,316268.47656,0.0010979358805445,ARPA-USDT,0.0906370010173208,0.0903204174041794,0.00011742
2024-04-05 01:00:00,0.09118,0.09118,0.08984,0.09016,5403046,489089.17616,6165,3004060,271879.92129,0.0017777777777778,ARPA-USDT,0.0910765217314174,0.0909379286182389,
2024-04-05 02:00:00,0.09016,0.09017,0.08829,0.08887,9498251,846660.63533,8607,4061536,361979.37211,0.0011265067027148,ARPA-USDT,0.0900808342470066,0.0900169650959627,
2024-04-05 03:00:00,0.08888,0.0909,0.08877,0.09068,5774087,518807.28911,5758,2936536,263611.62301,0.0014356709000551,ARPA-USDT,0.0888984085743347,0.0889033667150968,
2024-04-05 04:00:00,0.09067,0.09067,0.08847,0.08908,5180812,463786.69735,5828,2714210,242867.55829,0.001574094895435,ARPA-USDT,0.0905406352336298,0.0904018378907781,
2024-04-05 05:00:00,0.08907,0.08931,0.08712,0.08861,8851802,779444.60834,10012,4485015,394834.94012,0.000225759115024,ARPA-USDT,0.0890040636554854,0.0890434593585594,
2024-04-05 06:00:00,0.08857,0.08899,0.08786,0.08798,6321050,558806.32696,5975,2726051,241120.1107,0.0021642556099783,ARPA-USDT,0.0883685713717669,0.088516322463573,
2024-04-05 07:00:00,0.08798,0.08806,0.08667,0.08703,11865471,1036742.32117,8723,6001322,524427.69017,0.0010351966873705,ARPA-USDT,0.0879016094197012,0.0877390202864465,
2024-04-05 08:00:00,0.08703,0.0881,0.08658,0.08714,5996922,523176.6225,6144,2997916,261408.9633,0.0008039508441484,ARPA-USDT,0.0869782479168758,0.0868937546006694,0.0001
2024-04-05 09:00:00,0.08713,0.08714,0.08588,0.08679,7213519,623819.3886000001,7943,4032051,348625.79855,0.0012690355329951,ARPA-USDT,0.0870478691624125,0.0870068435871925,
2024-04-05 10:00:00,0.08679,0.08708,0.08561,0.08657,5368538,463996.34771,6511,2873862,248677.98617,0.0017357093265446,ARPA-USDT,0.0867533150962512,0.0867794454076627,
2024-04-05 11:00:00,0.08655,0.08674,0.0853,0.08537,4603389,396647.14501,6074,2057791,177455.94333,0.000820633059789,ARPA-USDT,0.0865544676791952,0.0864579039620981,
2024-04-05 12:00:00,0.08538,0.08766,0.08471,0.08744,12681700,1089754.5727,13354,6602319,567393.70632,0.0010303377218088,ARPA-USDT,0.0854590682082873,0.0853420912912595,
2024-04-05 13:00:00,0.08745,0.08776,0.08642,0.08753,7033457,613308.76236,8121,3207440,279736.53871,0.0008003658815458,ARPA-USDT,0.087378681990545,0.0872799344594875,
2024-04-05 14:00:00,0.08751,0.09028,0.08721,0.08989,11169003,993708.5409,11500,5874023,521824.69551,0.0006679283090282,ARPA-USDT,0.0874620002412948,0.0873903926445435,
2024-04-05 15:00:00,0.0899,0.09082,0.08919,0.09039,10375420,934218.25195,11012,5225669,470497.4621,0.0007750221434899,ARPA-USDT,0.0897876221890748,0.0898460119785409,
2024-04-05 16:00:00,0.0904,0.09084,0.08976,0.09019,6500022,587244.83573,6901,2886059,260985.60391,0.0016659262549978,ARPA-USDT,0.0902011358086694,0.0903570440809752,0.00026933
2024-04-05 17:00:00,0.09018,0.09067,0.08965,0.09002,4779908,430522.11661,5835,2072989,186718.55896,0.001446212036934,ARPA-USDT,0.0901687366961345,0.090163432291207,
2024-04-05 18:00:00,0.09004,0.09065,0.08987,0.09046,4333175,391313.93935,5651,1886051,170280.91757,0.000995905720925,ARPA-USDT,0.0900267674462404,0.0900221793025975,
2024-04-05 19:00:00,0.09047,0.0915,0.09011,0.09012,12334764,1121156.0755,8988,5512137,500921.89489,0.0013333333333334,ARPA-USDT,0.0905100023097355,0.0906585069929584,
2024-04-05 20:00:00,0.09013,0.09093,0.09008,0.09048,3940972,356543.16179,4624,1813287,164068.93602,0.0012172181033529,ARPA-USDT,0.0902354356371953,0.0902382724297185,
2024-04-05 21:00:00,0.09047,0.09078,0.08997,0.09023,4040353,365342.49118,4070,1926866,174242.12203,0.00199888950583,ARPA-USDT,0.0904223192985907,0.0905580788282198,
2024-04-05 22:00:00,0.09023,0.09066,0.08962,0.08964,4370260,393930.66702,4943,2234788,201491.68033,0.0015642458100559,ARPA-USDT,0.0902278464519522,0.0904061624511247,
2024-04-05 23:00:00,0.08964,0.09036,0.08955,0.08997,3526697,317393.92109,4503,1996160,179634.72170999998,0.001893095768374,ARPA-USDT,0.0896510938066637,0.089783288504426,
2024-04-06 00:00:00,0.08997,0.09141,0.08942,0.09071,7894193,715730.22165,7679,3425749,310483.54709,0.0013246495198144,ARPA-USDT,0.089957029834039,0.0898036494024592,0.0001
2024-04-06 01:00:00,0.09074,0.09168,0.09032,0.09071,4095044,372648.03831,4862,1895237,172464.68775,0.0013246495198144,ARPA-USDT,0.0907520958458628,0.0908359096897113,
2024-04-06 02:00:00,0.09072,0.0911,0.09002,0.09071,3766843,340859.17303,4401,1865771,168813.46868,0.0014351954073748,ARPA-USDT,0.0907350042757531,0.090753014558642,
2024-04-06 03:00:00,0.09071,0.09134,0.09061,0.09116,2333193,212327.36297,3911,1168589,106305.21723,0.0013181019332162,ARPA-USDT,0.090811026645989,0.0908561422076529,
2024-04-06 04:00:00,0.09115,0.09141,0.09077,0.09114,2031223,184884.70244,3496,930270,84680.82994,0.0015384615384614,ARPA-USDT,0.0912106426585902,0.0912479079242888,
2024-04-06 05:00:00,0.09115,0.09187,0.09079,0.09113,3196113,291629.80525,3871,1255588,114678.52888,0.0014285714285715,ARPA-USDT,0.0909383995805326,0.090946125006463,
2024-04-06 06:00:00,0.09113,0.09136,0.09071,0.09128,2002701,182291.76439,3184,975756,88830.28741,0.0009869503235004,ARPA-USDT,0.0911089325829739,0.0910456120659183,
2024-04-06 07:00:00,0.09126,0.09132,0.0906,0.09092,3270431,297542.19191,3219,1505940,136997.03629,0.0004401408450704,ARPA-USDT,0.0912711547297569,0.0912590785739223,
2024-04-06 08:00:00,0.09091,0.09196,0.09089,0.09162,5255181,480895.40659,4784,2376048,217383.11728,0.0007646095030036,ARPA-USDT,0.0909380252874112,0.0910448314044175,0.0001
2024-04-06 09:00:00,0.09161,0.09234,0.09076,0.09105,4794617,438532.92374,5060,2687780,245840.32151,0.0010995052226498,ARPA-USDT,0.091632777609441,0.0917852040254744,
2024-04-06 10:00:00,0.09105,0.09133,0.09051,0.09106,2860299,259981.13367,3320,1759929,159919.47967,0.0010993843447668,ARPA-USDT,0.0910496201673421,0.0910674998649549,
2024-04-06 11:00:00,0.09106,0.0911,0.09041,0.09057,2480393,225160.71885,3258,1033111,93783.18978,0.0009946949602122,ARPA-USDT,0.0910700917739129,0.0910651204260392,
2024-04-06 12:00:00,0.09052,0.0906,0.0898,0.09027,4518067,407623.69993,3586,1753138,158166.73698000002,0.0009980039920161,ARPA-USDT,0.090496782719909,0.0903262400089918,
2024-04-06 13:00:00,0.09026,0.09026,0.0894,0.08972,3435599,308223.56762,3702,1605809,144021.62623,0.0010041280821153,ARPA-USDT,0.0901703689949142,0.0900413603506765,
2024-04-06 14:00:00,0.0897,0.09003,0.08957,0.08979,2725947,244692.25384,3394,1344002,120639.85767,0.0007802050824787,ARPA-USDT,0.08967088828486,0.0896734431763675,
2024-04-06 15:00:00,0.08981,0.09021,0.08926,0.08977,4986855,447071.46185,5619,2520457,225913.66355,0.0013385387618516,ARPA-USDT,0.0898073693567503,0.0897624019310998,
2024-04-06 16:00:00,0.08976,0.09025,0.08966,0.09024,3785749,340884.32831,4146,2066081,186058.92511,0.0014426811674621,ARPA-USDT,0.0897941643994501,0.0898241391490011,0.0001
2024-04-06 17:00:00,0.09023,0.0906,0.08999,0.09021,4513942,407341.8581,4191,2246988,202748.40683,0.000998668442077,ARPA-USDT,0.0901876178421787,0.090160263615173,
2024-04-06 18:00:00,0.09022,0.09285,0.09009,0.09097,46842648,4269797.70154,23237,27496251,2505427.94053,0.0004398988232705,ARPA-USDT,0.0902062645266611,0.0903389331357203,
2024-04-06 19:00:00,0.09096,0.09184,0.09006,0.09136,25135438,2282452.16979,16374,10867250,986475.65878,0.0012054794520548,ARPA-USDT,0.0907426733086262,0.0906338403544414,
2024-04-06 20:00:00,0.09136,0.09246,0.09102,0.09179,14400801,1321919.60209,11845,5782129,530786.0582,0.0003269398430689,ARPA-USDT,0.0913511307079528,0.0913014787761525,
2024-04-06 21:00:00,0.0918,0.09325,0.09177,0.09239,8866820,821358.35792,8618,4676188,433367.96144,0.0005414771496641,ARPA-USDT,0.0918559058530214,0.091959408216011,
2024-04-06 22:00:00,0.09243,0.09386,0.09239,0.09357,8901284,831081.0814,8906,3952923,368969.96535,0.0011769741065696,ARPA-USDT,0.0925153647978103,0.0928578931414566,
2024-04-06 23:00:00,0.09356,0.09396,0.09226,0.09235,9285417,865532.27946,8912,3551040,331305.7126,0.0009755040104053,ARPA-USDT,0.0936485938197808,0.0935613711910085,
2024-04-07 00:00:00,0.09236,0.09332,0.09227,0.09295,6801287,630725.64448,7627,3688219,341960.13136,0.0011848341232227,ARPA-USDT,0.09244441054735,0.0926038575055644,0.00027646
2024-04-07 01:00:00,0.09295,0.094,0.09284,0.09366,5101791,476921.24365,5875,2569065,240195.25874,0.0012828736369467,ARPA-USDT,0.0930643080760535,0.093015279288693,
2024-04-07 02:00:00,0.09367,0.09472,0.09348,0.0945,5219863,492148.05393,6144,2747938,259024.96016,0.0014836795252226,ARPA-USDT,0.0936743394507702,0.0936604473019083,
2024-04-07 03:00:00,0.0945,0.09645,0.09345,0.09468,36701522,3472972.73369,14812,18192591,1724795.71059,0.0010573059843519,ARPA-USDT,0.0944280073617295,0.0946695146934776,
2024-04-07 04:00:00,0.09468,0.09707,0.09465,0.09577,26157259,2512276.82272,17477,13559813,1301916.1237,0.0008360330233043,ARPA-USDT,0.0947378817241069,0.0948129388420005,
2024-04-07 05:00:00,0.09578,0.09631,0.09514,0.09567,5529417,529377.91237,7208,2835059,271414.27407,0.0012558869701728,ARPA-USDT,0.095696759771961,0.0954812276459254,
2024-04-07 06:00:00,0.09567,0.09656,0.09377,0.09476,35655056,3378211.13394,16454,14357730,1358325.65302,0.0008449514152935,ARPA-USDT,0.0956440295058222,0.0954439952409347,
2024-04-07 07:00:00,0.09475,0.09523,0.0942,0.09476,6262392,592611.8888900001,7488,2611012,247147.72043,0.0004222972972973,ARPA-USDT,0.094856323153429,0.0948002102513129,
2024-04-07 08:00:00,0.09477,0.0975,0.09431,0.09693,34019155,3274310.72664,22952,18482836,1778103.29855,0.0006193868070609,ARPA-USDT,0.0947958023016587,0.0946928340402599,0.00026114
2024-04-07 09:00:00,0.09693,0.09925,0.09617,0.09621,50274402,4926743.93903,40044,22481085,2204472.44076,0.0006240249609985,ARPA-USDT,0.0972131547423376,0.0975528918136099,
2024-04-07 10:00:00,0.0962,0.09937,0.09553,0.09771,44308766,4333298.99302,32483,22281038,2176301.16908,0.000921942224954,ARPA-USDT,0.0961447921281019,0.0958884672038934,
2024-04-07 11:00:00,0.09771,0.09897,0.0966,0.0981,19374691,1892930.22938,16644,9284504,906813.00778,0.0002039151712887,ARPA-USDT,0.0978791327616172,0.0977164906456835,
2024-04-07 12:00:00,0.0981,0.09858,0.09665,0.09773,10838054,1056629.2595,11464,5483001,534526.22357,0.0003070624360286,ARPA-USDT,0.0983526667594494,0.0980802113165674,
2024-04-07 13:00:00,0.09773,0.09774,0.09687,0.09726,8588922,834927.1915,9177,4158654,404242.65397,0.0014415156507414,ARPA-USDT,0.0976611926384976,0.0974988359799806,
2024-04-07 14:00:00,0.09725,0.09779,0.09643,0.0971,9386476,911669.51351,9677,4119628,400302.33957,0.0012373685295938,ARPA-USDT,0.0973018002042685,0.0972791928114517,
2024-04-07 15:00:00,0.09707,0.09715,0.09592,0.09689,9816983,948308.7163,10615,4342385,419448.81038,0.0005163155720777,ARPA-USDT,0.0970829234550678,0.0968908871376803,
2024-04-07 16:00:00,0.09691,0.09724,0.09612,0.09634,9680882,935435.89664,9267,4113039,397579.07746,0.0014553014553013,ARPA-USDT,0.097050923173586,0.0967785347195319,0.0001
2024-04-07 17:00:00,0.09633,0.0965,0.09549,0.0956,6761992,648196.38661,7475,2929064,280732.10125,0.0013616842987327,ARPA-USDT,0.0964434706688982,0.0962041097946006,
2024-04-07 18:00:00,0.09559,0.09728,0.09468,0.09593,33359573,3201461.48689,22093,17227759,1652952.2892,0.0009390651085141,ARPA-USDT,0.0955532699013649,0.095270204608383,
2024-04-07 19:00:00,0.09594,0.09621,0.09537,0.09556,9673824,926728.94452,9174,4081138,391129.82061,0.0009427045145071,ARPA-USDT,0.0959294096664477,0.0957736719170081,
2024-04-07 20:00:00,0.09556,0.09619,0.09551,0.09555,4946476,474241.21476,5451,2112012,202523.11673,0.0010476689366161,ARPA-USDT,0.095614376140753,0.0957711094943137,
2024-04-07 21:00:00,0.09556,0.09558,0.09459,0.09472,8315258,791304.8376,6587,3579294,340661.41635,0.0007395668251453,ARPA-USDT,0.0954600316428762,0.0954724156774683,
2024-04-07 22:00:00,0.09472,0.095,0.09426,0.09478,7675057,726739.95197,6821,3496728,331161.43514,0.0012676949080923,ARPA-USDT,0.0947539074400496,0.0945857194590444,
2024-04-07 23:00:00,0.09478,0.09553,0.09455,0.0953,6141874,584541.32122,5875,2322028,220913.46421,0.0009452788572628,ARPA-USDT,0.0946516486733599,0.0947051130468425,
2024-04-08 00:00:00,0.09531,0.09544,0.09471,0.09501,8260177,785329.59,7704,5079928,482826.0091,0.001159114857745,ARPA-USDT,0.0953784284155765,0.0953297823184221,0.00020318
2024-04-08 01:00:00,0.09502,0.09557,0.09473,0.09504,5594407,532286.44812,5497,2646591,251646.18001,0.0013697186808556,ARPA-USDT,0.0949348173595552,0.0949179172350638,
2024-04-08 02:00:00,0.09503,0.09508,0.09367,0.09429,6744261,636608.13608,6440,2682912,253194.90368,0.0008491667551215,ARPA-USDT,0.0949178994794628,0.094924194123213,
2024-04-08 03:00:00,0.09431,0.09432,0.09332,0.09366,7873883,737603.02972,6789,3341823,313097.87425,0.0009618467457517,ARPA-USDT,0.0942738661294188,0.0941682913533172,
2024-04-08 04:00:00,0.09366,0.09367,0.09314,0.09349,4004576,373970.98322,4218,1716268,160241.59364,0.0002139723975607,ARPA-USDT,0.0935706817666901,0.0935965186843902,
2024-04-08 05:00:00,0.0935,0.09439,0.09349,0.09421,4789974,450243.42511,5060,2136562,200751.28164,0.0005310110450298,ARPA-USDT,0.093573136151605,0.0936436554878596,
2024-04-08 06:00:00,0.09424,0.09466,0.09402,0.09447,4352371,410857.66854,5166,2041396,192712.29122,0.0001058649163667,ARPA-USDT,0.0942592622800418,0.0944048514562093,
2024-04-08 07:00:00,0.09448,0.09634,0.0944,0.09587,8938748,853182.924,8430,4048702,386395.39663,0.0009396533723113,ARPA-USDT,0.0945019024342855,0.0946512130034136,
2024-04-08 08:00:00,0.09588,0.09723,0.09576,0.09699,11128362,1075577.01838,9781,5954192,575579.29397,0.0010320982557538,ARPA-USDT,0.0958636461061047,0.0959905029100026,0.00022606
2024-04-08 09:00:00,0.09699,0.09719,0.09641,0.0968,7515934,727337.12544,7333,3574916,346117.22418,0.0011376564277587,ARPA-USDT,0.0969227528264396,0.0969653663287081,
2024-04-08 10:00:00,0.09679,0.09807,0.09615,0.09799,9118574,886133.48943,7948,5108511,497058.85978,0.0011238250919494,ARPA-USDT,0.0968579307225888,0.0965689608335983,
2024-04-08 11:00:00,0.09797,0.09803,0.09688,0.09698,9191993,896472.2853100001,7798,3594014,350733.17422,0.0009288884301785,ARPA-USDT,0.0979659625943545,0.0978514745424614,
2024-04-08 12:00:00,0.09703,0.10118,0.09703,0.09975,53052994,5284192.37051,36244,26460801,2631846.93346,0.0008026487408447,ARPA-USDT,0.0972095292098586,0.0978366736254237,
2024-04-08 13:00:00,0.09976,0.10107,0.09911,0.10037,19884575,1989470.37667,18495,9366125,937395.77735,0.0004984051036682,ARPA-USDT,0.0994906130948962,0.0994000963214299,
2024-04-08 14:00:00,0.10037,0.10171,0.09963,0.10043,20954478,2110459.15753,16511,9488972,956172.49831,0.0015956916325921,ARPA-USDT,0.1002160352920273,0.1001237702891819,
2024-04-08 15:00:00,0.10043,0.10169,0.10009,0.10063,14210555,1431748.33282,12468,6262574,630899.01937,0.0012935323383083,ARPA-USDT,0.1002715049921308,0.1003416788250375,
2024-04-08 16:00:00,0.10065,0.1008,0.09981,0.10013,10479352,1050954.19823,9338,4881040,489566.3261,0.0004996003197441,ARPA-USDT,0.1005343084238673,0.1004873855448604,0.00016507
2024-04-08 17:00:00,0.10015,0.10158,0.09978,0.10021,15746281,1582735.43752,11701,7805602,784392.15853,0.0011989209711258,ARPA-USDT,0.1002663028032447,0.1003161272868591,
2024-04-08 18:00:00,0.10021,0.10288,0.1001,0.1013,31383325,3187230.20906,20325,15980193,1623275.02801,0.0009881422924902,ARPA-USDT,0.1002714358312655,0.1003788210203887,
2024-04-08 19:00:00,0.10131,0.10268,0.101,0.1013,16486738,1677135.11439,12320,9261183,942731.2251,0.0012849658989819,ARPA-USDT,0.1014517717352872,0.1016468364590145,
2024-04-08 20:00:00,0.10132,0.10177,0.10099,0.10121,7977712,808773.2168,7102,3112008,315541.304,0.0006921099466086,ARPA-USDT,0.1013460363259486,0.1011787621598911,
2024-04-08 21:00:00,0.10124,0.10155,0.10088,0.10091,5130643,518850.10243,4466,2434917,246418.32103,0.0012899384798572,ARPA-USDT,0.1011820467258966,0.1010337775503605,
2024-04-08 22:00:00,0.10092,0.10114,0.10035,0.10081,5161180,519828.903,5163,1966399,198097.14484,0.0010923535253226,ARPA-USDT,0.1009201296623525,0.1009274424431184,
2024-04-08 23:00:00,0.1008,0.10085,0.10003,0.10043,4936328,495402.24754,4488,1919553,192708.67341,0.0010964912280702,ARPA-USDT,0.1007787955504192,0.1007133346217744,
2024-04-09 00:00:00,0.10044,0.10089,0.09975,0.1005,8827627,885908.12479,7816,3818848,383393.70549,0.0010957266660027,ARPA-USDT,0.1004562643211147,0.1006625126077203,0.0003879
2024-04-09 01:00:00,0.10049,0.10084,0.09971,0.10034,7404107,741916.78659,7910,3810815,381906.14469,0.0003988035892323,ARPA-USDT,0.100499975872894,0.1007073059649517,
2024-04-09 02:00:00,0.10032,0.10035,0.09966,0.09986,4413629,441238.34045,4659,1603792,160354.69544,0.001403931006819,ARPA-USDT,0.1002738605002156,0.1001531828856572,
2024-04-09 03:00:00,0.09986,0.10025,0.0991,0.09954,4077402,406337.83714,4676,2161202,215452.77912,0.00110630594388,ARPA-USDT,0.0998514542450048,0.0998795280046824,
2024-04-09 04:00:00,0.09955,0.09956,0.09883,0.09906,5570227,552230.43435,5373,2013798,199688.25232,0.0013140604467805,ARPA-USDT,0.0995153091033382,0.0994636933783495,
2024-04-09 05:00:00,0.09907,0.0998,0.09904,0.09959,4906699,487935.62296,5309,2416447,240313.1637,0.0011057498994773,ARPA-USDT,0.0990798919862446,0.0991761880197981,
2024-04-09 06:00:00,0.0996,0.09964,0.09752,0.09796,9414721,926351.4576,8738,3738281,367769.20667,0.001226492232216,ARPA-USDT,0.0995617636989262,0.0995438080270754,
2024-04-09 07:00:00,0.09797,0.09841,0.09612,0.09667,14232423,1382176.17528,11979,5654105,549249.31814,0.0014503263234226,ARPA-USDT,0.0978583532141873,0.0980235687363231,
2024-04-09 08:00:00,0.09668,0.0975,0.09522,0.09734,14997489,1441321.21136,12028,7379750,709302.47105,0.0007196463452245,ARPA-USDT,0.096491953731742,0.096456553306911,0.00029197
2024-04-09 09:00:00,0.09734,0.09801,0.09668,0.09702,7916920,770840.35325,6961,3386238,329908.26463,0.0004124561765312,ARPA-USDT,0.0972799228107976,0.0973962632912127,
2024-04-09 10:00:00,0.09703,0.09737,0.09662,0.09719,4431300,430089.54643,5009,1818251,176469.42039,0.0007207578253707,ARPA-USDT,0.0971298132236552,0.0971456539424066,
2024-04-09 11:00:00,0.09719,0.09772,0.09657,0.09734,6329429,613897.92027,5015,3278235,318045.52131,0.0015433686593271,ARPA-USDT,0.0971798979814273,0.0972184415165369,
2024-04-09 12:00:00,0.09735,0.09894,0.09678,0.09776,22635838,2220130.71832,13178,11171460,1095623.3634,0.0007165523595045,ARPA-USDT,0.0973735069129812,0.097815452645047,
2024-04-09 13:00:00,0.09776,0.09825,0.09593,0.09593,12400187,1205625.15106,9896,5792211,563574.79346,0.0011479858067209,ARPA-USDT,0.0977674072172075,0.097579907426105,
2024-04-09 14:00:00,0.09597,0.09676,0.09419,0.09506,18133762,1730312.11337,16710,8878232,847871.45109,0.0020027405923896,ARPA-USDT,0.0959461713149964,0.0961708964642252,
2024-04-09 15:00:00,0.09503,0.09908,0.09368,0.09892,74426633,7218514.84311,37374,37306997,3618995.90823,0.0006069188751769,ARPA-USDT,0.0950087823480505,0.0949717733756295,
2024-04-09 16:00:00,0.09892,0.10208,0.09828,0.10121,47928645,4774411.08817,30810,24818773,2473716.87526,0.0004942665085012,ARPA-USDT,0.09889294899047,0.0991237803330833,0.0001
2024-04-09 17:00:00,0.1012,0.10569,0.10015,0.10526,103088860,10595650.15849,67172,50753632,5222473.35275,0.000665462496435,ARPA-USDT,0.1008350324587202,0.1014974008635853,
2024-04-09 18:00:00,0.10526,0.10639,0.10234,0.10295,85381247,8919655.204739999,54439,38255116,3997209.74662,0.0010696227148969,ARPA-USDT,0.1048505752023289,0.1047757451005857,
2024-04-09 19:00:00,0.10293,0.10478,0.10225,0.10335,39258098,4059585.29034,28494,19532793,2019975.54869,0.0005808887598024,ARPA-USDT,0.1033788516951262,0.1034215151679272,
2024-04-09 20:00:00,0.10335,0.10538,0.10305,0.1045,34304810,3578334.93079,23223,16695244,1741682.4232,0.0004786979415987,ARPA-USDT,0.1038327132918451,0.104501442497285,
2024-04-09 21:00:00,0.1045,0.10496,0.10259,0.10311,20449383,2119400.57781,15436,9126179,946107.61306,0.0009707795359672,ARPA-USDT,0.1045264721957842,0.1046586252204189,
2024-04-09 22:00:00,0.1031,0.10495,0.10238,0.10452,20192716,2087638.26389,14029,10293126,1065196.11011,0.0005743825387709,ARPA-USDT,0.1029680144887032,0.1026090113573771,
2024-04-09 23:00:00,0.10453,0.10464,0.10252,0.10303,23403610,2420880.87148,16485,10222979,1057355.83386,0.0005826939885402,ARPA-USDT,0.1043829527473132,0.1044102731373368,
2024-04-10 00:00:00,0.10303,0.1053,0.10258,0.1044,35215729,3676315.27791,27605,18506243,1931877.71547,0.0002874389192297,ARPA-USDT,0.1030969773557266,0.1028944656691744,0.0001
2024-04-10 01:00:00,0.1044,0.10527,0.10283,0.10514,31692094,3301478.55646,27774,16277584,1696582.34835,0.0015240998285386,ARPA-USDT,0.1044626303071725,0.1045278797474105,
2024-04-10 02:00:00,0.10507,0.10637,0.10047,0.10094,104852849,10754356.73559,54073,48831095,5014402.27463,0.000495589255625,ARPA-USDT,0.1048741450139791,0.1049820876929221,
2024-04-10 03:00:00,0.10099,0.10323,0.10052,0.10255,28954465,2942689.12799,25016,15023127,1526954.20255,9.752291788567292e-05,ARPA-USDT,0.1009771117584461,0.1012091849572642,
2024-04-10 04:00:00,0.10255,0.10528,0.10234,0.10416,27524508,2861050.6471,23941,15132363,1573669.23942,0.0007686395080706,ARPA-USDT,0.102558970182088,0.1025629048022673,
2024-04-10 05:00:00,0.10414,0.10562,0.10343,0.10401,29765033,3109611.74845,22036,13402323,1400309.38767,0.000962371282841,ARPA-USDT,0.1041779157814555,0.1045152201137285,
2024-04-10 06:00:00,0.10401,0.10672,0.10383,0.1043,41294126,4351167.75928,29073,20720226,2183977.22182,0.0006715916722632,ARPA-USDT,0.1039934263766463,0.1041573921523603,
2024-04-10 07:00:00,0.1043,0.10478,0.10192,0.10338,28956190,2990942.18984,20686,13499419,1393492.42275,0.0010651689745326,ARPA-USDT,0.1043159602761176,0.1042251331187912,
2024-04-10 08:00:00,0.10338,0.10434,0.10153,0.1022,35829844,3693083.07846,27421,16913241,1743725.38664,0.0004894762604013,ARPA-USDT,0.1032771107670163,0.1032025864572496,0.0001
2024-04-10 09:00:00,0.1022,0.10357,0.09932,0.10247,78344260,7972197.58058,43730,40929772,4163480.54181,0.0014659890539485,ARPA-USDT,0.1019383710795059,0.1017622186703241,
2024-04-10 10:00:00,0.10248,0.10309,0.09982,0.10063,34208101,3460134.6794,26812,17505841,1771135.57673,0.0008951661030434,ARPA-USDT,0.102532900515407,0.1025411421391197,
2024-04-10 11:00:00,0.1006,0.1015,0.09804,0.09852,32285414,3221438.52819,22736,15224549,1519183.28958,0.0009143553794574,ARPA-USDT,0.1004578726648564,0.1003909367767878,
2024-04-10 12:00:00,0.09852,0.09952,0.09635,0.09827,58414786,5744886.5513,38123,26334093,2592458.28734,0.0012226184411614,ARPA-USDT,0.0982620652588364,0.0981814268579068,
2024-04-10 13:00:00,0.09825,0.09828,0.09588,0.09734,28910864,2806648.38259,21994,14260069,1384692.55483,0.0008225375282746,ARPA-USDT,0.0981378521251171,0.0979032574875557,
2024-04-10 14:00:00,0.09736,0.10192,0.09635,0.10034,52614524,5243283.64837,34740,26776613,2663147.49946,0.0014971554047309,ARPA-USDT,0.096955498520129,0.0967422343857945,
2024-04-10 15:00:00,0.10034,0.10034,0.09845,0.0993,15945155,1581003.16,14359,8155978,808713.73013,0.0012099213551117,ARPA-USDT,0.1001648422371465,0.0999455729732619,
2024-04-10 16:00:00,0.0993,0.10059,0.09897,0.10009,19356468,1934450.85227,14931,9022934,901655.06963,0.0008999999999999,ARPA-USDT,0.0992850914425714,0.0992818978969135,0.0001
2024-04-10 17:00:00,0.10009,0.10015,0.0978,0.09884,20101540,1984153.53476,15592,10124218,999118.76537,0.0010127607859022,ARPA-USDT,0.0999942264908244,0.0993178725572981,
2024-04-10 18:00:00,0.09884,0.09917,0.0968,0.09768,15606655,1528698.67275,12856,8268619,809891.73312,0.0010248001639681,ARPA-USDT,0.0988361249359652,0.0987883611973938,
2024-04-10 19:00:00,0.09769,0.09852,0.09715,0.09786,10874968,1062980.71324,10396,5120554,500514.42894,0.001432664756447,ARPA-USDT,0.0976212435236642,0.0975321446250755,
2024-04-10 20:00:00,0.09787,0.09835,0.09716,0.09737,9700511,948257.75135,7796,4672414,456817.85273,0.0007194244604316,ARPA-USDT,0.0977793920288771,0.0978191088093051,
2024-04-10 21:00:00,0.09737,0.09779,0.09698,0.09742,7141998,695595.40699,6236,3834771,373501.31896,0.0011304079745144,ARPA-USDT,0.0974254711908592,0.0973987419576371,
2024-04-10 22:00:00,0.09741,0.10057,0.0973,0.09915,18369722,1823094.49093,15081,8255341,819161.01866,0.0010095911155982,ARPA-USDT,0.0973744577153687,0.0976566643396528,
2024-04-10 23:00:00,0.09915,0.10121,0.09897,0.10102,19229052,1926429.48551,14451,11159221,1117676.00432,0.000891707123749,ARPA-USDT,0.0991055873276194,0.0992091212664954,
2024-04-11 00:00:00,0.10103,0.10183,0.09978,0.10068,12985466,1308489.14353,12825,5341017,538305.8857,0.000894721145243,ARPA-USDT,0.1012515661418208,0.1010551729131961,0.0001
2024-04-11 01:00:00,0.10068,0.10169,0.09853,0.09955,31151984,3113374.65518,17782,12697454,1269889.79855,0.0013075839871252,ARPA-USDT,0.1007962234721011,0.100688916789922,
2024-04-11 02:00:00,0.09957,0.10001,0.09857,0.09972,12204177,1211364.68219,10283,6353785,630655.29012,0.0022110552763818,ARPA-USDT,0.0996490555118667,0.0993171819302767,
2024-04-11 03:00:00,0.09971,0.10087,0.09957,0.1005,7655422,767204.47768,8660,3623342,363090.00116,0.0011954572624028,ARPA-USDT,0.099708296483552,0.0997157528719198,
2024-04-11 04:00:00,0.10048,0.10072,0.0997,0.10044,8968705,898441.74681,7548,4146146,415212.7109,0.0004980575754558,ARPA-USDT,0.1003810222859911,0.1003692118606474,
2024-04-11 05:00:00,0.10043,0.10171,0.10022,0.10098,12106818,1223827.55297,10236,5848177,590988.20366,0.0012890431333665,ARPA-USDT,0.1004684269501226,0.1004712154821847,
2024-04-11 06:00:00,0.10097,0.10137,0.0985,0.09895,15399274,1533398.25649,11079,6094485,606810.41948,0.000707928802589,ARPA-USDT,0.1009163625406671,0.1009051073776386,
2024-04-11 07:00:00,0.09894,0.09951,0.09865,0.09907,10670453,1056856.47015,9051,4899008,485150.92918,0.0009092746009295,ARPA-USDT,0.099093042456928,0.0992003392335936,
2024-04-11 08:00:00,0.09908,0.09975,0.0989,0.09931,8774632,871284.30019,7307,4267991,423836.97993,0.0007053607416365,ARPA-USDT,0.099207735727981,0.0993392059231389,0.00015206
2024-04-11 09:00:00,0.09931,0.09937,0.09779,0.09788,11625940,1142375.52143,8484,5275642,518324.04301,0.0010227040294537,ARPA-USDT,0.0991986699628917,0.0989253203633271,
2024-04-11 10:00:00,0.09788,0.09885,0.09788,0.09864,7340477,722278.37192,6633,4266838,419747.68106,0.0011164112453059,ARPA-USDT,0.0979867843258365,0.098103286558977,
2024-04-11 11:00:00,0.09863,0.09888,0.09723,0.09756,10031623,982761.04805,7979,4482536,439252.36149,0.0010260619741431,ARPA-USDT,0.0984726267853785,0.098378163683295,
2024-04-11 12:00:00,0.09753,0.09839,0.0963,0.09772,14721286,1435048.20423,13259,7173358,699601.4396,0.0012295081967212,ARPA-USDT,0.0975601908788393,0.0975258321199584,
2024-04-11 13:00:00,0.09773,0.09803,0.09616,0.09715,12656009,1227814.25578,12044,6688798,648899.63929,0.0012367309079666,ARPA-USDT,0.0976953523612667,0.0978354572142138,
2024-04-11 14:00:00,0.09716,0.09719,0.09526,0.09629,15670609,1504504.66151,13706,7156669,687264.03351,0.0017686225551394,ARPA-USDT,0.0970296763982927,0.0969645912820851,
2024-04-11 15:00:00,0.09627,0.0998,0.09621,0.09835,42880516,4223771.7944600005,27290,23274031,2290258.11096,0.0011197068403909,ARPA-USDT,0.0962990768254845,0.0972938075765542,
2024-04-11 16:00:00,0.09837,0.09926,0.09794,0.09919,15465756,1524542.93224,15077,8144919,803016.77387,0.0014134275618373,ARPA-USDT,0.0981448925363964,0.0982261758653732,0.0001
2024-04-11 17:00:00,0.09918,0.10376,0.09866,0.10131,63712597,6466203.52157,40697,31222197,3167946.70833,0.0008891523414344,ARPA-USDT,0.0989344459304547,0.0990060838856705,
2024-04-11 18:00:00,0.10132,0.10198,0.09956,0.09962,21537514,2169080.77062,16123,10975182,1105373.27353,0.0007031642390757,ARPA-USDT,0.1012344261766061,0.1014887667921254,
2024-04-11 19:00:00,0.09964,0.10195,0.09833,0.10112,47498790,4778776.13737,30734,25381913,2554262.06038,0.0007917656373712,ARPA-USDT,0.099703039609149,0.0996131606989887,
2024-04-11 20:00:00,0.1011,0.10233,0.10027,0.10068,38091295,3857955.23599,23399,18589690,1882703.36481,0.0011933174224345,ARPA-USDT,0.1009809811673551,0.101185774070201,
2024-04-11 21:00:00,0.10068,0.10122,0.09813,0.09827,21012979,2090789.34213,11933,7828480,779206.50991,0.0004072075740608,ARPA-USDT,0.1009134719041177,0.1009497069433013,
2024-04-11 22:00:00,0.09827,0.09876,0.09786,0.0986,9743516,958351.93148,7772,4568490,449329.03796,0.0005073566717401,ARPA-USDT,0.0983361661387072,0.0983495788294977,
2024-04-11 23:00:00,0.0986,0.09954,0.09829,0.09932,6435277,636597.89623,6660,3029351,299750.57486,0.0011087591976615,ARPA-USDT,0.0986242291936556,0.0985516319389092,
2024-04-12 00:00:00,0.09931,0.10192,0.09907,0.1017,13114947,1321361.28281,12770,6450258,649563.60986,0.0006887730000983,ARPA-USDT,0.0994175101934305,0.0993742257896529,0.0001
2024-04-12 01:00:00,0.1017,0.10185,0.10093,0.10139,7018480,711787.651,7465,3200899,324551.84332,0.000888450148075,ARPA-USDT,0.1015014656717603,0.101506846357532,
2024-04-12 02:00:00,0.10139,0.10275,0.10032,0.10034,10790018,1094312.53971,8437,4260753,432625.18044,0.0014971554047309,ARPA-USDT,0.1012777138677317,0.1009905668812534,
2024-04-12 03:00:00,0.10035,0.10051,0.09996,0.10006,6520336,653400.64629,5626,3697066,370474.65159,0.0012007204322592,ARPA-USDT,0.1003729629982607,0.1003664794114981,
2024-04-12 04:00:00,0.10006,0.10017,0.09944,0.09968,4735188,472470.00346,4538,1931009,192690.17305,0.0009037051912843,ARPA-USDT,0.1000939186029519,0.1001253089744785,
2024-04-12 05:00:00,0.09967,0.10024,0.09869,0.09967,8753027,869940.17942,5765,4279597,425544.94179,0.0013060076351214,ARPA-USDT,0.0995373488331234,0.0996150468708892,
2024-04-12 06:00:00,0.09964,0.09985,0.09881,0.0993,7326409,728667.98884,5561,3360806,334242.55721,0.0013108803065444,ARPA-USDT,0.0995899226574783,0.0996018109646189,
2024-04-12 07:00:00,0.09928,0.10218,0.0992,0.10058,19949604,2003151.10156,14056,10762605,1080446.3677,0.0011945052757316,ARPA-USDT,0.0993153114461263,0.0994633025382993,
2024-04-12 08:00:00,0.10055,0.10094,0.09938,0.09985,6714528,672547.42054,7809,2949490,295534.85874,0.0009021651964713,ARPA-USDT,0.1003698474214073,0.1001848555641845,0.0001
2024-04-12 09:00:00,0.09984,0.10085,0.09925,0.10008,8941963,894583.57964,8844,4512200,451435.35432,0.0016012810248198,ARPA-USDT,0.0997755490567592,0.0999021183532396,
2024-04-12 10:00:00,0.10008,0.10079,0.09947,0.0997,8299402,830898.19169,8115,4402548,440842.59612,0.001004016064257,ARPA-USDT,0.1001356101146721,0.1002590133018298,
2024-04-12 11:00:00,0.0997,0.10036,0.09945,0.10006,5978034,596882.45852,6305,2654116,265020.18803,0.0015013512160944,ARPA-USDT,0.0997434786520107,0.0996941137261524,
2024-04-12 12:00:00,0.10008,0.10025,0.09793,0.09823,12219452,1208812.64445,11674,5808286,574878.93405,0.0012231169095913,ARPA-USDT,0.0999453679543739,0.100039798237455,
2024-04-12 13:00:00,0.09823,0.09823,0.09609,0.09664,17258000,1676356.13492,15421,8404328,816947.17398,0.0010358400662937,ARPA-USDT,0.0979868306636155,0.0978243165746666,
2024-04-12 14:00:00,0.09665,0.09715,0.09578,0.0962,10496213,1011712.92885,10270,5001270,482185.06322,0.0014574224443055,ARPA-USDT,0.0965959408973532,0.0969025910757905,
2024-04-12 15:00:00,0.09615,0.09677,0.0954,0.09558,11787503,1131252.80475,9439,5028973,482949.33478,0.0010473397570172,ARPA-USDT,0.0963475807298633,0.0961907446425321,
2024-04-12 16:00:00,0.09557,0.0959,0.09327,0.09416,23128556,2183017.20583,16969,9792483,924260.87216,0.0003187081695525,ARPA-USDT,0.0955316527188195,0.0956251096227928,0.0001
2024-04-12 17:00:00,0.09416,0.09417,0.08338,0.08892,83498895,7447271.09348,42673,36128962,3220065.10091,0.0013513513513512,ARPA-USDT,0.0939723624410461,0.0938799775004753,
2024-04-12 18:00:00,0.08891,0.08955,0.07355,0.07826,106006683,8644988.1227,59544,43775376,3586515.03345,-0.0005108556832694,ARPA-USDT,0.0884794831097062,0.0884015424026621,
2024-04-12 19:00:00,0.07828,0.0788,0.07509,0.07811,63764697,4914569.85771,50721,24251186,1869225.27006,-0.000511836212412,ARPA-USDT,0.0782073982963448,0.0779990043047719,
2024-04-12 20:00:00,0.07814,0.08007,0.07764,0.07993,38904529,3081192.38077,22383,19829126,1570611.32689,0.000125125125125,ARPA-USDT,0.0779976441560904,0.0785059723921403,
2024-04-12 21:00:00,0.07993,0.08024,0.0782,0.07887,19915540,1576482.56783,9910,10514992,831516.84716,0.0002536461636015,ARPA-USDT,0.0797520478068937,0.0794427648212838,
2024-04-12 22:00:00,0.07886,0.07951,0.07746,0.07825,21901275,1716967.26819,9405,10712040,839425.12526,-0.0005109209349852,ARPA-USDT,0.0788790264168206,0.0784797202551283,
2024-04-12 23:00:00,0.07825,0.0801,0.07733,0.07943,19378006,1525189.54364,12420,9915755,781509.83711,-0.0003775484520514,ARPA-USDT,0.078230016575757,0.0777422475819542,
2024-04-13 00:00:00,0.07942,0.07942,0.07666,0.07694,13707423,1067460.27581,10696,5996741,466859.00352,-0.0005196154845416,ARPA-USDT,0.0791590994074486,0.0789022079113765,0.0001
2024-04-13 01:00:00,0.07695,0.07701,0.07357,0.07404,20400033,1536685.8829,14150,9917889,747103.27919,0.0004053506282932,ARPA-USDT,0.0767203575071355,0.0764674604695144,
2024-04-13 02:00:00,0.07402,0.07612,0.07398,0.07574,17830754,1342528.08958,11913,9346043,703745.22106,-0.00013201320132,ARPA-USDT,0.0744217681567049,0.0745814837125472,
2024-04-13 03:00:00,0.07575,0.077,0.07532,0.07675,10654073,811419.05184,9484,5525111,420821.63182,0.0002606542421477,ARPA-USDT,0.0758312701276458,0.0759606090546102,
2024-04-13 04:00:00,0.07675,0.07895,0.07628,0.07822,26503934,2058365.67951,13250,15954873,1238371.76734,0.0,ARPA-USDT,0.0766136276258864,0.0765566492884472,
2024-04-13 05:00:00,0.07822,0.07963,0.07816,0.07902,10046656,793381.22876,9604,5177347,408727.83599,-0.0002530364372468,ARPA-USDT,0.0782608953501943,0.0783385449487744,
2024-04-13 06:00:00,0.07902,0.0798,0.07881,0.07967,7027943,556678.69213,6450,2933612,232378.98026,-0.0003764115432871,ARPA-USDT,0.0790025505496709,0.079152018507735,
2024-04-13 07:00:00,0.07966,0.08096,0.07915,0.08,23157551,1857297.06257,16590,12990041,1042298.31719,-0.0009990009990009,ARPA-USDT,0.0797125947500488,0.0797386883937168,
2024-04-13 08:00:00,0.08,0.08101,0.07936,0.08011,14750827,1181819.08752,10156,5670034,453895.16656,-0.0009976306272602,ARPA-USDT,0.0800285372625326,0.0797801627616078,0.0001
2024-04-13 09:00:00,0.08015,0.08195,0.07988,0.08129,10750115,869578.34206,9897,4841363,391637.52144,-0.0007375537799632,ARPA-USDT,0.0800514107058331,0.080161501410966,
2024-04-13 10:00:00,0.08127,0.08387,0.08072,0.08359,11242125,923723.50259,10271,5391746,443351.30506,-0.0010755258126196,ARPA-USDT,0.0812267909662334,0.0811052770103013,
2024-04-13 11:00:00,0.08358,0.0859,0.08336,0.08419,24405598,2066419.34198,15740,12725505,1077926.25363,-0.0007121661721068,ARPA-USDT,0.0835429460699669,0.0835904021069519,
2024-04-13 12:00:00,0.08419,0.08869,0.08382,0.088,32533547,2820689.72851,22577,16145146,1399679.50287,-0.0011350737797957,ARPA-USDT,0.0842972832407824,0.0840905291605462,
2024-04-13 13:00:00,0.08802,0.08908,0.08649,0.08667,26690915,2345207.22543,22536,12772726,1122237.61776,0.0003462603878117,ARPA-USDT,0.088143829390033,0.0881020464246676,
2024-04-13 14:00:00,0.08667,0.08684,0.08376,0.0843,26970332,2295008.95715,20863,12040613,1024141.09195,-0.0001186098920649,ARPA-USDT,0.0865749727671075,0.0862610435721265,
2024-04-13 15:00:00,0.08429,0.08671,0.08295,0.08485,28754828,2439095.66873,21498,15627492,1324908.17863,-0.0003534401508011,ARPA-USDT,0.0842607952760148,0.0840088390003503,
2024-04-13 16:00:00,0.08484,0.08529,0.08132,0.08185,38867407,3234415.77595,25864,18548944,1544463.60366,0.0,ARPA-USDT,0.084789940673961,0.0847989126082109,0.0001
2024-04-13 17:00:00,0.08183,0.08209,0.0778,0.07939,58613810,4686448.29717,46465,28680485,2294102.86189,0.0,ARPA-USDT,0.0817193889053782,0.0816276496555787,
2024-04-13 18:00:00,0.07944,0.08244,0.07817,0.0822,27934183,2238468.82899,25216,14047927,1126237.15401,0.0001216693028347,ARPA-USDT,0.0794908691996863,0.079278881718767,
2024-04-13 19:00:00,0.08218,0.08234,0.07,0.07305,60916170,4621317.84034,38438,28101065,2129703.63622,0.0005478701547732,ARPA-USDT,0.0821365794867504,0.0820119469219671,
2024-04-13 20:00:00,0.0731,0.07405,0.06207,0.06699,158036380,10593876.98608,87628,76880547,5154644.46212,-0.0017881090746536,ARPA-USDT,0.0734421834942906,0.0728127419269832,
2024-04-13 21:00:00,0.067,0.06978,0.06373,0.06961,42698314,2870964.77257,29024,21588575,1451696.63322,0.0002873976145998,ARPA-USDT,0.0674388681969958,0.068079527566537,
2024-04-13 22:00:00,0.06955,0.07383,0.06789,0.0729,42207851,3013018.84109,34075,19579918,1397799.53318,0.0005489980785069,ARPA-USDT,0.0691910673310086,0.0688939821254469,
2024-04-13 23:00:00,0.07291,0.07379,0.07166,0.07186,23238089,1691270.5191,20780,10243656,745508.19736,-0.0002782415136338,ARPA-USDT,0.0727782320335342,0.0729345259891965,
2024-04-14 00:00:00,0.07185,0.07295,0.06872,0.06973,31041799,2198028.39675,26255,16073554,1137571.69917,0.0,ARPA-USDT,0.0715545116659557,0.0718158820353632,
2024-04-14 01:00:00,0.06973,0.07139,0.06855,0.07085,17242022,1204354.49688,16067,8670671,605968.25869,-0.0009870276367738,ARPA-USDT,0.0697017925010917,0.0698762377815508,
2024-04-14 02:00:00,0.07084,0.07206,0.07056,0.07144,20048343,1428498.91754,16095,10192287,725932.99668,-0.0012582133370612,ARPA-USDT,0.0708444767733822,0.0712105423093391,
2024-04-14 03:00:00,0.07148,0.07349,0.06955,0.07207,29177714,2079251.41977,22446,14850485,1058922.48422,0.0,ARPA-USDT,0.0715017557386438,0.071050499142766,
2024-04-14 04:00:00,0.07207,0.07602,0.07178,0.07561,20859016,1545583.44411,20232,10641642,787680.03125,-0.0014527205493924,ARPA-USDT,0.0721388884486321,0.0721281484564534,
2024-04-14 05:00:00,0.07563,0.07681,0.07482,0.07638,17325123,1313575.01486,16224,7686657,583096.90947,-0.0003926187671771,ARPA-USDT,0.0754249048407384,0.0754393141747669,
2024-04-14 06:00:00,0.07638,0.07738,0.07522,0.07732,16298844,1244327.09882,12451,8303384,633933.09771,-0.0014206379956088,ARPA-USDT,0.0763068606831669,0.0759710117794582,
2024-04-14 07:00:00,0.07731,0.07825,0.07667,0.07817,16668683,1290543.45457,14511,7817738,605592.46306,-0.000383631713555,ARPA-USDT,0.0774216411367915,0.0773376235848698,
2024-04-14 08:00:00,0.07817,0.07904,0.07726,0.07765,17862423,1393142.6829,12443,8347722,651336.4805599999,-0.0007721014026509,ARPA-USDT,0.0778342404939597,0.0777101576527554,
2024-04-14 09:00:00,0.07763,0.0781,0.07653,0.07695,13702926,1058333.68997,12035,6495256,501684.17167,-0.0009088548428979,ARPA-USDT,0.0776981339865707,0.0777121192550446,
2024-04-14 10:00:00,0.07695,0.07775,0.07662,0.07707,9268107,715708.02486,8531,5153958,398049.72343,-0.0007779074290159,ARPA-USDT,0.0770586294164882,0.0772146806014795,
2024-04-14 11:00:00,0.07708,0.07728,0.07383,0.07408,18927922,1422145.86717,15192,8941347,672246.02249,-0.0006744907594766,ARPA-USDT,0.0771338967751831,0.076857320213968,
2024-04-14 12:00:00,0.07408,0.07663,0.07404,0.07571,16841059,1268152.47833,14256,8974105,675469.56517,-0.0009237265769331,ARPA-USDT,0.0741591791575308,0.0747432795006066,
2024-04-14 13:00:00,0.0757,0.07644,0.07387,0.07387,14888010,1120790.86801,14268,7586556,571692.48619,0.0002708192281652,ARPA-USDT,0.0758202191898742,0.0754708556145129,
2024-04-14 14:00:00,0.07389,0.07552,0.07228,0.07393,28863634,2130664.73415,21060,13849369,1023201.1103,-0.0016205266711682,ARPA-USDT,0.0738491651658943,0.0736175503525876,
2024-04-14 15:00:00,0.07392,0.07535,0.07296,0.07341,18196214,1345672.48305,16010,9557475,706828.90941,-0.0004084967320261,ARPA-USDT,0.0740152711709033,0.0740956809985302,
2024-04-14 16:00:00,0.07341,0.07615,0.07299,0.07412,15511753,1159793.91672,14321,8002085,598407.18248,-0.0006741270055277,ARPA-USDT,0.0732168271202882,0.073616769847412,
2024-04-14 17:00:00,0.07412,0.07498,0.06969,0.07277,63823931,4602393.46187,39343,32270363,2327964.53169,-0.0004120879120879,ARPA-USDT,0.0742122407668954,0.074216182236881,
2024-04-14 18:00:00,0.07274,0.07487,0.0722,0.07429,26699065,1973064.93446,18400,13555187,1001888.0357,-0.0009413663259817,ARPA-USDT,0.0728696094240107,0.072749095436378,
2024-04-14 19:00:00,0.07431,0.07477,0.07279,0.07306,16941160,1244861.15167,11990,8413221,618086.72897,-0.0001368550704803,ARPA-USDT,0.074542092793165,0.0742563212421712,
2024-04-14 20:00:00,0.07306,0.07395,0.07135,0.07163,18435563,1339626.01141,12381,9192208,667781.37748,-0.0002791346824844,ARPA-USDT,0.07293067543875,0.0733081839113974,
2024-04-14 21:00:00,0.07163,0.07191,0.07028,0.07128,13161357,936768.38063,8735,7218910,513841.65094,-0.0005608524957936,ARPA-USDT,0.0715904959300152,0.0715555278763254,
2024-04-14 22:00:00,0.07129,0.07819,0.07126,0.07757,29993788,2276007.04723,22470,15186716,1150218.09635,-0.0003865979381443,ARPA-USDT,0.0716931250452452,0.0722590830303685,
2024-04-14 23:00:00,0.07761,0.07814,0.07678,0.07705,11135141,862063.47945,10727,4868887,377012.30066,-0.0022015022015022,ARPA-USDT,0.077460561793082,0.0775512177956737,
2024-04-15 00:00:00,0.07702,0.07703,0.07481,0.07511,13269309,1006071.69355,12604,5805967,440206.51147,-0.0005322687957418,ARPA-USDT,0.0765991090846573,0.0765061453312007,-2.089e-05
2024-04-15 01:00:00,0.07511,0.07595,0.07394,0.07556,10274914,769622.39155,10217,5059529,379104.86503,-0.0011896893588895,ARPA-USDT,0.074856082848105,0.0748039185007811,
2024-04-15 02:00:00,0.07558,0.07558,0.0738,0.07436,10500715,782539.93007,7997,6281065,467911.38515,-0.0006719526945304,ARPA-USDT,0.0753877065851705,0.0752870531590099,
2024-04-15 03:00:00,0.07436,0.07522,0.07397,0.07459,9683353,721841.92616,7358,3516945,262310.8556,-0.0002680605816913,ARPA-USDT,0.0743866688932025,0.0743783780948654,
2024-04-15 04:00:00,0.07462,0.07493,0.07323,0.07406,11940931,882204.94996,8037,6792519,501636.80019,-0.0005398110661268,ARPA-USDT,0.074631897254188,0.0746725275477515,
2024-04-15 05:00:00,0.07408,0.07684,0.07408,0.07667,9398155,709535.06619,8750,4596062,347078.29141,-0.0013025921583952,ARPA-USDT,0.0741443104318266,0.0743437942439037,
2024-04-15 06:00:00,0.07666,0.08048,0.07621,0.08023,28055054,2214753.29212,20000,13099524,1034144.75691,-0.0001246261216352,ARPA-USDT,0.0767016026915537,0.0765433191517304,
2024-04-15 07:00:00,0.08018,0.08098,0.07937,0.08027,18850796,1513723.32831,14117,8390575,674668.61123,0.0,ARPA-USDT,0.0802594099264779,0.0800473143913298,
2024-04-15 08:00:00,0.08026,0.08091,0.07928,0.07964,10995669,880449.22151,10525,4857413,389024.16692,-0.0006274312962729,ARPA-USDT,0.0801815444142041,0.0803015765433754,0.0001
2024-04-15 09:00:00,0.07966,0.08026,0.07861,0.07945,11265365,893889.59263,8869,4868712,386676.86478,0.0001258811681774,ARPA-USDT,0.0796819116770076,0.0793075747850935,
2024-04-15 10:00:00,0.07945,0.08072,0.07908,0.08026,7081068,565583.02897,6447,3745523,299042.81511,-0.0011200995644058,ARPA-USDT,0.0793376682882978,0.0793480596961835,
2024-04-15 11:00:00,0.08028,0.08082,0.07841,0.0787,9489803,753819.03347,8472,4593096,364970.85169,-0.000508001016002,ARPA-USDT,0.0803572358280719,0.0804095036088131,
2024-04-15 12:00:00,0.0787,0.07966,0.07809,0.07932,9470374,747054.24882,8245,4622323,364927.37043,-0.0013848671786478,ARPA-USDT,0.078755360782424,0.078949674850849,
2024-04-15 13:00:00,0.07933,0.08029,0.07813,0.07837,10887986,863532.84651,10573,4988751,395610.37508,-0.0005101390128809,ARPA-USDT,0.0794268812133571,0.0792860259571942,
2024-04-15 14:00:00,0.07837,0.07936,0.07617,0.07632,26460478,2055802.71107,24351,13876468,1078296.86042,-0.0001310100877767,ARPA-USDT,0.0784118722886632,0.0785317382993837,
2024-04-15 15:00:00,0.07633,0.07759,0.07555,0.07682,19233932,1473474.55515,19732,9229188,707082.25181,0.0,ARPA-USDT,0.0761273068845322,0.0762537622466481,
2024-04-15 16:00:00,0.07683,0.07717,0.07441,0.07468,20905180,1580548.3226,17937,10370881,784016.6926,-0.0012036913200482,ARPA-USDT,0.0766906430584388,0.076780511254746,3.547e-05
2024-04-15 17:00:00,0.07468,0.07589,0.07183,0.07277,26574221,1951411.77183,22954,12863538,945883.48225,-0.0005493750858398,ARPA-USDT,0.0745681209854098,0.0748045326433929,
2024-04-15 18:00:00,0.07275,0.07353,0.07023,0.07029,21091113,1511108.47393,17689,10636769,761441.00365,-0.0007108330963888,ARPA-USDT,0.0729545403654396,0.0730701921465353,
2024-04-15 19:00:00,0.0703,0.07283,0.06848,0.07185,33004163,2327906.09262,21826,16271134,1150129.47296,-0.0006954102920724,ARPA-USDT,0.0699458683949789,0.069632051108797,
2024-04-15 20:00:00,0.07186,0.07301,0.06972,0.07001,18476386,1317552.99138,13069,9723944,695339.88216,-0.000428326670474,ARPA-USDT,0.07191699586446,0.0721425564384486,
2024-04-15 21:00:00,0.07003,0.07115,0.06931,0.07104,9659798,677197.45539,7421,4743481,332434.80758,-0.0007033338022224,ARPA-USDT,0.07004162938861,0.070300477969505,
2024-04-15 22:00:00,0.07105,0.07206,0.07024,0.072,8221754,584890.15421,6280,4993057,355153.74134,-0.0006939625260237,ARPA-USDT,0.0710163774256188,0.0707869418148713,
2024-04-15 23:00:00,0.072,0.07203,0.07086,0.0714,8829923,630501.49765,6169,4242169,302755.90179,-0.0005599104143336,ARPA-USDT,0.0719475881225076,0.0718204904184671,
2024-04-16 00:00:00,0.0714,0.07179,0.06933,0.06989,11716738,826488.35343,9824,5659627,398841.05198,-0.0008577555396712,ARPA-USDT,0.0712864853223465,0.0710866425315275,0.0001
2024-04-16 01:00:00,0.06989,0.07223,0.06946,0.07044,10267452,729713.37372,9462,5111794,362815.16097,-0.0017006802721087,ARPA-USDT,0.0698558403009566,0.0696864036438821,
2024-04-16 02:00:00,0.07043,0.07128,0.06954,0.0709,8647635,608351.71348,7583,4058259,285520.31541,-0.0012677841949569,ARPA-USDT,0.0704648615029781,0.0702873925830624,
2024-04-16 03:00:00,0.07089,0.07157,0.06895,0.06973,11045040,775828.78486,9147,5422415,380785.75455,-0.0005733123118818,ARPA-USDT,0.0707175112742009,0.0710942945612928,
2024-04-16 04:00:00,0.06975,0.07045,0.06761,0.06888,20199277,1394145.81405,15448,9817808,677739.5419,-0.0002902757619739,ARPA-USDT,0.0698730243341969,0.0699126007775965,
2024-04-16 05:00:00,0.06888,0.07088,0.06849,0.07036,7726291,539241.02498,7358,3941811,274977.25876,-0.0011357183418512,ARPA-USDT,0.0687165524738557,0.0687694852370274,
2024-04-16 06:00:00,0.07035,0.07203,0.07015,0.07174,8280764,588552.68352,7320,4026670,286234.42887,-0.0008356545961003,ARPA-USDT,0.0703326419464745,0.0706487643102152,
2024-04-16 07:00:00,0.07176,0.07304,0.07156,0.07226,10210489,737526.26787,8317,4574092,330605.8054,-0.0005532503457814,ARPA-USDT,0.0716313715892613,0.0717317888471086,
2024-04-16 08:00:00,0.07226,0.07233,0.07143,0.07178,6598276,474474.51006,5576,3090802,222280.53419,-0.0008351893095769,ARPA-USDT,0.0721177758682618,0.0720859128995265,0.0001
2024-04-16 09:00:00,0.07176,0.07247,0.07139,0.07159,7208296,518294.25232,6073,3834654,275699.90837,-0.0005584252408208,ARPA-USDT,0.0717857935210831,0.0719953589967355,
2024-04-16 10:00:00,0.07161,0.0717,0.06866,0.07101,25134864,1760630.29864,16591,12379398,866679.46841,-0.0004222972972973,ARPA-USDT,0.0715149963873537,0.0715710014229743,
2024-04-16 11:00:00,0.071,0.07198,0.07012,0.0716,10021316,712596.77257,8757,5217764,371133.03375,-0.0004188189306156,ARPA-USDT,0.0709661266519419,0.0710936133558026,
2024-04-16 12:00:00,0.0716,0.07161,0.06972,0.06989,7367841,520345.62935,7023,3957770,279613.15346,-0.0001430615164522,ARPA-USDT,0.0715017824304913,0.0712901306483462,
2024-04-16 13:00:00,0.0699,0.0701,0.06791,0.06923,14636368,1010498.96183,11894,7207224,497637.95925,-0.0008659258190215,ARPA-USDT,0.0699270381307445,0.0696029379807757,
2024-04-16 14:00:00,0.06924,0.07054,0.06807,0.0683,13670919,944924.45707,10804,6624078,457919.08226,-0.0008777062609713,ARPA-USDT,0.069313822913151,0.0691173770938101,
2024-04-16 15:00:00,0.06831,0.06892,0.06665,0.06681,18633387,1260123.29827,13664,8390081,568123.88378,-0.0010466507177033,ARPA-USDT,0.0682724880894684,0.0682020877056703,
2024-04-16 16:00:00,0.06683,0.06931,0.06611,0.06925,19199976,1289688.53039,13046,9306193,625559.29719,-0.0008656759486364,ARPA-USDT,0.0667283966643429,0.0669433910876962,-4.08e-05
2024-04-16 17:00:00,0.06926,0.07103,0.06872,0.06958,33048398,2310687.91845,16640,15977761,1118738.61654,-0.0008615738081561,ARPA-USDT,0.0691317608550795,0.0689717459012203,
2024-04-16 18:00:00,0.06957,0.07053,0.06836,0.07052,22128112,1538611.46628,12786,10692824,745192.75829,-0.0008500991782375,ARPA-USDT,0.0695672577754622,0.069450805944531,
2024-04-16 19:00:00,0.07052,0.07082,0.069,0.06925,13622907,951742.43846,9281,6820358,476221.81387,-0.0004330254041569,ARPA-USDT,0.0704953783511357,0.0703592722140733,
2024-04-16 20:00:00,0.06926,0.07035,0.06906,0.07025,11807722,825501.21681,6830,7525600,526482.86523,-0.0007112375533427,ARPA-USDT,0.0691964343312062,0.0694432718008872,
2024-04-16 21:00:00,0.07025,0.07198,0.0701,0.07132,10811067,770955.76435,7076,5068187,361250.00302,-0.0011204481792718,ARPA-USDT,0.0701980696887563,0.0702240794396183,
2024-04-16 22:00:00,0.07133,0.07168,0.07108,0.07155,6963602,496898.442,4969,3668225,261786.46249,-0.0001397428731134,ARPA-USDT,0.0714590342091808,0.0714168912357361,
2024-04-16 23:00:00,0.07153,0.07155,0.07081,0.07101,6226496,443440.64229,4412,3099089,220601.27308,-0.0005629838142152,ARPA-USDT,0.0714609510758468,0.0713587100281467,
2024-04-17 00:00:00,0.071,0.07132,0.06994,0.0707,7766407,548002.30313,6237,3320307,234131.31139,-0.0004241481690937,ARPA-USDT,0.0709407212305497,0.0707348367561126,3.202e-05
2024-04-17 01:00:00,0.07071,0.07076,0.06949,0.07047,6602674,462820.17637,5954,3515061,246335.84252,-0.0012755102040815,ARPA-USDT,0.0705301154646009,0.0704358897603431,
2024-04-17 02:00:00,0.07044,0.07075,0.06909,0.0699,5737982,400576.98666,5818,3205278,223831.73143,-0.0007147962830592,ARPA-USDT,0.0703375234694628,0.0704404537742519,
2024-04-17 03:00:00,0.0699,0.07061,0.06955,0.06999,5351645,375282.50748,4596,2717857,190636.22981,-0.0004284490145672,ARPA-USDT,0.0699278200081736,0.0700710817742402,
2024-04-17 04:00:00,0.06997,0.0715,0.06951,0.07124,7722672,544195.77551,6763,4168986,293808.90423,-0.0008415147265077,ARPA-USDT,0.0699663338863704,0.0699356079443775,
2024-04-17 05:00:00,0.07121,0.07139,0.06962,0.07002,7305325,515592.28728,5746,3432677,242274.80849,-0.0015685156138599,ARPA-USDT,0.0711520057446995,0.0711605220125955,
2024-04-17 06:00:00,0.07001,0.07058,0.06951,0.06999,6473156,452597.81264,5439,3696969,258561.52654,-0.0007138777841234,ARPA-USDT,0.069990632063537,0.0698317011558878,
2024-04-17 07:00:00,0.06998,0.07035,0.06937,0.06994,11726318,819260.18665,7613,5960383,416603.05589,-0.0005715918833952,ARPA-USDT,0.0699597178105862,0.0700972855975457,
2024-04-17 08:00:00,0.06993,0.07045,0.06908,0.06941,6260948,436968.31578,4981,3349558,233736.77382,-0.0004320276497695,ARPA-USDT,0.0701047762276807,0.0702146217715542,-5.483e-05
2024-04-17 09:00:00,0.0694,0.06989,0.06909,0.06936,5004177,348020.0543,4317,2775978,193111.60121,0.0,ARPA-USDT,0.0693843924975336,0.0695683325978567,
2024-04-17 10:00:00,0.06938,0.0695,0.06832,0.06838,8623131,593176.68611,6148,4770581,328160.93981,-0.0002923976608187,ARPA-USDT,0.0694331367203753,0.0692367159631872,
2024-04-17 11:00:00,0.06839,0.06892,0.06738,0.06743,7134896,485799.7955,5244,3289587,224219.34698,-0.0007409602845286,ARPA-USDT,0.0684262141756687,0.0684428386798215,
2024-04-17 12:00:00,0.06748,0.06768,0.06647,0.06706,9983526,669688.0377,7302,4793654,321619.60136000003,-0.0002981514609422,ARPA-USDT,0.0675333570560925,0.067521184810946,
2024-04-17 13:00:00,0.06707,0.06904,0.06704,0.06775,10904054,741187.7447,8699,6432710,437313.48393,-0.0005900575306092,ARPA-USDT,0.0671968783555885,0.067438835592147,
2024-04-17 14:00:00,0.06775,0.06807,0.0656,0.06761,23663716,1576691.10304,17651,11359634,757533.19528,0.0002959017606156,ARPA-USDT,0.0676712412501199,0.0675440694759101,
2024-04-17 15:00:00,0.0676,0.06788,0.06558,0.06634,15060521,1000750.74465,14284,6976338,463787.94858,-0.0009036144578313,ARPA-USDT,0.0675582863900115,0.0672710440733702,
2024-04-17 16:00:00,0.06636,0.06782,0.06548,0.06662,16406774,1096023.59394,12782,8765110,585790.60071,-0.0013491230700045,ARPA-USDT,0.0663840582641156,0.066458968799672,-2.413e-05
2024-04-17 17:00:00,0.06661,0.06839,0.06623,0.06819,10201465,684807.30129,7905,5399750,362629.01112,-0.0005862523816503,ARPA-USDT,0.0666135039015053,0.0668303552327215,
2024-04-17 18:00:00,0.06822,0.07055,0.06791,0.06923,15020870,1045311.97146,11538,7122354,495377.72655,-0.0007217090069283,ARPA-USDT,0.0681407713953766,0.0683786610964356,
2024-04-17 19:00:00,0.06925,0.06935,0.06774,0.06862,6587086,451235.75846,6375,3531850,241842.29691,-0.0002913752913753,ARPA-USDT,0.0691924357469653,0.0689850926922961,
2024-04-17 20:00:00,0.06861,0.06905,0.0675,0.06759,12635971,863502.23506,9338,6713279,458499.41857,-0.0001479289940827,ARPA-USDT,0.0686783936236738,0.0688533912621233,
2024-04-17 21:00:00,0.0676,0.06981,0.0676,0.06891,9322386,642121.6294,6169,4837907,333225.107,-0.0007250580046402,ARPA-USDT,0.0677859148475223,0.0678624852013783,
2024-04-17 22:00:00,0.06891,0.06916,0.06842,0.0688,5827647,400597.43202,4733,2903218,199582.44828,-0.0014513788098694,ARPA-USDT,0.0688752269190941,0.0686526574476903,
2024-04-17 23:00:00,0.06881,0.06915,0.0681,0.06824,5311446,363262.39578,5205,2832835,193784.67627,0.0002931691586043,ARPA-USDT,0.0687888181160015,0.0686586585966,
2024-04-18 00:00:00,0.06823,0.06877,0.0661,0.06805,14459646,973705.17165,12490,6167741,414919.78932,0.0001469723691944,ARPA-USDT,0.0682113499709133,0.0682931886889434,-8.425e-05
2024-04-18 01:00:00,0.06806,0.06961,0.06796,0.06912,7661961,527944.40988,8397,3968073,273517.14042,0.0011587485515642,ARPA-USDT,0.0680729640667695,0.06836232933331,
2024-04-18 02:00:00,0.06912,0.06932,0.06783,0.06868,5102706,349535.19457,5267,2235413,153167.32067,0.0013121446274968,ARPA-USDT,0.0689560528319375,0.0690862469299108,
2024-04-18 03:00:00,0.0687,0.06981,0.06865,0.06901,5927953,410632.86984,6068,2787426,193066.68371,-0.0008686839438252,ARPA-USDT,0.0688018961381682,0.0689920973098325,
2024-04-18 04:00:00,0.06901,0.06938,0.06853,0.0686,3955426,272676.55168,4444,1552018,107026.61107,-0.0002914602156806,ARPA-USDT,0.0690095331675494,0.0690890227529782,
2024-04-18 05:00:00,0.0686,0.06924,0.06806,0.06819,5294567,363138.56367,5279,2572508,176466.88822,-0.0004397537379068,ARPA-USDT,0.0686627127478946,0.0686670124995542,
2024-04-18 06:00:00,0.06818,0.06847,0.06655,0.06734,6846408,460968.32404,5747,3598209,242426.51046,0.0008917954815694,ARPA-USDT,0.0682742892753533,0.0682448543756722,
2024-04-18 07:00:00,0.0673,0.06787,0.06649,0.06691,8860045,594100.60185,7328,3897575,261173.88304,-0.0005974607916354,ARPA-USDT,0.0672219965279828,0.0670800489357943,
2024-04-18 08:00:00,0.06692,0.06787,0.06607,0.06759,12831971,860755.95245,9634,6410677,430332.83441,-0.0013297872340426,ARPA-USDT,0.0669663683093569,0.067037312327285,-3.164e-05
2024-04-18 09:00:00,0.06758,0.0682,0.06717,0.06781,5353704,362449.86842,4925,2636800,178521.92891,-0.0007368110816388,ARPA-USDT,0.0676256877683158,0.0678462457856242,
2024-04-18 10:00:00,0.06782,0.06791,0.06731,0.06768,3646228,246277.73978,3761,1811773,122366.3443,-0.0008857395925596,ARPA-USDT,0.0677818977951377,0.067628230797225,
2024-04-18 11:00:00,0.06765,0.07006,0.06764,0.06906,13713732,950238.43097,9200,7146696,495115.42395,-0.0020231213872832,ARPA-USDT,0.0677312344837768,0.0679904646513495,
2024-04-18 12:00:00,0.06905,0.06926,0.06738,0.06809,8026295,547468.90286,6621,3735938,254737.4451,0.000146886016451,ARPA-USDT,0.0691240864905619,0.0691062333043,
2024-04-18 13:00:00,0.06809,0.069,0.06765,0.06885,9915932,677570.52359,8422,4663634,318773.29199,-0.0007256894049347,ARPA-USDT,0.0681059615904265,0.0679998901074487,
2024-04-18 14:00:00,0.06889,0.07099,0.06834,0.07079,14672938,1029050.4535,11357,7281520,510666.54191,-0.0011288274305064,ARPA-USDT,0.0688793814423573,0.0686239138076334,
2024-04-18 15:00:00,0.07081,0.07129,0.0701,0.07068,8960550,632954.40122,6558,4238290,299408.45056,0.0005662514156286,ARPA-USDT,0.0709827423736341,0.0708356340713815,
2024-04-18 16:00:00,0.07068,0.07119,0.06998,0.07019,6877626,485116.9887,6490,2808098,198139.03296,0.000142490738102,ARPA-USDT,0.0706905962285339,0.0706584595079048,7.668e-05
2024-04-18 17:00:00,0.0702,0.0703,0.0687,0.06883,6911922,479982.5803,5920,3241758,225143.02967,-0.0011609345523145,ARPA-USDT,0.0701469669896534,0.0701279523418775,
2024-04-18 18:00:00,0.06882,0.06962,0.06834,0.0693,6842045,472185.97806,6238,3336463,230185.03897,-0.0002885170225044,ARPA-USDT,0.0688970969019439,0.0689879293554227,
2024-04-18 19:00:00,0.06929,0.0703,0.06924,0.07019,5376424,375361.97382,5136,3028509,211370.98271,-0.0008540925266904,ARPA-USDT,0.0693118614580521,0.0695229469715972,
2024-04-18 20:00:00,0.0702,0.07045,0.06988,0.07043,4245975,298138.72397,4332,2322517,163154.55833,0.0,ARPA-USDT,0.0701952066753575,0.0701041141225409,
2024-04-18 21:00:00,0.07043,0.07082,0.07009,0.07037,3369134,237401.58667,3032,1450125,102131.30843,-0.0009937535491197,ARPA-USDT,0.0703722353760445,0.0704333414292579,
2024-04-18 22:00:00,0.07036,0.07089,0.06996,0.07047,4614420,324619.40618,3736,1942060,136800.15705,-0.0002837281883953,ARPA-USDT,0.0703686929229609,0.0704015432263776,
2024-04-18 23:00:00,0.07047,0.07058,0.07011,0.07032,3445447,242229.28539,3352,1643948,115567.71818,0.0001422272791919,ARPA-USDT,0.0704708311332935,0.0703712389873287,
2024-04-19 00:00:00,0.0703,0.07033,0.06935,0.06943,6836590,477984.56519,6509,2950686,206398.98122,0.0004322766570605,ARPA-USDT,0.0702720681378938,0.0701834902708767,3.82e-05
2024-04-19 01:00:00,0.06944,0.06945,0.06631,0.06676,16934086,1144438.13199,12850,7638294,516592.14257,-0.0002994908655287,ARPA-USDT,0.0693684217818456,0.0692982067850249,
2024-04-19 02:00:00,0.06674,0.06707,0.06402,0.06587,35481130,2313691.68564,23678,16116855,1050606.28806,-0.0001517911353976,ARPA-USDT,0.0664443738570252,0.0667416234578192,
2024-04-19 03:00:00,0.06588,0.06797,0.06567,0.06737,14646763,981601.93011,11414,7358419,493066.43094,-0.0008898116565327,ARPA-USDT,0.0658832349691122,0.0661385957219352,
2024-04-19 04:00:00,0.06738,0.06909,0.06724,0.06831,9113884,622733.34088,7258,4394108,300256.83131,-0.0011697616610617,ARPA-USDT,0.067323061129204,0.0675975390081901,
2024-04-19 05:00:00,0.06829,0.06853,0.06716,0.06761,7688409,521601.46012,6387,3748688,254237.41104,-0.0004435245416913,ARPA-USDT,0.0683569310329917,0.0682710603676416,
2024-04-19 06:00:00,0.06762,0.07129,0.06707,0.07098,16168879,1119467.0025,11480,8677563,600389.81265,-0.0007039279177811,ARPA-USDT,0.0674111533743554,0.0673149686765515,
2024-04-19 07:00:00,0.07098,0.07175,0.07001,0.07041,13488823,954410.10469,10377,6968998,492946.75475,-0.0014182385477237,ARPA-USDT,0.0712558961415454,0.0713869577188124,
2024-04-19 08:00:00,0.0704,0.07167,0.07022,0.0715,12018519,851682.5629,8673,5555301,393889.35331,0.0005597537083683,ARPA-USDT,0.070309552698776,0.0704047296995991,9.577e-05
2024-04-19 09:00:00,0.07145,0.07178,0.07089,0.07155,8283637,591290.35629,6874,4363904,311483.10098,-0.0005587372538063,ARPA-USDT,0.0714581628691446,0.0714494240647552,
2024-04-19 10:00:00,0.07155,0.07192,0.07105,0.07159,6188523,442267.09122,5772,3182669,227529.3412,0.0,ARPA-USDT,0.0716191637533472,0.0716450858776392,
2024-04-19 11:00:00,0.07157,0.07254,0.07143,0.07175,14293300,1027783.95669,8913,7956828,572364.34552,-0.0012527839643653,ARPA-USDT,0.071511768240745,0.071541955710777,
2024-04-19 12:00:00,0.07175,0.07258,0.0715,0.07167,8019902,577940.503,6524,3876256,279319.95749,-0.0006971556051311,ARPA-USDT,0.0718287342941745,0.0719007471155075,
2024-04-19 13:00:00,0.07165,0.07215,0.07093,0.0719,12930497,924910.19643,8389,6111611,437298.19059,-0.0001390627172854,ARPA-USDT,0.071832413843549,0.0716634074836424,
2024-04-19 14:00:00,0.0719,0.0724,0.07064,0.07163,12251785,876799.97685,9436,5965386,426845.85717,0.0001396258028483,ARPA-USDT,0.071934213539818,0.0718935093851329,
2024-04-19 15:00:00,0.07165,0.07231,0.07156,0.07194,5575350,400947.64756,5478,2794835,201038.34526,-0.0001389854065322,ARPA-USDT,0.0716662868654036,0.0716844540123283,
2024-04-19 16:00:00,0.07194,0.07275,0.07066,0.07212,25366966,1825799.32885,13266,15016052,1081505.21565,-0.0006928086462518,ARPA-USDT,0.0719708992220546,0.0720112612059458,0.0001
2024-04-19 17:00:00,0.0721,0.07281,0.07168,0.07248,14717977,1061248.7948,8929,6832300,492900.39858,-0.0013777900248002,ARPA-USDT,0.0721150782682918,0.0721354890771656,
2024-04-19 18:00:00,0.07247,0.07253,0.07152,0.0717,6704515,482516.76614,5117,3549138,255429.82408,-0.0009753378849101,ARPA-USDT,0.0723715517064983,0.0722161678757797,
2024-04-19 19:00:00,0.07169,0.07202,0.07146,0.07184,5106739,366429.35897,4656,2772162,198935.84939,-0.0004174203422847,ARPA-USDT,0.0716472686434477,0.0717480000945669,
2024-04-19 20:00:00,0.07185,0.07189,0.0705,0.07094,7029670,500108.2141,5969,3375515,240229.64742,-0.0001409443269907,ARPA-USDT,0.071796316089613,0.0717131736542997,
2024-04-19 21:00:00,0.07095,0.07143,0.07092,0.07135,4677352,333196.78693,3636,2561988,182498.25831,0.0002803869339687,ARPA-USDT,0.0710379519293309,0.071148005160439,
2024-04-19 22:00:00,0.07141,0.07157,0.07047,0.07048,5192478,368997.10804,4111,2735734,194443.28159,-0.0009922041105598,ARPA-USDT,0.0713529618968568,0.0712851752750586,
2024-04-19 23:00:00,0.07048,0.07067,0.06885,0.06999,20069826,1398571.57614,11868,9447412,658315.56268,-0.0009991435912075,ARPA-USDT,0.0704840487546109,0.0698898099079368,
2024-04-20 00:00:00,0.07,0.07069,0.06928,0.06959,10673387,747566.58853,8851,5398646,378066.53357,-0.0012916188289323,ARPA-USDT,0.0700292146903998,0.0700159674763742,-1.703e-05
2024-04-20 01:00:00,0.06958,0.07071,0.06905,0.07039,8520377,595393.49323,6580,4193862,293028.74052,-0.00113523485171,ARPA-USDT,0.0695185551073143,0.0693892163782013,
2024-04-20 02:00:00,0.07039,0.07129,0.07017,0.07082,8529105,603649.87079,5710,4521640,320127.26466,-0.0008465011286682,ARPA-USDT,0.0703347349635479,0.0703726688591152,
2024-04-20 03:00:00,0.07082,0.071,0.07041,0.07082,3687510,260428.53459,3570,2182864,154174.13404,-0.000423429781228,ARPA-USDT,0.0708418604924694,0.0707391575823866,
2024-04-20 04:00:00,0.07081,0.0715,0.0706,0.07141,3376561,240257.02382,3273,1742361,123977.65497,-0.0005598320503849,ARPA-USDT,0.0707382242059832,0.0708421240165741,
2024-04-20 05:00:00,0.07141,0.0719,0.07115,0.07172,7352689,525756.41592,4818,2712250,193875.3239,-0.0008358874338254,ARPA-USDT,0.0714138088276884,0.071409933391974,
2024-04-20 06:00:00,0.07172,0.07244,0.07146,0.07199,5732372,412454.94447,4385,2015235,144949.55308,-0.0009714127116292,ARPA-USDT,0.071619600172791,0.0715634546767898,
2024-04-20 07:00:00,0.072,0.07214,0.07173,0.07188,3514248,252600.12739,3826,1963473,141132.74592,-0.0001391014049241,ARPA-USDT,0.0719578296841892,0.0719896991478296,
2024-04-20 08:00:00,0.07189,0.07194,0.07116,0.07126,5272464,377214.88196,4263,2457068,175859.99642,-0.0004208163837845,ARPA-USDT,0.0718776492147316,0.0718392692069893,0.0001
2024-04-20 09:00:00,0.07128,0.07142,0.07034,0.07093,4271828,302640.70576,3972,2207607,156417.38396,-0.0007044237813468,ARPA-USDT,0.0713542735839984,0.0711363384143567,
2024-04-20 10:00:00,0.07094,0.07136,0.07067,0.07093,8319212,590470.73242,5216,3822486,271325.66528,-0.0004227733934609,ARPA-USDT,0.0710463304263841,0.0711317048226846,
2024-04-20 11:00:00,0.07093,0.0714,0.0707,0.071,6290714,446955.81562,4620,3468293,246418.68345,-0.0009849444209933,ARPA-USDT,0.0708864080212924,0.070909098642318,
2024-04-20 12:00:00,0.07101,0.07194,0.07085,0.0717,7358539,525662.7529,4792,3694095,263824.48529,-0.0005575689991635,ARPA-USDT,0.0710011832041388,0.0710712884224705,
2024-04-20 13:00:00,0.07167,0.07248,0.07167,0.07206,8249051,594574.32795,4972,4645166,334772.40215,-0.0002774694783574,ARPA-USDT,0.0717339662524277,0.071881323865947,
2024-04-20 14:00:00,0.07204,0.07258,0.07183,0.0723,4915075,354519.73826,4052,2410718,173894.3048,-0.0008291873963514,ARPA-USDT,0.072069606383134,0.0721461522620521,
2024-04-20 15:00:00,0.0723,0.07384,0.07189,0.07366,7177633,524239.07241,5563,2913872,212543.74967,0.0001357773251868,ARPA-USDT,0.0722981018798127,0.0722621808114757,
2024-04-20 16:00:00,0.07365,0.07555,0.0732,0.07469,30081494,2242439.25255,14271,16390615,1222149.98298,-0.0012035303557099,ARPA-USDT,0.0737694013596518,0.0737253436009406,-6.351e-05
2024-04-20 17:00:00,0.07469,0.07606,0.07463,0.0759,14334969,1080613.96963,9096,7992156,602508.77792,-0.000658327847268,ARPA-USDT,0.07473822133302,0.0748159102261891,
2024-04-20 18:00:00,0.07591,0.07705,0.07515,0.07593,23590081,1796559.75793,14772,11313591,861083.4615,-0.0005265236277477,ARPA-USDT,0.0759910013515065,0.0760508762013918,
2024-04-20 19:00:00,0.07594,0.07629,0.07536,0.07618,6371875,483395.18666,5678,3199221,242722.38071,-0.0007869884575026,ARPA-USDT,0.0759495424951991,0.0758963335977939,
2024-04-20 20:00:00,0.07619,0.0766,0.07587,0.07629,4881154,372231.02123,4885,2488766,189724.56884,-0.0009167103195389,ARPA-USDT,0.0762361063226978,0.0763112467374199,
2024-04-20 21:00:00,0.07627,0.07647,0.07565,0.07597,3553708,270045.14704,3431,1646064,125068.45232,0.0003950487226758,ARPA-USDT,0.0762774324164944,0.0762270174085444,
2024-04-20 22:00:00,0.07594,0.07616,0.07551,0.07565,4129339,313008.88138,3873,1809516,137197.70217,-0.0011882756799578,ARPA-USDT,0.0759223629770235,0.0758397984370138,
2024-04-20 23:00:00,0.07566,0.07655,0.07565,0.07647,3581325,273011.14843,3759,1775317,135324.16932000002,-0.0005228074761468,ARPA-USDT,0.0756872363322226,0.0757224224632516,
2024-04-21 00:00:00,0.07645,0.07645,0.07505,0.07579,10532048,796369.83141,7257,4629193,349825.00394,0.0,ARPA-USDT,0.0763483535625508,0.0760199151636664,7.96e-06
2024-04-21 01:00:00,0.07579,0.07673,0.07569,0.07609,9581728,730364.98512,5682,4125872,314475.07929,-0.0009191176470588,ARPA-USDT,0.0757336267245035,0.0758427940769277,
2024-04-21 02:00:00,0.07609,0.07696,0.07598,0.07655,3597803,274761.56113,3561,1547747,118267.89049,0.0,ARPA-USDT,0.0760901048173714,0.0760689698139543,
2024-04-21 03:00:00,0.07657,0.07694,0.07579,0.07605,3306843,252414.4295,4212,1554539,118639.20498,-0.0015754233950373,ARPA-USDT,0.0765107416238689,0.0764767758433712,
2024-04-21 04:00:00,0.07603,0.07623,0.07552,0.07602,5183564,393203.30045,3822,2199602,166927.59157,-0.0006572893387668,ARPA-USDT,0.0760605391991764,0.0759833712097277,
2024-04-21 05:00:00,0.07603,0.07638,0.07553,0.07576,3431358,260770.20593,3441,1842339,140024.07714,-0.0005277044854883,ARPA-USDT,0.076101252361381,0.0761400721782132,
2024-04-21 06:00:00,0.07577,0.07615,0.0755,0.07573,4396391,333326.56328,4053,2090811,158542.91258,-0.0005279134221987,ARPA-USDT,0.0757525032418868,0.0757171507396267,
2024-04-21 07:00:00,0.07574,0.07612,0.07531,0.07604,5313888,402636.72658,4358,2635530,199710.39688,-0.0003943736032602,ARPA-USDT,0.0758300407980895,0.0759317089830008,
2024-04-21 08:00:00,0.07605,0.0765,0.07577,0.07583,4641751,353456.57954,4060,2556245,194652.08972,-0.0010538795942565,ARPA-USDT,0.076107199524875,0.0760988233507321,0.0001
2024-04-21 09:00:00,0.07585,0.07593,0.07535,0.07564,4714631,356736.18411000003,4451,2144950,162257.51784,0.0,ARPA-USDT,0.0758789136768082,0.07583928218375,
2024-04-21 10:00:00,0.07563,0.07591,0.07517,0.07574,4511453,340640.01689,3526,2087496,157667.19287,-0.0005278437582475,ARPA-USDT,0.0756093591890437,0.0756097592581899,
2024-04-21 11:00:00,0.07575,0.07643,0.07553,0.07577,4666967,354607.82527,3916,2355198,179083.01821,0.0002640264026403,ARPA-USDT,0.0757588381149013,0.0758497168913321,
2024-04-21 12:00:00,0.07577,0.07615,0.07509,0.07529,4815944,363971.14533,4193,2208656,166997.77951,-0.0003983005841742,ARPA-USDT,0.0758219254275804,0.0758776783582729,
2024-04-21 13:00:00,0.07532,0.07564,0.07418,0.07435,12915414,967557.4104,8166,5498142,412117.04657,-0.0005377066810055,ARPA-USDT,0.0751683851738117,0.0750387916048246,
2024-04-21 14:00:00,0.07436,0.07516,0.07435,0.07478,4881495,365129.28331,4562,2954978,221076.9739,0.0,ARPA-USDT,0.0745263343881627,0.0746636626199682,
2024-04-21 15:00:00,0.07478,0.07566,0.07471,0.07533,4107876,309173.30277,3898,1974799,148641.28796,0.0001327668613912,ARPA-USDT,0.0748252753647516,0.0748763890898104,
2024-04-21 16:00:00,0.07528,0.07541,0.0734,0.07434,14950933,1111038.92125,11108,7247760,538615.74413,-0.0001344989912575,ARPA-USDT,0.0753213308135262,0.0751071274567595,0.0001
2024-04-21 17:00:00,0.07436,0.07464,0.07383,0.07456,6808535,505634.78471,4998,3761663,279353.91571,-0.0006701514542285,ARPA-USDT,0.074240593156739,0.0743262462952193,
2024-04-21 18:00:00,0.07457,0.07461,0.07404,0.07421,3163923,235094.95034,2925,1371293,101888.4369,-0.0002694328438637,ARPA-USDT,0.0745456166118004,0.0744479837885278,
2024-04-21 19:00:00,0.07422,0.07487,0.07407,0.0742,4280507,318670.98618,3281,1932833,143926.93507,-0.0004041492657955,ARPA-USDT,0.0742350368153634,0.0743773870423594,
2024-04-21 20:00:00,0.07421,0.07495,0.07392,0.07488,3459271,257518.29873,3200,2006595,149401.41187,-0.0009339559706471,ARPA-USDT,0.0740707157012862,0.0741954993234575,
2024-04-21 21:00:00,0.07489,0.07566,0.07466,0.07476,4628185,347636.42199,3995,1925830,144720.29291,-0.0008019246190859,ARPA-USDT,0.0748915091253544,0.07511322350266,
2024-04-21 22:00:00,0.07478,0.07562,0.07465,0.07518,4341155,326413.12776,4018,2018562,151727.53369,-0.0010629816635662,ARPA-USDT,0.0747889759960788,0.0747489726828225,
2024-04-21 23:00:00,0.07517,0.0752,0.07473,0.07502,3244857,243137.83274,2930,1587568,118941.93985,-0.0005329070077271,ARPA-USDT,0.0751110690963439,0.0750782890607623,
2024-04-22 00:00:00,0.07501,0.07621,0.07484,0.07532,6321624,476786.5377,5421,2863067,215768.9746,-0.0003981420039814,ARPA-USDT,0.0749916993992087,0.075174862142446,2.56e-05
2024-04-22 01:00:00,0.07531,0.07647,0.0749,0.07514,6708817,506721.75433,6739,3069880,231824.05005,-0.0005320563979781,ARPA-USDT,0.075212932862618,0.0751788335873536,
2024-04-22 02:00:00,0.07517,0.07566,0.07483,0.07537,4766758,358353.82484,5755,2187340,164431.74316,-0.0001326611833376,ARPA-USDT,0.075350348244968,0.0754299227956787,
2024-04-22 03:00:00,0.07537,0.07753,0.07528,0.07701,7582160,581688.1660099999,6786,4077076,312772.64166,0.000649688149688,ARPA-USDT,0.0753831789462482,0.075526600596014,
2024-04-22 04:00:00,0.07701,0.07772,0.0768,0.07737,5976528,462282.96231,5945,2768700,214203.94665,-0.0012908222537757,ARPA-USDT,0.0769336058249015,0.07731069802087,
2024-04-22 05:00:00,0.07739,0.07838,0.07723,0.07795,6245566,486022.26726,5673,3108170,241907.32359,-0.0007691321625431,ARPA-USDT,0.0774202747142821,0.0773739555857097,
2024-04-22 06:00:00,0.07795,0.07845,0.07769,0.07821,6667285,520838.18048,5949,3560281,278121.99645,-0.0007665772326562,ARPA-USDT,0.0779417404770196,0.0779162412095023,
2024-04-22 07:00:00,0.07821,0.0785,0.07705,0.07712,5686937,441822.642,5149,2325164,180630.71024,-0.0001296512381694,ARPA-USDT,0.0783238564264787,0.0782988033828866,
2024-04-22 08:00:00,0.07714,0.07752,0.07662,0.07675,4724554,364606.3225,4456,2377091,183494.23813,-0.0006510416666666,ARPA-USDT,0.0771897925989887,0.0772489181083852,0.0001
2024-04-22 09:00:00,0.07676,0.07777,0.07663,0.07771,4644970,359338.29255,4128,2590301,200395.75547,-0.0005144694533761,ARPA-USDT,0.0768046620203285,0.0767774342550906,
2024-04-22 10:00:00,0.07769,0.07872,0.07759,0.0783,7973033,624198.72901,5523,4751819,372236.34467,-0.0005105948429922,ARPA-USDT,0.0776883138724364,0.0777466336712308,
2024-04-22 11:00:00,0.0783,0.07833,0.07719,0.0776,5727169,444592.41156,5020,2198580,170739.21171,0.0001288825879623,ARPA-USDT,0.0782120851052274,0.0781468178384014,
2024-04-22 12:00:00,0.07758,0.07804,0.07724,0.07759,3451971,267940.28538,3608,1758806,136511.23054,0.0003867973182052,ARPA-USDT,0.0775287654020931,0.0776012027272757,
2024-04-22 13:00:00,0.07761,0.07851,0.0768,0.07761,8478868,659281.68675,5535,4007172,311740.63916,-0.0018006430868167,ARPA-USDT,0.0777936784159626,0.0778530385049341,
2024-04-22 14:00:00,0.07759,0.07777,0.07642,0.07662,6141926,472771.17326,5817,2446932,188503.35036,-0.0005217845030004,ARPA-USDT,0.0776928414566081,0.0775774846351084,
2024-04-22 15:00:00,0.07661,0.07709,0.07596,0.07691,7853441,600231.27431,6329,3589162,274381.4477,-0.001168831168831,ARPA-USDT,0.076647816249345,0.0763919387569471,
2024-04-22 16:00:00,0.07691,0.07736,0.0759,0.07653,5693528,436730.77237,5323,3275914,251310.75118,-0.0003918495297805,ARPA-USDT,0.0769794521770282,0.0769033311894897,0.0001
2024-04-22 17:00:00,0.07653,0.07803,0.07652,0.0775,7010233,542360.43765,6265,3061861,236617.09386,-0.0014173431258858,ARPA-USDT,0.0765643928322714,0.0767560256796436,
2024-04-22 18:00:00,0.07749,0.07874,0.07728,0.07783,25129594,1964695.43131,12546,13829239,1081895.6705500002,-0.0002569043031471,ARPA-USDT,0.077443155969625,0.0774077776325243,
2024-04-22 19:00:00,0.07784,0.07793,0.0771,0.07785,5331053,413666.58181,4740,2225318,172688.17355,-0.0003852080123266,ARPA-USDT,0.0777717387264564,0.0777809262139531,
2024-04-22 20:00:00,0.07785,0.07831,0.07749,0.07757,6302869,490349.83626,5050,2793522,217233.93583,-0.0001288992008249,ARPA-USDT,0.0778223100552938,0.0777795484098477,
2024-04-22 21:00:00,0.07759,0.07767,0.07717,0.07743,3512573,271889.74433,3183,1584363,122627.23729,-0.0006453278265358,ARPA-USDT,0.0776166260689075,0.0775641044648431,
2024-04-22 22:00:00,0.07744,0.07818,0.07727,0.07803,4314179,334805.22035,4074,2106582,163507.94569,-0.0011520737327187,ARPA-USDT,0.0773865912250084,0.077490057780704,
2024-04-22 23:00:00,0.07805,0.07828,0.07727,0.07738,3123585,242842.04205,3874,1509579,117351.85734,0.000258531540848,ARPA-USDT,0.0780355793183598,0.0780046785804212,
2024-04-23 00:00:00,0.07738,0.0781,0.07716,0.0781,3722507,288976.49477,3599,1951881,151516.20715,-0.0006397952655149,ARPA-USDT,0.0773868291204342,0.0773046899116111,0.0001
2024-04-23 01:00:00,0.07808,0.07828,0.07745,0.07745,2912566,226511.10715,3208,1644041,127864.41882,-0.0011606912561257,ARPA-USDT,0.0780835164257079,0.0781810499457851,
2024-04-23 02:00:00,0.07745,0.07765,0.07683,0.07702,4731799,365763.65567,3108,2074352,160353.35775,-0.0009080295758204,ARPA-USDT,0.0774460137718258,0.0773870635860981,
2024-04-23 03:00:00,0.07703,0.07745,0.07669,0.07679,3645701,280876.26867,3445,1841177,141856.27869,-0.0010407180954858,ARPA-USDT,0.0771049560408982,0.0772411758421855,
2024-04-23 04:00:00,0.0768,0.07734,0.07626,0.07668,5560606,426823.10263,4143,2438960,187290.42832,0.0,ARPA-USDT,0.0768519319333188,0.0769908729529546,
2024-04-23 05:00:00,0.07668,0.07763,0.07654,0.07731,3607635,278079.2938,3797,1694426,130601.38135,-0.0010337252875047,ARPA-USDT,0.076712700737972,0.0767896980894505,
2024-04-23 06:00:00,0.07733,0.07754,0.07628,0.07654,2850596,219648.97604,3342,1638090,126200.52943,-0.0002612330198538,ARPA-USDT,0.0772750118963142,0.0773109954664015,
2024-04-23 07:00:00,0.07653,0.07669,0.07545,0.07591,9290734,706757.41905,6554,3780660,287443.75232,0.0,ARPA-USDT,0.0765675326612488,0.0765983717287656,
2024-04-23 08:00:00,0.07594,0.07674,0.07564,0.07665,3041362,231783.09216,2827,1710351,130349.11897,-0.0003912363067293,ARPA-USDT,0.076075624951674,0.0760707367098727,-0.00028987
2024-04-23 09:00:00,0.07664,0.07685,0.07618,0.07632,4264919,326247.22333,3665,2126848,162710.94128,0.0001310444240596,ARPA-USDT,0.0767040563746885,0.0767436197627974,
2024-04-23 10:00:00,0.07634,0.07715,0.07634,0.07655,2866474,220184.53724,3033,1266601,97273.0441,-0.0003917471924782,ARPA-USDT,0.0764659451845765,0.0766084571944232,
2024-04-23 11:00:00,0.07657,0.07663,0.07564,0.07605,6608896,502339.10231,5597,3192555,242635.93574,0.0,ARPA-USDT,0.0765519370863554,0.0762529905126987,
2024-04-23 12:00:00,0.07604,0.07638,0.07562,0.07619,3917310,297863.45572,3937,2054480,156194.11453,-0.0001312335958006,ARPA-USDT,0.0760111472242959,0.0760801231109406,
2024-04-23 13:00:00,0.07621,0.07691,0.07561,0.07665,4203098,320601.5557,4247,2102434,160320.79379999998,-0.0002608582235555,ARPA-USDT,0.0762374359322175,0.0761941152890321,
2024-04-23 14:00:00,0.07664,0.07736,0.07638,0.07722,6532274,502624.399,5977,3002964,231169.52692,-0.0006470816617057,ARPA-USDT,0.0766402135108674,0.0766034042172224,
2024-04-23 15:00:00,0.07724,0.07756,0.07648,0.07674,6698685,516065.58177,5781,3135688,241582.13,0.0015661707126077,ARPA-USDT,0.0771601744615222,0.0770584848746522,
2024-04-23 16:00:00,0.07675,0.07723,0.07641,0.07671,8048618,618759.62261,5340,3475266,267207.29264,0.0001303780964796,ARPA-USDT,0.076759539932178,0.0766987336977995,0.0001
2024-04-23 17:00:00,0.07669,0.07765,0.07628,0.07699,29852017,2298622.13913,12667,15061425,1159988.2418,-0.00012987012987,ARPA-USDT,0.0767264082863646,0.0767168951489547,
2024-04-23 18:00:00,0.07699,0.077,0.07616,0.07651,10664147,817250.35834,6291,4668300,357921.23458,-0.0002613354240168,ARPA-USDT,0.076839346125966,0.0768572121971386,
2024-04-23 19:00:00,0.0765,0.07708,0.07641,0.07691,4114123,315577.62028000003,3817,1865382,143059.61292,-0.0012985326580962,ARPA-USDT,0.076490639803769,0.0765591828778739,
2024-04-23 20:00:00,0.07691,0.07705,0.076,0.07664,6949153,532162.61237,6717,3361246,257470.19777,-0.0005216484089722,ARPA-USDT,0.0768498657528771,0.0769340793210108,
2024-04-23 21:00:00,0.07664,0.07669,0.07606,0.07612,6216722,474257.68852,3537,3048067,232531.09291,-0.0001313542624459,ARPA-USDT,0.0765704097422334,0.076575484943714,
2024-04-23 22:00:00,0.07613,0.07687,0.07594,0.07635,3532034,270142.43384,3517,1710150,130787.44569,-0.0014386607376405,ARPA-USDT,0.0760559639121542,0.0761299543926254,
2024-04-23 23:00:00,0.07633,0.07644,0.07576,0.07631,3238270,246817.95138,3333,1467960,111886.30941,-0.0005239030779305,ARPA-USDT,0.076322763290247,0.0761546134679646,
2024-04-24 00:00:00,0.0763,0.07693,0.07597,0.07691,5005537,382707.95037,4483,2390734,182840.45392,-0.000130005200208,ARPA-USDT,0.0762917678840542,0.0764668660497053,0.0001
2024-04-24 01:00:00,0.07689,0.07762,0.07678,0.07703,5199904,401405.13354,4576,2710427,209281.90546,-0.0005190086933956,ARPA-USDT,0.0768391680347822,0.0770334520393206,
2024-04-24 02:00:00,0.07704,0.0771,0.07584,0.07634,3642740,278763.35783,4283,1646262,125971.41796,-0.0001309757694826,ARPA-USDT,0.0770647306347419,0.0769391469484232,
2024-04-24 03:00:00,0.07633,0.07705,0.07617,0.07685,3116517,238719.37423,3578,1741723,133393.03632,-0.0005202236961893,ARPA-USDT,0.0762588790074929,0.0763975911969112,
2024-04-24 04:00:00,0.07684,0.07832,0.07665,0.07808,4943688,382633.05133,5073,2096212,162660.54073,0.0,ARPA-USDT,0.0767479767174946,0.0767906017060176,
2024-04-24 05:00:00,0.07806,0.07827,0.07685,0.07737,7828586,606052.95248,5646,2936329,227527.80836,-0.001161890007746,ARPA-USDT,0.0780359267051994,0.078074327251691,
2024-04-24 06:00:00,0.07737,0.0775,0.0764,0.07717,4455563,343003.64976,4829,1849316,142381.367,-0.0003886010362694,ARPA-USDT,0.0773176439198349,0.0771701065289215,
2024-04-24 07:00:00,0.07716,0.07747,0.07678,0.07693,2434700,187644.08869,2947,1287432,99262.59108,-0.0010388261264769,ARPA-USDT,0.0771733041565176,0.0771411973451835,
2024-04-24 08:00:00,0.07693,0.0773,0.07643,0.07658,3965812,305086.35186,3308,1708677,131400.63235,-0.0007828810020877,ARPA-USDT,0.0769007763881184,0.077090979872521,0.0001
2024-04-24 09:00:00,0.07658,0.07678,0.076,0.0767,3775650,288555.56913,3781,1922947,146970.94614,-0.0009118145108766,ARPA-USDT,0.0765846312037028,0.0763660707783273,
2024-04-24 10:00:00,0.07669,0.07748,0.07656,0.07728,4576388,352286.38258,4057,2146369,165231.77168,0.0002588661661921,ARPA-USDT,0.076601162936267,0.0767999428490377,
2024-04-24 11:00:00,0.07729,0.07795,0.07725,0.07766,3594362,278879.12887,3529,1351953,104872.92876,-0.0003861500836657,ARPA-USDT,0.0773679551769481,0.0773334215741726,
2024-04-24 12:00:00,0.07763,0.0779,0.07707,0.07713,4137919,320518.09814,3690,1877606,145451.42537,-0.0003888024883359,ARPA-USDT,0.0775766517470501,0.0775991594933561,
2024-04-24 13:00:00,0.07713,0.07713,0.0757,0.07586,9033528,690177.07043,7420,3627302,277139.74327,-0.0017107514146599,ARPA-USDT,0.0770863557969303,0.0767965413972225,
2024-04-24 14:00:00,0.07584,0.07629,0.07358,0.07434,19648381,1464645.90585,16030,9334439,695733.47053,-0.0005377789728421,ARPA-USDT,0.0759243247791918,0.07597010185188,
2024-04-24 15:00:00,0.07435,0.07453,0.07274,0.07299,14079362,1038367.51807,11925,6777770,500096.70826,-0.0009581166164795,ARPA-USDT,0.0743076816589845,0.0741835801697207,
2024-04-24 16:00:00,0.07299,0.07367,0.07199,0.07292,10481971,763921.09042,9275,5008504,365419.98686,0.0002743484224965,ARPA-USDT,0.0729474627632254,0.0732570338921173,8.986e-05
2024-04-24 17:00:00,0.07292,0.07416,0.07286,0.07359,5427016,399327.4858,5084,2944419,216697.29889,-0.0002717022143728,ARPA-USDT,0.0729022023241291,0.0730538666364405,
2024-04-24 18:00:00,0.07356,0.07359,0.07231,0.07267,5254521,383860.42266,5106,2206892,161195.48983,-0.0006875687568758,ARPA-USDT,0.0734894909919362,0.0733248834769496,
2024-04-24 19:00:00,0.07266,0.07366,0.07198,0.07314,7218581,526287.48125,5763,3033386,221294.40574,-0.0012290045063499,ARPA-USDT,0.0726218419414395,0.0723310577812147,
2024-04-24 20:00:00,0.07313,0.07342,0.07218,0.07259,4381806,318555.72803,4507,2148825,156177.34522,-0.0009633911368015,ARPA-USDT,0.0731772858387092,0.0732764265389953,
2024-04-24 21:00:00,0.0726,0.07304,0.07208,0.07296,3914990,284297.62459,3858,1907539,138472.60706,0.0002741979709348,ARPA-USDT,0.0725737087120372,0.0725089631512117,
2024-04-24 22:00:00,0.07297,0.07303,0.07124,0.07169,5377930,387344.67148,4470,2296381,165460.63906,-0.0004182933630786,ARPA-USDT,0.0729277112368158,0.0729122435377861,
2024-04-24 23:00:00,0.0717,0.07201,0.07093,0.07195,7503121,535689.63964,6519,3901558,278493.26693,-0.0001389660922734,ARPA-USDT,0.0715432014583944,0.0712180700128441,
2024-04-25 00:00:00,0.07191,0.07229,0.07161,0.07203,3505683,252550.10766,3733,1341988,96641.55364,-0.0005550159567087,ARPA-USDT,0.0718356552920518,0.0718422969556879,1.949e-05
2024-04-25 01:00:00,0.07203,0.07243,0.07085,0.07087,3017482,216949.998,3144,1437819,103445.65367,-0.0001410835214445,ARPA-USDT,0.0720863571605167,0.072180273547259,
2024-04-25 02:00:00,0.07087,0.07161,0.07033,0.07131,5680019,403402.88387,6226,2900334,205936.16861,-0.0004205214465937,ARPA-USDT,0.0708030095739529,0.0705943284216422,
2024-04-25 03:00:00,0.07131,0.07174,0.07048,0.07065,6295560,446922.09926,6415,3338766,237092.7318,0.0004248088360239,ARPA-USDT,0.0713449288294363,0.0715628740432485,
2024-04-25 04:00:00,0.07064,0.07114,0.06934,0.07096,6998555,491802.68108,7326,2643446,186096.1727,-0.0005633802816901,ARPA-USDT,0.0706115576389637,0.070682785179146,
2024-04-25 05:00:00,0.07096,0.07156,0.07059,0.0712,4160390,295322.21932,4125,2242875,159170.67728,-0.0005614823133071,ARPA-USDT,0.0709001747891931,0.070904043712752,
2024-04-25 06:00:00,0.07117,0.07155,0.07096,0.0712,2669404,190132.35835,2986,1340038,95448.94642,-0.000982180440578,ARPA-USDT,0.0711437754162882,0.0711278554111538,
2024-04-25 07:00:00,0.07119,0.07149,0.07035,0.07072,3388072,240612.68508,3672,1621874,115164.55538,-0.0001413827230312,ARPA-USDT,0.0711720462314829,0.0712516798540426,
2024-04-25 08:00:00,0.07072,0.07133,0.07026,0.07069,4384378,310217.64804,4748,2086021,147562.0672,-0.0001414427157,ARPA-USDT,0.070655651347202,0.0707637725114028,0.0001
2024-04-25 09:00:00,0.07071,0.07131,0.07037,0.07063,4327796,306430.29362,4087,2120137,150206.81827,0.0002832459991501,ARPA-USDT,0.070604137564073,0.0706979001736938,
2024-04-25 10:00:00,0.07066,0.07066,0.06968,0.06991,7494316,524952.46726,7050,3849787,269637.47215,-0.0004289390906491,ARPA-USDT,0.0705534461149778,0.0705002888663993,
2024-04-25 11:00:00,0.06991,0.071,0.06975,0.07068,3801864,268057.00031,3406,1884272,132947.94601,-0.0007069136151561,ARPA-USDT,0.0699547281729991,0.0699709402425437,
2024-04-25 12:00:00,0.07068,0.07138,0.06997,0.07001,5719567,404364.65417,5672,2491297,176199.64247,-0.000142816338189,ARPA-USDT,0.0705765250428082,0.0704883545632195,
2024-04-25 13:00:00,0.07002,0.07111,0.06954,0.07098,6478869,454847.22413,6116,3182038,223484.47939,-0.0018281535648995,ARPA-USDT,0.0701310644695312,0.0700871236335091,
2024-04-25 14:00:00,0.07099,0.07196,0.07086,0.07126,6489336,463850.46946,5760,3238651,231639.77608,0.0004211708549768,ARPA-USDT,0.0709808252836794,0.0709772888855013,
2024-04-25 15:00:00,0.07126,0.07277,0.07099,0.07273,5505614,396315.67975,5113,2503234,180245.41305,-0.0004123144584936,ARPA-USDT,0.0712344756894663,0.071310528526306,
2024-04-25 16:00:00,0.07272,0.07316,0.07229,0.07278,5959051,433443.4351,5812,2624023,190960.66011,0.0002748763056623,ARPA-USDT,0.0726820121725409,0.0728335213359776,0.0001
2024-04-25 17:00:00,0.07277,0.07326,0.07235,0.0728,3058981,222861.32547,3081,1380102,100509.03674,-0.0002746498214775,ARPA-USDT,0.072764636443641,0.0728580419709492,
2024-04-25 18:00:00,0.07278,0.07304,0.07226,0.07299,3892449,282917.46914,3771,2043027,148549.01053,-0.0006845564074479,ARPA-USDT,0.0727626829674131,0.0725678073131609,
2024-04-25 19:00:00,0.073,0.07307,0.07249,0.07283,2835639,206482.48659,3175,1387707,101051.62374,-0.0002745367192861,ARPA-USDT,0.0729831604447307,0.0729068525403946,
2024-04-25 20:00:00,0.07282,0.07333,0.07254,0.07306,3044443,222219.40498,3278,1429637,104391.74069,-0.0004104528663292,ARPA-USDT,0.0727779287178933,0.0730127030960351,
2024-04-25 21:00:00,0.07307,0.07353,0.07281,0.07282,2241636,163969.13633,2340,995273,72793.47464,-0.0004118050789293,ARPA-USDT,0.0731029497854822,0.0730915887794772,
2024-04-25 22:00:00,0.07282,0.07283,0.07205,0.07214,2943138,213403.72613,2819,1454204,105420.50648,-0.0005541701302299,ARPA-USDT,0.0727458236867592,0.0726800472546137,
2024-04-25 23:00:00,0.07213,0.07236,0.07179,0.07195,2932468,211288.11889,2660,1185774,85447.90596999999,-0.0009719522354901,ARPA-USDT,0.0721154575979689,0.0721762806427522,
